,Sim 0,Sim 1,Sim 2,Sim 3,Sim 4,Sim 5,Sim 6,Sim 7,Sim 8,Sim 9,Sim 10,Sim 11,Sim 12,Sim 13,Sim 14,Sim 15,Sim 16,Sim 17,Sim 18,Sim 19,Sim 20,Sim 21,Sim 22,Sim 23,Sim 24,Sim 25,Sim 26,Sim 27,Sim 28,Sim 29,Sim 30,Sim 31,Sim 32,Sim 33,Sim 34,Sim 35,Sim 36,Sim 37,Sim 38,Sim 39,Sim 40,Sim 41,Sim 42,Sim 43,Sim 44,Sim 45,Sim 46,Sim 47,Sim 48,Sim 49,Sim 50,Sim 51,Sim 52,Sim 53,Sim 54,Sim 55,Sim 56,Sim 57,Sim 58,Sim 59,Sim 60,Sim 61,Sim 62,Sim 63,Sim 64,Sim 65,Sim 66,Sim 67,Sim 68,Sim 69,Sim 70,Sim 71,Sim 72,Sim 73,Sim 74,Sim 75,Sim 76,Sim 77,Sim 78,Sim 79,Sim 80,Sim 81,Sim 82,Sim 83,Sim 84,Sim 85,Sim 86,Sim 87,Sim 88,Sim 89,Sim 90,Sim 91,Sim 92,Sim 93,Sim 94,Sim 95,Sim 96,Sim 97,Sim 98,Sim 99,Sim 100,Sim 101,Sim 102,Sim 103,Sim 104,Sim 105,Sim 106,Sim 107,Sim 108,Sim 109,Sim 110,Sim 111,Sim 112,Sim 113,Sim 114,Sim 115,Sim 116,Sim 117,Sim 118,Sim 119,Sim 120,Sim 121,Sim 122,Sim 123,Sim 124,Sim 125,Sim 126,Sim 127,Sim 128,Sim 129,Sim 130,Sim 131,Sim 132,Sim 133,Sim 134,Sim 135,Sim 136,Sim 137,Sim 138,Sim 139,Sim 140,Sim 141,Sim 142,Sim 143,Sim 144,Sim 145,Sim 146,Sim 147,Sim 148,Sim 149,Sim 150,Sim 151,Sim 152,Sim 153,Sim 154,Sim 155,Sim 156,Sim 157,Sim 158,Sim 159,Sim 160,Sim 161,Sim 162,Sim 163,Sim 164,Sim 165,Sim 166,Sim 167,Sim 168,Sim 169,Sim 170,Sim 171,Sim 172,Sim 173,Sim 174,Sim 175,Sim 176,Sim 177,Sim 178,Sim 179,Sim 180,Sim 181,Sim 182,Sim 183,Sim 184,Sim 185,Sim 186,Sim 187,Sim 188,Sim 189,Sim 190,Sim 191,Sim 192,Sim 193,Sim 194,Sim 195,Sim 196,Sim 197,Sim 198,Sim 199,Sim 200,Sim 201,Sim 202,Sim 203,Sim 204,Sim 205,Sim 206,Sim 207,Sim 208,Sim 209,Sim 210,Sim 211,Sim 212,Sim 213,Sim 214,Sim 215,Sim 216,Sim 217,Sim 218,Sim 219,Sim 220,Sim 221,Sim 222,Sim 223,Sim 224,Sim 225,Sim 226,Sim 227,Sim 228,Sim 229,Sim 230,Sim 231,Sim 232,Sim 233,Sim 234,Sim 235,Sim 236,Sim 237,Sim 238,Sim 239,Sim 240,Sim 241,Sim 242,Sim 243,Sim 244,Sim 245,Sim 246,Sim 247,Sim 248,Sim 249,Sim 250,Sim 251,Sim 252,Sim 253,Sim 254,Sim 255,Sim 256,Sim 257,Sim 258,Sim 259,Sim 260,Sim 261,Sim 262,Sim 263,Sim 264,Sim 265,Sim 266,Sim 267,Sim 268,Sim 269,Sim 270,Sim 271,Sim 272,Sim 273,Sim 274,Sim 275,Sim 276,Sim 277,Sim 278,Sim 279,Sim 280,Sim 281,Sim 282,Sim 283,Sim 284,Sim 285,Sim 286,Sim 287,Sim 288,Sim 289,Sim 290,Sim 291,Sim 292,Sim 293,Sim 294,Sim 295,Sim 296,Sim 297,Sim 298,Sim 299,Sim 300,Sim 301,Sim 302,Sim 303,Sim 304,Sim 305,Sim 306,Sim 307,Sim 308,Sim 309,Sim 310,Sim 311,Sim 312,Sim 313,Sim 314,Sim 315,Sim 316,Sim 317,Sim 318,Sim 319,Sim 320,Sim 321,Sim 322,Sim 323,Sim 324,Sim 325,Sim 326,Sim 327,Sim 328,Sim 329,Sim 330,Sim 331,Sim 332,Sim 333,Sim 334,Sim 335,Sim 336,Sim 337,Sim 338,Sim 339,Sim 340,Sim 341,Sim 342,Sim 343,Sim 344,Sim 345,Sim 346,Sim 347,Sim 348,Sim 349,Sim 350,Sim 351,Sim 352,Sim 353,Sim 354,Sim 355,Sim 356,Sim 357,Sim 358,Sim 359,Sim 360,Sim 361,Sim 362,Sim 363,Sim 364,Sim 365,Sim 366,Sim 367,Sim 368,Sim 369,Sim 370,Sim 371,Sim 372,Sim 373,Sim 374,Sim 375,Sim 376,Sim 377,Sim 378,Sim 379,Sim 380,Sim 381,Sim 382,Sim 383,Sim 384,Sim 385,Sim 386,Sim 387,Sim 388,Sim 389,Sim 390,Sim 391,Sim 392,Sim 393,Sim 394,Sim 395,Sim 396,Sim 397,Sim 398,Sim 399,Sim 400,Sim 401,Sim 402,Sim 403,Sim 404,Sim 405,Sim 406,Sim 407,Sim 408,Sim 409,Sim 410,Sim 411,Sim 412,Sim 413,Sim 414,Sim 415,Sim 416,Sim 417,Sim 418,Sim 419,Sim 420,Sim 421,Sim 422,Sim 423,Sim 424,Sim 425,Sim 426,Sim 427,Sim 428,Sim 429,Sim 430,Sim 431,Sim 432,Sim 433,Sim 434,Sim 435,Sim 436,Sim 437,Sim 438,Sim 439,Sim 440,Sim 441,Sim 442,Sim 443,Sim 444,Sim 445,Sim 446,Sim 447,Sim 448,Sim 449,Sim 450,Sim 451,Sim 452,Sim 453,Sim 454,Sim 455,Sim 456,Sim 457,Sim 458,Sim 459,Sim 460,Sim 461,Sim 462,Sim 463,Sim 464,Sim 465,Sim 466,Sim 467,Sim 468,Sim 469,Sim 470,Sim 471,Sim 472,Sim 473,Sim 474,Sim 475,Sim 476,Sim 477,Sim 478,Sim 479,Sim 480,Sim 481,Sim 482,Sim 483,Sim 484,Sim 485,Sim 486,Sim 487,Sim 488,Sim 489,Sim 490,Sim 491,Sim 492,Sim 493,Sim 494,Sim 495,Sim 496,Sim 497,Sim 498,Sim 499,Sim 500,Sim 501,Sim 502,Sim 503,Sim 504,Sim 505,Sim 506,Sim 507,Sim 508,Sim 509,Sim 510,Sim 511,Sim 512,Sim 513,Sim 514,Sim 515,Sim 516,Sim 517,Sim 518,Sim 519,Sim 520,Sim 521,Sim 522,Sim 523,Sim 524,Sim 525,Sim 526,Sim 527,Sim 528,Sim 529,Sim 530,Sim 531,Sim 532,Sim 533,Sim 534,Sim 535,Sim 536,Sim 537,Sim 538,Sim 539,Sim 540,Sim 541,Sim 542,Sim 543,Sim 544,Sim 545,Sim 546,Sim 547,Sim 548,Sim 549,Sim 550,Sim 551,Sim 552,Sim 553,Sim 554,Sim 555,Sim 556,Sim 557,Sim 558,Sim 559,Sim 560,Sim 561,Sim 562,Sim 563,Sim 564,Sim 565,Sim 566,Sim 567,Sim 568,Sim 569,Sim 570,Sim 571,Sim 572,Sim 573,Sim 574,Sim 575,Sim 576,Sim 577,Sim 578,Sim 579,Sim 580,Sim 581,Sim 582,Sim 583,Sim 584,Sim 585,Sim 586,Sim 587,Sim 588,Sim 589,Sim 590,Sim 591,Sim 592,Sim 593,Sim 594,Sim 595,Sim 596,Sim 597,Sim 598,Sim 599,Sim 600,Sim 601,Sim 602,Sim 603,Sim 604,Sim 605,Sim 606,Sim 607,Sim 608,Sim 609,Sim 610,Sim 611,Sim 612,Sim 613,Sim 614,Sim 615,Sim 616,Sim 617,Sim 618,Sim 619,Sim 620,Sim 621,Sim 622,Sim 623,Sim 624,Sim 625,Sim 626,Sim 627,Sim 628,Sim 629,Sim 630,Sim 631,Sim 632,Sim 633,Sim 634,Sim 635,Sim 636,Sim 637,Sim 638,Sim 639,Sim 640,Sim 641,Sim 642,Sim 643,Sim 644,Sim 645,Sim 646,Sim 647,Sim 648,Sim 649,Sim 650,Sim 651,Sim 652,Sim 653,Sim 654,Sim 655,Sim 656,Sim 657,Sim 658,Sim 659,Sim 660,Sim 661,Sim 662,Sim 663,Sim 664,Sim 665,Sim 666,Sim 667,Sim 668,Sim 669,Sim 670,Sim 671,Sim 672,Sim 673,Sim 674,Sim 675,Sim 676,Sim 677,Sim 678,Sim 679,Sim 680,Sim 681,Sim 682,Sim 683,Sim 684,Sim 685,Sim 686,Sim 687,Sim 688,Sim 689,Sim 690,Sim 691,Sim 692,Sim 693,Sim 694,Sim 695,Sim 696,Sim 697,Sim 698,Sim 699,Sim 700,Sim 701,Sim 702,Sim 703,Sim 704,Sim 705,Sim 706,Sim 707,Sim 708,Sim 709,Sim 710,Sim 711,Sim 712,Sim 713,Sim 714,Sim 715,Sim 716,Sim 717,Sim 718,Sim 719,Sim 720,Sim 721,Sim 722,Sim 723,Sim 724,Sim 725,Sim 726,Sim 727,Sim 728,Sim 729,Sim 730,Sim 731,Sim 732,Sim 733,Sim 734,Sim 735,Sim 736,Sim 737,Sim 738,Sim 739,Sim 740,Sim 741,Sim 742,Sim 743,Sim 744,Sim 745,Sim 746,Sim 747,Sim 748,Sim 749,Sim 750,Sim 751,Sim 752,Sim 753,Sim 754,Sim 755,Sim 756,Sim 757,Sim 758,Sim 759,Sim 760,Sim 761,Sim 762,Sim 763,Sim 764,Sim 765,Sim 766,Sim 767,Sim 768,Sim 769,Sim 770,Sim 771,Sim 772,Sim 773,Sim 774,Sim 775,Sim 776,Sim 777,Sim 778,Sim 779,Sim 780,Sim 781,Sim 782,Sim 783,Sim 784,Sim 785,Sim 786,Sim 787,Sim 788,Sim 789,Sim 790,Sim 791,Sim 792,Sim 793,Sim 794,Sim 795,Sim 796,Sim 797,Sim 798,Sim 799,Sim 800,Sim 801,Sim 802,Sim 803,Sim 804,Sim 805,Sim 806,Sim 807,Sim 808,Sim 809,Sim 810,Sim 811,Sim 812,Sim 813,Sim 814,Sim 815,Sim 816,Sim 817,Sim 818,Sim 819,Sim 820,Sim 821,Sim 822,Sim 823,Sim 824,Sim 825,Sim 826,Sim 827,Sim 828,Sim 829,Sim 830,Sim 831,Sim 832,Sim 833,Sim 834,Sim 835,Sim 836,Sim 837,Sim 838,Sim 839,Sim 840,Sim 841,Sim 842,Sim 843,Sim 844,Sim 845,Sim 846,Sim 847,Sim 848,Sim 849,Sim 850,Sim 851,Sim 852,Sim 853,Sim 854,Sim 855,Sim 856,Sim 857,Sim 858,Sim 859,Sim 860,Sim 861,Sim 862,Sim 863,Sim 864,Sim 865,Sim 866,Sim 867,Sim 868,Sim 869,Sim 870,Sim 871,Sim 872,Sim 873,Sim 874,Sim 875,Sim 876,Sim 877,Sim 878,Sim 879,Sim 880,Sim 881,Sim 882,Sim 883,Sim 884,Sim 885,Sim 886,Sim 887,Sim 888,Sim 889,Sim 890,Sim 891,Sim 892,Sim 893,Sim 894,Sim 895,Sim 896,Sim 897,Sim 898,Sim 899,Sim 900,Sim 901,Sim 902,Sim 903,Sim 904,Sim 905,Sim 906,Sim 907,Sim 908,Sim 909,Sim 910,Sim 911,Sim 912,Sim 913,Sim 914,Sim 915,Sim 916,Sim 917,Sim 918,Sim 919,Sim 920,Sim 921,Sim 922,Sim 923,Sim 924,Sim 925,Sim 926,Sim 927,Sim 928,Sim 929,Sim 930,Sim 931,Sim 932,Sim 933,Sim 934,Sim 935,Sim 936,Sim 937,Sim 938,Sim 939,Sim 940,Sim 941,Sim 942,Sim 943,Sim 944,Sim 945,Sim 946,Sim 947,Sim 948,Sim 949,Sim 950,Sim 951,Sim 952,Sim 953,Sim 954,Sim 955,Sim 956,Sim 957,Sim 958,Sim 959,Sim 960,Sim 961,Sim 962,Sim 963,Sim 964,Sim 965,Sim 966,Sim 967,Sim 968,Sim 969,Sim 970,Sim 971,Sim 972,Sim 973,Sim 974,Sim 975,Sim 976,Sim 977,Sim 978,Sim 979,Sim 980,Sim 981,Sim 982,Sim 983,Sim 984,Sim 985,Sim 986,Sim 987,Sim 988,Sim 989,Sim 990,Sim 991,Sim 992,Sim 993,Sim 994,Sim 995,Sim 996,Sim 997,Sim 998,Sim 999
0,4.065647874665346,5.843043243638519,6.0944537221704875,4.3658506342598065,6.567252733600164,3.044354740686981,4.116215196583099,5.088078391493459,5.008928173812987,4.53201569442887,5.991791855597698,3.652194281987209,6.492443097951532,8.396163837687935,5.308243691413846,3.716300262114783,3.5786234581324226,8.264321118567663,5.94938083076293,5.209338941546681,4.38590336895843,3.991128051138229,5.1176957733382755,6.501364530037594,7.12742247169507,5.579390667001161,5.44383644829562,4.78381038563261,5.566062834217231,3.9511083998473757,5.947919028905189,5.50157117804313,3.4851750856888017,5.079623357111957,6.391518067243158,5.206610424047507,7.012623787885167,3.1642107788317553,4.461532910958803,4.0447881013518865,6.3297582633466805,4.487377266811145,5.823866983752044,4.562952661715445,7.8532207177801245,5.168428067417512,4.69405667891675,6.251087655830467,5.0316124205438735,3.7203759898386477,5.549351509286077,4.220351220211604,7.5459771064288645,6.36299434337366,4.683169438431468,5.986553280669894,3.7351919377502547,5.712480269919907,7.860177732565584,3.596176976366408,5.449951166069454,4.3307347956131625,4.784396929844896,5.5672795192980535,6.586477313976698,3.0333151298673022,5.871307713356077,6.105151065398233,6.028489827487352,4.6805506862374076,4.966443978872431,4.4428287618690225,4.403868955206669,4.276557266269542,6.429047241431593,3.7461329871325493,5.612478731399373,5.726573759080672,3.8452135106754644,4.215184651103011,4.438178034229343,4.314143248818123,4.530385571521788,5.100282723685809,5.079664345830941,5.808427774333464,6.785050142549102,2.4526770351958747,5.421463314204202,3.3370503881364173,4.804232880981428,5.759190409808407,4.599889194703388,4.635228240663504,6.867725387270133,7.768943391939094,6.057846844726751,6.650928590150024,4.822033318487689,5.682273353047243,7.284740485866518,4.644734823236873,6.620482556644017,4.782715289660369,3.99236112285816,5.485326300678229,3.975833339817118,5.515843920994562,7.051263571391446,3.7373914033009235,4.770062976904212,6.096242944511609,3.7897503495828517,4.310886927380635,5.857001586996883,5.010244862593368,5.912641348545891,3.8576225905474986,4.776714234883417,5.242269179817396,5.599207497308409,5.068236452051649,4.940970481731714,4.9918961542976295,4.08338127397396,5.05004579396119,4.5378862927351085,4.010751592368553,3.5074011078541667,6.622355585315297,6.017530357655441,5.698461963634407,5.635300671496132,5.709232058503187,5.846007555949633,6.816414868621442,7.049338098949822,5.442710066383963,6.562736266359148,4.355218817740686,5.6328883900133375,3.8592248975781893,4.8090028385451005,5.991447413709584,3.173594953827537,3.9524630773661826,6.77296160126847,3.8356132261395337,5.896482786791899,5.058026481734113,5.210583973734942,4.887798047036434,5.726783414627897,5.783718406571225,4.524035363868165,5.73283692691136,4.22208247331507,5.1762023687983385,4.265129114884468,5.077067702308812,4.665982637437563,5.289295421915887,4.8912288105604995,4.8947234790653855,6.620348484250727,6.409839458480952,4.101050241676021,5.593607248818447,4.942945418376335,7.0768640672435135,5.7449000308630085,5.220304586927987,5.471092610373026,8.266867301416235,3.6528096855376675,5.033124143788959,5.197815247166722,4.9723535833036285,4.923787213729897,3.0740740477642134,3.202475758618064,4.3557896991258644,5.155295898275491,3.749844295210995,5.188557179353964,4.410263894595146,5.181271304047608,4.6237638780815535,5.162487810364057,5.584031508598199,4.497947291926108,3.6662366066127503,5.941910148959846,5.321656796805439,3.6797162267282064,4.461861217805647,4.679171807709777,5.697968628102642,5.414307688243903,5.882911915683681,7.022170790227204,4.843120301859197,5.20638973508905,3.75277541199701,4.447047719657617,3.7345600127292786,3.2428572971154033,5.219400993408374,4.824875457146976,4.57915884630376,5.105142925432789,5.7410670674562745,5.789779811384598,4.7527536492147,3.7099393113330503,6.644323844672129,4.198546297266062,3.3242652706731355,5.670954391371592,6.272595538787382,6.220367920359014,4.869925595696638,5.272704227976276,5.046249798829646,2.9468324804772514,5.203109292717361,5.34407277308357,5.281707615629091,4.116549694841369,5.480264574325273,5.310973182191254,7.03698384356085,4.626854774499228,4.709064587567176,5.248042556319647,6.585358469935627,7.593989961840084,5.453314354647795,4.06172286016536,5.292602656323736,5.767965729612304,4.686295697136568,4.157864506016249,6.793897880062503,3.86062970349793,3.9005503567336604,5.26521973817618,5.457123591172915,5.595882696877052,2.1651052572769145,6.057714116786989,5.199005620093357,7.779364651828092,6.442637628593995,4.7161393456229606,4.407547074417649,5.7943599594361075,3.551080090284757,4.96097828617106,4.189612363227445,4.106770000065734,3.5430422400181825,3.7604248917411156,4.885437431900875,4.530642204553897,4.171757711095699,4.0984967263493335,4.775871194116088,5.310898906530462,3.9567487062257487,6.4563623708646505,5.16629355811848,3.716309996073873,5.781745908532151,3.221667183215023,4.468145052350234,4.930818237081816,6.642902444035154,7.219449459535505,4.19794913318037,5.518335039822042,4.499324525312399,5.255149293721341,3.8451247163621596,6.999202121351748,4.656538781244491,6.7612279434544424,3.730038588670212,5.166250995464682,4.4960368733972915,6.0018893871168615,6.672569702091689,4.835958292094086,4.759855280256227,4.461758690098653,5.816630303240476,6.21303691886116,4.668149479227699,5.51281076574022,4.80442351476479,6.487248338474353,3.3333359071633892,4.193672990889708,5.197390024127507,6.730637786786828,5.572964927613693,3.618337281423208,6.755741401022683,7.473646030690344,5.483085202245415,3.5689313053549605,5.264498871148259,5.541375617193232,6.471702840660339,3.718133029078896,3.10017423740504,4.987400206394823,5.916978801004302,5.169769874507376,4.929866462316038,4.172599796916969,5.37315813683944,3.5608537902357287,5.0510921603022885,4.238533312672481,3.216330137005094,4.499567643905487,5.432566597449543,7.095890699762745,6.067170373891911,3.239598550711664,6.110085927571284,2.876271887434116,3.5727589190581877,4.416487469258087,4.776788280706928,3.1928111413623017,4.693110710852357,6.5091771932166,3.678415488579674,5.312339596502934,4.039815707939556,4.310371535079336,2.353901765757316,4.124493876845521,3.9370105520349554,3.3691882121467445,4.6009624261624475,5.248369020606161,5.386287705370205,6.614440709468645,6.0420521612176605,7.8200312598417865,4.816960743276729,5.691194698926267,6.292789983325321,6.031013316583636,6.078788472260104,7.564296798748088,4.040816781611642,4.442631724598347,3.751284827485047,4.154090819570662,5.2189677606599,4.428485174560855,4.190921406511353,5.509762872984727,6.887147743443552,3.98310045779372,3.920152564087381,4.026966962738501,5.660180215943754,7.475576730558475,5.25462080803024,5.765790444884311,4.240367356684263,6.458974732524875,2.844008568944542,4.338235254677405,4.21634599686917,3.3106289851546133,5.117855900878978,6.181158152967211,4.786311875894782,4.902730910489815,4.715385795669927,5.345934693215846,3.669960889476968,4.754061696805422,4.4167750376678505,6.8407063478854,5.323033352542664,4.124433014199199,4.70170864386639,3.05396748372131,5.385969831411753,4.56801079703022,4.6791927932248045,5.514138593963534,3.6384006976780014,5.406903340721649,6.096579992785045,5.546220579096804,3.7681681420787903,4.499913881357548,5.151810789059392,7.025091784032505,4.489599036898938,3.9696716401312835,4.554906923551414,5.331907809458786,5.085403170202321,5.062151664632966,4.607637715860501,6.475899989506531,4.743330743586845,2.4335501594975875,3.838331985419613,5.545429380853193,4.028481123517564,4.030630024768491,5.498499244133591,4.756632986158632,3.605982840828379,3.8094700820598395,4.327060921798504,5.391274045985647,6.44644443487583,5.741691145743258,6.117473212253329,4.460142294666503,5.547888465981166,4.939071571610453,5.781696848499507,5.695318938611127,3.7594171629544237,5.100318269936275,3.8695569526085674,4.897556971427112,4.762454715907597,4.911999559263775,5.193471133728482,6.741024206837757,4.631122903302878,3.5818882932330305,4.890298080293812,3.994473766142878,2.7120619145120224,5.089559270931559,2.9278903172285857,3.9146886597835664,7.048265469272455,4.73551597242344,5.235956986311748,6.835464350074471,5.896862071935547,5.836047254268888,5.313355578688481,5.94205504269233,4.477519330304362,5.603296113061192,5.101606956547793,6.358788925446238,4.977898090558662,4.972444085198308,6.288087875529293,3.6123648895624694,3.558356228637173,5.50045782864997,5.383812169943968,6.803239885021526,4.600336772065618,4.91700326920962,7.861642957958753,4.85789710558019,6.537066357591015,5.640385821096007,5.949634293469614,4.388472326665422,3.9114055141517823,6.921821454417313,3.8391577309585094,4.0857876920190455,3.20683390059377,4.029099432876415,5.030890257598187,5.844386331699979,6.822101789749168,6.034740757551648,4.212677695629942,4.75727468843129,5.449908911103024,4.706798849886208,5.41820577198125,3.4285754608774437,5.657789681305972,5.066616183546759,4.755576455984412,5.757921898784349,6.217827704201262,5.852125539366511,5.1799305843440955,3.4285537924843337,3.9783570832746213,7.011531071352755,5.687547680214699,4.2521964446335865,6.106689998027883,5.900781101146333,4.482366711485861,5.062634494588887,3.9099734215331243,3.012265580235168,3.4526478891141275,4.228283476207353,5.00686290670238,3.420667096903031,5.1185160125089775,5.32783691053226,4.691473844354597,5.350009409076256,4.960654570783847,2.970295880465784,5.859644907560997,4.414873846934346,3.6614903735782725,3.5779998333661904,4.672105898333466,5.974585723297238,5.467781027610994,6.17653974318452,5.596645755719617,6.159821146261746,4.777358688907374,4.761150109827323,4.843121689361104,5.655767110044443,5.234513329289738,5.522859067535234,5.262393706331958,6.580105870950898,5.133849035759136,7.4174011316755015,4.910410647194571,4.876319171081648,4.034990170836905,3.1810261101312918,5.8214762088955085,4.332765490752624,6.388894557961812,5.536184625807615,5.513498035489036,5.523601344696665,4.913843741508146,5.007819022820552,6.0759590362249645,6.360168432018246,7.163072027235355,4.753844296710022,3.8419486881068714,3.9918497164103672,6.085493756847323,4.545434113409297,5.579895120641467,3.12383662016558,4.055698066586053,5.135146225655366,4.353737237370258,7.024206201499031,2.2232463230456645,5.458341192590884,4.5855793350223495,6.594771771891488,4.449936026969254,4.21532701828993,5.13171104667649,5.451938241675123,3.9615714470499896,5.843277966656374,6.034546438509847,5.813398401619131,4.766581522654284,2.5983940573860322,5.97529942905593,6.664524007537729,6.415185027174599,4.199283760699504,3.667355371894633,4.580660636438336,4.971971833883189,5.31531014646067,3.8291918047872073,5.906857776271145,6.181281574558196,6.5030129077963394,4.777274609177513,7.063907929529208,4.6967351236641806,5.263302544218141,5.39222069214091,6.57405834375356,4.1603971853377715,3.8309816712419256,6.416447785794181,6.75709722328151,4.986981217388295,7.656020944830033,4.931975887014031,8.70975770478139,4.769049687806653,4.531643519338192,5.850678540870206,5.161986988819086,4.723231920949405,3.9034623939415756,4.614199667368584,5.63615974419305,5.948631473822483,4.78846062842264,3.723023253198527,6.704481202913971,3.8748610535482726,5.068425349852204,3.561401822263847,5.930818429018404,3.0002153368052347,6.039276772485688,5.045711931823155,4.665538493024619,6.142506178347187,5.12988833185115,4.857782962278241,5.306837498807313,4.53192557435091,6.271314370638895,5.0512112255301345,6.056064506543144,5.730293316998345,5.6568685766873985,4.949686602237564,4.814242898201466,4.202715088052126,5.859185035502741,5.955591636063119,4.882862666591811,5.400917530769014,4.102162453113873,7.18566521757997,3.9360136271306945,5.629981991711692,4.8240399976370805,5.409548073025256,5.189557467418401,4.533043253930379,6.256669384186016,6.651702128563777,4.306301633643147,3.89781850655468,5.055604412741251,6.204895849785715,5.54625700258478,6.018353044156765,5.155309026112577,4.926824224020987,4.1730775886040785,3.006034169450866,6.200649140410207,6.728146601176161,7.5242983529475,5.28465512782621,4.305446427309806,6.170392588614075,4.138716307058112,6.694132906531483,6.329672576457764,5.244249535588588,5.455156517754308,3.1799999563810957,5.859186595771802,4.674062324019338,6.083605548403857,6.546095911995066,4.402728449534542,5.117535886952017,3.3351329707703585,5.500257325399251,4.756876658385571,4.382340260733009,3.7067841956769576,5.359032386022489,6.44964532703293,4.765759418510924,4.805108021188602,4.134585056845745,5.7411040740543875,6.865832326849102,4.909387836048601,4.046140536281066,4.937362176581156,4.67318661620686,4.674345211380836,4.055833533274556,5.324593265792205,3.0957670039589744,5.36559071293474,4.852776704805616,6.4251576578725675,4.016582374126286,5.23818597025488,5.378848252008372,6.516723616171812,3.1458623612274046,5.657031170034547,6.368510010974762,5.965621781845889,3.680716078899749,3.880558741198687,5.252877236706776,4.185294450393461,5.785111693972691,5.419825779650398,5.43655669074145,4.718838328928851,6.259556801997125,4.937714747545257,5.116256212069652,5.744614220510113,4.532439379394607,5.8271959435018035,5.178338085564157,4.54967289209231,3.619800434820831,4.510222659197951,6.8765830408058966,5.46663324755825,4.012330513299341,8.45569524409718,4.463664008103868,4.703842076331667,3.775864645436165,6.176491944433846,6.5263625876069264,5.451139838399798,4.298326253050202,4.1714046145105765,4.586537231162345,4.4103064494286714,5.98449152922485,4.739134011256879,4.056639101266877,5.9496257444323035,4.401071545563623,2.588431632386993,7.326400942196258,3.21391646540799,4.144404345722787,5.963331202181269,5.841223525792994,5.085698716140915,4.468823572410555,5.434831076456615,5.358190327692711,5.808114460042725,4.4241511918909815,3.608247167809585,6.140692102099693,4.9599003149316605,3.8453989928280667,5.3298749662652245,4.086229461935649,2.6484530989415167,3.8964998067424355,6.8977562019744445,5.675812573435891,5.06246107255646,4.700166740170782,4.447593122468368,5.410429278844898,5.396567375032107,4.697497840790198,5.189547360529163,3.825147745642362,4.889674776204717,3.9180912830263313,7.097859380291951,3.4348511006591593,4.042932038144781,5.741350952686273,6.561055569385171,6.738712653063147,3.337046905875976,4.405446962685824,3.759529444333973,3.149386902305117,3.9434545386078343,4.930012885714055,5.814258860750361,4.893674433093346,4.2062385755474265,4.914598655520487,6.097812746605161,5.20019013866495,3.3673975195059795,6.16066865946695,4.21655202833454,3.8048555050021573,5.308632057343343,5.358592667791995,2.9232278385147605,5.4780239036221685,7.766352900414945,5.612238692105393,6.817965694535483,3.9280829621220104,2.4848164792577823,6.546670062945406,4.755450032552054,5.192719584048056,7.149980541424465,5.586191615776962,4.075413508008825,5.614443032552901,3.662737631283538,6.455921566013561,5.064350225755744,5.811890904714596,6.292809061880033,5.425670116968715,4.188315713187001,5.199734908151499,3.7837398863618574,5.095124193294764,5.627000733102851,4.628265436682129,4.81095772495923,2.617776259835996,4.554847446421743,6.466331593105913,5.882874268974397,6.188979834202133,2.946176006378911,5.153430443446898,6.681288250882759,5.27411384604477,6.234075808153929,5.707610188527688,5.374498067394367,6.165873293492862,6.351870955516993,3.5611667993495675,7.177549509815074,2.5276303869433203,5.774868441193415,4.240719687112159,7.742764360061848,5.2222017839473995,5.122681089761881,5.189965200597268,4.233301170614726,5.244263924627908,6.632595700136458,5.8329632341287025,6.702339175664481,6.602258532765333,5.8435383662201055,5.46614412075219,4.183324901439258,7.057236784017587,5.408303118862702,3.1612151899089906,6.635616557166466,5.755244854906475,3.0712161576898644,3.731163563705857,4.506782477845913,3.6878831403591352,5.781185915077977,5.589896829626155,5.668475539176597,6.539725866014968,6.222546913593273,5.899627036769807,5.766199872502693,5.548457008955489,4.571687305418568,5.020237857969,4.658331735956135,7.490427840553841,4.202104398220739,4.676457474279952,2.653582937208498,3.388976986510872,4.845445209599722,5.008669627831811,5.87466515887816,6.257726332078274,4.509197586415285,3.5641871336795963,5.130392522776118,6.299550973260196,3.3659095171565365,4.94067550152588,5.790483331298192,5.070498976819228,4.475817945026901,6.628833782593158,4.808325513910172,3.84928481676712,3.8997656946391728,5.094069503549835,6.088907515570379,4.012005466509204,4.430538363919285,4.364745614695147,3.9096419034199887,5.306088867755826,5.7586910794095685,4.649917234892115,5.62380898726945,4.985345062100957,5.918425200992359,6.2549724969253395,5.751411109413998,5.9552594137134305,5.791851808399982,4.2648936180427635,5.328372581332166,7.163912820420534,4.514827934442898,4.128841073311841,6.032915559581679,4.861613224889269,5.7764394480148225,4.607259092337763,6.01320528805202,3.436829561358523,4.987827467063009,2.793690188602491,6.0264873770524865,3.7079897466508203,6.090537117469652,5.043080377378627,5.032474407566208,3.0149716513137323,4.924100338463174,5.835294634287657,4.410342752451144,3.9572766120989975,6.11044194167549,5.5968665578216354,4.104625752428204,5.034254746915792,4.126279960717801,6.027958322693688,3.9426381428529886,6.989005461668576,2.971119596694283,3.4188783266395113,5.461069376968132,6.057852979212437,3.702857922642096,5.0201048183775425,6.971251526648029,5.114311128922017,4.843527702545112,5.186175632274547,6.113591729807447,6.229947208045359,4.090916205298102,4.82423047423925,4.500099733157116,4.128568576877927,6.239692405260055,6.626186670579167,6.038705569187221,5.340887363129038,5.61671415910327,3.9856783503698328,5.531688558687464,7.274615490352147,4.017781648874336,6.36649527925733,5.619900566353433,5.787033171757454,6.15303677402207,3.900731016022038,4.499225703092807,3.884309483305289,5.843037656203481,5.236574746938957,4.717259559431895,4.505203586070153,5.011526934345499,4.9011484867785855,6.162293431787944,4.470866055792778,4.829715160713819,5.071619508369072,4.383804510402942,4.797686320525496
1,4.43525222690765,6.3742289930602025,6.648494969640532,4.762746146465243,7.164275709381997,3.3211142625676158,4.490416578090653,5.55063097253832,5.464285280523259,4.944017121195131,6.53650020610658,3.9842119439860464,7.082665197765309,9.15945145929593,5.7908112997241945,4.054145740488854,3.9039528634171883,9.015623038437452,6.49023363355956,5.682915208960015,4.78462185704556,4.3539578739689775,5.5829408436417545,7.092397669131921,7.775369969121894,6.086608000364904,5.938730670867949,5.218702238871938,6.072068546418797,4.310300072560772,6.488638940623843,6.001714012410687,3.8020091843877837,5.54140729866759,6.972565164265263,5.679938644415463,7.650135041329273,3.4518663041800965,4.867126811955057,4.412496110565694,6.905190832741832,4.895320654703068,6.353309436820411,4.977766540053213,8.56714987394195,5.638285164455468,5.120789104272819,6.819368351815054,5.489031731502407,4.0585919889148885,6.053838010130266,4.6040195129581125,8.231975025195124,6.941448374589447,5.108912114652511,6.53078539709443,4.074754841182096,6.231796658094444,8.574739344617,3.9231021560360815,5.945401272075769,4.724437958850722,5.2193421052853415,6.07339583923424,7.18524797888367,3.3090710507643295,6.405062960024811,6.660164798616256,6.576534357258928,5.106055294077172,5.417938886042652,4.846722285675297,4.804220678407277,4.665335199566774,7.013506081561738,4.086690531417326,6.122704070617498,6.247171373542551,4.194778375282325,4.59838325574874,4.841648764613828,4.706338089619771,4.942238805296497,5.5639447894754275,5.541452013633752,6.336466662909234,7.401872882780837,2.675647674759136,5.914323615495493,3.640418605239729,5.240981324707013,6.282753174336443,5.018060939676423,5.056612626178367,7.492064058840145,8.475210973024467,6.6085601942473655,7.255558461981845,5.260399983804752,6.198843657869717,7.946989620945294,5.066983443531135,7.222344607248018,5.2175075887204025,4.355303043117992,5.983992328012613,4.337272734345948,6.017284277448613,7.692287532427032,4.077154258146462,5.203705065713685,6.6504468485581185,4.134273108635838,4.702785738960693,6.3894562767238705,5.465721668283675,6.450154198413698,4.208315553324544,5.210960983509182,5.7188391052553404,6.108226360700083,5.5289852204199805,5.390149616434598,5.445704895597414,4.454597753426138,5.509140866139479,4.9504214102564825,4.375365373492968,3.8262557540227267,7.22438791125305,6.564578571987753,6.216503960328442,6.1476007325412345,6.228253154730749,6.377462788308691,7.436088947587026,7.690187017036169,5.937501890600687,7.159348654209981,4.7511478011716575,6.1449691527418215,4.210063524630752,5.2461849147764745,6.536124451319546,3.4621035859936766,4.31177790258129,7.388685383201968,4.184305337606762,6.432526676500253,5.517847070982669,5.6842734258926635,5.332143324039747,6.247400088684978,6.309510988986791,4.935311306037998,6.254003920266938,4.605908152707349,5.646766220507278,4.652868125328511,5.538619311609614,5.090162877204613,5.770140460271876,5.335885975156908,5.339698340798602,7.22219834645534,6.992552136524673,4.473872990919296,6.1021169987110335,5.392304092774184,7.720215346083834,6.267163670032374,5.694877731194167,5.968464665861483,9.018400692454076,3.9848832933138185,5.49068088413341,5.67034390600006,5.424385727240321,5.371404233159887,3.3535353248336865,3.4936099184924334,4.751770580864579,5.6239591617550815,4.090739231139268,5.660244195658869,4.811196975921978,5.652295968051937,5.04410604881624,5.631804884033517,6.09167073665258,4.906851591192118,3.9995308435775456,6.482083798865286,5.805443778333207,4.014235883703498,4.867484964878887,5.10455106295612,6.215965776111973,5.906517478084259,6.417722089836743,7.660549952975132,5.2834039656645775,5.679697892824418,4.093936813087646,4.851324785081037,4.07406546843194,3.5376625059440765,5.693891992809135,5.263500498705792,4.9954460141495565,5.569246827744862,6.262982255406845,6.31612343060138,5.184822162779673,4.047206521454236,7.248353285096868,4.580232324290249,3.6264712043706937,6.186495699678101,6.842831496858962,6.785855913118925,5.3126461043963324,5.75204097597412,5.504999780541432,3.2147263423388206,5.67611922841894,5.829897570636621,5.761862853413553,4.490781485281494,5.9784704447184795,5.793788926026822,7.676709647520926,5.047477935817339,5.137161368255101,5.725137334166887,7.184027421747956,8.284352685643727,5.949070205070322,4.430970392907666,5.773748352353167,6.29232625048615,5.112322578694438,4.535852188381363,7.411524960068184,4.211596040179561,4.255145843709449,5.743876078010378,5.953225735825,6.104599305684055,2.361933007938452,6.608415400131261,5.6716424946472985,8.4865796201761,7.0283319584661745,5.144879286134139,4.80823317209198,6.321119955748481,3.8739055530379165,5.411976312186611,4.570486214429939,4.480112727344436,3.8651369891107445,4.1022817000812175,5.329568107528228,4.942518768604251,4.551008412104398,4.471087337835635,5.210041302672096,5.793707898033231,4.316453134064452,7.043304404579619,5.635956608856524,4.054156359353317,6.307359172944164,3.514546018052752,4.874340057109347,5.37907444045289,7.246802666220168,7.875763046766005,4.579580872560404,6.0200018616240465,4.908354027613526,5.732890138605099,4.19468150875872,7.635493223292816,5.079860488630353,7.375885029223028,4.069133005822049,5.635910176870563,4.904767498251591,6.5475156950365765,7.279166947736389,5.2755908641026386,5.192569396643157,4.867373116471257,6.345414876262338,6.777858456939447,5.092526704612035,6.013975380807512,5.241189288834315,7.076998187426567,3.636366444178243,4.574915990061499,5.669880026320916,7.342513949221995,6.079598102851303,3.9472770342798627,7.369899710206564,8.153068397116739,5.981547493358634,3.8933796058417753,5.7430896776162825,6.045137036938072,7.060039462538552,4.0561451226315235,3.382008258987317,5.440800225157989,6.454885964731965,5.639748954008048,5.378036140708406,4.551927051182148,5.861627058370299,3.884567771166249,5.510282356693406,4.623854522915433,3.5087237858237383,4.908619247896894,5.926436288126774,7.74097167246845,6.618731316972994,3.5341075098672703,6.6655482846232195,3.137751149928127,3.8975551844271137,4.817986330099731,5.211041760771194,3.4830666996679653,5.1197571391116625,7.100920574418108,4.012816896632372,5.795279559821382,4.407071681388606,4.702223492813822,2.5678928353716173,4.49944786564966,4.2949206022199515,3.6754780496146298,5.019231737631761,5.725493477024902,5.875950224040224,7.215753501238521,6.591329630419266,8.530943192554675,5.2548662653927956,6.208576035192292,6.864861799991259,6.579287254454875,6.631405606101932,8.251960144088821,4.408163761758154,4.84650733592547,4.092310720892779,4.531735439531632,5.693419375265346,4.831074735884569,4.571914261648749,6.010650406892429,7.513252083756603,4.345200499411332,4.276530069913506,4.393054868442001,6.174742053756824,8.1551746151547,5.732313608760262,6.289953212601066,4.625855298201014,7.0461542536635,3.1025548024849545,4.732620277829895,4.5996501784027295,3.611595256532306,5.5831155282316125,6.743081621418778,5.221431137339761,5.348433720534343,5.144057231639921,5.831928756235469,4.003593697611238,5.186249123787733,4.8183000410922014,7.462588743147709,5.806945475501088,4.499381470035489,5.129136702399698,3.3316008913323385,5.875603452449185,4.983284505851149,5.1045739562452415,6.015423920687493,3.9691643974669106,5.898440008059982,6.650814537583684,6.050422449923786,4.110728882267771,4.908996961480962,5.620157224428429,7.663736491671823,4.89774440388975,4.330550880143218,4.968989371146997,5.816626701227767,5.5477125493116235,5.52234727050869,5.026513871847819,7.064618170370761,5.174542629367467,2.654781992179186,4.187271256821397,6.049559324567119,4.394706680200979,4.39705093611108,5.998362811782099,5.189054166718507,3.933799462721868,4.15578554406528,4.720430096507458,5.881389868347981,7.0324848380463605,6.263663068083554,6.673607140639995,4.865609775999821,6.052241962888544,5.388078078120494,6.307305652908553,6.213075205757591,4.101182359586644,5.563983567203209,4.221334857391164,5.342789423375031,5.195405144626469,5.3585449737423,5.665604873158345,7.3538445892775535,5.052134076330413,3.9075145017087607,5.334870633047795,4.357607744883139,2.958612997649479,5.5522464773798825,3.1940621642493663,4.270569447036617,7.689016875569951,5.166017424461935,5.711953075976452,7.456870200081241,6.432940442111505,6.366597004656968,5.7963879040237964,6.482241864755269,4.884566542150213,6.112686668794027,5.565389407143046,6.936860645941351,5.430434280609449,5.424484456579973,6.859732227850137,3.940761697704512,3.8818431585132798,6.0004994494363295,5.873249639938874,7.421716238205301,5.018549205889765,5.364003566410495,8.57633777231864,5.299524115178389,7.131345117372016,6.1531481684683715,6.49051013833049,4.787424356362278,4.266987833620126,7.551077950273434,4.188172070136556,4.457222936748048,3.498364255193204,4.395381199501544,5.48824391737984,6.37569418003634,7.442292861544545,6.583353553692707,4.595648395232664,5.189754205561408,5.945355175748755,5.134689654421317,5.910769933070455,3.7402641391390294,6.172134197788332,5.5272176547782825,5.18790158834663,6.28136934412838,6.783084768219559,6.384136952036195,5.650833364739014,3.7402405008920003,4.34002590902686,7.648942986930277,6.204597469325128,4.638759757782094,6.661843634212236,6.437215746705089,4.889854594348212,5.522873994096968,4.265425550763408,3.2861079057110927,3.766524969942685,4.612672883135294,5.46203226185714,3.7316368329851244,5.583835650009792,5.812185720580647,5.117971466568651,5.836373900810461,5.411623168127833,3.2403227786899453,6.392339899157451,4.8162260148374685,3.994353134812661,3.9032725454903887,5.096842798181963,6.517729879960624,5.964852030121085,6.7380433562012945,6.105431733512311,6.719804886830996,5.21166402426259,5.193981937993443,5.283405479303022,6.169927756412119,5.710378177406987,6.024937164583893,5.740793134180318,7.178297313764614,5.6005625844645115,8.091710325464184,5.356811615121351,5.319620913907252,4.401807459094805,3.470210301961408,6.3507013187951005,4.726653262639226,6.969703154140159,6.039474137244671,6.014725129624403,6.025746921487271,5.360556808917978,5.463075297622421,6.628318948609052,6.938365562201722,7.81426039334766,5.1860119600472965,4.191216750662042,4.354745145174946,6.638720462015261,4.958655396446506,6.087158313427055,3.4078217674533593,4.424397890821148,5.601977700714945,4.749531531676645,7.662770401635307,2.425359625140725,5.954554028280964,5.002450183660745,7.194296478427078,4.85447566578464,4.598538565407196,5.59823023273799,5.947568990918314,4.3217143058727165,6.374485054534224,6.583141569283469,6.341889165402688,5.199907115622854,2.8346116989665804,6.5185084680610155,7.270389826404796,6.998383666008652,4.581036829854005,4.000751314794145,4.997084330660003,5.423969273327115,5.798520159775276,4.177300150676953,6.443844846841248,6.743216263154395,7.0941958994141885,5.211572300920924,7.706081377668227,5.123711043997289,5.741784593692517,5.882422573244629,7.17170001136752,4.538615111277569,4.17925273226392,6.999761220866379,7.371378789034375,5.440343146241776,8.35202284890549,5.380337331288033,9.501553859761517,5.20259965942544,4.943611112005301,6.3825584082220415,5.631258533257185,5.152616641035714,4.258322611572628,5.033672364402091,6.148537902756055,6.48941615326089,5.223775231006516,4.061479912580211,7.3139794940879685,4.227121149325388,5.529191290747859,3.885165624287833,6.46998374074735,3.2729621856057105,6.58830193362075,5.504413016534351,5.089678356026858,6.700915830924205,5.596241816564891,5.299399595212626,5.789277271426159,4.943918808382811,6.841433858878795,5.510412246032875,6.6066158253197935,6.251229073089103,6.171129356386252,5.399658111531888,5.251901343492509,4.584780096056864,6.391838220548447,6.497009057523402,5.326759272645613,5.891910033566197,4.4750863124878615,7.838907510087239,4.293833047778938,6.141798536412756,5.26258908833136,5.901325170573006,5.661335419001891,4.945138095196778,6.825457510021109,7.256402322069573,4.697783600337979,4.252165643514196,5.515204813899545,6.768977290675326,6.050462184637942,6.565476048171016,5.623973483031903,5.374717335295623,4.5524482784771765,3.2793100030373084,6.764344516811136,7.339796292192177,8.208325475942727,5.765078321264956,4.696850647974336,6.731337369397173,4.514963244063395,7.302690443488891,6.905097356135742,5.720999493369367,5.951079837550155,3.46909086150665,6.391839922660146,5.09897708074837,6.636660598258754,7.141195540358254,4.802976490401318,5.582766422129473,3.638326877204027,6.000280718617365,5.1893199909660765,4.780734829890555,4.043764577102135,5.8462171483881695,7.03597672039956,5.199010274739189,5.241936023114839,4.510456425649904,6.26302262624115,7.489998902017205,5.355695821143928,4.413971494124799,5.386213283543079,5.098021763134756,5.09928568514273,4.424545672663151,5.808647199046041,3.377200367955245,5.853371686837898,5.293938223424309,7.009262899497345,4.381726226319585,5.714384694823505,5.867834456736406,7.109153035823795,3.431849848611714,6.171306730946779,6.947465466517922,6.50795103474097,4.015326631526999,4.233336808580385,5.730411530952846,4.565775764065594,6.311030938879299,5.91253721416407,5.930789117172492,5.147823631558746,6.828607420360499,5.386597906413008,5.581370413166893,6.266851876920123,4.944479322975936,6.356941029274695,5.649096093342717,4.963279518646157,3.9488732016227246,4.920242900943218,7.501726953606431,5.9635999064271825,4.37708783269019,9.224394811742378,4.86945164520422,5.1314640832709095,4.119125067748542,6.737991212109651,7.119668277389376,5.946698005527053,4.689083185145676,4.55062321582972,5.003495161268012,4.811243399376732,6.528536213699836,5.169964375916595,4.425424474109321,6.4905008121079675,4.801168958796679,2.823743598967629,7.992437391486828,3.506090689535989,4.521168377152131,6.505452220561384,6.372243846319629,5.5480349630628165,4.875080260811514,5.928906628861762,5.845298539301139,6.336124865501154,4.826346754790161,3.9362696376104567,6.698936838654211,5.410800343561811,4.1949807194488,5.814409054107518,4.457704867566163,2.8892215624816546,4.2507270619008395,7.524824947608486,6.191795534657334,5.522684806425229,5.127454625640853,4.851919769965492,5.902286486012616,5.887164409125933,5.124543099043851,5.661324393304541,4.172888449791668,5.334190664950601,4.274281399665089,7.743119323954855,3.7471102916281738,4.410471314339761,6.263291948385024,7.157515166602002,7.351322894250706,3.640414806410156,4.8059421411118075,4.101304848364334,3.4356948025146745,4.301950405754001,5.3781958753244234,6.342827848091304,5.3385539270109215,4.5886239005971925,5.361380351476895,6.652159359932903,5.6729346967254,3.673524566733796,6.720729446691218,4.5998749400013175,4.150751460002353,5.791234971647284,5.845737455773085,3.188975823834284,5.976026076678729,8.472384982270848,6.1224422095695195,7.437780757675072,4.285181413224011,2.7107088864630353,7.141821886849534,5.187763671874968,5.664785000779698,7.799978772463052,6.094027217211232,4.445905645100537,6.124846944603164,3.9957137795820414,7.042823526560246,5.524745700824448,6.340244623325014,6.864882612960036,5.918912854874964,4.569071687113093,5.672438081619817,4.127716239667481,5.558317301776106,6.1385462542940195,5.0490168400168685,5.248317518137342,2.8557559198210862,4.968924487005538,7.054179919751905,6.417681020699342,6.751614364584145,3.214010188776994,5.6219241201238885,7.288678091872103,5.753578741139749,6.800809972531559,6.2264838420302056,5.8630888007938555,6.726407229264941,6.9293137696549,3.8849092356540735,7.830054010707354,2.7574149675745314,6.299856481301907,4.62623965866781,8.446652029158379,5.696947400669891,5.588379370649324,5.661780218833383,4.618146731579701,5.721015190503172,7.235558945603409,6.363232619049494,7.311642737088524,7.202463853925818,6.374769126785571,5.963066313547844,4.563627165206464,7.698803764382823,5.8999670387593115,3.4485983889916265,7.238854425999781,6.278448932625245,3.3504176265707613,4.070360251315481,4.916489975831905,4.023145244028147,6.306748270994157,6.098069268683077,6.1837914972835595,7.134246399289057,6.788232996647207,6.435956767385244,6.290399860912027,6.052862191587807,4.987295242274801,5.476623117784363,5.081816439224874,8.171375826058735,4.58411388896808,5.101589971941767,2.894817749681998,3.6970658034664057,5.285940228654242,5.464003230361975,6.408725627867084,6.8266105440853915,4.919124639725765,3.888204145832287,5.596791843028492,6.8722374253747605,3.671901291443494,5.389827819846414,6.316890906870754,5.53145342925734,4.882710485483892,7.231455035556172,5.245446015174733,4.199219800109585,4.2542898486972796,5.5571667311452755,6.642444562440412,4.376733236191859,4.833314578821038,4.761540670576524,4.2650638946399875,5.788460583006356,6.282208450264986,5.072636983518671,6.1350643497484905,5.43855824956468,6.456463855628027,6.823606360282185,6.274266664815271,6.496646633141925,6.318383790981798,4.652611219683013,5.812770088725999,7.815177622276945,4.925266837574071,4.504190261794735,6.581362428634558,5.303578063515567,6.301570306925259,5.026100828004833,6.559860314238566,3.7492686123911154,5.441266327705101,3.0476620239299903,6.57434986587544,4.045079723619076,6.644222309966893,5.501542229867593,5.489972080981318,3.2890599832513434,5.371745823778009,6.365775964677445,4.811283002673975,4.3170290313807245,6.66593666364599,6.105672608532694,4.477773548103496,5.491914269362682,4.501396320783055,6.575954533847659,4.30105979220326,7.624369594547537,3.2412213782119452,3.7296854472431025,5.957530229419782,6.608566886413567,4.039481370155014,5.476477983684592,7.605001665434212,5.5792485042785644,5.283848402776486,5.657646144299505,6.6693727961535805,6.796306045140391,4.462817678507021,5.262796880988272,4.909199708898672,4.503892992957739,6.8069371693746055,7.228567276995455,6.5876788027496955,5.826422577958951,6.127324537203567,4.348012745857999,6.03456933674996,7.935944171293252,4.38303452604473,6.945267577371633,6.130800617840109,6.313127096462677,6.712403753478622,4.255342926569496,4.908246221555789,4.237428527242133,6.374222897676524,5.7126269966606795,5.146101337562067,4.914767548440167,5.467120292013271,5.346707440122094,6.722501925586848,4.877308424501213,5.268780175324166,5.5326758273117145,4.782332193166845,5.23383962239145
2,4.495200591485642,6.982726929101576,6.920685125506231,4.7997910418044984,7.503685005187758,3.6280502281733544,4.539638031656519,5.764251872814738,5.601775927853242,5.355936086324222,6.759267790994063,4.364602989959318,7.477006579421898,8.291970796315827,5.932515926896345,4.37869160056893,4.249969644289097,8.883418267357424,7.024506548500367,6.151361955822112,5.119196300445591,4.677148176685278,6.08108603976596,6.67029509822199,7.497174767631815,6.2807513183039925,5.75583571911253,5.010979610631527,6.319666597555093,4.675703974084813,6.424740806946484,6.504544092882422,4.149015396894628,5.695295114551826,6.898714024047195,5.844524635596876,8.400807197948282,3.7351232172804525,4.657058332510628,4.740970734029502,6.883439589063096,5.364964544221027,6.651530976636668,5.139289223581006,8.34639398524674,6.178356668673235,5.590590833693085,7.171289034360129,5.6439325227356445,4.412452860368349,6.333471868784806,4.990731862798022,8.61362194484768,6.939371454240083,5.602288277167842,6.463783796793706,4.119626162271186,6.487859799786426,8.74081436977458,4.235661046432897,6.138787822795436,4.839775661191378,5.613304776662591,6.304353359117295,7.523978771387133,3.5891207112998744,6.296125672774563,6.903639730400947,6.511135839990143,5.290404221276032,5.588229251598172,5.273012774190699,5.1250354579859465,5.108928530882586,7.299271352028959,4.4149243900013895,6.322111473166746,6.497848997757256,4.560014743917192,5.022047250794482,5.229379136825926,5.117210972014281,5.07060648030364,5.77013124314633,6.008349163484128,6.917613338077444,7.793246298604537,2.9103183539667734,6.424079432028776,4.007640540921374,5.675115878707738,6.573912717097844,5.141818899580297,5.507156024153732,6.831215330943404,8.974625477074996,7.155855165282051,7.899000362632568,5.331556874564946,6.396418540889001,7.920586997315463,5.543739399173078,7.533392819647521,5.325976869708135,4.739737465496208,6.536131292092508,4.732341967405834,5.8627892774118395,7.353723103255061,4.1117291350571445,5.719687756379588,7.277958476244487,4.531574173335552,4.76799990763656,6.668100775823981,5.632507171516714,6.430822518817436,4.563457235086967,5.363236044469211,5.923477636023403,6.673815880654267,5.991842838818661,5.560830816306192,5.28487033590223,4.850367388105059,5.664031929984731,5.425984562317961,4.764508840366055,4.164725093454146,7.580045162056467,6.4566255981208815,6.13927074028598,6.731351984255075,6.808943482204349,6.6397767098983,7.098349050714516,7.7314789484547575,6.473600092045261,7.159597406183753,5.179518779757023,6.028987134658118,4.616587424369987,5.728706353575405,6.43253583552591,3.6814857582852962,4.667482134043079,7.739601741480322,4.563079707026058,7.010736497342606,6.018486341190471,5.533316285262904,5.812420677398023,6.803597023797653,6.228183116695405,5.4216307129739505,6.5322888885653345,5.004890177107288,6.199350140663633,5.082415000918768,6.05475099504631,5.200677463478982,6.251123576353951,5.7536249561169015,5.808774428380229,6.908725124760103,6.955475713343549,4.591361849511717,5.9976358844735795,5.254715430032611,7.833626202935557,6.547265446806455,6.253173295657417,6.482328430670529,8.459193733896308,4.303088432840733,5.642713822964179,5.92368858418962,5.569838703034101,5.830778311040556,3.639330997729309,3.8193113220950483,5.141814741708913,6.100572988658551,4.066418885685096,5.881154595385752,4.551861877867436,5.504643213392572,5.467808543020689,6.0835931624402875,6.291571610877002,4.972258976067195,4.306821322326711,6.1149002724183585,6.002455914585539,4.071603611310037,4.9820804003455645,5.609489046827356,5.777862274126658,5.782752917667487,6.350617206411711,7.691166754537611,5.052593240710153,6.185407417872531,4.4239487270035065,5.341321308601857,4.418796880618179,3.8681732069330064,6.215404200715607,5.773601897823212,5.399598349442305,5.7624188880005285,6.464679043324216,6.893460070585324,5.264124158425678,4.410738977107723,6.938944951360425,4.939168348475203,4.004809674533248,6.763184533857313,7.124061247662498,7.055339975041062,5.853167277945301,6.2029048801348505,5.9919240236978135,3.48162577332152,6.156012583101774,6.378528633327139,6.2792541479698265,4.209709434868077,6.211283682000946,6.300565619445449,7.767685124302684,5.168162620581628,5.218644485366566,5.3102167253406005,7.237133342967833,8.040404599879125,6.522313474528878,4.196658376311015,6.29082279653504,6.5233111054715796,5.540624467215266,4.567932918146262,7.10997904405038,4.5277607507834094,4.344853679924631,5.939315782711743,6.5779361616158605,6.391881709359046,2.5619971636517715,7.179906544600903,5.865962498945625,8.229681914589207,7.002231509740851,5.654909675457805,5.268123626082934,6.541566507368237,4.20470111173592,5.864180718877259,4.991665632854575,4.538131520124234,4.207596231251411,4.4823873342908716,5.796348405389309,5.343379991366852,4.994364231956364,4.87972226624495,5.7021130512352745,6.017341024922677,4.708858743529364,7.392458756586083,6.102110556150899,4.430253741158802,6.527068723413972,3.8059372576930945,5.3291584936169105,5.536084751173831,6.938306475853577,7.897860416153598,4.98928965703484,6.164498032530403,5.047464594998329,5.931585395911135,4.485763302893412,7.954502407596615,4.93337578898708,7.330414497196157,4.052598046055971,5.805039027208271,5.375165190397233,6.821839941371745,7.623266004650242,5.431600127141343,5.367420815358612,5.321405842883446,6.573284043726625,7.073594430634662,5.0998759160100775,6.262325555771865,5.374720551462811,7.32227903716582,3.9024703538616388,4.944875930090214,5.810249988930006,7.415336312349403,6.680033157796862,4.250247892993922,8.038687525014272,8.251530712191997,6.4584052598026584,4.188929850845112,6.268692280147766,5.973005625538472,6.7165660681633845,4.419478745089594,3.6341057962362,5.611217540153912,6.720577054933989,5.809710696974516,5.49394961739695,4.637774583845487,6.364419443715363,4.216492571924643,5.294882261678154,4.695723855758979,3.7363042770426746,5.290790719952383,6.146542158150877,7.799516862431524,6.556446234326498,3.8392221949472622,7.243165504770925,3.4235853210019744,4.18038723123632,5.20524088422254,5.690461178069854,3.7954431575167495,5.283845478463669,6.378930585399108,4.396824910204067,6.251641605145035,4.783850874249435,5.136876648599299,2.778308731350918,4.2167761898854526,4.659255303204239,3.9830959665788477,5.450410210538266,6.249431503692636,6.134095834689173,7.906899855493839,6.865394619921769,8.674443740381724,5.676656482115332,6.477554441812327,7.151207940698842,6.877966296955202,6.893929007695101,8.348307060397708,4.848605451142178,5.28550571210652,4.1389777115349915,4.948449712122609,6.087705804038545,4.936841573421233,5.030618616350075,6.248050258867357,7.542375913992106,4.727147544757016,4.652092564964256,4.793463401006516,6.02546921247607,8.554055955987952,6.155370146090181,6.245760193437048,5.017130887217153,7.308451480932577,3.3858532965406827,4.824973905811917,4.749238533042189,3.913089616855313,5.728250291161016,6.977696487765907,5.347164945124538,5.180312478873777,5.266246354909095,6.015646745673233,4.322569220611257,5.261175673337822,4.948317572110845,7.503902649868437,6.313864827316614,4.8877302693337885,5.624366466467222,3.5775037398417586,6.441193230691996,5.094224145682666,5.152846562827979,6.51011703819369,4.296241849701001,6.091038725433723,6.969563642643359,6.157911964035642,4.5176335527894285,5.020226217657659,6.134108145615533,7.737075052752521,5.004535462377645,4.330358692895248,5.093885792921674,6.018770704612701,5.721251698237658,5.960762972939494,5.447981394434301,7.325349851834767,5.547731231129447,2.8624225317340635,4.564899032578963,6.177755478177646,4.771099035859191,4.748247131437411,6.257002308382575,5.323467070028755,3.9407736596576646,4.482213514201643,5.133659505072112,5.7452781584603825,7.063415483569942,6.508480886714873,6.956604216923747,5.344680150004271,6.637351708764048,5.924491595819964,6.20008332750699,6.777787822748383,4.481779104896518,5.422156216730249,4.269883572593253,5.836262375434605,5.237543620378719,5.538266163484565,6.208045177490606,8.058763083657448,5.181275973995264,4.192148547115462,5.485644063150238,4.362081180435135,3.1880629989558007,5.727708944817348,3.424325466447564,4.695659374113541,7.354573121757815,5.292325903319565,6.2216365600165915,7.475584747908744,7.009635804767245,6.591505066557449,5.991574067524111,7.064623368259482,5.327786021411621,6.654268292783755,5.765496354822968,6.8913199263189,5.628211326388789,5.278126191349499,7.498728995739324,4.2905676216273365,3.9304088837425857,5.571629274946676,6.38821005831945,7.7155504600767255,5.526338232031076,5.823017499117695,8.289868138734303,5.446426496720725,7.099652553274675,6.031036232865946,6.738682123348104,5.220146517477248,4.629750770905363,7.5909821731842495,4.5276873526407035,4.476879506329586,3.7748312613724764,4.821818681045445,5.986722489016731,6.959424000628696,7.446202109701083,6.504294203604729,4.649594557629922,5.615539610702502,6.154723342350908,5.28542022607795,5.477766182926933,4.056073168260708,6.375300225538528,6.041944609434193,5.664795925878115,6.202401461275333,6.726853266108106,6.320195998535131,5.798577966833231,4.017766100866073,4.77292646069556,7.655666321327062,6.37440800392976,5.055753688581499,6.233761356362383,6.6856037302043765,5.333728197600742,5.768415178106267,4.6150533138995975,3.5391153131402264,3.741002040233923,5.025875316385462,5.970119482744819,4.045464946025224,6.078053733964347,6.2687238747054295,5.257047545723463,6.01361044472193,5.810003436984616,3.511372059908455,6.636414438487838,4.8961639349832335,4.376284608416827,4.248245916255931,5.564148231487991,7.117493893010844,5.539500721975431,7.0441573008315705,6.646851209249576,7.024401986543012,5.375250542378097,5.595541280500151,5.707231596799179,6.653167332606818,6.221344527347629,6.582822848776567,6.354814577813186,7.517525469478828,5.834930207147176,8.180402209421679,5.840345222539469,5.796653722199702,4.803476868584015,3.8190207775150897,6.570002659121327,4.4882055437457,6.647551441423467,5.9557617612346405,6.507607716021782,6.27868534176243,5.85666710100497,5.995053788542055,6.945658382600405,6.9342670404276205,8.157032822489905,5.663017399009451,4.569706881920018,4.763807331111941,6.927231507680106,5.396191581154021,5.641913292584986,3.699135552090449,4.854614289884243,5.75720543923509,5.21422882400484,7.695363656328865,2.682688032590808,6.062043387111011,4.7608296121299345,7.511785904810161,5.295120873644139,5.009504784658679,6.120963832362439,6.189788130712356,4.675726515325758,6.322471971508949,6.89841017017041,6.5954688837929165,5.663525160338418,3.1128782601988347,6.812216769079413,7.301353103605109,7.600009077408847,4.6190827452363346,3.9921169041599733,5.110348388050076,5.926364484143686,5.668030708449873,4.616857855197223,6.728556628900744,6.387917510002958,7.4659461326738095,5.347216278941753,8.031717957852127,5.56852891864501,5.60718710657607,5.7830720127983675,7.145448136258789,4.618617511318008,4.480464775063541,7.291516545904864,7.42682313164481,5.958486933271802,8.156044369236373,5.790125828114628,9.103098453651222,5.376246937913532,5.076711454567537,6.624657659571045,6.181390640688602,5.536002788637912,4.260493564741243,5.493492832013468,6.388096971610016,6.403124833538048,5.354332529888173,4.413021998384483,6.998845089529055,4.276370083645846,5.709321713317081,4.241777485850871,7.089958512844735,3.5487087199693645,6.519525093133625,5.966082506695555,5.205851743722923,7.0146037013669655,6.067669466983631,5.42436851320187,6.35886710865806,5.405977079801712,6.734738157099146,5.689305524676792,6.214089360653999,6.845916926910982,6.618722566183209,5.555831266192326,5.4221299695409995,4.930734096193351,6.666389591692775,7.043963020015397,5.817645955976274,5.803542400368922,4.911884218954873,7.828976587115198,4.621072088031311,6.062849587455541,5.437041012739538,6.507734190717373,6.228114891934155,5.102854487180403,7.495999784656685,7.888254570011645,5.132518444695153,4.624951900298289,6.041570106842178,7.026393576222496,6.328349228089895,6.1602760084193005,5.808380174650883,5.858820753571227,4.639152848472985,3.5691200531453133,6.760741886813539,7.320104000423321,8.271242706484372,5.965853330798108,4.476640475260761,7.277666153017662,4.903156977261778,7.560005961023206,7.296178478104336,6.269024419527412,6.538116438910023,3.830230989944672,6.600658250797064,5.5909537749256435,6.958627457752133,7.450218142691987,4.903867198509454,6.103701252496332,3.904211306100811,6.201696748356488,5.331873160209667,5.262304598508851,4.392802987065947,6.36985869595619,7.365658656214983,5.297341348486475,5.621933543052527,4.565902092222477,6.465268209403033,7.824768643769998,5.863941366655407,4.804666836338269,5.823727304566509,5.260869779284544,5.579213034916509,4.502709537710364,6.303749039907762,3.665255758331303,6.0661909201486,5.3970557212953025,7.331327432747898,4.793820439066629,6.212084395793712,6.445725553425562,7.083759070610695,3.7269312968989587,6.757478104090354,6.915904179749106,6.792393983610868,4.336157604234037,4.267536358896134,5.92459783865727,4.947524165212407,6.468241375785301,5.797227511517322,6.136846748760734,5.569490332594986,7.423645232794401,5.545136241489544,6.051548415106352,6.52631884776299,5.043350702825139,6.900647090469565,6.1636922800723735,4.747454800517154,4.28912214729835,5.405873123073715,7.485205931640916,6.179873358391415,4.790077718076115,9.42887208881179,5.361175931475397,5.627790055973172,4.451990812868276,6.6481509465790145,7.406418416542845,6.16533628875656,5.135556948119087,4.994005161586086,5.435399860292328,4.884478235508363,6.4543068985092305,5.632578855233038,4.829426626445125,6.715958663228274,5.177354832389711,3.0510421714326696,7.467457977092296,3.783680475661469,4.924391763668732,6.735305997969667,6.677183037726454,5.392640786487731,4.986848286950518,6.104072928232188,6.09957427607373,6.586235870571928,5.214482939861004,4.349138955438936,6.956599621505156,5.517065642219258,4.599341994756532,6.386401390134588,4.840503568008522,3.1362218415826986,4.300209518054848,7.882457004469993,6.441964774280599,5.302225483899434,5.3166269848096945,4.622078682140899,6.3790534279581514,6.40409234434616,5.2234301093730755,5.841003737956671,4.5356211727565094,5.120086229927471,4.699440412143292,7.483602696294818,4.102278780199825,4.8019380793591395,6.177624298065373,7.546457262906343,7.7364117494379085,3.9439661318291455,5.239741174919686,4.482120145538392,3.7556742917554478,4.327031924958333,5.5442196613707,6.237863935774879,5.869325927183743,4.999416760378584,5.83226105029552,6.944931544655065,5.880831510035587,3.955303621379284,6.257812184873441,5.012999984033678,4.485662716779318,6.321947260855311,6.013344792729992,3.4306309460918034,6.515252320004287,8.566146019417939,5.682284248667822,7.11792346982952,4.599465643298759,2.912525091785822,7.468821669508686,5.359636589838805,5.85700861702869,8.157070830793629,6.32629963571816,4.828261291400832,5.995881407609772,4.352037833827343,7.023366215741181,6.027873498748091,6.593890738122344,6.829788650678894,5.8268813669800785,4.632448217211147,5.909457380079055,4.474547378436447,6.039127165105043,6.377119416063899,5.522814447943913,5.731899065488246,3.123294209732498,5.106180938020888,7.699910468623955,6.304733246499527,7.057388408571601,3.4329937363464396,6.107475491909453,7.347428703187763,6.254070840038605,7.355150693587591,6.829996735985745,6.08100243875596,7.081772391502389,7.209801955386403,4.229920206015519,8.157825942075261,2.9891633589760085,6.21628694260237,4.667168974170327,8.219062686203543,5.899393925823858,6.0590152590286,6.128045562589089,5.045261657797623,6.244135133038014,7.8380834927049285,5.966141722933388,7.66539113116393,6.906637209279507,6.670543880852012,6.511769048003141,4.983353312858845,7.753078168531869,6.419441475256767,3.720103174160979,7.305821835588953,6.495724916173211,3.6466323947130057,4.422540743679051,5.388032221798915,4.344751537486141,6.576091427490248,6.6385675154766375,6.706846568503401,7.076012329540457,7.150899568409391,7.051290365158879,6.547426258569003,6.324991232969335,5.479568298560955,5.946994631595514,5.216861395290531,8.242909694738579,5.007666437575531,5.516918169011424,3.0796705817916417,3.671224597024681,5.759780555452365,5.934246131045097,6.021311647861815,7.079000890159793,5.314033030504223,4.270595592074905,5.740334329872182,6.793787462229501,4.017499282940518,5.592298236682666,6.880636870455932,5.711197790998869,5.351798991358374,7.212290048954264,5.7407243422365095,4.579564842218831,4.6389898993636205,5.715456879089276,6.915373685023257,4.77592915579151,5.2590251241305035,4.8810593726948355,4.564694839297934,5.979811488696083,6.511740238626869,5.497971569552296,5.716508928727924,5.867481647554535,6.394277934807883,7.494873441046222,6.771826161001465,6.764702830738231,6.871743246789744,4.664297926879274,5.962771697839086,8.236397369753997,4.979318966235594,4.918377476324057,6.527954200196232,5.096191692233235,6.550527439303795,5.175926674566973,7.189081189081418,4.091295740610189,5.920846678389415,3.2749412136051017,6.878255997043138,4.051901999508511,6.593738657534209,5.975005506522811,6.026020173066318,3.6175495183349007,5.880831762501472,6.264468836622484,5.295956081179709,4.351293519865385,6.628929045382644,6.684398444928428,4.87489094237239,5.659798509860115,4.559540698276244,6.571992090626035,4.339140761560904,7.636512719549504,3.501876836698291,4.056386601886998,6.1306958734456325,6.924945344114627,4.376427512463106,5.691360906356057,7.633638814585873,6.124031260985488,5.396619519664787,5.429883012555461,7.323841255042103,7.091177844959217,4.871553218426534,5.4701110048319705,5.317236050884893,4.954345981063538,6.808220899364077,7.6336486419407334,7.181437152475687,6.3107786759870805,6.733794773033457,4.744507142730991,6.287812051503889,7.973779835730974,4.770694036805708,6.914316249127896,6.36738367903513,6.889409769540139,7.028726492523786,4.665753475043333,5.014508863477163,4.621432242862839,6.6010987972154025,5.942051894380305,5.289801731436676,5.020958080398416,5.648849123909127,5.804942000487514,6.6961459874648686,4.977577410058469,5.400421708653509,5.6483048010693135,5.164277167025459,5.3828359202307
3,4.241386114853608,7.316303016414539,6.72751685829273,4.334026027329723,7.4375378679886115,3.7339710319538972,4.2084026403557315,5.662376587394007,5.2916327129901015,5.361549436614651,6.421099495727267,4.552721137005813,7.608533295970445,6.461903638556193,5.52788459194156,4.272313143318022,4.330250496165634,8.182623119280208,7.027722176809148,6.088781338983937,4.843043333114464,4.48994816568219,6.223465238526968,5.452812311123204,6.61036367060861,5.949977152237455,4.941859648645855,4.298669450488583,6.189980483596555,4.652647256328168,5.899755329479968,6.508742475092227,4.298937119156459,5.411538559237577,6.173074624395834,5.527921539291667,8.818225991576348,3.698857543840055,4.046076027389941,4.563345113286799,6.356783325237087,5.610584629570208,6.673328431919121,5.01509134486171,7.414962616709609,6.44405496119166,5.769306111843889,7.279095753790189,5.385570175081969,4.459786998193499,6.36578154894724,4.950850583739218,8.351229543993028,6.490453828043639,5.8278876440025185,5.908254001101213,3.877206547792378,6.438280258304605,8.421136326421196,4.2181767996885835,5.808519169713361,4.63658444883102,5.406249138758424,6.176664502842257,7.430364410682115,3.6187999181596506,5.561323254328555,6.59669567203729,5.892872098598351,5.219088650656415,5.421309854069662,5.3315764804365084,4.8234770464566585,5.338887331032119,7.098772129822057,4.328765300560896,5.99090753006186,6.330170554659196,4.5907316117651105,5.160532016855389,5.14541320952987,5.198109196578793,4.85326430846239,5.633247129552632,6.042204478489564,7.1436804378104295,7.822965079616576,2.932398952738243,6.503472689093295,4.256053073983967,5.689457087015004,6.588294727207624,4.872952891342719,5.596664902856073,5.477312100523525,9.05138097516097,7.1421312530222965,8.011711972647044,4.779206417338928,6.028068188679709,7.048800273043369,5.754017785362444,7.30914629645396,4.9622431515927845,4.7895181286803155,6.758724891675863,4.863526722941717,5.105701657251592,6.262519034904875,3.8604424564874105,6.045752542418888,7.6061295689452635,4.731905628544991,4.413452238720018,6.601008896583535,5.3959502437030045,6.0989380676472065,4.587780355123886,5.164489211445792,5.757126962156479,6.934088424255208,5.988550796920529,5.381674149327984,4.649884233608683,4.914136252977846,5.370761535865817,5.622723077401009,4.859682814856095,4.178097021497889,7.51103861941273,5.705540436179499,5.639190444013609,7.015010850267801,7.053295535593583,6.475833607734973,6.0859396975064755,7.1960236684042425,6.646176965063893,6.661883070078656,5.278804321288317,5.316306936937628,4.838289395149909,5.909602675929952,5.681169920904495,3.4242435726759393,4.667769488683576,7.6005342546328265,4.65517264959252,7.121749024641826,6.176013196337122,4.901390213351038,5.940068524924573,6.931261074740986,5.6458558019503675,5.691290469785587,6.527828308271438,5.0619581562049,6.520879910734148,5.258319177399499,6.277728486809016,4.85274340159551,6.236246038931236,5.59736259566297,5.872214141508434,6.026210994976004,6.330404591000846,4.5325821227491,5.420118730303368,4.780328761820221,7.54659898988617,6.498312321591413,6.606161812829033,6.583360583376856,6.993773326695814,4.25709698529306,5.370308524470583,5.950869339710058,5.27500404535151,5.858615447304324,3.678153900778926,3.9212998146045392,5.12881484546986,6.123989962819233,3.561634860247583,5.854345092522516,3.7770941903709057,4.873308681188398,5.4811770672109486,6.001206573863046,6.0051279915406415,4.52605491247672,4.2185166003611165,5.224403715745672,5.800867650452705,3.924362159447138,4.725462235492372,5.92295491671409,4.7398792316596925,5.23121791605571,5.79359464225629,7.138300805421748,4.246255845369131,6.30960599427705,4.39030796989443,5.61626884834386,4.431419262901898,3.9988631148689597,6.3314126608160635,6.063238455366264,5.363428757389646,5.642039393877287,6.07383366359057,7.094123807284733,4.825767357455001,4.524239084470902,6.0693256905098885,4.846997801747976,4.241101412470945,6.997633019917061,6.9112551943652765,6.791595374552021,6.244157746573116,6.075790403772018,6.089270823781832,3.4623946644528605,6.182271086323472,6.6387596099043895,6.425786444282854,3.479636416782196,6.0527412238831655,6.328975376036644,7.469439063501465,4.8796244037883145,4.767408727040364,4.498010099014073,6.9357791570691365,7.126479343541542,6.835903134144794,3.6492154863744832,6.431146607255274,6.26594182896556,5.525133318611449,4.151670045164401,6.260123360663217,4.397014029640878,4.229088058060398,5.74877217564841,7.111702314744248,6.434335710529508,2.585056593709964,7.289677315539801,5.66799741706564,7.197125259126432,6.384316799126957,5.922100702175297,5.471169176036261,6.178093513189274,4.216694708851777,5.857003368537071,5.1375288436787505,4.18899626234353,4.317760644725915,4.597467601336737,5.884289511954129,5.288709658592092,5.269367141563683,5.013597652918547,5.9431266472168325,5.948117082751242,4.780931223976616,7.340389467644581,6.086179768245616,4.569765214703066,6.234342167858802,3.775264574887022,5.504793531113972,5.272704893183177,6.126743149883286,7.222758065363951,5.06123604405667,5.650041703634066,4.889690190785591,5.710156512306463,4.280628390347512,7.633590234629641,4.522590393132689,6.529840538264258,3.5591702778817638,5.545116116986954,5.596990689884219,6.622849013145235,7.482578434233339,5.210610291266047,5.226507891237538,5.503911067565786,6.294249022169662,6.9335337902206025,4.391572006572427,6.158385055290414,5.132050823299545,6.857736516797566,3.764891462940311,4.923490226645185,5.402193144187012,7.106300055948809,7.017769839121644,4.177230481074494,8.312519583916504,7.751393308099031,6.385912130056111,4.095314376969996,6.4542256014776935,5.522223387984987,5.802752677973105,4.481584559747898,3.5084146090625756,5.450327518624997,6.5757832342872495,5.551135151726873,5.098495279359106,4.35780260730352,6.424425651529799,4.190457458466173,4.512588263634973,4.35007583542914,3.497575334119484,5.200550083868503,5.980333270956221,7.310447771042517,5.964107601668207,3.8974680162878914,7.343393410540925,3.5581029902962418,4.040455699599053,5.143699592104982,5.878597107603703,3.9244054559775483,5.155593423428312,4.912143101791097,4.5361416994258095,6.08607895108852,4.839032464363752,5.2856462637478865,2.759695588235328,3.4992063620088105,4.668928039212776,3.9647636005282196,5.494141267407075,6.418453680579502,6.132876937366529,8.255659592908119,6.668217667322867,8.282146375523086,5.619299223657135,6.427685094201449,6.9315699496510685,6.7933281601078015,6.713182003779798,7.8388930580909895,5.112737411173157,5.389113154303199,3.922127422723589,5.112058050237771,5.761634000812977,4.626654084946192,5.292285908936079,6.14271272508641,7.0192763615171945,4.784669432849489,4.707017893583288,4.864536627226778,5.228955969017799,8.324910453870938,5.919528039365673,5.803758605993953,5.013676873525453,6.956184375934379,3.506188158673064,4.560174628833735,4.713091943448683,3.899197974366266,5.34977605200667,6.578157138452015,5.0093551934817935,4.611047873730807,4.994327222305663,5.740016449189322,4.2337348871155545,4.757773434556469,4.81225099105262,7.057449119519013,6.408241789112737,4.898060492649589,5.85815274157446,3.4817442902565148,6.763792982937992,4.854710174021387,4.599011560312325,6.469454826260908,4.244099671144898,5.796066582616991,6.97674451772656,5.512743392966513,4.78097103248579,4.784144229748684,6.329202817052755,7.309793028199799,4.7106078512646015,3.8511115730953787,4.879166567567639,5.8109930063460435,5.48225356558434,5.8748000465630446,5.4500505215353225,6.921738002908117,5.244353532357476,2.8345598386967064,4.720746986851388,5.576341443472824,4.774459925066029,4.630522907914739,6.2100881227479565,5.054441297254755,3.6131935515593536,4.398089394470205,5.204407415178568,5.12766462064539,6.695011270542716,6.334283734668117,6.814681913136527,5.5928256682960065,6.958024221879305,6.289181792668522,5.4971035226352765,6.952004626889616,4.599962817440087,4.792681577463653,4.017292139427998,5.9830714383215975,4.658159733810805,5.422589374332107,6.520809992928489,8.464096533987096,4.912167433241157,4.048583591139997,5.229483888819649,3.8735044835457524,3.110032578996184,5.52026151792685,3.270764256255747,4.949968855068824,6.24727706839032,5.002875488440424,6.343871592767137,6.945620693166537,7.128508604908138,6.2795275734417295,5.787134565061497,7.2143606982742945,5.459596152686457,6.782399267347906,5.647451828283204,6.276087240179537,5.4591901168760355,4.6785367060573,7.773717840893573,4.421484976623123,3.783858056314082,4.702761618614831,6.439021312911365,7.369458131901521,5.856398027237846,5.8677326975824835,7.08353969882036,5.154673251062845,6.478730709459785,5.356183917464596,6.5350417013708135,5.333388009023542,4.666398545707421,7.113793627264233,4.485869057239153,4.00202702210991,3.7342758812763437,5.0634074505556,6.114799908526918,7.166498737003435,6.8612443858334276,5.892452508382775,4.298547725402978,5.603994497256132,5.954034067528888,5.1257854278505635,4.60623409638361,4.034964022601903,6.060773350924931,6.2550110422161564,5.842412576673427,5.671955713133801,6.119530751976624,5.7853824476373275,5.487862345097688,3.900594405025441,5.075507761363024,7.022559205052471,5.91845140495308,5.154202958214025,5.187367273280053,6.457250457984569,5.474340329350731,5.813958157418609,4.605443749902511,3.456787102206405,3.3376364151996833,5.116651353206317,6.162369389559091,4.049859288459544,6.178323183750754,6.160430639702604,5.040816668565208,5.723347767713242,5.594523528493788,3.526401314571478,6.3960974908966985,4.529022398584078,4.536543272116493,4.292068506128325,5.725056163708651,7.3436236730897315,4.5826125803648345,6.963811341372893,6.76924467895315,6.903729053101919,5.210244921355952,5.450922095850778,5.648433723451554,6.519857363120063,6.327044825167228,6.777191859570631,6.885273443329501,7.402139889335405,5.835004812360647,7.7060587229983035,6.020378955630346,5.881916538288314,4.932201117277194,4.095459392299404,6.30263299036937,3.854140492985482,5.86814619935324,5.486392113805032,6.482479191985108,6.206400390845472,6.056136712347159,6.300391245317289,6.967878600148422,6.47423665302538,7.8900166064900406,5.826323920426619,4.680863205379096,4.94677892280368,6.8029865739453586,5.48672566005095,4.653680462197809,3.703369179403455,5.110380386828695,5.3917151505390315,5.486884781638915,7.1304095868545065,2.9295820734553417,5.37409760766274,4.027494768856453,7.352751116280595,5.450154679159001,5.040256543755498,6.320079894113651,6.0957291781888685,4.641245177566947,5.862685968144405,6.889439003823064,6.4218477779343806,5.804890839115574,3.2479158180744245,6.770711701178044,6.90367273949803,7.672435015404265,4.21049860538187,3.588765026955573,4.827249994421609,6.106518027094656,5.026914373038281,4.977360673911922,6.660524564949155,5.502499765859861,7.528653428180209,5.078376244368944,7.6932595378038355,5.6113725053317705,5.0232631532687835,5.281080330591719,6.494865045187391,4.3476429163727275,4.283134856649089,7.0354450997510725,7.055929100721379,6.238520851455483,7.458928495828319,5.640852574811019,8.119067831955622,5.27475457399112,4.884294355491218,6.4045650927516835,6.497196259969527,5.321673957434628,3.8032854154935287,5.652024010137618,6.2076337585629835,5.763385102580463,5.01908971593442,4.416832307309107,6.1088498873227195,4.040368499945627,5.5198659492611455,4.356529933376216,7.4239069957748285,3.564684036783443,5.894222547847505,5.990326140484218,4.901972582072682,6.964158091378785,6.085752634407275,5.098005604080579,6.681094681261081,5.595729646145815,5.945283850861328,5.491329781997235,5.19759474483176,7.092543582277249,6.322334487527512,5.335447092563778,5.266499659108576,4.782993799767138,6.566985109411755,7.057461831757411,6.013809599286245,5.365800197782621,5.186295220674813,7.04381296549718,4.462154053644836,5.6110657391073175,5.316278302202936,6.943922752733712,6.619273378554729,5.021056928138431,7.903472588575125,7.9924441761135,5.314991626466501,4.653007076947883,6.29943242863582,6.729588725717888,6.365546586319237,5.187526658171987,5.599654030979794,6.0032409403729465,4.3602178648863585,3.6493381885016283,6.343090954871823,6.655205341983175,7.684847309249777,5.745259044666376,3.8817738780951445,7.202335818982668,4.913975772692909,7.039492441447546,7.449149924056162,6.5387768104280815,6.924636284492367,4.127058260556327,6.210318726723791,5.852852240474552,6.965715501520709,7.255110831528363,4.6611848607552,6.308284297586939,3.7728704620536337,5.929533565365206,5.107817252461285,5.603070109031755,4.3995373125832105,6.512306346937307,7.246279565244452,4.8844556205521705,5.418888406135169,4.237298016647684,6.146295559545275,7.644090618543879,6.107582761764202,4.8761941508503925,5.772365440223331,5.085332203375261,5.783688637871644,4.226929553802643,6.341011240989622,3.7054239520068624,5.926754282342433,4.9991064490151675,7.2296545116618605,4.996042387071624,6.268386556464,6.798879904558276,6.492100816071805,3.7781782010809613,7.011707010757547,6.263327532222358,6.6834508169959905,4.298525960324328,3.9502842325938925,5.693732544995905,4.938680300032357,5.923222727552173,5.1364893639579545,5.915178054197378,5.531486212099822,7.470060911432393,5.330857653719836,6.006868078284257,6.3848039947096025,4.775766170568604,6.979489987250403,6.342630485352094,4.02316402710376,4.323623550503508,5.686915728357972,6.776507470284633,5.97807695458406,4.99829539419459,9.003300500915989,5.7224584733384,5.889761691069012,4.390458682318662,5.908917128236768,7.069591778532557,5.962658558305767,5.346167262143962,5.237853583782218,5.473066413179056,4.55111953616923,5.833444162781335,5.7415714394994435,4.9754630986041075,6.402668904015492,5.046334683596479,3.0403557972736115,6.427107309934001,3.737430297506536,5.012380912119323,6.432756165537431,6.679024189826162,4.7391853907683625,4.7393308068069,5.7895013063517915,6.133027997469657,6.397976792763435,5.1305646954285,4.640804299551752,6.661028044763231,5.05627733891099,4.832285987430488,6.709642451989552,4.817486387160859,3.185252353121186,4.046971850315573,7.725862285433054,6.33674969068139,4.480474774751672,5.307453569362429,3.99526540612719,6.291579129072963,6.4822557387920305,4.805642743133534,5.594648383823316,4.5711562645687716,4.382260860855039,4.96799952649433,6.661061727795461,4.320193480535339,4.88638800825353,5.590865861097337,7.633049747852761,7.789800324347585,3.9679011962469755,5.358355083897913,4.632819558123255,3.8620081495356735,3.9466135025511315,5.3333174929718155,5.5753156476678285,6.219202093857021,5.096243650825912,5.871950274526551,6.869451110665162,5.744443872365991,3.8621180149805405,4.999750271832006,5.131875370749274,4.4687927564011485,6.5281483195047105,5.668417696386329,3.3492998275293653,6.663794032357339,7.976832017611544,4.700332902843623,6.197949379056643,4.44461538482417,2.818483913244107,7.330055579856965,5.240402350001551,5.637080873495701,7.924763013015715,6.159910615301278,4.893902103604384,5.2749638418457145,4.436508340863655,6.453271253409509,6.186738686580611,6.3973385651608545,6.229111675113572,5.311361857772728,4.321947787899818,5.9167275305678615,4.444869878000924,6.085796661930871,6.219193119738343,5.702546703942215,5.916986762869327,3.2293489353459837,4.91181806490902,7.9363511788675485,5.619521080112371,6.927702747184253,3.249329441451593,6.18280791003855,7.002852065002341,6.32360730976213,7.329337966761791,7.167743567288104,5.93506680090478,7.232106920691687,6.98432143375936,4.320775804992443,7.808723073519926,3.0034320399085503,5.708565459504392,4.251893458457199,7.314978767431532,5.715106464590198,6.0607671422762275,6.095023216832759,5.2234709047256445,6.450344386423689,7.811132435064658,5.045040079663002,7.581946950863595,6.124526877065987,6.6503995046538895,6.742429671596263,5.124937350945574,7.283017832957542,6.520174008324824,3.6601649080252145,6.985403315651585,6.208942333408082,3.7370891282877237,4.457112646471462,5.602641866698964,4.23694702200144,6.443369769383232,6.7752047456576845,6.725991588406058,6.303528744349565,7.21603872692817,7.361071576497183,6.419794435645615,6.322823629000132,5.772399040317531,5.976908477047534,4.954822164318752,7.649373300361946,5.105511195446676,5.459707905267673,2.8771039961736857,3.266021818162986,5.843623193856759,5.992074649356651,5.110368720004659,6.7478668402911275,5.225289171863902,4.4756924724556075,5.372084215352798,6.052341687754397,4.165917266559581,5.53451614059421,7.0083241789983015,5.512152878311779,5.56145302794614,6.601378616905942,5.9512107308290965,4.688585231372684,4.738464362276458,5.44905758372765,6.740134530970298,4.910844721090035,5.328135264485675,4.738046092681175,4.371465163144837,5.727022703723518,6.283720172149035,5.476397314757857,4.793273574700351,5.738769288183423,5.827689425047147,7.891189502452217,6.619583605102899,6.589124126455642,6.949432380229741,4.100128810337518,5.526911401173028,8.25857275542581,4.484796629337465,5.0500064947178345,6.014992590372443,4.433138195520445,6.370219164571562,4.957424862476762,7.4934331728354024,4.214975941725887,6.008932463474041,3.1815125223581076,6.8285105125160035,3.666089676192522,6.034614779544166,6.017455109165271,6.3013162013785236,3.870366879112148,6.0981285233984455,5.661455818483185,5.639035904585399,4.022526059265344,6.145711748328336,6.976683684740539,4.959089981108763,5.40709609266305,4.252880248404438,6.265973859873329,4.012845022610723,7.057607773833892,3.4584916613113243,4.114983677017539,5.776356049878892,6.931395866273647,4.358658995027016,5.649697085892646,7.110495505933307,6.4039025769780995,4.990154439556004,4.526574484743755,7.72601893406503,6.9708565712316695,4.985853544696879,5.436719458376315,5.287062557597261,5.234740093140399,6.372893416842545,7.757073927616062,7.39807261622607,6.328990473152826,7.118233046296593,4.89370850934807,6.199643302514396,7.335894148540921,4.871480547235076,6.3458050778701125,6.190379838786383,7.086260261231939,6.990373788762128,4.83229704361267,4.733896039247378,4.7324055269728555,6.316210337161398,5.903246587925302,5.087915894336032,4.731759318508465,5.4999042053764935,5.844982662207472,6.196189947988463,4.656595690311267,5.12006023971839,5.1705080467212605,5.099983748654119,5.172673129800957
4,3.8927911299721867,7.302493362025836,6.161137853295761,3.633308291702816,7.154506673042773,3.5055182605490094,3.679821085108862,5.236552075005339,4.6957312835423695,4.848031489508411,5.6700254997025805,4.473028162707068,7.458520452453207,4.582248361448698,4.738011322330514,3.6304228809317025,4.090976974727008,7.397153779407999,6.50913719505872,5.3465700639709475,3.958733767077338,3.7415943342498776,5.971503818940201,4.106288088528856,5.710533077811213,5.196227446044846,3.959062799509626,3.4712052929875705,5.7135822449125495,4.089541790950412,5.2656124810407015,5.945891961225887,4.261757347484302,4.852318562666423,5.155256579760534,4.833502868794206,8.681799604180185,3.2878006593573326,3.2950264331197916,3.820800302045468,5.554937571271374,5.503321212404357,6.471384062238829,4.5663531144220615,6.209477489324201,6.296362291300133,5.544819873245089,7.214776843125829,4.852450616160232,4.107346337844857,6.181982084143749,4.3044606990574055,7.570267649041152,5.870832823699072,5.599116574064086,5.210811036911677,3.506399698248357,6.314480273313762,7.83738900130331,3.946040870515052,4.968683374105086,4.142898257455304,4.531154557759071,5.818746539146214,6.9708229324729185,3.3939051405269005,4.4932802211296305,5.8370864921537144,4.984598859773479,4.830941676726552,4.9977025252016,4.867494064507939,3.995942408506115,5.275123989973306,6.632870876565216,3.7627026773628067,5.243902038343039,5.783356385544809,4.153815454804074,4.90494652896503,4.520358067455008,4.890118587377962,4.371334929222548,5.16261679483396,5.613412463037515,6.928421492809716,7.5067729004067365,2.6360610029224922,6.100042524035943,4.2633870947586905,5.295245492108025,6.390900683137369,4.251811873273878,5.170472448445418,4.1756290136083996,8.662436726507702,6.551046566489126,7.372377679040202,3.7741451129334087,5.223164633189521,5.638774192952171,5.6294157285235595,6.60248112569986,4.243135312316686,4.341724017347376,6.599293494643341,4.610590008186784,4.046508960360898,4.946512209554439,3.5519449971604846,6.006221288125369,7.611079874478899,4.5990601883201485,3.8144782805893565,6.27908438934774,4.833245159109891,5.696557068698696,4.230084010635461,4.661414452455529,5.289945735697403,6.857941484356994,5.45506360263184,4.930319270924257,3.817402119197879,4.492102473857427,4.710455737397147,5.333608643205482,4.570292482105104,3.650860101504616,7.061881239327456,4.6123785540660345,4.9867336568969,6.857463727021104,6.8501309712724545,5.924377844758082,4.920969418856975,6.384236991288828,6.305563797871679,5.958714947440594,4.946391350525011,4.259038625629001,4.7795336453563255,5.650096178760311,4.55155982325176,2.7787913649724354,4.347765226469056,7.04797469962241,4.373366753216107,6.571652460763971,5.900538846573165,4.012682497301528,5.605835807435492,6.550989722577737,4.777182498204764,5.5741090465113405,6.319554844159275,4.678263855447909,6.446315547627738,5.126931459771701,6.049706960736191,4.0819845828820185,5.586722453003751,4.753173313649339,5.344026809834479,5.0012425997656305,5.4416100118741815,4.43243574289675,4.6547502954526205,4.260874241424849,6.959037480390617,6.176914083265766,6.675409321421009,6.262106734886086,5.352888054639003,3.8532825782636984,4.808263565881614,5.709896647676336,4.63936802997844,5.379469318828802,3.478380639019444,3.670678197420069,4.704270805269392,5.668424633044578,2.8460044510508573,5.712702309402973,2.833966036780174,4.02821333058565,5.009096562895933,5.337337948592418,5.339582766777971,3.742316695186548,3.758460068857535,4.181591059283634,5.29397038853149,3.745419601507514,4.157730303853144,5.870403853222836,3.559304167488955,4.6175228616811115,4.993091223953311,6.294287085531395,3.235101687348358,5.97140177559681,3.969767645040597,5.416010087278217,4.062972260108822,3.817999722903585,5.779682386450503,5.978375165578857,4.894222576270349,5.331330090223249,5.141514477089012,6.833189941447712,4.122752760830714,4.375252814572516,5.111802336275436,4.268737564201626,4.029787167913291,6.73977317079218,6.323508051834629,6.021113765241125,6.337939308175173,5.328725540582023,5.663900868073364,3.021331282193976,5.650156249441761,6.511568322340105,6.093087521725385,2.739610562570123,5.494203446750012,5.679618415624877,7.033781183611413,4.250836481054823,3.9727949751071963,3.6982655234325836,6.5448316507611555,6.113227783187207,6.71698488780303,3.0472291505175306,6.097145867909401,5.551023743826401,4.969374559135103,3.507387623463715,5.361630818621267,3.877438280575114,3.9880773536024687,5.268125727487395,7.389831368687717,6.203992576997923,2.440805843892781,6.89129732511358,5.082691623858036,5.955594748097781,5.357813371061727,5.680713892984812,5.239124543290348,5.2097744980754745,3.801984535415289,5.232213994296366,4.9235663433433015,3.449967536725059,4.216527839061461,4.244123901837762,5.523367516792626,4.691132691190268,5.290572349423057,4.753346348455702,5.8264595543460596,5.717134157985918,4.357825192542136,6.817373322338301,5.5586478365657825,4.369046605479501,5.51543399567811,3.346649960297911,5.302411390474938,4.617902195904843,5.291645863200852,6.106478251911707,4.61372304478324,4.536766618158588,4.507105294401367,5.050140270366659,3.682310670372143,6.838101584342871,4.1562186396934155,5.260750927429914,2.8434871184366344,4.932301548815043,5.403167903399327,5.926805417012951,6.868203065052844,4.702968627794247,4.852143261114863,5.281907477794391,5.627480220806694,6.440899179750929,3.2772919986948232,5.720928565389792,4.678736601482344,5.721136345428701,3.240731126540524,4.519091904749206,4.5496027203850495,6.602850522461834,6.919958613337153,3.7739714879450217,8.152314859044337,6.844540645184237,5.729176129752906,3.6514192771029377,6.171727766463858,4.873189222309951,4.752006156438791,4.100230429944318,3.0000217764402404,5.12704614753497,6.130243974523911,4.984358609267007,4.3079309521096,3.772447347158372,6.002642201763258,3.647797497248452,3.5886385997021546,3.6690824100537904,2.892179694913157,4.6485241962298565,5.543376142193909,6.509853737583464,5.068622261204744,3.713266791417891,6.877498051796987,3.6034115649980665,3.5338709970709767,4.593915841175047,5.715160109068484,3.897910224034915,4.792080968187012,3.4347539954560733,4.225112811730915,5.1387507381060304,4.514538820061247,5.006499956577763,2.4691847823703297,2.7329338782015253,4.2450748941084955,3.5514729502755564,5.107867897970454,6.119836810759603,5.857686256916449,8.151529900240154,5.9910695446639695,7.6511660435915125,5.048821652321445,6.110143673777139,6.21948455864929,6.3608513512142135,6.248523701462169,6.925609836831905,5.012340345176695,5.039504532298692,3.620629075406765,4.941474203102825,4.70446039449203,3.9082615858364567,5.134452830261102,5.835607740500688,6.217715002126238,4.378928675652424,4.337371056746941,4.392745032026511,4.1315975676498935,7.470123853849502,4.971324251217982,5.182503618375041,4.485425139386628,6.132632799998767,3.445156146378246,4.093551709380514,4.478759108414155,3.4741009112033234,4.536465326921145,5.605880049740045,4.2342743307905595,3.9374390006961884,4.457785970230845,5.155477013480321,3.66018044362465,3.8558767255230078,4.485661759960071,6.354566507787356,5.981167142897229,4.379718033115764,5.645952264836374,3.0942201364623902,6.754126047657079,4.497652648437973,3.6861449472824415,5.86125601120702,3.6968122921138495,5.065532760468311,6.676296019555997,4.30333879382739,4.776764851816692,4.322794521689132,6.154449546926703,6.5896762892486755,4.080082215702191,3.135506505445795,4.39419272592771,5.2461204974466265,4.925796698155101,5.273341269936535,4.970631901179046,5.953302493193455,4.140658681774393,2.6176987331804593,4.617353443185462,4.363676160636222,4.316117481935865,3.930207402344052,5.8729535346787305,4.46644878769962,3.15013215517,3.8430150614455503,4.828083835473164,4.367197204163818,6.073837750825044,5.790600488720612,6.321059461319236,5.393683152476372,6.863181311169642,6.4042002323199085,4.4816249221721405,6.575968091351376,4.33370659148742,3.8888871268437244,3.6386716871811573,5.591390541413436,3.7862597124848563,5.128305794291208,6.565469107105965,8.421737533667102,4.268907773305611,3.537959531082738,4.652195866941206,3.107699722791568,2.6766992461935777,5.051500967133276,2.7246319121574674,4.841159214693149,4.866591983288509,4.3827312238597065,5.9957383834517,6.16951678547561,6.606090930753837,5.435242949491372,5.3101326358740515,6.8409264231111635,5.180199407890874,6.438078258384709,5.340858822034431,5.375430969531459,4.810222642225547,3.8329324317132833,7.617934615297015,4.382658037922933,3.543161524746724,3.9338632244849228,5.840555506626066,6.568655469533206,5.838230435757735,5.423578531885581,5.429275086951043,4.455366634364154,5.5714015159884385,4.471522198725902,5.9785286783299485,5.055999135426819,4.296859045567195,6.387145364582267,4.013380041703599,3.208690542671989,3.4308859001689362,5.025862720849824,5.645725129988795,6.905975748263507,5.983015821085388,5.024946050518098,3.7796138822395435,5.100113828810232,5.460757416621959,4.783297845649054,3.8578953979385124,3.5597388043049474,5.2968567000699345,6.064678802780061,5.636472425123715,4.97211403362267,5.281534539715506,4.9757462755004,4.979107603441398,3.4183579525094623,5.147911333750518,6.0348471380459365,4.970518622617478,4.762354090791876,4.14291186632796,5.856180338706308,5.215670179096452,5.616634929223259,4.270586632675564,3.03568251870669,2.782571598439783,4.769323042636307,5.934597541780107,3.727923192193569,5.77731939170906,5.469211458352276,4.554128463757102,5.103307370088083,4.7664667571215515,3.2901033912910576,5.768988172211371,3.8172363091971633,4.339787457662907,3.8628785244788038,5.471097056908466,7.074597382802567,3.5100757858573104,6.5900866001321585,6.383932037314015,6.3422498866651775,4.742917127253479,4.711300307925098,5.1217554645182926,5.703231919005104,5.85637493620264,6.4613769716873115,7.10713329721864,6.85092045896881,5.644800823647657,6.931813408051747,5.877066637784052,5.367609699362339,4.650567182988447,4.326787441997598,5.723106553595594,3.1982704774166058,5.078708868628112,4.873111144483849,5.855999301060221,5.839239810555448,5.850985599614957,6.220548912223258,6.712700916299336,5.764817755548682,7.176689135073863,5.545029045297012,4.41283428751451,4.794800453587762,6.3544439229656176,5.146521317866025,3.7370101953282306,3.3045400143906583,5.069825383449042,4.583593093432517,5.397810909001416,6.271595923652786,3.17206129487603,3.9625598892245537,3.206580926010867,6.870280481362863,5.226725894481772,4.509457428868222,6.091321004435444,5.710541161914223,4.172007050764869,5.252586062189257,6.566306071903198,5.895137586080907,5.554307306428629,3.0599343012170652,6.483681300721337,6.35460179534443,7.19482974434173,3.5740318134417897,3.0559536917732584,4.2704721557717775,5.858732546097345,4.120345823118674,5.095060180517491,6.273892914908609,4.544399949886375,7.365119872188476,4.502477720587707,6.83997074729529,5.1345142611014785,4.2123235947940305,4.547655855527973,5.480717543798503,3.8527469450226906,3.584964603174699,6.269886744112082,6.418985161316809,6.202428143801352,6.746085411421225,4.943470085322314,7.150695863078346,4.937921142288529,4.437590148417697,5.839136647077124,6.472046801782126,4.475896338369739,3.074809821181354,5.429084051515309,5.645376321419349,4.845143152819124,4.253086951705563,3.914110382665272,5.097422822176711,3.744452459326758,4.983703067491598,4.107706626557463,7.3542208442080605,3.316859612351679,4.951123574269934,5.520412077313724,4.251204979633528,6.60136244134768,5.642834467449476,4.443374718584815,6.580240824226932,5.4000472718249455,4.8786142332598175,4.97566959744353,4.0300416250713145,6.754797581564514,5.265115017463973,4.856779660064272,4.857495279726575,4.153049844124975,6.1323689453350125,6.479993321043079,5.854873988255067,4.863545471592629,5.209984218261342,5.83788169602914,3.721453409176053,5.131109655669082,4.902233352889132,7.006549856978346,6.731041175727808,4.761827485917187,7.925522928004158,7.543728427704524,5.166601348063359,4.221151725014752,6.177733276197664,5.975174454186914,6.175912820705319,4.2501637360025715,5.081359883755797,5.6936323460180285,3.7495155182449285,3.486923762748216,5.727460577069674,5.656648044321567,6.7733790547012775,5.145290287510557,3.198550389866286,6.44826313625378,4.439431026312797,5.78311553038324,7.270320878548654,6.362270596035766,7.017261179464733,4.270618618337507,5.325607035004751,5.748212693820733,6.67230506854502,6.7074881483706745,4.108724920883635,6.041870150928684,3.300683045146184,5.27694742107614,4.579341151901766,5.667644076514828,3.938342824354909,6.194774021498831,6.702230863587378,4.067055752319003,4.67284222878548,3.722639594580526,5.5051050242864985,7.0750790072736365,5.955333902860536,4.506675481227117,5.205360602509474,4.541000344943971,5.553851081755602,3.6292394454454615,5.835672699693962,3.5154791197609643,5.565265300629354,4.296153767122945,6.821269125289856,4.90695610063168,5.706491923829164,6.77075943009419,5.641530796047926,3.602315099696227,6.746518081100089,5.163766889905903,6.209963769653329,3.9486570952718685,3.4152715159793163,5.0888575416865205,4.455977482467657,4.825180634476674,4.056312253535796,5.380521102266366,5.005657658765017,6.770622265718309,4.927310330926353,5.266883587278242,5.821733438192667,4.35920601249838,6.502454170019582,6.0472325100996445,3.068293236405159,3.991386845252836,5.54765472142682,5.6675722314616666,5.369290329449269,4.880796027689624,8.12911309506752,5.857735369031902,5.753603483284716,3.8845390921001974,4.825467468526394,6.10903945389492,5.3480396843956415,5.210971149249428,5.108620169577824,4.975866717626126,4.0282718476776775,4.955612862356109,5.385494856127417,4.8054670035811675,5.682813092974589,4.259627799869545,2.77806666182376,5.418919161363037,3.3881098198523216,4.666364183864047,5.696734426802932,6.371017497775819,3.818530634963232,4.259881284954146,5.126546861987255,6.040632682779778,5.860341078119804,4.4468862368015785,4.599755550506047,5.858662646684742,4.17122449557729,4.836992109499985,6.6340771259211655,4.2073344399334625,3.063723975186771,3.6799100228682575,7.001625077729116,5.950401137821551,3.504734893773651,5.123870896910312,3.358851242847057,5.572887451914332,6.032546955026236,3.937812925196873,4.974051739572582,4.163759834254185,3.5281789491077324,4.951936332741455,5.664853949975686,4.420920662161239,4.567594601816262,4.730063283493522,7.393906354825133,7.5921875845712155,3.719865887250607,4.998717770663289,4.484016805496983,3.597240920187859,3.3816957794756366,4.777189902989835,4.648877406485455,6.278375705084651,4.7741423203643505,5.273960093127243,6.4733657139217575,5.2899284773015225,3.4167366481373556,3.492512194696884,4.914273152708649,4.131868513948964,6.365550410814714,4.918553274169989,2.964269698571801,6.300254451772788,6.936930088831609,3.7457985484542764,5.159947306897198,3.871500846394875,2.452027394205877,6.784480689905849,4.900911497739803,5.045782901362982,7.240819952689096,5.651084790470387,4.58861703018104,4.243455545429203,4.186762448402466,5.513144502459382,5.854234707163547,5.806217574268416,5.23995822930184,4.482041560028341,3.814129792070945,5.763319786874744,3.88546328465913,5.543299346098806,5.713556443763364,5.41385949244493,5.731347864378578,3.0354094383569423,4.394583896175726,7.639270805405714,4.703854548691289,6.36618256885253,2.7084868564298783,5.7546980514970825,6.506318924314119,5.830808776828429,6.705221415439368,7.054803952830093,5.495917798064703,7.268089633421727,6.374466945871138,4.081802798730154,6.98992894359384,2.797953356903979,5.103005761175766,3.5855611368957163,6.197447005592812,5.155150156529116,5.539240510807991,5.539609071538389,5.080879859734993,6.318158868405863,7.059377956802874,4.093493763016206,7.096332921716573,5.287505022265239,6.338408807509461,6.615982005937362,4.889007375536402,6.555654466112372,6.104490139421381,3.2551624631672595,6.441311750174447,5.527124643987933,3.619052984112838,4.082693382657455,5.357419452035056,3.5793305726404547,5.878486830559284,6.419458577471188,6.171612808031615,5.037943345715263,6.84555886458539,7.132558322915064,6.022119197652284,6.068284398911847,5.67089194032471,5.474835122318478,4.347057791317756,6.574128398386097,4.6261024857512965,4.838007477634339,2.3732119951304687,2.670496986216614,5.324175022132088,5.546449838914357,4.059889673305182,5.927227801304928,4.553517545203927,4.362241091383803,4.574751905466224,4.9753229375604215,4.009068001006782,5.268612147677201,6.5386248028607055,4.98671540366146,5.314625280353471,5.704979004428082,5.700972698164841,4.39983886316861,4.406870823339913,4.85605172719432,6.248412875488546,4.642520906935088,4.9234242494567155,4.45581515508789,3.769548071644303,5.119602615906202,5.7100874489888005,4.888407615476866,3.794096999284773,4.953908661526548,4.9833593503646,7.838587856721837,5.709360775873467,5.993941728390942,6.376968508467398,3.1712604661610886,4.569525554555282,7.888112901957372,3.6269502778124014,4.794831772399467,5.350113077681279,3.7247865170082637,5.831224181243696,4.333363710378095,7.3394153828801,4.041632774089842,5.616546999271514,2.7908068237961006,6.525361349132229,2.9839353031416085,5.2183403371042925,5.501451252608402,6.137043595713044,4.03552876794107,5.892913311529663,5.016855832896898,5.687045132884959,3.5505969583913473,5.519720782573394,6.932552365119748,4.59163105935519,4.750731013511455,3.793253556289653,5.98286399082166,3.5238544961971803,6.23270705034632,3.0834597646993784,3.8621228009031325,5.031771909398359,6.692082009211248,3.9382307558305785,5.34502478674389,6.355189928669617,6.203379750853034,4.194822596784254,3.418217116480683,7.764565944632474,6.55318227793573,4.606627138669307,5.06299979062651,4.7753403464411015,5.138444990696985,5.646138492631037,7.553064956750148,7.279159695232448,5.8847217615122505,7.145705856102477,4.721456996159355,5.748974277344547,6.246166502669896,4.650149924335484,5.421621190023026,5.622621975764569,6.804097690132549,6.67276044174579,4.524101712523313,4.18999373990557,4.509924310286492,5.594403029744461,5.611466894115967,4.6227017960163765,4.168228137411649,5.118476313212142,5.3890529291991385,5.393725835554949,3.984139994125913,4.569990615241765,4.232861989037596,4.545117728101104,4.720977424194965
5,3.668601509787708,7.066673080100633,5.510302930591188,3.143846067505736,7.053732394418318,2.9691326391172788,3.2494021201703216,4.6305871972037975,4.131548772617535,3.94235717757854,4.892702100503543,4.198295576608054,7.064117328596447,3.543673631979309,3.966792035007465,2.8567622344424684,3.715588102037149,6.976562837001319,5.904867587909045,4.313507801234613,3.062372372100227,2.882314860185954,5.587050559827684,3.3916489148251445,5.336969941835374,4.428491874637756,3.4001268995440386,2.999051588094189,5.095063637342074,3.2612585579405167,4.8215403364292895,5.172078247085702,4.1582980719957074,4.300383422578278,4.343657472166391,4.115634432297404,8.115538367233238,2.7621897328597105,2.691976107580472,2.9532868156496583,4.805213793500485,5.067120730448573,6.141080995288801,3.869420937814188,5.2240117949769616,5.834672372158094,4.997329432809753,6.951051704968092,4.3209083309528316,3.540135449296182,5.814971499848607,3.29452196652991,6.7254394553379395,5.354148086164328,5.032666386855389,4.69176277903205,3.2971412124078263,6.327775086571979,7.288483672763297,3.718948519433729,4.037988070851833,3.4814315093788926,3.5880048128161866,5.3732318746618235,6.364336961340569,3.112939018328742,3.6548871490180272,4.972637375559461,4.258957990450398,4.13169742219342,4.3747024818540705,4.08839692134356,3.2912262005089765,4.950906957186082,6.249328718633388,3.107392259691946,4.559259142644747,5.167907144778639,3.4500009655681367,4.427590488853915,3.737611981629545,4.3715759675666535,3.893384539659454,4.479021424200708,5.049920293033004,6.443918651913361,6.9310340593141575,2.132935086639928,5.442446339339341,3.9699922060197768,4.832929267156427,6.07711323726561,3.526334668159248,4.390572331434476,3.4603741883446477,7.97757402788865,5.907310184046453,6.252631862860584,2.9004334775561214,4.542727521238016,4.366621275864619,5.379819625830437,5.605547706376609,3.4723529617047673,3.5483282114676333,6.3239961308359804,4.045073224967698,3.0941107204573015,3.963710052749067,3.432335438173137,5.502059192844271,7.4734941471740886,4.137159598487765,3.2985546136109893,5.859471518739802,4.213872437609826,5.270856635946162,3.7055615646873457,3.956642523088604,4.773148582378747,6.606125370472355,4.756941077851347,4.381161310281889,3.0981315897060147,3.744555008344528,3.9732259643124204,4.695431714238737,4.033950502366569,2.740045144681661,6.446972495502513,3.6458156901124177,4.326653487267908,6.379381185915653,6.392041256260516,5.288233378239756,4.087881215732487,5.71630949009214,5.5355948262622885,5.446685447331561,4.421041118065535,3.4006500552620462,4.487526228851879,4.987529704120551,3.6170221694194566,2.2327616225427,4.061628569973601,6.447305214310732,3.9748512022577946,5.671430802894957,5.368610008096432,3.1649603503801624,5.015186986722991,6.043066536131212,3.892798311922423,5.125118284460894,5.903364491424999,3.9996337135284024,6.006931045925974,4.801097676217564,5.3568092396983324,3.1424828821550657,4.558892003273979,3.7446795589878876,4.381209651755146,4.155645303290626,4.742168931887555,4.299649362376449,3.9561492346470946,3.897572113967969,6.0941633251991725,5.747769086676696,6.544970393698538,5.7911339558577835,4.230029880944951,3.399834543503472,4.249033843547081,5.152402469800865,3.933441028152853,4.7412962271688865,3.2095889175102816,3.2023754846969377,4.1901106288566625,5.153317458149485,2.402239427486999,5.529718564870084,2.1123459026775726,3.395933501594355,4.27448066372882,4.564924893293114,4.656155748458657,3.125532540335545,3.2703479185249975,3.2480017799634773,4.711310838924292,3.588331832892276,3.507512157642476,5.382843645549643,2.686052156846185,4.265110174956091,4.255604759330792,5.5815903315841755,2.5717140100211497,5.417327838072811,3.439928624249632,4.778126264151149,3.5438202318461673,3.372210948673583,4.750999311930865,5.390958998886127,4.377025785816957,4.868802453509557,4.17783168542713,6.4072151106334205,3.62101605578442,4.181256070320103,4.422539753335926,3.5187166451613257,3.252365370843422,6.096595433147304,5.706181377673055,5.038428399069167,6.096396578666804,4.480111661544132,4.9411426323889005,2.2260881925473512,4.792241324016041,6.084412660527705,5.484565923297197,2.3969234441225264,4.754381372114533,4.71970176821888,6.551609000865744,3.506297195523293,3.330377591615318,3.119956062566849,6.229909651375773,5.616358505791454,6.082367818710603,2.521142159060158,5.480940536847513,4.667023870204448,4.191660372703153,3.033312602445918,4.726643466519642,3.4424327392224243,3.6490755318354102,4.693208405488834,7.271559317809604,5.607779966070989,2.270773865060361,6.244515099668687,4.3062699926874615,5.19077974611034,4.278793585525651,4.891356194094294,4.647998732508649,4.130360940812521,3.1503510727244297,4.151957922037994,4.536975182621023,2.5346105219389083,4.07821026901361,3.42816229696046,4.983603813981157,3.8719602513967093,4.998484592628428,4.2091782608053645,5.3688883808592145,5.420008875515332,3.6673134035961734,5.952529515416626,4.938702014456557,3.937134617037376,4.7278998226527165,2.771938903515113,4.948143349753661,3.8087591632857336,4.768197898572626,5.070198071379933,3.7886898890434555,3.3191702830553487,4.083673070789994,4.117349175104355,3.2162646612877452,6.090523490523518,3.909073821139736,4.113306154155476,2.33914961487253,4.155644082014745,4.847293481188093,4.996569519107314,6.0168767364765525,4.192639378264546,4.458339331124975,4.740753792052241,4.9783189672798995,5.844583075495904,2.547336000126945,5.144910375343139,4.3057402564018865,4.329193914714777,2.6802456478401493,4.0396850661287536,3.6315250228711404,6.066886717424296,6.508756781575489,3.340540072748486,7.713537458257299,5.986900656927628,4.876592059507891,3.195790205475766,5.536823687202065,4.045997588208361,3.9730299725800333,3.4697600037966807,2.486855553466531,4.826885602243115,5.602610499966054,4.360837501451305,3.4607259156655155,3.21123250599128,5.4720734721780895,2.849925522177979,3.0028181264587963,2.974577936656653,2.4282273987778846,4.042312208734818,5.096444987144764,5.739400802337609,4.163311298005926,3.489774438959693,5.991669366318968,3.701755937071817,3.034633858672521,3.9329903140540785,5.342433720750895,3.819525772570004,4.324078691141206,2.555341424944859,3.6122744011904127,3.8973595259897915,3.978099821997234,4.4283327777518435,2.03950358291759,2.271551917993369,3.6497214474177997,3.040598658459203,4.609587078838459,5.624630733317223,5.306712266652047,7.81233588657828,5.105611392488593,7.139174278562874,4.357389987642242,5.633224640911031,5.296929235641154,5.816112082976746,5.789360118881891,5.9594647497290145,4.511644149030426,4.5018635700218645,3.4250631345509017,4.50974703316887,3.5420220245795506,3.076823636569077,4.529716848580944,5.590001183570694,5.513613806627751,3.6447084088108093,3.7467779125031866,3.586486078638138,3.3397229518874094,6.477320833646682,3.867144029203577,4.633232289716839,3.6479743176174093,5.273021312673122,3.2717667105851875,3.7467736609230364,4.009274119691437,2.7916387408902708,3.677409155642172,4.4881382608090465,3.2896547117475814,3.358477437524086,3.9421166609565095,4.591619672978,2.939068560588227,3.0780048399525426,3.9663954916877944,5.6546963126134955,5.253321865875096,3.5623701274048036,5.081907468229556,2.6956438359643005,6.464094184186157,4.332783020065049,2.9965760840706874,5.15320069702432,2.9099056809436723,4.190615014222316,6.021343915257211,3.230027099525568,4.437301554042429,3.8013483030627446,5.859882080779093,5.8558645115351915,3.301835038782035,2.6072660908574776,3.702313715079576,4.492262825823986,4.382564746363212,4.661136836834199,4.292493146217529,4.93674660450248,2.8569777428874126,2.409071351719529,4.285189067226954,3.2134630174446235,3.723752334710176,3.098643981046066,5.326753386435272,3.8124544335390906,2.8233728915109513,3.106260501421105,4.17720871272218,3.8032543817771853,5.289155297362129,5.089968127445433,5.6693433943124365,4.787248836917645,6.358509966216264,6.352636873437268,3.700935060827586,5.830993480922958,3.8549209188031206,3.0992416867096737,3.3610847726335353,4.842594305724077,3.2987423765086827,4.745436230773618,6.461893432433161,7.865841871864926,3.4943476311430306,3.0981185912484106,4.025660850581506,2.4926545299820724,2.11198642509813,4.518034616808752,2.1262041448490026,4.307494746869113,3.848890802142644,3.7301335424303237,5.504034928261223,5.579120988101,5.744901025366678,4.323280253538011,4.795084048802236,6.340716657561637,4.702411721007459,5.960566982887384,5.04795728956977,4.636281414652901,3.8344952163454797,3.077096856266409,7.186202214669345,4.369997234904379,3.2369983470597825,3.54921027465195,4.901698974636368,5.878312651914559,5.521291197453486,4.731796396273988,4.1216408182482605,3.682156758420903,4.791483950470398,3.8808956895657913,5.237202645891441,4.636371320315289,3.6114709832850216,5.621417557493775,3.38029147550516,2.5011224659893143,3.179461012033681,4.758117366175895,4.669384038192086,6.430748780684844,5.158912284796072,4.222069354328521,3.46548742462278,4.317783623716536,4.8847052968920455,4.471397651109565,3.564645142111763,2.864822080313854,4.392648011813836,5.542948766595699,5.2377989762759345,4.377691582054002,4.570050293910295,4.129811431065318,4.674645489643484,2.931272805237399,4.900773810462642,5.112161838560176,4.007565482369578,3.993196626323507,3.608137305890142,5.273212637528955,4.713286068273922,5.140657120568387,3.986646808772952,2.5496816429051576,2.450494475633216,4.1569079636503865,5.542498204475405,3.3703578654395088,5.157111864801621,4.671557821720796,3.9407643812505846,4.4267113271667,3.878949498620241,3.013488720782659,5.17535475170571,3.08165086966834,3.919296171800626,3.0307017639552813,4.954134351115475,6.450987263730058,2.716152914627937,6.166650701268346,5.768698840471826,5.526292565549809,4.052979501431475,3.837824850742432,4.599568751917654,4.674435680209767,5.009933517901964,5.832829300570508,6.834868451325866,6.128339975725867,5.276848344363157,6.154585636556206,5.574240917224726,4.467864876389364,3.9946250266907173,4.542176592260242,5.20983016559064,2.8601522176214207,4.477425167460525,4.255543697716874,4.9369055752947135,5.287419026280917,5.353831269460711,5.7272129881673886,6.110918157639839,4.990271814628594,6.437863242700631,4.953590399933314,3.8558129136839536,4.372309370716546,5.819387951486674,4.582443694132816,3.3707425995761984,2.6439050276298137,4.6895926990779735,3.754392001511959,4.886091204632718,5.617124265120173,3.395201951745241,2.5935760206343224,2.693186355436953,6.362618509850508,4.707875633841817,3.7777594974136743,5.724754062009187,5.226956722770273,3.5593749318152352,4.7121962478890245,5.996413547483879,5.240004424618813,5.024595937706321,2.48402834091656,6.08944073099277,5.832181365179862,6.681740852544144,3.0957784272140656,2.7702053515290688,3.7247552161747786,5.410324981788543,3.3312040076783083,4.829550641876123,5.664368423054013,3.8372657186470507,7.143722385088196,3.9064820894556105,6.08815251245192,4.4093379573919,3.4616110553626074,3.683859599997652,4.623830495579231,3.385255587711078,2.84928857996386,5.419535657086483,5.6487414953082755,5.858326285909575,6.224937641834498,4.188641648194012,6.535934922578432,4.399202357817766,3.887647780239582,5.1521952560265145,6.22031819771977,3.609153757332704,2.432664701819313,5.00367845929335,4.928317989017804,3.941764001174238,3.347782777108953,3.113664337557846,4.339275590255127,3.629451147336317,4.180150484306521,3.5920941511907984,7.019224192715323,3.046627268314335,4.115073272974072,4.855359494053543,3.530547261175161,6.105482475862465,5.17478309499287,3.7306974795046863,6.16738908376016,4.904383505078828,4.109484441916417,4.353695759817719,3.231934623428101,5.967580812229643,4.183283069287276,4.286591984700617,4.368494840807408,3.5637373466596873,5.529699548796662,5.8045003209422665,5.528567165055206,4.414762394098361,4.917982548288248,4.871755398509175,2.7900608105413767,4.84591618425617,4.205869446004367,6.652108273868557,6.572328846308164,4.324286771839567,7.60558621352661,6.925427893645129,4.726233192776819,3.673440674507224,5.816127323715997,5.179128414323463,5.7404953880313325,3.818046730568931,4.467442314654054,5.04793213640355,3.0831372726062654,3.171393408810541,5.080330332348878,4.857134378918422,5.994861198644887,4.402439072652824,2.621528870437094,5.575844405299373,3.7930885404713566,4.41416733877238,6.720947990387485,5.7877204090897525,6.808243831580941,4.204560693031507,4.485348072907627,5.283890830033359,6.094162666778988,6.257009965693301,3.351624450450003,5.30471733963064,2.861804339269936,4.57381327711375,3.890293654926468,5.358729192717425,3.3103680531632547,5.696110632573171,5.940564600497106,3.138795405290589,3.8498850581841952,3.3192112378962673,4.988454282960028,6.3548442986767455,5.461024961273701,3.803554871586466,4.595052323342613,3.807053581833566,4.931250934019219,2.916399482906936,5.0921167738354445,3.3114392942507607,5.204480176031997,3.7389249596918734,6.416586974143227,4.540616420206081,4.758770485592389,6.306235833198239,4.999672417536557,3.387178639019357,6.14750245968496,4.106723819790798,5.498265944729195,3.6272608737746594,2.8647406469157066,4.386163650456254,3.756313129950553,3.7774146597405767,2.867186029932635,4.842194036692646,4.44916469016635,5.700885243427594,4.6500725382425605,4.232057251864822,5.016466946155829,4.0843295887366144,5.575044083562114,5.32942222318939,2.2124924942015993,3.5149718629863376,4.839503672432516,4.767936329714866,4.524612771175055,4.339590689888653,7.271747361373896,5.711191063095807,5.231070400548873,3.2903380174633905,3.9467903903177928,4.9338967498516295,4.525235222167424,4.851589274040569,4.534026212398523,4.102497278201311,3.6631925006308426,4.178498914170911,4.758415437911003,4.436528891920128,4.937802263861174,3.1386945555345798,2.3602546776833093,4.623815011815695,3.0407303827446084,4.001492078193764,4.830740753110277,5.827098300557187,3.0662114641977243,3.788344739853545,4.418376980336602,5.832079014457202,5.284825118229758,3.4526143154048246,4.140666524244396,4.956318351743713,3.4118892556405065,4.65678971287622,6.30743298074888,3.329847548141055,2.9298327720305277,3.436540181768126,5.803916748587456,5.438161868676875,2.929947230986427,4.686556155226234,3.0476379909480853,4.755800048795293,5.415247844513726,3.055255849369577,4.249630769410108,3.461513679880348,3.0142996488718676,4.615885904089999,4.819770959426317,4.466123501476014,4.050408561053146,3.8724766521446288,6.867079851291363,7.202602856123164,3.362608737198718,4.234239084214941,4.199346783813289,2.973235915082691,2.9909175383767996,4.056491203504333,3.7973665953730755,6.056807065215482,4.208540683123219,4.251348726415667,5.709143488858094,4.6769345540365865,2.9912200210832927,2.4882596570349143,4.609288376186829,3.776282586703706,6.054133383746522,4.100851654399616,2.519334746981113,5.647847021265173,5.855948667547745,3.2287817314077425,4.469599690833112,3.342721242992925,2.1171844925710075,6.06306281206009,4.458397892976126,4.313186026203244,6.653720537188603,4.95129508094182,4.030080107124406,3.43378885798626,3.790417777781954,4.472544098491548,5.1346184282401,5.1329549004642585,4.218033671322411,3.436761367835339,3.39183710980096,5.468357384466925,2.9878500434869446,4.649284235404343,4.997849126157079,4.774401440469355,5.360896654695024,2.48352352325758,3.5870441079617947,6.953838622470311,4.042564227010706,5.6846015749224055,2.1939855290236006,5.033169937452967,6.0881829422717475,4.949510987733551,5.922577684771599,6.503323189422362,4.935228354803367,7.124907857028811,5.557842087795243,3.5781898805616468,6.331603411094271,2.5363793631922937,4.621293609270121,3.021564055390584,5.28565661646385,4.3852650266016875,4.913015150407428,4.920744598588924,4.730527667235775,6.082238757819519,6.132996348741687,3.463597147703882,6.397543371233734,4.59794972792386,5.793944416596521,6.282433563791997,4.495886005059022,5.93124053977016,5.4096489234569205,2.7658990614976657,5.824151644707518,4.800909272311704,3.4072142572254887,3.455978251062302,4.6397917906714,2.7792559043087737,5.0708885952949245,5.791920922590235,5.430485906501044,3.7953929799233515,6.023017193424449,6.238060760182795,5.5941027334798985,5.603023817831079,5.12619867771412,4.818078514851736,3.6179877262579447,5.4383342230895995,3.691176006830337,3.966092271229502,1.9575576485691133,2.214091371363193,4.365459075563772,4.805036892316772,3.1430967855921743,5.001700597786214,3.683706141942498,3.9974577424448197,3.6334144547663527,4.062563139082996,3.5882576855407335,4.923645239533298,5.704438181131774,4.353928938806278,4.673284672636422,4.9430224851562095,5.0474165225757215,3.782855519389265,3.750398677027107,4.15526369924592,5.732239435829916,3.970655006275725,4.285860553053185,4.1334963900798805,3.216023780288226,4.46108872785762,5.05496475179757,4.079124327407323,2.9718612439951464,3.9166379635448303,4.160042724604107,7.372125479112162,4.658939522731025,5.161017673063927,5.3760569163968555,2.399094523689273,3.577899592493456,7.261150994132935,2.8992990568602393,4.3330919057672075,4.813195429807512,3.324245580995729,5.179106721139558,3.609253832523873,6.952774409297267,3.618881634241226,5.017185686053479,2.376267853103191,6.2549619842664415,2.3010815142484855,4.469059655531002,4.675067541404909,5.674491502596536,4.028832726975018,5.464403572076497,4.777202299069865,5.338943307155031,3.2086579813414193,5.063319300940013,6.7500756962212,3.8587737140921234,3.8997372805956005,3.5020971744880436,5.861972318459758,3.163813215458541,5.6162607151254385,2.6232036750439383,3.5049075471165088,4.239573626322983,6.319881474185262,3.458950776275088,4.791034350795327,5.758820204464362,5.5893817891382795,3.4833566415022035,2.7870411585482637,7.554749995091737,6.066108273256275,3.802423628784732,4.224319021404209,4.220032246583113,4.562639848487596,4.743485840743506,7.076020843736702,7.208924710430967,5.3409348479388825,6.855958680199819,4.3074363984629525,5.008259943828007,5.213231094246229,4.229844002336023,4.339933042291686,4.863817729117599,6.300481100036272,6.298391520305632,3.8267469299176806,3.5709375072559526,4.155557969847797,4.786292157665454,5.000147737708875,4.019801717530462,3.621705280856709,4.5937332064383956,4.767309287404024,4.505968432005267,3.2481970245198752,4.00084067251749,3.312664032602511,3.820315209434229,4.2795236205357945
6,3.487305253032987,6.801505767869084,4.841759945561387,2.824725023390733,7.187460935967109,2.337288682338983,2.883009110732977,4.017866663156513,3.701091631160751,2.871706071548635,4.133072818529681,3.7559350461507153,6.52686929578801,3.111324095468239,3.264015391382968,2.298713673647976,3.3763094594442062,6.809015409844738,5.454575739697063,3.457180121977593,2.4593715916427397,2.2191892381268548,5.241876582414044,3.0776918306197856,5.153899050366976,3.806697861973854,3.118474479289268,2.777851881666594,4.471916187852119,2.5453002624853927,4.315419456196981,4.407183033403235,3.9691533589298955,3.7298395096194135,3.7017587090501185,3.5094837165139072,7.477216015267359,2.3021666477071014,2.254881913449446,2.3467199293728114,4.177222574610529,4.458366249479362,5.7809644221991014,3.1652460425660207,4.420510682083745,5.2326814947313425,4.30476414835144,6.475907355682777,3.843594960695424,2.9806839480711687,5.2965347604411,2.3318412746357713,5.962405101014719,4.867244036236895,4.475064830483602,4.2571303205434665,3.272378078664687,6.223974760972165,6.941562672090625,3.5320215069744307,3.365629708857284,2.74219393763956,3.031880673776203,4.792651105245469,5.721485826439107,2.883152234123906,3.145733794560404,4.1112433949383815,3.7731567424978394,3.2842253082743538,3.5618200320320077,3.371365090019866,2.905726323897534,4.46642992826666,5.938631870107414,2.6443719350080634,4.117579330746251,4.843793810331114,2.7888183621857996,3.935371879468781,3.1109658832907012,3.734891768657322,3.551177231809865,3.656713257182009,4.55328288846938,5.827701538798523,6.137089652397286,1.6372426945800658,4.55905784495723,3.4257956998747594,4.399041999979612,5.709128345879934,2.9021824135703036,3.546575055351021,2.955903251458781,7.177010818655562,5.52784920599111,5.117719614185402,2.3576895371667734,4.16099567399415,3.389886819767266,5.204210306231471,4.28748641645715,2.7465826764964687,2.7245798268553516,6.1883040364687565,3.4152589737303063,2.229710690623492,3.1603665532297893,3.3748684988642346,4.693988491205853,7.243617072871942,3.5393059915212133,2.864761472243274,5.295524341327102,3.705655920102914,4.7304816841325525,3.192676063244881,3.209097328067288,4.342662482843516,6.27429943572281,4.164950121482866,3.845264851758214,2.5043045314687924,2.935348734149281,3.2741887240891434,4.071063659148389,3.4294842187927186,1.8945645906853397,5.822456767297773,2.8639575571875504,3.5686515585246514,5.858626486294535,5.956120377386706,4.7867651069821395,3.3683482158694718,5.2386220688291,4.639938611369713,5.107815318085351,3.905165184867634,2.9370861163368955,4.099974501327912,4.060739652186976,3.004135297841755,1.907948227414869,3.9019089386028,5.853607542525497,3.7159979905242277,4.793792904211413,4.712018361230696,2.484131001906212,4.341415677876867,5.728817641618414,3.100237410200085,4.619153394301783,5.211129846409216,3.226276478495627,5.488294194580556,4.350012257467253,4.410815173289202,2.2462367076039094,3.4626759095562134,3.0792502223471434,3.342014643871197,3.3956506239583284,4.102668536499096,4.022511416649598,3.286183437433798,3.5467719966986224,4.990046891890814,5.213586264794982,6.354780931286207,5.282073580771971,3.388750333819436,3.006437840585387,3.7924670937183667,4.4003446701985025,3.2219930951828535,4.206042574433554,2.867463389019455,2.7874305088810116,3.7370025240831386,4.7743829637654525,2.18051984187386,5.256768658799656,1.5387772423447632,3.035931441289086,3.4241719258549135,3.9595214072001497,4.073043579792977,2.862373985225722,2.884798793936141,2.353485123238589,4.10001756961062,3.3097371086239793,2.9509145550535587,4.659277590810295,2.0420480970323185,3.992252608995066,3.6276695647732264,5.0539084677391966,2.2206464638738934,4.81446393657817,3.02930836108839,4.109886530891972,3.006338209082249,2.808655811499404,3.691424256761813,4.270743307426532,3.9911526364953938,4.132640031290678,3.5249422707423896,6.119613212312737,3.281194607018252,4.071541658199978,3.8026550814770252,2.7720744841418754,2.3400025619105067,5.325630351837994,5.165150446578997,4.056876044407353,5.713768527473998,3.86658679062457,4.278520767560959,1.36066572807103,3.9046872090544706,5.412628706875752,4.838517716176116,2.2392745652859514,4.183932972904955,3.9633927529927515,5.849153735877733,2.7426938008033996,2.987595433968293,2.646013391425752,5.92575183081051,5.4575193050632524,5.061774846063475,1.9640962590706965,4.717566168074635,3.8897557659930353,3.430425659885728,2.7197148163774414,4.148412364865736,3.2021250067658875,3.2321111327061933,4.064113366716306,6.914109086038922,4.712772317640267,2.0874772991124533,5.42725949857185,3.5805929270294103,4.8590950598817475,3.3257738314201504,3.8270121521258518,3.960888764282869,3.361554669309318,2.512206858362383,2.966457103142384,4.135807374973493,1.6673314833249882,3.9353475792786035,2.4415468632599304,4.506618275867714,3.1636231219335857,4.39646934187647,3.5746493853726427,4.693766623906231,4.951339597207745,3.084910018811511,5.0500319949716985,4.404143467755723,3.4476044735733957,4.1109748138862585,2.2696589351929433,4.720999904417074,3.056854342128748,4.352121241698852,4.19385486328613,2.9018850936931306,2.370576006301628,3.7652529247969007,3.1801959332200544,2.985803787366713,5.47094398495275,3.6035636757020644,3.240728947788607,1.9164069642975805,3.2915330156976106,4.119835762679006,4.133111062724312,5.153512646021578,3.7316069728713837,4.141731159578387,4.085056053145541,4.4933088032331785,5.148769108592881,2.313675601667302,4.570344427856144,4.1051422720192825,2.9514593877858997,2.255545667397019,3.5991008296230973,2.8110346061016402,5.542411479602053,6.015710981641202,2.942699134524873,7.096660423615873,5.4034620884567435,4.0662031106338405,2.8418563578773686,4.765593707703259,2.9760385137175134,3.3422378861140833,2.939173461184704,2.2121587050965728,4.389308762981887,5.017093272570223,3.684782717544239,2.651072793575258,2.9038850358329515,5.074787495583662,2.178706567372983,2.6290079480303756,2.5007640196434804,2.2055513266249545,3.6032261542320247,4.695483884893965,4.971154824972041,3.3474788058884113,3.2829191190718214,4.723107061737004,3.8124569523879472,2.639456320555888,3.452159308172519,4.869124375990436,3.7045043666936692,3.8021378399665577,2.02951147479233,3.150799267798708,2.8622455537388927,3.4082885270021483,3.8402703467576425,1.5698762090168794,1.973279334803975,3.1517677913696485,2.7218048972447564,4.182764776062021,5.24456911255753,4.580504619779902,7.347353280878902,4.29131544540511,6.665282391192318,3.8488984935861,5.084324738636573,4.343742537708719,5.214644989478866,5.349498531324239,5.11599189859221,3.8251990525026085,4.046959644747626,3.250303070482972,3.9191857851846366,2.639237893971714,2.3818778144315487,3.675567434346836,5.362495803086385,4.977011278115613,2.8349265058015503,3.1714486448755093,2.9027621596535327,2.905835067966647,5.72983938944838,3.000022055688482,4.101865060028382,2.754034871885347,4.436981005719272,3.0525270315958735,3.6083844031934076,3.380244023228332,2.05063471083135,2.9514383455658346,3.471216674557617,2.448366192305627,2.7287582757769515,3.539867206253011,4.014156736571094,2.3337988286365383,2.5518040473830466,3.2020782517907005,4.987716633890914,4.5601865725603865,2.7543980424449175,4.446438862093909,2.323225963522254,5.984863542744657,4.309583543510145,2.607489390001057,4.475090794102173,2.158802247588945,3.3416118062349316,5.008736445600257,2.5515418375754857,3.85878630674629,3.230179706995763,5.6633982666223615,5.083792898611492,2.4585242832015872,2.211665006472071,2.8376712646558566,3.583768502699226,4.000496520888647,4.268331643423281,3.608086642617808,4.066127272457904,1.9059211687794488,2.214063336975732,3.8419262191682986,2.4758540114812404,3.2350561089783896,2.558217975393144,4.624370279054741,3.215266831284596,2.5971852851600667,2.470737222271538,3.4304141082714477,3.2803858357971185,4.336631641769325,4.29717215417468,4.988981787806196,4.084069971863828,5.567821842897214,6.334793709697525,3.2765325101971423,5.049881466868305,3.363447643653792,2.577490566951592,3.135890966608385,4.098043290051967,3.207027173271013,4.18251107226768,6.209162769277949,6.875362895781924,2.7860915883220927,2.904645277702219,3.4516465934961262,2.0044639995553974,1.6186420151343548,3.8831221516412286,1.6451693271394168,3.5934293206256407,3.163449936306443,3.226971997508731,5.190247344577019,5.23967022042556,4.883282988629826,3.2269778171566195,4.091514861626752,6.040432521916819,4.2921641421112255,5.628927891085695,4.632443170473054,4.167653321960882,2.9359715474533683,2.507599698832543,6.349879556919906,4.4361882921355775,2.8797865351195147,3.1901009770030804,4.008585144874057,5.435899968046388,5.181766824950618,3.9562100143186054,3.2762336609945253,3.1099975043942023,4.170201783379568,3.6501264048391575,4.3186644272691,4.184424781759797,2.7144592657025237,4.618687449779667,2.779239357407596,1.9834559719328075,3.005158885195339,4.388058606006301,3.556499907844527,5.956683269716988,4.264046763701055,3.473818645484963,3.2758709972481266,3.4099069975797676,4.2163951187392,4.2033947534704135,3.3852131235617544,2.2104654750912034,3.522006051456165,4.735417993950797,4.892541060836175,3.827803272403695,3.846028842376387,3.3494029074168754,4.4894882303298465,2.6239722601676645,4.284480914467039,4.261556016449489,3.179074833896097,3.2137675807733155,3.3025878284445978,4.902099563325808,4.1473231131704065,4.500932276764887,3.875835329343,2.1229044779047155,2.2941815530661014,3.427624001229295,5.2660090288765335,3.1031964125683347,4.6408706409090215,3.999117143700435,3.180611006426438,3.600110374502024,3.202020955014407,2.7694443379854716,4.8003953098577234,2.466666737397834,3.5343850711095173,2.0855190324463257,4.406217358503303,5.599644381989784,2.1756007940533046,5.816808555221487,5.134285934340494,4.618981185810935,3.2215926189870085,3.1281121393935645,4.312119153418971,3.7984866176018994,4.096063018716539,5.167826252283747,6.268940182173862,5.471029666695254,4.793035623244895,5.178272552283152,5.143560877750129,3.6675627193237954,3.1467213803842338,4.685008171751063,4.85427593532588,2.730395008068857,3.8601147133019955,3.48505057628477,4.019450531507421,4.666586999519058,4.711820681191204,5.0150795896144915,5.209830123725148,4.150344834984846,5.589876838988587,4.258432662453665,3.245638193709869,3.8492653402275234,5.3327734277997365,4.003257132299304,3.198675313884986,1.9756107072962004,4.094341811261316,3.142932578186561,4.211479100621897,5.142936894080956,3.5500526941922876,1.7711496431075595,2.3361825191359435,5.804404070183397,4.078785670896705,3.326851212002623,5.405245631728318,4.798378739311115,3.00157311863539,4.169930000957094,5.257286393194058,4.569347848476032,4.3598594451545996,1.7647939656233131,5.655961783585867,5.109900478468171,6.411268898071447,2.803002886507295,2.5900519869950895,3.2731095284688516,4.927864427623698,2.7334244514446664,4.341344373159486,4.919970981996128,3.2242295640492475,6.879509797713601,3.413505992074494,5.646731941650199,3.6631496882063685,2.8589734498860504,2.7101869426247136,4.10140601699566,3.023799398337708,2.3390825675781084,4.774136050759986,4.819295167143521,5.204604530670704,5.627022022497117,3.588348868342853,6.126423979766356,3.7744150078716543,3.316852874775414,4.167650989995245,5.851792435159589,3.145174999192529,1.8946678101428325,4.573171150482217,4.058112267023709,2.980975513959692,2.497154751475076,2.3574964951668314,3.744379236001439,3.578264248892297,3.1950538195306954,3.0394572568790705,6.719786406804355,2.8822822591588224,3.5126683990178935,4.283097093618051,2.904299149754126,5.546156771051734,4.859526743819895,3.0534846427645377,5.815596531568087,4.244312882000988,3.6220369528767007,3.7402758194622243,2.764421649583812,5.196427002556952,3.4817483818267743,3.6113489859831867,3.835410847558656,3.3543055025950257,4.834483757896496,5.3839499160870785,5.142613758241572,3.858449927339793,4.272900344907575,4.129517441879372,2.029601960702051,4.618120142468325,3.353066331201756,6.096097623539852,6.229717874941962,3.6470454633787313,6.9811142270472715,6.039945691305644,3.9946132958858938,3.4153028363787183,5.411411136492401,4.507785685369838,5.11136400927099,3.6392061777255673,3.840129104098082,4.255378404208579,2.622558769817621,2.760851712451586,4.4132104845520645,4.266442045201417,5.298387612033427,3.624037801677057,2.023631226762577,4.964912166425052,3.3191257443725837,3.353066649481831,6.02594318777346,4.995621436763054,6.38921170579935,4.039459156966114,3.959836249826563,4.585596986396029,5.269753505366295,6.004725051024976,2.5498789660547985,4.120156721225157,2.495846493512105,3.9229812747391137,3.1082673909378284,4.795153959366886,2.9364620071022083,5.264764025209377,4.973112582304699,2.1853519056302955,3.089432447006872,2.8899663873096557,4.657527810533872,5.434625880937984,4.797348073279439,2.9182538506113573,4.220294303909239,3.1308865170913593,4.134794549618189,2.232291381232784,4.358815544516433,3.1176244855778816,4.781456019312274,3.4166394931018944,6.117959709145955,3.9618777141834656,3.8516978891019713,5.489000140097753,4.636419365155874,3.119841267731556,5.620642139509281,3.326918405910561,4.678581578046789,3.386656548947594,2.3464161009203828,3.704057688982913,3.0762051549919307,3.0293365480437107,1.8032980568301074,4.374549290482174,4.172406352633978,4.706648320205828,4.488608039726171,3.3587455904342587,4.182654575347253,3.849453229342126,4.269989783106463,4.3699775915599615,1.4840251135340439,3.08086102121635,3.655181316028538,4.255664543860159,3.670653963547128,3.430367159577174,6.643964401311859,5.302570253446197,4.582961324435556,2.882875235743208,3.4090844715483497,3.862071374249498,3.7256606885465433,4.476098980111058,3.6744516124800146,3.072633186539529,3.4575442551108067,3.5220103805770364,4.06840793474932,3.8915570509181134,4.275147907606987,2.145928255846388,1.862762728597948,3.8467372453906346,2.8310018058121043,3.152521537813599,3.9768869376387705,5.136126298142466,2.6510607250784144,3.326680580531012,3.686262938102166,5.4026055291633925,4.731871271688587,2.4895091958859394,3.4340627761756948,4.14332337997057,3.017902954032979,4.292080305047521,5.989744130331928,2.6337132670825527,2.7751875125043823,3.262543606300746,4.396331155783372,4.847853112114389,2.635692510713278,3.9960248793355397,2.8897154999873798,4.305736450226218,4.847552631386106,2.434214257348239,3.554570589135236,2.6462807208437207,2.7993942480005427,4.063957132363004,4.00168524774638,4.436839857171854,3.6455089300886763,3.073007682855022,6.181933907310503,6.524221271996566,2.9154937700388555,3.342316219592069,3.996837892159209,2.2077979003967876,2.7510406655823605,3.3740749556574636,2.9427829479914243,5.570052737251052,3.5939197440076267,3.158376952999652,4.505260389625701,4.045494683377538,2.7444917627539738,1.9945957813810336,4.36904452010959,3.5193259325607693,5.66288862439181,3.2972276859294496,2.0571150387409234,4.956823614148107,4.766377845177972,2.850845534668255,3.9779648397291005,3.0099268436825475,1.9222115443858585,5.234998635220961,3.9017386034298003,3.5781319739513346,6.347224372980195,4.136787707700286,3.318458970025447,2.980383012346124,3.4006555076312237,3.487096060809293,4.249930661519322,4.578122969570788,3.3755973065557656,2.2899615441995262,3.0714716381296743,5.033541833344797,2.0435863090384685,3.774471010811609,4.133343755869756,4.076465952527537,4.849259253528546,1.757131799386204,2.583235177768255,5.996154435815709,3.593647507950537,5.191363826951754,1.8598239212016519,4.273683714242418,5.685266289682288,3.8990779653234613,5.315923159982579,5.865244956845115,4.2818881650881355,6.590074635503943,4.452670079302435,2.912070983652441,5.8507133114771355,2.2644605146630443,4.11525250457629,2.5227138470951607,4.470157518775375,3.572635606074599,4.388589762467221,4.440269210476336,4.329762058050672,5.830233056320195,5.487359668731431,2.9418167301163773,5.6328921191296395,3.873487492586307,5.0371184797690525,5.749307613213807,4.272313658616613,5.3978613847102626,4.56994805118992,2.327390982967236,5.247402076120723,4.180468560181855,3.130427832560864,2.7187819055906886,3.6618755385852624,2.2608592052081606,4.248230157512088,5.120556235291506,4.734443282151442,2.770700097522213,5.077654390957987,4.833016284729667,5.168014175693504,5.050344027414568,4.397335758470185,4.325629588736185,2.9277119194272014,4.467844776876565,2.761656838391147,3.149985983153822,1.6930517578661142,1.9018893252711395,3.385411492104433,3.952430079220184,2.357941157996395,4.148790263704399,2.98626283993537,3.602098054921897,2.6905624931490433,3.2716427833422825,3.064104997300519,4.6067959227710755,4.858578805211618,3.727038728923803,3.917156333812518,4.288712991773998,4.2538652320420285,3.0302088315554983,3.0431076725265003,3.4025597236152594,5.208825609659085,3.108689220950433,3.7247300503642418,3.706411140732783,2.7718795311876026,3.7885684440238103,4.39171844136468,3.4517141206723982,2.2255463042521146,2.940070597999715,3.3668244953693662,6.629835445600613,3.9534874814232306,4.2091920953136075,4.290779948908211,1.8610523138199433,2.8772640261472224,6.457821480634049,2.3608330155943777,3.8008803932343356,4.369649269938805,3.0439912177536743,4.571338654423157,3.1008352969122113,6.579476629661349,3.0272614278402497,4.404109897831651,2.0278998280871634,6.163346804641629,1.7853597086417305,3.7492513482800742,3.8433937039975175,5.275875701732642,3.7346444129433554,5.088926083533298,4.732007408021486,4.787212656088691,2.934232717878378,4.705676550006572,6.582119579869647,2.9637386178827536,3.0765377665464406,3.3894340916861,5.65450413903383,2.936753053536031,5.169248801830225,2.224587720655144,3.1946582387772122,3.414480728492414,5.835651655498024,3.1571802554138233,4.161600683517079,5.17460256551355,4.881650805561833,3.0439593271777143,2.584782843774537,7.272036362001998,5.538571699307462,2.9433968433704694,3.1131806945305858,3.8423621754440527,3.7524361679061764,3.7260726826325596,6.498111641173361,7.301262879064161,4.86071543690486,6.394745396088647,3.7498333907185417,4.190036907860101,4.39419079748214,3.6176379288144496,3.219749913900123,4.1359179691726515,5.8899471206873,6.0221736346881976,3.1877016376835785,2.7704420518514383,3.8018375931872335,4.117390991045118,4.089699945214065,3.3212071186137804,3.2137644531024376,3.876531635121757,4.304975492758736,3.6696524446387198,2.588629194851075,3.4109089323517194,2.540284537837629,3.1605404123910796,3.9005383115621726
7,3.291697620388983,6.541141967310917,4.104805512313527,2.583354276316161,7.312133761269,1.7902675120225158,2.417495511938595,3.3878679881262155,3.4128056701602407,1.9427670540356679,3.2949260533934415,3.127884023345282,5.911094200664185,2.8454547434907838,2.595564258951744,1.8879201324828048,3.0692631917672526,6.559870690427298,5.037649960327533,2.955205646737157,2.0437391165873646,1.7375872764101348,4.921148132907981,2.76586022687729,4.700799856269501,3.2816748216862806,2.869622181699482,2.561734114102012,3.875518949688793,2.035951295252075,3.5498818342155807,3.6413215781154165,3.5837450602508287,3.087346332426627,3.1215616191804387,3.0197112534864163,6.975180168174245,1.8662257516211087,1.966389031368455,2.036105444351986,3.6338522913431386,3.7770524770193274,5.459040159016281,2.6620393639128963,3.738460715683699,4.49925371128051,3.607390744608513,6.0471980255794575,3.3151206725762594,2.535071133954059,4.649765599744335,1.6984487497304968,5.264813648084311,4.328287053532185,4.161890640427261,3.918796391438411,3.2348923429162775,5.744698737481995,6.92666810928269,3.204322592671581,2.979252713253512,2.116429669813056,2.7080840752613424,3.999422400577745,5.128940035121351,2.6554556319539686,2.7341250253928813,3.3346863792487205,3.250749894292964,2.5082160550248047,2.8265841787707853,2.928723634966656,2.6109714121951444,4.008863446494526,5.716641816393177,2.2974213958681577,3.703806998073617,5.004850033090604,2.335429114935904,3.4907701437328167,2.663471089056678,2.982108747701119,3.2401780257970527,2.815733240025856,4.074221811658918,5.065498495028396,5.271661485246744,1.2197586115905243,3.4218378869948527,2.675286007189027,3.83953571349384,5.296068162111778,2.4737047253100797,2.8568090155286625,2.446773909910586,6.356676334382592,5.258641607603796,4.2333219072667685,1.9698700472628257,3.644394643017904,2.6283924940131946,5.0709859131688875,2.7842563441820376,2.1054215548248276,2.080511365276063,6.1453251898387675,3.0063026083484816,1.4591217123546463,2.4221416187573364,3.2186243505119525,3.9195680952743785,6.874513508298113,3.0665778228444154,2.396671085880784,4.478930782023154,3.3354374592398814,4.182347492881038,2.644262504326835,2.7311004430316643,3.93186572339856,5.887035729172856,3.67345920566086,3.3511575794574218,2.0308085955302793,2.158790077498987,2.6125168973120343,3.6190029066727294,2.8689875367373805,1.426790607879225,5.288310322632439,2.27702985756585,2.922984575964356,5.3516579890108344,5.684095908195685,4.3689001520650645,2.604681177302615,4.89945610606499,3.9025332472678094,4.6958699717553385,3.4147177533902346,2.717285586111003,3.700142809093635,3.080186139510416,2.5615073992080655,1.663905774933744,3.689963751439657,4.975244994805772,3.539068968294654,3.957894895999024,4.0168219310551745,2.0607050212115263,3.5543373320820812,5.502128856174651,2.5321812893656466,4.215745227043228,4.378300482451344,2.514546129197782,5.112068830512474,3.8584290897746367,3.580100978051095,1.5770607751892092,2.486883536914318,2.751715306450156,2.519164659752181,2.7434600045367583,3.2575964037480447,3.7058422373533073,2.7516406825583677,3.12061903973866,3.9930990623049625,4.437239633224023,6.060867758045493,4.60578832818895,2.5470243378858464,2.5804503730735506,3.4915568200771574,3.647128675228429,2.528161523870837,3.704048817999613,2.424531195677905,2.5211015602698614,3.2909636679222434,4.260920251500135,1.8957735852116175,5.018094603519676,1.0547823793434352,2.750707376566977,2.5329970674384077,3.3572692862759763,3.523150018728953,2.8105314309124654,2.5641976831947613,1.599621881044146,3.440754497825209,2.948611516074776,2.579085236664019,4.0160575670002725,1.5120479056843696,3.559293698533057,3.0928404339292754,4.581264493966529,1.885829846952936,4.109350263231576,2.765029933577691,3.672334371456679,2.4595139036030464,2.2284931027729753,2.779123389605937,2.9416984755050377,3.6663854658088786,3.2923156670254885,3.111301783457158,5.913792159899743,2.9136710931834084,4.037988660716838,3.0963313430200774,2.119070647429673,1.763508169389066,4.720926306682025,4.639551991926494,3.2217011099747888,5.29951327899893,3.3630994354370602,3.7916360584080877,0.7518193596201939,3.2285622335003255,4.507635821782224,4.176001857587598,2.0731017573748924,3.9831864117026434,3.457378031886197,5.0710221198326035,2.0706378430257746,2.8017786165102723,2.2814300039284334,5.621090621377148,5.2847537585976125,4.0906018152263455,1.480258055897432,3.8207718356282667,3.343090379291484,2.661063518236565,2.37792223329494,3.668527480289076,2.9001584661482545,2.9010596676960265,3.380529748273421,6.4594461749413155,3.807987613357791,1.8268006238498564,4.377592928275455,3.0798109705894,4.739121957311711,2.585394375009582,2.8029910315866986,3.3428099465006813,2.786407183139951,1.9459723118457835,2.0983929794430973,3.69240223223213,1.062140938273427,3.7427865677279044,1.6713160627288215,4.1634745952813565,2.644701472965407,3.668173673974665,2.873764915665862,4.111323629170477,4.3908699386141565,2.7189818030792923,4.3319717603148105,3.703456674336596,2.9918170118152894,3.735333676400049,1.8464002053077437,4.6223036152913,2.4664336942656204,3.909071450285176,3.346899201990359,2.1442012185425803,1.821603899519505,3.6549291281119056,2.5035988531990654,2.6936812605761467,4.691519475275966,3.3228255194621794,2.628753381602752,1.4035875538333324,2.5079354956503805,3.2892537877107877,3.4226603445870536,4.518023883435738,3.109223849667324,3.842607016794563,3.398807452078913,4.014584897816527,4.263104247060139,2.1624622853355717,3.9467024929836,3.9419659296254217,1.8179011557653522,1.9421491422243116,3.0580989758186536,2.131406336807593,5.031781870880371,5.443746564362234,2.5545848450356616,6.28315167999714,4.981418714066267,3.2887153690862743,2.528989771985417,4.060955554289279,2.018181273889435,2.6827735579412746,2.6887127904079544,2.1069945177737357,3.6939212029273305,4.377880792765801,2.9796499753313856,1.9562152229772547,2.7585949354099295,4.689590168848442,1.7730222182487767,2.3027497721009045,2.29963400336513,1.9386671624830907,3.2918115980022034,4.292340101004159,4.138344097234468,2.6972606080308004,2.9645395952753053,3.373488416757903,3.868962361494436,2.2584919980801264,3.126642766833329,4.344960782240893,3.617376761725112,3.1972911769159755,1.663280602345881,2.9929036391657293,2.1022796051417094,2.8361832359953274,3.4684001167157894,1.1225490637284423,1.6846149666745087,2.7760122187433005,2.549625338234504,3.7636597162009906,4.964066466669561,3.8287810862269755,6.473406138548637,3.6708965676658556,6.079126965251629,3.484981609923325,4.601570368685092,3.4235258995867004,4.359966161191071,4.867845001049146,4.447492076158516,3.183348474943699,3.546643789339533,2.944788838921008,3.2820709767164282,1.954411082108345,1.8690477891904882,2.7316232982174475,4.78562863113536,4.630739641156141,2.1466153808368618,2.643737405384053,2.5002075954649454,2.5470573360794995,5.151795272697494,2.347269895332014,3.4407267224568843,1.9219227592556154,3.5542656203606726,2.8390408901813915,3.556419902974624,2.721138333265318,1.426373601533081,2.379293114674386,2.632458117297226,1.94362659799174,2.0471923599983883,3.204470135218064,3.2973722478483074,1.8248366817045387,2.1312195137434875,2.3691488490122077,4.393593174492253,4.049147862308935,2.101512382303493,3.867444119728376,1.8717128157118434,5.360186256886844,4.2517492762555955,2.252331131293715,3.489403091205477,1.5660629246537852,2.6855232427139786,3.85437097241799,2.1458505995959345,3.1958347070879345,2.735275809950033,5.381136339796724,4.1820825632227585,1.6658756674089037,1.758777442968855,2.0251837827452803,2.689644308640235,3.7362584064824667,3.8346580620075628,3.0016865220912807,3.2027892072147637,1.2542518094440656,1.9796498019562774,3.538956086512797,2.014354720069127,2.728846734124393,2.218037593146959,3.8781419694115438,2.6540659961342956,2.3819612648141093,2.011069460648585,2.64139277181846,2.7023921699769646,3.3375116826633993,3.4298501104633115,4.447713186383834,3.4656632779296563,4.7139420983375855,6.43608937008757,3.03335310146867,4.4036371384505815,2.814674044623209,2.2531077784649436,2.794451775573811,3.4899084051694036,3.145425037798504,3.499835734908239,5.465468414759953,5.592663279964652,2.2027483424303003,2.8072219969608465,2.871086660633659,1.478563993218873,1.2817374149615175,3.2100701347959277,1.2368258193259825,2.9753123596688535,2.6565682849408145,2.875114398482495,4.9397700123781725,5.054577209045418,3.974440601622745,2.469090697562161,3.048271502441429,5.713790526056296,4.012125516109776,5.405483385960557,3.897055051327604,3.865986105823598,2.397581552533908,2.0668629500426587,4.952189344316734,4.5049297904213645,2.6233140089702154,2.6741362863394373,3.1874767995562894,5.049017336455757,4.937006485882488,3.1967090434051375,2.7124381711883867,2.7392826720632195,3.6836010764166076,3.582453540848881,3.4127652334315948,3.5370773649408678,1.8597643038110003,3.5329058014123906,2.249234383717919,1.6245640684607694,2.7172105578849797,3.975783600215573,2.620550640531322,5.481949339417902,3.250126321404821,2.82224204507539,2.9922515670602086,2.5747121123728034,3.5179690866884203,3.853459759207256,3.1268071989389923,1.6353195038671426,2.815756424710191,3.838797457364659,4.669785200502863,3.3462076764909026,3.0295841144640763,2.773472822331139,4.175445593727378,2.4088124522771603,3.3188054153811035,3.4836434524915303,2.462310178006544,2.6751810599892862,3.020408722849058,4.6502018199760755,3.5973048460648385,3.8672595863772417,3.7005410141149415,1.7721108747974765,2.0064371474190725,2.57242189432771,5.116200499708604,2.755969298201547,4.280229958451683,3.3014697533235924,2.3407784522368003,2.601743058811203,2.643683241416881,2.4726225145757006,4.40652286702507,2.005464672879082,3.2605964686010496,1.4011030491864267,3.9239759291767977,4.596934975948145,1.8329127142755657,5.523084620044715,4.489514660974678,3.688498958675372,2.4371655331468074,2.556878477336044,4.0775003797547535,3.1431990871897226,3.2802823529869016,4.547348345903732,5.709997645845613,4.9422620419817,4.420830523622979,3.9228629119661926,4.5365236793662564,3.2371249605088512,2.40665339910461,4.75832503575258,4.570488307280195,2.6280892079105262,3.2650689556008983,2.6188328039141773,3.2648169896576107,4.098908938333718,3.9048511430944934,4.385398505070827,4.3778218682464765,3.385116383578415,4.400795229277993,3.540450257996693,2.789030694942539,3.318649102364548,4.959448805285462,3.5400918099970604,2.9092476563360687,1.457523102741204,3.4627047408197202,2.6902366866707004,3.7574222827545594,4.461015055134933,3.5717002083048572,1.3746245226972011,1.9866225637815396,5.04635969542778,3.546068135442027,3.1783374166474245,4.687400193092811,4.442917439475272,2.578554396651457,3.4924749809119087,4.44547788692189,3.9736378018018303,3.747585573696806,1.2471941107254287,5.211373065183011,4.015358993508637,6.10982925491208,2.6294751089190465,2.215424750923465,2.9420193751955717,4.298564913278087,2.28981354042853,3.961958153104125,4.190962030597383,2.636652206959895,6.476454280614733,3.0118777119706674,5.26233088100031,2.872409242038172,2.446434264793847,1.9074695349813622,3.73482253798856,2.776918596595398,2.0146484949536854,4.280127579326303,4.1195152223266485,4.394191876798635,4.984310343412737,3.0392869828414013,5.923760104479489,3.3277262092585036,2.8399140974429895,2.8341870313037423,5.24968567779352,2.9387731506885073,1.4112514007070924,4.247150036394107,2.9032671472434797,2.0492838788921626,1.8034963079277138,1.8302220317568971,3.3050383478868657,3.3924491035096667,2.324711318013142,2.5884866683632266,6.566712354900706,2.761671794386108,3.104444811627255,3.813742314462134,2.411549753448988,4.882252581409887,4.510167328382023,2.490578408009079,5.780754189575736,3.593992223755145,3.247861992752414,3.1843536276800846,2.435214194331798,4.759038800043262,2.977029341746901,2.9498502857654194,3.176042321930762,3.3980428719045213,4.07939591508547,4.910246046213253,4.576435803792487,3.2550131585666633,3.307437580877484,3.2451041866337818,1.5101003488209008,4.395820999037448,2.662319046059481,5.465081913173342,5.788160548593897,2.904799227960263,6.127819416732362,4.6087524027397,3.098785018588887,3.382281539315453,5.01218276161379,3.835138607605253,4.417705384050754,3.560413751499551,3.2441287912245116,3.519283042789989,2.4114017493938564,2.3026924211905926,3.9342190464819025,3.6373396914860745,4.529239034557308,2.8744589330620443,1.4835392981916184,4.4739504004401445,3.020124125624813,2.6225448072162236,5.416153265669943,4.1134123479576505,5.924172989311575,3.9060520619984223,3.512270484987639,3.781348137825816,4.441924963388853,5.736829975126682,1.954607765681661,2.766307478604249,2.0067279634102126,3.1785126854435752,2.367598372048504,4.243769001572105,2.8519930747489486,4.775610074594324,3.7873706186222273,1.402801700171173,2.3507684909421793,2.292441126097492,4.403737590800576,4.332288390339075,4.070703229811759,2.0926743190585193,3.7927171944429277,2.6093845402448332,3.419108492856881,1.6295941167910895,3.6935001201047344,2.8113656080209415,4.116813325870029,3.227541243873328,5.862730593779272,3.301458371040469,3.187681851872279,4.573469100599307,4.3767371909182735,2.7091497318545943,5.269876635020744,2.7593560738983003,4.016757246451914,3.063992245092929,1.9340606103740647,3.04290528080881,2.502677329515596,2.462631872324475,1.0860009164316837,3.8732616006680467,3.9734460623204177,3.812559887173465,4.245000444820806,2.65071677352671,3.3807350912220655,3.474620500353351,2.940783448194023,3.399618245770098,0.9568134651018237,2.681874876438508,2.3733272599140918,3.914921345636614,3.067468578983618,2.4793714136263816,6.089346978136518,4.643774117025618,4.0826454923481865,2.616685486428746,3.0383071555092025,3.0013012146935845,3.1596291074390637,4.138655760304154,2.857538172021948,2.1004886713434194,3.3034156532401973,3.0381658085067036,3.409498444380318,3.142708515686994,3.6725163596016612,1.5626797261153285,1.460898776091534,3.265855757597818,2.646099311234069,2.2676048005069065,3.284816334125104,4.440167250551256,2.458411803051419,2.8762940908224603,2.9028356230076966,4.846470799779947,3.984460272740969,1.709380490494649,2.7113226593541984,3.3820348664958364,2.7626756716163143,3.7214556520907394,5.645757523498428,2.1672760825004938,2.5013087789109734,3.0165214394909703,3.269769915067978,4.159368703377048,2.388936271901194,3.2615889713680986,2.690221111455623,4.225242609929188,4.168031130229137,2.0639698537833264,2.8729569328685622,1.9090942395002846,2.7685865042263806,3.4961428204308134,3.0678086507960662,4.284335648587193,3.4633212218983047,2.473452555730792,5.560256845362262,5.662675491916444,2.4394012675375913,2.576288761826696,3.909349445859635,1.6009082370590653,2.5087856684102325,2.9133163908268362,2.0988622774304773,4.690650111039878,2.9750430835463875,2.2051437848712365,3.301652432744783,3.4750091077617107,2.533821123925042,1.7124356781858279,3.968661763725809,3.3166357552268475,4.962553340483506,2.5478732574661453,1.5358501032120062,4.322096295965091,3.67534843894657,2.4092876510523773,3.4865632166702003,2.656779677556775,1.7341691616014916,4.324244677136377,3.2552657729807883,2.9152709512720825,5.941557733322387,3.3778059085488934,2.6566486730795162,2.680971293167054,3.0499808063425857,2.7591713214121896,3.4502552443286207,4.1679007239516945,2.843892952197245,1.3566218308860234,2.740467931197084,4.579002870887647,1.249217336066032,3.0851935954126657,3.310864130651474,3.454964477104416,3.9993984265128013,1.2197330251913154,1.7448030608416043,4.7951057089456315,3.114812821005617,4.893155566140282,1.6477585011622682,3.6333797219389075,5.220844651257093,2.963165207957765,4.987474281107998,5.48850939533166,3.574714047748664,5.723335376398894,3.2749698367672897,2.285429994181489,5.060326660375105,1.9707095854143986,3.556294538921681,2.0645913976199197,3.760179192345292,2.918585604322007,3.7256859956787634,3.841307829358499,3.9223671475137363,5.445289006135866,5.013668770482119,2.403760831507149,4.948044829103801,3.157195298522787,4.1526896788941645,4.898568008825761,4.27941712020071,4.795873451134433,3.57028644936118,1.915323410606944,4.864896225673557,3.6673623577368573,2.8054197859197627,2.018198345583674,2.751137110213005,1.9637785770771485,3.5171814023837693,4.51425025343766,4.031886804195515,1.9867870985715421,4.37263396265905,3.380659951794848,4.634051840450224,4.59484775865172,3.7885918285202864,3.9357089306653754,2.3227479796988435,3.7667898615315307,2.129613221391087,2.582006009023303,1.476922302716137,1.5928231896387426,2.717939610406026,3.1618405771772182,1.9158632323147229,3.39329842120464,2.489733599539809,3.2430922053712,1.9611803564212047,2.4451680743286452,2.640016792359071,4.298843918280108,4.092272531127036,3.0712961839944053,3.234685747279066,3.6175322648308703,3.5626464137009806,2.3598357562846477,2.425715305211183,2.6061374847851817,4.559520635484693,2.4247658982986633,3.2217732362123765,3.1541253107577143,2.2367265846196016,3.009006625772688,3.719406201841116,3.0593219841644386,1.6941696913359732,2.1128903709150557,2.6008974538359886,5.689394276988142,3.3725556744331486,3.2952492117120054,3.446298449746672,1.426435077936757,2.4111668183012376,5.409683485159145,1.8284527875576533,3.1467862499510426,4.0219074549098055,2.747855782375352,4.109466478497208,2.7428887460545566,6.226956111759053,2.370977646682772,3.730608346635652,1.6790116959766712,6.204995579519486,1.5011453624367532,3.0225557479237795,3.08480941035454,5.013391599870186,3.33174304206603,4.83007309452823,4.655231259370983,4.283469600475982,2.711716715468321,4.309395497648131,6.443039024181467,2.0916549877662654,2.44322456100912,3.3112965511878985,5.255147989676438,2.816315176178068,4.743789647090871,1.8574898608440136,2.920044578984469,2.5022629791689144,5.244558870768854,2.8954967174764734,3.709801808138635,4.294157636869048,4.225556606472156,2.752148684675046,2.536660360443018,6.7535636655947915,5.024731594443423,2.342660745923401,2.1992381159173555,3.4065140612214058,3.092343206410081,2.879615387354315,5.967780160008328,7.26280573919156,4.403587168344215,5.790353137257684,3.081272685431543,3.65014663112482,3.6832893485619413,2.9046214438226503,2.3967262425881977,3.651118459297338,5.635778104968256,5.920846462798015,2.7930153864540586,1.8020822526057252,3.3977500121524784,3.547623244879375,3.1992162362607455,2.682735982730967,2.996745322740289,3.031897265589176,4.040559473674825,3.03726232450395,2.020869380114779,2.764680265231955,1.9100335386662108,2.6185556617873016,3.5289073835027405
8,3.0903058913024433,5.883272027033236,3.385349546805015,2.5330329065459307,7.313063190980255,1.331407171496993,1.9271756313213215,2.6015586051412964,3.0978244533104418,1.3225676839946878,2.444722515509076,2.5218808343017782,5.149735733198954,2.5579336592183317,2.129282955193634,1.5891559738973866,2.7021276764664215,5.863440951232461,4.32955757383645,2.7995941713850208,1.7870919889403114,1.4392303678417928,4.461609200134227,2.493190922327597,3.99773296619467,2.8263954421919038,2.7745805116442877,2.370943131931885,3.3078647046575034,1.6660793221376071,2.7538897504995297,3.003902234771892,3.0303178387774556,2.4681152446825103,2.64376605932485,2.7080616336679504,6.596897468956346,1.4914669995056657,1.8072651565962201,1.9101765250181821,3.117530865378815,2.9474239923008616,5.090490357935957,2.2924996168615994,3.097916103494553,3.620639277242953,2.9240543553077907,5.755114572485741,2.5724304181231528,2.212105697112369,3.7989850826642524,1.4383119613396071,4.685668268782547,3.737398327232812,3.9942634796944976,3.7260166453425376,3.1477170043686935,5.1091400973375904,6.952039545511462,2.798589846905487,2.789079772026709,1.7900639348784204,2.3472652314970923,2.91497923581971,4.523867925034697,2.3469539571633176,2.2980972070937504,2.825885986757895,2.60182144299896,1.910099744852413,2.3854800846624813,2.6252183018773207,2.3937320521946743,3.677777354459481,5.61620432778629,1.9917074694273504,3.1175838021693094,5.36936755051717,2.142539207471393,3.109725467263456,2.3397701356028544,2.268841435786821,2.780134387950675,2.1734545197740447,3.4752814729467247,4.194888967594152,4.474494417026383,0.8549500003423638,2.390577973808428,1.7688751807928094,3.2222542247759964,4.61154952276053,2.2038265072893557,2.462284080267133,2.0478579544083826,5.5547489107568095,4.847268329398579,3.5808731508423515,1.6063590321538848,2.754601893255372,2.091651084762541,4.801959153728442,1.5929939549522945,1.58977573373187,1.6358382776397284,5.836407869135286,2.878110287504041,0.9497927194566794,1.9037906281733008,3.0514970895554083,3.2749393542863414,6.446032477562443,2.840896375505276,1.9669152367558316,3.4440014199109763,3.017699768979491,3.5900404749178225,1.987650223572849,2.623195233786026,3.39765831824983,5.373476924369005,3.2293096773709564,2.8185522860355756,1.6561396290636918,1.4369222689286008,2.020574272957527,3.2875096572742213,2.408356653778036,1.2778354868708037,4.782222011586874,1.9210636070162495,2.6198192037152337,4.64771574784621,5.560167707764322,3.817647577900617,1.9598004496551444,4.579763313054308,3.2320350279731436,4.086390092866276,3.075192508031429,2.5332183447880494,3.208211949261619,2.314079186827764,2.346613904527048,1.5109065507710329,3.45969705462664,3.7740846063551645,3.3141202891698063,3.1576026112505025,3.4510389375832613,1.7880008003080317,2.7510529779871082,5.107200510373509,2.129609737813811,3.730076695323925,3.5258113779588918,1.8752220994306101,4.798143199726074,3.481150220577242,3.0174656882416753,1.210598602872777,1.7436406821638077,2.539862509696806,1.9394487575898616,2.2471740462561574,2.384924003042546,3.469858203254486,2.451529994699476,2.686876623452017,3.307284004025442,3.417107119104766,5.451922523540302,3.6746290559726207,1.6675275111469,2.1881566693165677,3.2801756124578896,2.884191667434261,1.9586363447865736,3.1500181290756064,2.0200288934028126,2.2764076886829447,2.8538177022119324,3.4109344499390657,1.4885664861464099,4.905360770333134,0.7553683020947364,2.4385012296471755,1.8191822711485417,2.7618080843683055,3.046045794773455,2.798014493392833,2.399021974287204,1.0984564886937087,2.831676654734836,2.5708875043475814,2.363248550687231,3.5612192087772416,1.1022947184964809,2.994201574668331,2.633909805171376,3.9786395622239072,1.5243704144979757,3.3350068261152157,2.5495518989450794,3.3399228485295063,1.9593160965356322,1.7177725208805157,1.987427023773261,1.9577149406279706,3.3446162911076667,2.6151409098598477,2.76669539635928,5.421389670441227,2.5826020209510157,4.116376169928024,2.320668810918617,1.7522418080914723,1.553483815119509,4.420269637276612,4.052195609475311,2.6377381814736127,4.567390330412118,2.8418008123097236,3.209685541525035,0.4394340152131155,2.7786754237237594,3.6075483496526006,3.4213813885600617,1.9936312904431186,3.929558769459594,2.9592986331644364,4.394794987874544,1.6064158265492021,2.6619566527426617,1.979101533384713,5.1686779540913115,4.98699128605952,3.5139767492941214,1.240551557558917,2.9634028862771147,2.9173769123803996,1.942839913137792,1.9943161582991629,3.3800669612355403,2.540305183579457,2.6560125294462393,2.637264788433333,5.744754571684451,2.9802250595035016,1.5328009724434555,3.3271794669336323,2.7176120292293686,4.622149388236577,2.003167014594365,2.0120896985440964,2.830539497445164,2.164955664276606,1.4429572195247162,1.6859511554559425,3.2650206388119645,0.7964402130552409,3.552492724330028,1.2674798339963051,3.979509081098155,2.2596402812549212,3.0460817735764545,2.0373745905326386,3.8996433595174196,3.933735013271579,2.57540628073831,3.6185125504209457,2.79298220774466,2.6672598581777147,3.4539678971462475,1.5107471183423862,4.465393865224672,1.9765375430980416,3.370979071814841,2.6356258709992084,1.6092397477269742,1.571141805236496,3.758266076522177,2.091575052269881,2.2423672090234454,3.6382152160193533,3.1323086003008314,2.2918622796224537,1.0319543883852214,2.0205918400724157,2.4044724836838656,2.6728424831902444,4.141155536617178,2.2585593738706997,3.475981842931393,2.639240994056465,3.3378976819833888,3.366370630480766,1.886779602978785,3.174203589147493,3.440430381863303,1.1427323360417312,1.7287776770793948,2.404711535774869,1.6125541155696281,4.3116605883889205,4.625449396668594,2.2967813425204504,5.0579154292792,4.340124733443382,2.5380357250375334,2.2782393329195796,3.4833927560699474,1.506714964449964,2.0751078355480783,2.701080242098663,2.0706920558820823,2.981427826890782,3.648571847072853,2.4021116839625476,1.598727154050826,2.5605695074405546,4.164780542325269,1.6299233019198875,2.0635529216722395,2.216515417070996,1.553878552648181,3.108982576066917,3.8205451844029263,3.34188051793397,2.1100543273389047,2.568657388500638,2.4781959895006724,3.895166009153486,1.931778787798481,2.79787943842964,3.7574623811693817,3.6578103336771965,2.5027311867837123,1.44005783272453,2.890483886571845,1.5427634574334796,2.2300061043780177,3.355539566359985,0.7947164914470732,1.4335434746928115,2.406545217448908,2.3573183242102145,3.2463310306872075,4.68464222715559,3.0306819262881826,5.018474514866883,3.238588802962662,5.444642991857808,3.097458568237272,4.207900037228618,2.66745482371837,3.326864100021915,4.295993919251198,3.774533135777493,2.6548732630754257,2.79486545141316,2.439708530788865,2.6872848236241444,1.4953391677174064,1.5698489875709551,1.856200132916299,3.7104435138634604,4.408861590737286,1.69436194545042,2.154303033125209,2.253262166500922,2.103424864767054,4.5095140988456945,1.8617313044423807,2.792562604655966,1.2846670597902818,2.709154860107991,2.596859971509006,3.444909699139453,2.125737118284526,1.0410191662585349,1.9999031656106383,2.0175673106237735,1.772131293349608,1.4741570353016769,2.900794163395644,2.5641548997542984,1.4214661182476171,1.8236860089606264,1.6562515093302355,3.8856821881041546,3.5288987336156326,1.7108621417299466,3.351463385567065,1.4152685900296105,4.526987749499244,4.091486138154855,1.8133755681570045,2.2333752318385858,1.254167252967732,2.379472825394066,2.708839150428421,1.93459108237526,2.50649163645658,2.469369787757209,4.701553803018926,3.1975832610927073,1.071070000948744,1.3635320377450106,1.3904327353483839,2.1122023022480882,3.5577299209837387,3.1016665922483497,2.595057788958759,2.294918838131612,0.8456077023392865,1.8103960995802169,3.411657202917148,1.6803875589481738,2.2253596194423917,1.8866947648918475,3.167527120328408,2.0179566705700287,2.1798420865188852,1.6372635780326081,1.9139212476118268,2.237857338636324,2.395631055733405,2.5963741054709195,4.029348528740128,2.829834233571962,4.027955729703639,6.401453765315521,2.8445697850601546,3.866482864377167,2.1768761026182917,2.002680776214112,2.3035553450272395,2.9404482850930678,3.006838531140658,2.938215369381071,4.065490001873411,4.067758632564629,1.7166362574446876,2.687835110855061,2.2310771901399375,1.0377213646430568,1.13253722903385,2.741226155792395,0.9544391048847969,2.4384358873187284,2.3344064851919746,2.522834160896064,4.44654443702121,4.91657120531078,3.1166287286857948,2.1221733788481902,2.0384951149162647,5.028816957179092,3.800277149216468,5.086039985666129,3.058173542865679,3.5154184165018023,2.131507548993461,1.685235435057303,3.4102817838348267,4.461875462388598,2.4370960891596196,2.150151946696395,2.450987822076398,4.647200456248628,4.600307855494881,2.649619451135979,2.3675931179818104,2.434815940415768,3.249474906686416,3.462528402926596,2.7781000805612193,2.7402028000033205,1.338728722295109,2.8660608277515447,1.8754369204257677,1.3856356499549647,2.391794179711387,3.569983180357603,1.948407360104746,5.018074766636834,2.363684934297073,2.343880249015268,2.6685399966974095,2.0543906855565606,3.016720216511537,3.3720994725500137,2.8749739047054907,1.1834827132757904,2.4205200138912515,3.1992515895734335,4.454499029931477,2.9824031565005806,2.304133572986087,2.4056146996616325,3.673706111577374,2.213220823985549,2.248735389743321,2.900020602902726,1.92375410528184,2.2888226996212375,2.794994947666455,4.313702044058526,3.1403079578853728,3.2576741898870942,3.3823031973605158,1.633702438889298,1.5056388057496162,1.7276284193020184,5.084532201718865,2.2794516875750723,3.961151102591279,2.5401426428451295,1.6685022580274353,1.7960658343921252,2.159380732257651,2.0882787157819296,3.713059377111673,1.6766475139146797,3.0200176702055037,1.1168635062506853,3.424608096095217,3.5674645253468182,1.5977915944520684,5.037342156620483,3.9531210152256038,2.798602669041078,1.8530787343754582,2.1402363672117333,3.7700026347139812,2.664885707147759,2.6389259527820945,3.8049766945416525,5.156317405108943,4.427016800245787,4.168777953179597,2.76639797492079,3.8877748289053997,3.0058768363490067,2.034648351226857,4.841800582310871,4.1910713988094805,2.446833985923891,2.6864873966149814,1.9156724469379975,2.771946221612801,3.5511944814027934,2.888175550299256,3.9465170418901243,3.702537154797911,2.871428544512401,3.0530174926071507,2.8400571723411874,2.420876463453334,2.7924674592021566,4.571169999195902,3.284012553239166,2.6083624832986363,1.0592593952439193,2.85849312393328,2.2696322652187586,3.5779016401998,3.438706303232561,3.396583226156507,1.1628084046859393,1.7102519506815932,4.007831176536623,3.127163578320374,3.225672163343687,3.278608934231354,3.988212103595501,2.3969124286165293,2.6097460717978698,3.549468605087697,3.3327574482749327,3.306590331248022,0.9869303981367936,4.638388371025571,2.719421661483935,5.5436569496377475,2.5527888589959153,1.700984896776463,2.77259507426086,3.6096932092098575,1.9895442839073239,3.867711449057411,3.550120278580734,2.058475527373278,5.861125667440866,2.7231671700328333,4.745153617141661,2.1915345095635854,2.185319990442074,1.431732822744039,3.197782814973692,2.6331552537011054,1.8185956943909312,3.8325790712731855,3.580306378321806,3.723978025094739,4.312554578646686,2.531061693037698,5.738140014429997,3.124635088089212,2.4852757444238796,1.6875653576106608,4.286410560158179,2.7446017160339347,1.0686414492801721,3.996177637610251,1.7440671365387992,1.4153417455305886,1.3387824709718628,1.5379359689636622,3.0861828205665045,3.0492342508689005,1.8274668859499847,2.2564224479468398,6.363803980468401,2.6948689224587747,2.883424318713345,3.180644372087664,2.0018076613725246,4.034183389150368,4.15324095313739,2.0886908747948665,6.084061423681416,3.1141142959649946,2.890412282168527,2.716227139286468,2.1083784615982992,4.50547762080564,2.5983349383210586,2.4890352851617736,2.354858310219111,3.4989436953619792,3.3199172920922435,3.9545934751839384,3.7510996111618278,2.695073878747507,2.16418516655108,2.2265061610960304,1.220655045617637,4.206278584231648,2.2802430557657987,4.679270037670593,5.307500010836272,2.389594166123352,5.2002525616046364,3.14352002702832,2.4003864776837833,3.387614066145686,4.567286725815178,3.0925609811949415,3.6427687677149265,3.632204386234184,2.6872920966103218,2.9444292905634275,2.296556746714659,1.8847669411265655,3.6205933119979523,2.8723314529240813,3.787056523889543,2.2285913790198615,1.249749732115537,3.9170417738596424,2.6568102929362185,2.1253135664390768,4.70755974127271,3.270808011251569,5.313496824053205,3.807762063250225,2.7975968782674108,2.916397822599821,3.7916861299925837,5.322047973069216,1.611705284840433,1.7522388068278043,1.4807790382391899,2.2684960881463563,1.7637385256021139,3.676449528580462,2.813137171282568,3.8911583427897734,2.7224452600038185,1.0505512788889482,1.8051575321981062,1.8324089661493628,4.247381494786794,3.2059174822866936,3.2299834000444823,1.6453237167985524,3.0411275494120273,2.1797470796398044,2.9274113089067257,1.1754230161068517,3.1111985427910804,2.466221941183504,3.262105649110144,3.1341233014499448,5.507892640282812,2.7167013833721696,2.602255173202365,3.7486765687071526,3.872897628439537,2.3039291919874376,4.877036195836984,2.3196018915317658,3.6365849836650908,2.716133712519914,1.6324140581495703,2.4939740359517595,2.114282082040417,1.9401458013524608,0.7748293148790635,3.3567607879797237,3.5809702004057318,2.9050100231682467,3.725938051414565,2.0099918756316693,2.52771811232474,3.0195905559646894,2.0257296182931976,2.51007494591288,0.6669202679341207,2.2776831735699217,1.3997735598625243,3.4791255467500095,2.703440647176195,1.7521094124231644,5.341538479424296,3.7148930771502453,3.6594032350153993,2.366170411589939,2.579159368417459,2.4109809116812975,2.843686999229094,3.721794695857496,2.3357952914180946,1.4253473568815593,3.1331401675259487,2.8044329554660696,2.8204239783977583,2.413579059840301,3.142316031872166,1.377992675376868,1.2598454278535804,2.9657116058998145,2.42478138554873,1.5892697703801368,2.8512336720984934,3.838805218880357,2.3275270241902923,2.5638390090603993,2.175380605326179,4.343362934926214,3.039125975444793,1.1336456795489118,2.1361020806406743,2.8058695834449674,2.326725522994408,3.114919416133528,5.134973247966581,1.7879578362173971,2.216365376815849,2.6633314672163353,2.615019221893755,3.372345398183227,2.1993988915724283,2.6751926473671226,2.435600206222086,4.306215360139614,3.389017022211449,1.900545040314859,2.262347632032893,1.4734448161462426,2.8441386081749362,3.0607027211284423,2.073218758072543,4.026756059521538,3.361307480455604,2.135533120399686,4.940075617192579,4.856753888798482,2.1032891639530886,1.986837825410516,3.7575543328492866,1.3038004864814168,2.2580896394863377,2.6410295733619558,1.4826492631490975,3.452643688409302,2.39652482572577,1.5401936597738852,2.593057049056313,2.9957658580148325,2.250338507244167,1.475943255685329,3.2009213667354253,3.129773254344449,3.9256298853941805,2.0074195330642994,1.0898259799754622,3.8167747899364906,2.7682156521150048,1.9779796388650297,3.031862391146698,2.2218396731865355,1.563243062062291,3.48052666642866,2.6144252943734236,2.4285906711482435,4.976689391777477,2.810862747290148,2.3027181630178415,2.3445979443888882,2.7896250672559106,2.2384253279070894,2.944859839563465,3.8345151391654175,2.5570671327208503,0.781514105867155,2.3085472642104543,4.073787046405026,0.7355285203952107,2.5434032479072703,2.7768428853975307,2.895151065256301,2.9664839951428306,1.0315281425938656,1.3267615491016527,3.4980099189482443,2.6073085106066194,4.585987024042212,1.5321057674254828,3.099656262046387,4.683589564914072,2.3805409957763475,4.7155359899824045,5.209046674868512,3.0188722070008858,4.776857183636698,2.431100752379989,1.8715043417411426,3.8567608561081737,1.7919927604672863,2.9608731888091926,1.8499980583856934,3.2637195611937444,2.4986992252384876,2.934708938769862,2.9726580084955616,3.4150121190013625,4.923483712863145,4.359510248799455,1.927491203875498,4.36151915956239,2.446070640514511,3.320644609307049,3.7509812171811348,4.326353940782947,4.0451358113060305,2.625904582028592,1.5789526027206642,4.439082924870159,3.178411177557333,2.5344677398848288,1.597699071122478,2.193827424173226,1.7375151062517158,2.89795718979101,3.9606764152551905,3.3644247199407324,1.4663611950626376,3.868657978318998,2.273694425539444,3.761917369090288,4.158638824361297,3.386336464305215,3.6545428800844917,1.7833365040509945,3.205456149039632,1.7605396379568832,2.3252594308269785,1.43132817218153,1.2482586873090655,2.39898222518761,2.6689061175610265,1.8666061123187068,2.6879221475806907,2.1113630995918373,2.8619088178420045,1.637530672012484,1.712944973978191,2.477393499514853,3.792663813657607,3.244871042755047,2.344225982701868,2.694336254471941,2.914890567116899,3.0341040658849394,1.8785241958720693,1.8204322413829266,1.827619005352723,3.7465509375934443,2.014246734423793,2.5705997363648905,2.6301843769772706,1.6660735712319334,2.301870287139085,2.92602852164774,2.7122995489287782,1.4369026842791834,1.5339398983470487,1.9555360204811747,4.621565849741903,2.647465220836348,2.5750732160276693,3.041641726055821,1.1145487756655865,1.9983205906046493,4.084219997519225,1.3831920264003972,2.5450036370478526,3.6760906369613657,2.4968507867275305,3.780075158362487,2.4346747069045076,5.947602096803934,1.81870314835251,3.0561785990876076,1.3393119515944032,6.3072887088401846,1.4646806515618982,2.4373854227625618,2.3407086019250443,4.55500465232268,3.149670896318777,4.541206221048349,4.539897783371913,3.6954132842526892,2.6727473584426096,3.7555871739758837,6.242886680633165,1.4043068482447816,1.9433952404098798,3.1002473525598546,4.710819137981145,2.7869326082822234,4.195065065354494,1.5647565060807818,2.6894880964004213,1.6799283452657257,4.592046519774993,2.5978427913958457,3.3616678925556087,3.1426779162749545,3.6092872283583923,2.526466893774143,2.5935645707316444,5.603665305448651,4.633354919692623,1.9958811947016757,1.6310842154061242,2.8739765401930324,2.658883131006252,2.3105944718164757,5.439033256729273,6.909000263901438,3.879392475105184,4.932251414180432,2.380017731954698,3.438227540945632,3.0466435125141693,2.3464306365524457,1.9592050756952166,3.39830723434188,5.356225299054249,5.87976273573749,2.389723333375797,1.0279669681177963,2.939869491580378,2.902720366361044,2.60617916060407,2.278912193659389,2.958869756190268,2.2250315572964277,3.8868167373824654,2.5256381888735477,1.5710535848747165,2.1468245570206888,1.574904053825922,2.2309099396260645,3.14352984945459
9,2.9071629283163025,4.4769833956744085,2.8256931670137773,2.5794591143445365,7.304300433802621,0.9408043255966235,1.6589233312748755,1.7947275043927338,2.571140149149118,1.0060835055201842,1.7660390162244088,2.203592993363058,4.188244196608203,2.188260501664341,1.9520195451973388,1.4975886781018577,2.331861126932437,4.687670722468447,3.159650408625921,2.8150389133825087,1.627679763586071,1.3105412330194646,3.5557992613283282,2.404417121661317,3.2240441804484683,2.3219635154040263,2.8580548331210505,2.3915053170800937,2.828129656973742,1.354967783154875,2.252488662209289,2.6396801022221483,2.526011855884557,1.9041290329088358,2.3152635125880874,2.6189049918416525,6.171502582955313,1.270159778996224,1.7141262602931917,1.8440093528669148,2.627339250501863,1.960051561015184,4.590183832166748,1.993091213645606,2.3444289737313087,2.859376952197836,2.28721777711242,5.435234825344548,1.669366487007434,1.8531967925624055,2.8938033480100507,1.3164941346965717,4.14943716266925,3.1753848225975907,3.6527175139103134,3.5764617873278204,3.1414314998623607,4.691480450538704,6.4571614743031756,2.4964104744844446,2.6735690582216147,1.7036102919819993,2.0065640209653806,1.7963779889837685,3.71131634599501,1.912036341631309,1.926324155629934,2.595395377498056,2.215359818817388,1.5127859867262965,2.1389951262076106,2.135076848243141,2.281520527653753,3.389318855263525,5.233310307574109,1.707324914251349,2.4374629757280086,5.332536910396113,2.1626042105502563,2.751814452637911,2.0833530866936885,1.780843853827367,2.2090047265031614,1.853697368616939,2.628106329333704,3.3495749200821106,3.778562057099294,0.6195436092615965,1.8877461819164716,0.9227973431213756,2.7188638428184753,3.6249213852940714,2.0053838626748823,2.408844663310826,1.7527704240731166,4.711117805889698,4.170725014150623,2.96779135878313,1.2615891114243518,1.9359776064543004,1.742659549015754,4.147650947939553,1.0244633230058409,1.1828917886107428,1.293825849737679,5.00453553545309,2.7584987725764765,0.7408574634876056,1.613536360080038,2.94132389219485,2.618301488455888,5.980125607012168,2.8164109400997317,1.7561306541940103,2.4068815834602337,2.7229391495119004,2.9394610427510863,1.442877212768165,2.710747648198724,2.774001687247907,4.614188802319566,2.8297850499794737,2.3117483559381604,1.3383145583717824,0.8844736850091723,1.5508592694396524,2.9167588129295554,2.0774056535071144,1.14510497727239,4.094425910900317,1.699694619668271,2.5748117146019145,3.740046526693097,5.437409480425013,3.0594564077712656,1.5817009221009137,4.115391944757958,2.5110912180603897,3.4839618008920406,3.029660339749373,2.29886601181708,2.5583182802846727,1.9947041291965857,2.4274289935241624,1.4185240580281806,3.386211636832763,2.686728172464774,3.023343349352304,2.528034940851522,3.085433540318844,1.540807715078358,2.2165654067873484,4.321182746476865,1.7779935802171056,2.9568855303916814,2.681890753878862,1.2237293901940427,4.33115649469404,3.29150847369557,2.6579940440876664,1.013156190982483,1.222818539605297,2.2904003041777266,1.4696402479976391,1.9245265431369458,1.7609946048152703,3.2199840111676754,2.3323010807399625,2.3340322720179585,2.7070640211963113,2.5189890214318176,4.515902417174823,2.6945755794755555,0.8883172801918465,1.962899702930435,2.9114245267332173,2.186978609868094,1.57240074661479,2.6562449725262782,1.6532861246191048,1.8989129503562359,2.412125688732695,2.514140700425968,1.0840626493750325,4.732807207777212,0.6027470681349094,2.1799212456484227,1.4702117996626978,2.4314315022047355,2.765513171270931,2.7928429022415235,2.4132907637670966,0.7970641972853518,2.465722859450448,2.1243595156619515,2.203176542357435,3.1780547731016693,0.8841980640933396,2.551688580737484,2.3829748287644468,3.2181278900198413,1.240538504500255,2.6748719769033844,2.3390947965792046,2.8071386681857375,1.471373896553778,1.468782165490053,1.3265277396291184,1.512500046845287,2.8848727651578323,2.118614255169891,2.454620124835719,4.277648078092873,2.404251233594817,4.268739960091762,1.6756129640476298,1.6485356350919491,1.56977717348342,4.304590261291747,3.3875410366705427,2.3679735340985393,3.3671378747829026,2.381344185917902,2.2818235597354075,0.25812403554185204,2.397031875032656,3.05936055257731,2.640573212351863,2.0250674091392606,3.8259381892357816,2.428869105050884,3.6116764447134884,1.2902201572012413,2.5910679815619333,1.6731769463405652,4.439526499269649,4.610456742086607,3.208685859716451,1.1509106000218439,2.339059656891955,2.578677348911918,1.406357096144572,1.6540841151889651,3.156696712663918,2.3337926507114166,2.3007526476906417,1.9521884762007065,4.777248883966755,2.2737159183158315,1.2363431067253978,2.6163662074505543,2.2250617529296326,4.27622077384021,1.5514075348199876,1.4731643212705248,2.4358395192966804,1.6004145378928296,1.1118275657280254,1.4707559043474003,2.9064588803780818,0.7686036746991385,3.394625470075039,1.111413865882592,3.866274678661453,1.991560766413844,2.6794512505764048,1.219506216113082,3.8294314810037346,3.5634109091661372,2.6622196270162273,2.734498379180565,1.9696487384205965,2.5427071629727767,3.038246612713059,1.2355117294423863,4.068412066157927,1.5225058337345256,2.6361789985377384,2.2506080498924526,1.4044714823286522,1.4279983580182893,4.032237754975618,1.828372271302842,1.816336938253154,2.6395039024484253,2.9142355742995254,2.110279929618642,0.8735029016262363,1.8367127159939596,1.7116595447872658,1.8436092931342052,3.7916824108829212,1.4592925702727408,3.1423609088906144,1.9926605520067628,2.5370037068197657,2.8167054102225957,1.4886955474791892,2.3801460957461833,2.546689216577531,0.8642438471287487,1.527490546646431,1.8603827773475259,1.1912438369995968,3.329930738083961,3.566431745974267,2.250795349097676,3.449606300454183,3.337922467950277,1.9355316541947551,2.0805298795116522,2.925366031726048,1.3477910103480049,1.6690268074011465,2.8141577779112055,2.0566222864090116,2.530019016286282,2.7423808469942204,2.024633583451401,1.6287694388667642,2.3069121332730167,3.481558807706393,1.6281361651690502,1.9351683677736309,2.0582299792615166,1.2172681694958798,3.141941877322552,3.2280361133613216,2.722767296911507,1.5306838711468214,2.265999433223019,2.076679662775977,3.8858001395164186,1.6354800653857395,2.3890842086389585,3.0661415587543366,3.7922977662988075,1.8963092399931696,1.2780440823849326,2.6392139533333223,1.119537162094791,1.7192963848567993,3.318442891846573,0.601635178651832,1.3275543655616406,2.026484928673308,2.1101275449557058,2.4861214911317977,4.42952469156363,2.225156063825974,3.3511770063177115,2.9801859453855544,4.954990695381172,2.693391659402592,3.7466030891522006,2.168370834821194,2.624035159443351,3.5313108331110543,3.2295865643628714,2.1836401385227986,2.03455271496156,1.8137729606663804,2.183978502580212,1.2709625056370806,1.5722264880302643,1.2974242333006623,2.684911800792354,4.014365202666087,1.4765930371624036,1.787514210132346,2.078576789635957,1.6484759701598368,3.860679975190675,1.5693790857153385,2.4330127111063895,0.9213697972609856,2.0030776084129975,2.2754819921231118,3.271781965883841,1.8079625160074957,0.8164361364679347,1.8341223274025882,1.59769865601168,1.6917490683819074,1.097951065207085,2.603475776305374,1.953246568127832,1.139569711978623,1.6609648644395878,1.1752536494445376,3.4070551174604775,2.952156919587539,1.5247277030430846,2.887523673899733,1.0873331659998455,3.4867128605195874,3.8885764925912265,1.3941359066485028,1.2069924143824011,1.189142576590623,2.2977494444392486,1.7551189453155622,1.8775990627007242,1.851765820787145,2.376118946940629,3.872423341171434,2.3278110536074603,0.7659283148768237,1.1733142884126753,0.878916930002851,1.8575442860401117,3.3873167306087693,2.1706154916694516,2.3682699344944647,1.491899422414045,0.6738631483491617,1.7821179123879043,3.211832411649614,1.4798232924139922,2.001274644945685,1.6108008921606538,2.494562579463203,1.3809654546682335,1.9400062309136472,1.2951647339107213,1.3754243754104927,1.998140502275223,1.6623454088592093,1.9096111267858749,3.6144368014014923,2.080908773240373,3.5479162619760176,5.68647608280323,2.6866286140804574,3.2913937743402344,1.6309730913366094,1.874140847698373,1.8190213450349888,2.401383184606151,2.8501069749445067,2.5998138453746082,2.6329553368877114,2.6198742409501135,1.368212076343112,2.566053495582949,1.591676085649774,0.8460125426777312,1.09612660085208,2.4991332315761343,0.9034009146059588,1.894880442117064,2.1460522291781583,2.120091203472062,3.813932634874778,4.815352984251698,2.64732747962955,1.9286271152943937,1.497999671269954,4.026261542856908,3.544222573378973,4.4968990694352975,2.5203264368302962,2.9754427902685157,1.983281148268365,1.336870917090042,2.220212063382558,4.111772817310932,2.075472623851197,1.7627611891419792,1.977104917825,4.12045386763264,3.9008110277025905,2.3902004305500797,2.244388573164631,2.199341762098783,2.6961031116022336,3.299435977888792,2.4952212941760674,2.0599848290206175,1.1151775514463493,2.6988350492484083,1.74974215790401,1.2118931485482456,2.2329060429452356,3.381539011986975,1.5323772515749425,4.616757299834174,1.856428099529782,2.0446044216656807,2.4781126382825276,1.8278863736766162,2.778827261143533,2.933199437243534,2.552168168583461,0.8980605380429137,2.2787922003694163,2.789067665028881,4.122735211293536,2.5754989399268506,1.8139857496791343,2.2315492637578314,3.0846179362057904,2.134970634802446,1.4519503801519011,2.5598532631534834,1.5707199302431107,1.9896515181463255,2.614207113991353,3.7669621821371106,2.8226613875587563,2.6253801812193025,3.0264312282078807,1.6655341510595458,1.058397211384068,1.1237846743442934,5.19404108220038,1.8393305340068022,3.646043544182419,1.8225056785019902,1.326526161142459,1.4309099774353773,1.6796883896016457,1.6680855645256532,2.8872468598904,1.4388410507091833,2.75833292060032,0.9982706265919485,2.933135933367369,2.534575839377539,1.3116578921923505,4.153336249228158,3.8028533959514874,2.0918237623239335,1.4430948331435984,1.923059436070166,3.4393281895258827,2.3177021001008082,2.2033063592387654,2.8188567015159807,4.5555760098684255,3.8495330824053777,3.659819116670951,2.0274432265184266,3.442814810541147,2.5913577314177703,2.0615554936309555,4.926768225003804,3.7017388209787594,2.2581310482979013,2.0895326393135734,1.484803987481119,2.5254699854195524,2.9642620228766807,1.9357458707089086,3.5722104974478395,2.961045974107094,2.5896053947670716,1.9333621134894017,2.2274377020571468,1.9663811305586936,2.369524491897486,3.965776398831248,3.108918194048799,2.462481094974719,0.7065133844445568,2.299114501287327,1.877694163049069,3.523933785026152,2.4459545224449197,3.02357969702174,1.0842624178634823,1.57002777326388,2.8289384020019424,2.6808223721909075,3.436588752694643,1.8363842085164768,3.3486985459269447,2.4186222819047822,1.7359478179020231,2.6373600273480386,2.399120916442497,3.0066655621957725,0.813800107912998,4.0392500466385854,1.6630882032022063,4.897508011580564,2.4198674172653254,1.3003648040837295,2.6578071974371946,3.1310517624083825,1.8011897443724716,4.096304624669491,3.0117071037278267,1.4889944399118134,5.02830206999284,2.6621318797786744,4.005848298320772,1.8575273078551537,2.002724071689424,1.0892802405261566,2.5117160159251184,2.521018456955007,1.6148816725154431,3.4924182742144074,3.1244854622504405,3.319669476150784,3.4841144283990007,2.1260386284076125,5.303102725176421,3.058969592624808,2.1793266862069243,1.1286512227541179,3.1133674950744448,2.500674112933318,0.8979686567939285,3.5323794381914833,1.078154637523323,1.15518272360345,1.0985431658282554,1.2859923017936834,3.0305904056902966,2.6891594566325674,1.6518725720853802,2.117359826400288,5.886028931946075,2.7206990801426763,2.8620823890893012,2.2865909667772777,1.6233920467027583,3.130464040239951,3.9070414157281284,1.772182795695515,6.548397733345124,2.7803869014681437,2.463133885036524,2.3882984815589614,1.7709007265394843,4.031463748246754,2.3729796477787204,2.1662341740818882,1.58498418528615,3.6326349298971654,2.636951423733219,2.743359403202637,2.7646845013605654,2.1925956085513536,1.1715363963602787,1.513252249034204,1.0952372337518876,4.130252506392979,2.1124417189423728,3.7870365801914305,4.698533800110954,2.174140339978915,4.193634072025629,2.2391877546344263,2.0846139248298443,3.5303725566398194,3.936251967455087,2.4387509233903835,2.7918378489746787,3.7697461591165773,2.115857934099908,2.392903740870312,2.173051038531555,1.6147088617986172,3.0161903324390287,2.045959000621906,3.275497680158038,1.6610363668371568,1.2850459701195376,3.300411312341678,2.051694919652101,1.8193882513520265,3.7449657764970485,2.653228170930213,4.306455152390035,3.8105578296916613,1.887868238136991,2.1071650967615456,3.29346767080413,4.746233221460467,1.4323135780217946,1.2609447726672893,1.099208372644038,1.45135972607717,1.3114843209033953,2.796310680172329,2.747124319929026,2.693924615001469,2.1503845061775557,1.082114663799518,1.6017325589322393,1.7654965334647952,4.175780052474046,2.2276833501565036,2.3628787277430425,1.5479172017477292,2.214560631311423,1.8885145359278617,2.6188469901888136,0.9293344176039946,2.5821808896073124,2.1858401732287587,2.470974571791888,3.050847262837939,4.8995228435052205,2.3597959672423645,1.9159979918595715,2.9136598422688627,2.8842207069492076,2.062143361821506,4.34359661526234,1.9930372085348154,3.2965829082385687,2.431938480876289,1.3155646620082995,2.148204212263082,1.9162432107827545,1.4412251279168826,0.7012185470835485,2.980978534445353,3.075766118192581,2.1113165870205424,2.9640315658712018,1.5170064026505519,1.80647015347258,2.651170453640839,1.4916092733117208,1.7378327873453716,0.5211821937924285,1.8860409744937325,0.8320515649062015,2.9091206273517294,2.3814482205147827,1.2412742124389615,4.485791843244745,2.6954739623921204,3.0963403411741464,2.108172363947151,2.0829764017203716,2.103169768952662,2.7222352620097094,3.0746736378115473,2.17853840786632,1.1548967273281803,2.8500428019703516,2.77164857492178,2.2701727973701513,2.0035964726068625,2.6806811913318587,1.3926434502465577,1.1171932812281762,2.7833326188276963,2.2740854165738367,1.1766377831001715,2.607424948613562,3.208835419379854,2.3211981851322485,2.3197821742808373,1.6288274864702112,3.819243863900069,2.314910946639386,0.7652852452417388,1.7338859154964221,2.5675523550928494,1.667080791802664,2.6280570117591187,4.654571392846798,1.4867451070970095,2.1039162346019493,2.365621525762536,2.2519210877885234,2.7268709621455773,2.050782503740873,2.4127208729350413,2.1860253202819306,4.311704822789541,2.757721734036111,2.0716804920103327,1.813671568298349,1.319040366668764,2.9070990206082747,2.705880613399646,1.3018430500909526,3.751097230305246,3.2151946478448856,1.8662528573228994,4.09827778121885,4.078437441005833,1.853860491185289,1.5665898014395676,3.372858172550496,1.207925589436614,2.108771660743065,2.48521975627473,1.1658698902108764,2.2910740580807083,1.9739031407416416,1.2096601658806565,2.3732515767185496,2.672676657144756,1.9475535365657146,1.2977675958765869,2.3944636776070367,2.8429509544882845,3.042352278204514,1.6185817568629943,0.8263028823361209,3.520030999388996,2.2353581806232343,1.6261144679893715,2.7066407547044404,1.8600987577624184,1.5121925409546284,2.8968418117385317,2.0338122366609377,2.130832381699765,3.4982154923269007,2.4642356280770086,2.2539619757613796,2.0066573950013815,2.505670925816618,1.7770837224850973,2.7878192084756437,3.548967421216396,2.311585597997637,0.45483263877926317,1.8848093973737032,3.4331172437608046,0.509185882738478,2.181675458284305,2.5694395722380743,2.4507944046206096,2.1863421542319132,1.0180301898770905,1.1530659891745458,2.4388109756139924,2.2523045575996408,4.316565510245504,1.487133752809283,2.5634195858858,4.073634529472769,2.032090935977281,4.06042884148367,4.673556919118742,2.8939371404198315,3.858466139575446,1.9890465965754647,1.5754763469462176,2.653108120515534,1.8203759735895626,2.289847946256434,1.93238357837157,2.9970310294469247,2.154339150107573,2.3906046868156374,2.0482686399031884,2.8354476009182696,4.244141935652948,3.347863019798624,1.6303647533686507,3.763435393305933,1.751139519473173,2.767009687599151,2.6710893160056353,4.1913132881492,3.1758206241663087,1.9984039715652764,1.3394812905351878,3.560176033724562,2.6208267809487085,2.413440655436239,1.5383701896318858,1.9646520298980439,1.6172698199804607,2.544612166207739,3.2842261906172476,2.677749707743649,1.2018794622363005,3.445016494197184,1.6025596149086598,2.4961652996812123,3.456735871799416,3.1131006689500382,3.714742536676837,1.4119684958837573,2.521863753182882,1.5718432884239932,2.1380805625221915,1.592961811148172,0.9082258082776603,2.2504847977112115,2.450539898715702,1.8713714661781262,2.012558145388987,1.7997818817503413,2.4612402170641188,1.619653491246687,1.2717331551128974,2.5442788548788036,3.0174796564143556,2.3148023634118267,1.6334982751406322,2.3767049858637237,2.3022825068530137,2.651486734104341,1.5016518233372504,1.2351538258339383,1.2589136855683267,2.9124224421829954,1.7252444140070973,1.8871452755236269,2.3493383319487897,1.2481613596524546,1.9071588269059205,1.988702496279327,2.2958158224599616,1.3009066015750808,1.164028612111995,1.5630133082554363,3.6177897635508165,1.9823287663311353,2.0959934512431375,2.8401836003913123,0.8988306083135436,1.607167449782652,2.8536007958497804,1.249210700058052,2.2397995072041574,3.1163340832419637,2.3855787524686747,3.526417471489011,2.33929238680765,5.7059951870227374,1.5049952525381889,2.53716611122663,1.0144178192941211,6.3868873252882485,1.5730197203439187,2.0918024724766693,1.7083184856297124,3.756813858558167,3.170113596604132,3.8760952020727437,4.283656380497318,2.876385864106177,2.827814917464739,2.996709849578834,5.710683476935615,1.027416257599378,1.4637455150272112,2.7754105278228014,4.026959518540876,2.7421977540852676,3.37612320663774,1.4126489656459662,2.550763056059213,1.1522157400851258,3.9310770624064153,2.4036999325887334,2.938987000117404,2.1342659481406976,3.201938199226662,2.369776594170874,2.6821088253385788,3.9511674019485907,4.245297185059055,1.7930807558580284,1.2283106052262738,2.4404764492037465,2.302394107415848,1.812541552251957,4.7526956313155395,6.29887655682033,3.114481216670759,3.806080282898879,1.8906428247682148,3.295557766520571,2.537805264387562,1.963085686199309,1.7060544323891629,3.088659059534403,4.885273080985096,5.585730098920122,1.9138394567283719,0.7100429084397027,2.538215951544869,2.2776584555530333,2.365907682755365,2.149807396810998,2.9922438208813302,1.6765253204745327,3.802969747306901,2.066279850091685,1.2223013056567185,1.6833339392465079,1.5119695624718439,2.0473323520208613,2.725242513384508
10,2.8200230341234875,2.9679879041751587,2.3919382465231283,2.5449535450101033,7.140780058021823,0.6734776732553118,1.6146678083915775,1.2854069456587363,2.0207091288704424,1.0167442768387895,1.4367713302450997,2.0840957678543197,3.0478976310454065,1.8314391359286541,1.920079020064351,1.5237392286140925,2.1014247951386795,3.327336326919681,2.008467499200757,2.7271306301102713,1.483012635933998,1.2496153766944031,2.3592448433956865,2.4892651273353463,2.4187912046803537,1.720413760327936,2.81723909367991,2.527760359785785,2.455505293014824,1.069048811491943,1.9703422686538778,2.479482987956577,2.2719499948292374,1.3944139602874195,2.175609742900855,2.817919392378823,5.392718513893444,1.1770731981704294,1.6568748274992995,1.8048617500745798,2.1884933288849036,1.1414978666959326,3.970486572214433,1.8448632404982708,1.6248759573734843,2.517454900506566,1.8288184008121884,5.210315716945856,0.9772409687107354,1.4005064947587915,2.3171699491440694,1.1604013057541724,3.418689327164091,2.857962910594999,3.084215412249919,3.473433964076237,3.1575865854973424,4.375695810454148,5.416437743773107,2.3010221345377655,2.421506154244476,1.6972819507581085,1.9271275956577782,1.1575096732920405,2.776208250486223,1.463482883398646,1.6977420086252293,2.5271452590765247,2.3949960601087366,1.229516855579392,1.8688239526120332,1.5615574426242533,2.1888734205049483,3.031774467155928,4.08440942808702,1.411516484073814,1.9708272305189585,4.6021982217542075,2.2188367407463114,2.378949933015296,1.874954813607843,1.5427903847519102,1.8194722750123822,1.7672616852441503,1.7163533608387678,2.5900080839385207,3.201638754537526,0.5645592306533683,1.8417336019463826,0.5096307165457041,2.2860123524078992,2.780053631936664,1.9287326137615022,2.5116560806862767,1.5654283178409796,3.7618593366541573,3.353432120957383,2.3321555497316986,1.0350136648364086,1.5637024401412492,1.511313119239671,3.075551756923363,0.9021122537183901,0.9056919994525627,1.0393222211974673,4.079244110814047,2.326351967676422,0.6831258172037099,1.3832910969225374,2.635106245065616,2.03140398885181,5.3763950417912305,2.7900511921886046,1.7674489131437379,1.6459157267735904,2.6971839232638413,2.5059833783853303,1.232453337605358,2.8043929658259588,2.242664365957796,3.781524604549735,2.6403919565120413,1.9636071072623253,1.1133562050934933,0.6292699622523042,1.2568952502310875,2.389241277432464,1.8624056889920313,0.8980372534199019,3.162329374993481,1.476906681823681,2.611832374590598,2.8386379251351217,5.060572048929734,2.3528352607975327,1.4632736540655316,3.5112388863025648,2.000354943266337,3.110487007293638,3.1723781327386265,2.137801012399133,2.0176450259506575,2.1454771919337707,2.4079872157604636,1.3463907168398366,3.4554527824468737,2.109005561888645,2.6992382937021593,2.1298150445243267,3.01384323878978,1.3879623829466246,2.075990431884233,3.1290538995102186,1.571187596365474,2.141209999754217,1.9840882743234203,0.6771035265146059,3.59352669072409,3.192184902235207,2.427900715773792,0.864846216960791,0.8464729237094959,2.0188649676052908,1.136263751200589,1.8418636363647638,1.3233590037831662,2.9644709530459687,2.264292779120571,2.0272488699067144,2.09400152547299,2.240958805547653,3.469313862598415,1.948809397001737,0.47060226649917813,1.921321739766252,2.4229001745238725,1.7924679911668058,1.4269731279281022,2.3875023995760034,1.2609667821320905,1.7016562511180937,2.0719742491361672,2.1337496482473215,0.8666585130933671,4.4061139781648375,0.47768829705504645,2.0219643418414286,1.4861365694052986,2.3659875808012005,2.59393084524994,2.801031159430186,2.3879135668704965,0.5977438534211241,2.328413907808885,1.7135568717573073,2.0006307723918644,2.7522185472671277,0.8483584458298838,2.3422780087099735,2.3838226735337535,2.499800032189259,0.9880891498070083,2.183355411811867,2.1668785795897874,2.0002224497313716,0.9478065801550534,1.6456492445324407,0.8948932350306564,1.3228380672750144,2.2631303313086044,1.7042880784835142,2.201750609383816,2.6837858160719685,2.4043428680599055,4.293847298346838,1.4560951269200486,1.5476124858368474,1.7138767870388802,4.123573298577451,2.747943783334465,2.3449229938164744,2.1854247023458253,2.0922027828651046,1.3148195042384678,0.1631889611547998,2.1064229829228553,2.878402019751885,2.029841853708143,2.0729499185559197,3.7121840485369004,2.08419958957414,2.6441288100508213,1.0057015119904427,2.5190001434634532,1.3923101396597781,3.6392340045908638,4.338022731323425,2.982358157474718,1.0045113300451363,1.8987884250357316,2.362538056628905,1.0376619687843711,1.4397161053834437,2.8842097078479463,2.5167380453707606,1.7592329872700614,1.5317925821388207,3.8678025141351235,1.848936073959767,0.9916627650808625,2.2185840873216724,1.6279343711082228,3.6460719000693125,1.2712463154081601,1.1555744341665815,2.1058177248628254,1.2954176270225188,1.0546980896395417,1.291930845405195,2.3948486039211874,0.817213399025998,3.192772457388498,1.1066046333677169,3.6641463731553707,1.8417731497630272,2.618409223584222,0.6937553888452889,3.2988741379332964,3.1746239273425965,2.8180415595288837,1.9435549595999775,1.4406580549499295,2.5120104240049943,2.5174335732518287,0.9611693007397408,3.4804237774663456,1.1821203550658446,1.8935258861953401,2.0776198394148873,1.4894778340665438,1.3985205295104937,4.297619162377737,1.6379240988447443,1.635521757385888,2.1384219660862556,2.592719574679962,1.882181202414357,0.7480055961668182,1.6810566738844657,1.422784618303961,1.2311968250165832,3.450780694353277,0.9693130875191577,2.9624874975132327,1.7286537034935254,1.9446667029673343,2.618828216167821,1.0815538864405685,1.8230699528094187,1.8010812022792242,0.7349009950105665,1.3050066881420146,1.5635121515964017,0.888449660238132,2.5292439150598893,2.7901112366533294,2.348581749341255,2.071243354739289,2.44471950469358,1.606549641851101,1.8965063860893552,2.340974889861636,1.2808671093966928,1.4400497376584447,2.7215765876977733,2.0551193755606967,2.3315382477379827,1.8588844903508523,1.8222793616334718,1.8247219244322501,2.180846744154347,2.6984338026590526,1.5676405348916271,1.8335050324364615,1.8830833395404791,1.1007562789242837,3.32486813937719,2.579078005106964,2.3872433803304154,1.2984052353391304,2.0167199488209664,1.8941076975857472,3.9456292371961954,1.3110510883888689,1.9930329302364296,2.3877831378739005,3.7780881854944677,1.4897091271863216,1.1675556372285352,2.266297509270709,0.8002567662410829,1.4532921912196097,3.046468769519105,0.5141912325415922,1.4016753748193345,1.765576229233891,1.8396827928196882,1.68861558240499,4.063175759648162,1.6128885486666868,2.1201512443375794,2.833529741010216,4.5659912088816945,2.430274007617573,3.0716825569273207,1.8180767305707417,2.4612123941536073,2.5764092702301387,3.2106883573561853,1.7055355600092517,1.698043763203334,1.5056705089850166,1.8824157336432301,1.2246759634312532,1.7406646096183949,1.2309588869786245,2.264174825005483,3.225260041574206,1.3725403936401377,1.5699296271033882,2.008870249817155,1.3658996276553799,3.4677720719604874,1.4251042004196517,2.239092568312218,0.7563873565235781,1.5600035996379769,1.9108365509156031,3.1944316359844596,1.7844546782525708,0.6214805458926881,1.897928811207199,1.3898033185019196,1.5227397394487698,0.9265982104706673,2.2086730993255346,1.5119709272754562,0.8928949936262628,1.4769173551993395,0.978706454908699,2.8589874031577316,2.577257396703483,1.3548536208059383,2.388899731335911,0.9709613332723053,2.512246918907217,3.713841009183774,1.1203029370894817,0.7605151448576649,1.1422736950456749,2.156510114745693,1.255088446648594,1.9684010758018622,1.3929417703070182,2.313192009766451,3.2662725500811876,1.768311396277567,0.7391645442970601,1.2071934648194933,0.5140346465123103,1.6824870986045035,3.0712487017523618,1.4815514960567635,2.211382661997834,1.015782583970283,0.615653146168718,1.8067810937087072,2.817124050415188,1.4336873882596242,2.101166997652254,1.5443788033125931,1.9656452925522507,1.0279171172227084,1.5663245321708303,1.0519017109735513,1.0650159450571688,1.8915460338480923,1.3399522513307,1.4517273314100974,3.2506396659609296,1.4020484631581895,3.1752890191294507,4.138421355615825,2.579410648237585,2.51379931847944,1.3941154727271097,1.9740476752476364,1.5201237262904677,1.9389527535942945,2.76187533826411,2.393822216366429,1.8208114105175897,1.7639919849967203,1.2862242271631237,2.500873875722296,1.0601624376180963,0.8173996128612026,1.0778770322768043,2.2650257551072857,1.049321530321739,1.461683893490199,2.0193637203780037,1.8839102752729862,3.431035275800814,4.70605072022882,2.5026117270522112,1.7445800672972873,1.3910654657036055,2.951975665421116,3.135423133369713,3.7875036779922646,2.445799590334351,2.449611277075115,1.8511535897205906,1.086634892446663,1.4977744737384069,3.5233242165968823,1.5353512775434806,1.515438743486521,1.8165913163464358,3.284689015182129,2.926527883329446,2.3772823063205535,2.2720785722062318,2.1745908060830117,2.1442480592936666,3.217850375038074,2.5276583213311348,1.6237562354085173,0.9818357731365227,2.6530691853015744,1.9312743186223662,1.1306111389801607,2.222669698897626,3.4724301561231803,1.3508885000079867,4.190287865260245,1.7752190671760106,1.903874364797493,2.4329327602292645,1.6372114159308404,2.590445194924797,2.788669627559656,1.9636578458537808,0.7197719860087877,2.0846494511657827,2.3938974368019563,3.693753790682556,2.1527408270373365,1.4970964625161565,2.2923784924624,2.5946722151306894,2.269228846515423,1.0384710205063317,2.442985475880528,1.4226768319494454,1.9427193064090398,2.5089452770675695,3.0426327323191025,2.571135829881123,2.014897985190403,2.669076448409869,1.600491526627343,0.9076160128815596,0.8545867510783366,5.131736297850869,1.6584867614770817,3.52134941080835,1.294970946235402,1.1958892441737428,1.433161903352833,1.2294572077734172,1.3174766871237131,2.325666537708484,1.3344044779481883,2.51556482093478,0.8392693054392675,2.6390379839131373,1.6211405700640196,0.9709582541290578,3.1234807110279896,4.084581069864634,1.685272332199241,1.0418875266050025,1.9205395658495974,3.051698219162193,2.1932081526817457,1.9834234629953356,1.948124047500023,4.0321782136110516,3.1804212935333167,2.6621242880642297,1.6439091116452809,3.2248970355271385,1.8660304732003663,2.2657755783126103,4.845559696016549,3.404363581591583,2.283166213214459,1.651731068713656,1.2200575488265488,2.351477722533457,2.4731939376057936,1.4233523553205456,3.126844766760995,2.2417965765274204,2.2945264285583153,1.3071382654029744,1.6883702788034098,1.5566199485333194,2.1816655673366534,3.25467968555328,2.8556005166642766,2.4245937774782766,0.4652939443345575,1.7891220072937908,1.5874481023366687,3.4195591835534254,1.8323704961893337,2.697600871133283,1.177635787648585,1.5477357858444196,1.9273892418212344,2.1569143226584586,3.6670800322328696,1.1159833213855685,2.7564551636494694,2.4650837093706732,1.1699649350285348,1.9592794665013626,1.486162008930859,2.698001008806477,0.656643138694308,3.6671278661354325,1.1072856819927566,4.363300790095554,2.1142786355298586,1.099804628994448,2.5347626592098287,2.834703181155219,1.6903784249452094,4.385876996586973,2.6153839343927454,1.1382003205306286,4.146876805029313,2.80474406013713,2.977463583721351,1.7021023904457429,1.8912666890239793,0.7840994490072886,2.064937324679862,2.3704429843453947,1.4062105097226274,3.270561505148389,2.7493715717979113,3.0452213981227754,2.630366684303442,1.9611395461857672,4.637549634957902,3.0565016845300095,1.9771965102686957,0.9427221145185121,2.1392506894439998,2.2777644016838097,0.8203510823399216,2.71696412218585,0.8792609079766294,1.1055311559442946,0.9941547819784016,0.9419833411012877,2.890287355836593,2.3328456929726498,1.5669055602749304,2.1740286401779354,5.0374460989586485,2.7706579252484866,2.88759563809678,1.5034864933711893,1.4107623914672194,2.4949089973448944,3.755674349763791,1.5384766026546366,6.570148012054313,2.641647567199738,2.1168942155309125,2.24420803735718,1.6145657392943709,3.113720850602201,2.2170847651511543,1.9554872717886198,1.18362488724796,3.7116900590882955,2.2299446654887745,1.8636371458683127,1.9264995346454983,1.8795482314682674,0.6896463761679149,1.4018638166182824,1.0615913878605883,4.1628700642245375,1.9713780184926089,2.9898467192539,3.817992623790156,2.081774767359181,3.199362640639949,1.8345944540328245,1.9377689625782333,3.7031247040131747,2.9700807520933488,2.038436985530293,2.00800215676099,3.7434090703568854,1.5526492275487236,1.7776174961374662,2.0039624088722348,1.535794323745258,2.056048048919396,1.3505677954949826,3.037868870040908,1.1737937299458285,1.3300925078875805,2.7366627645206427,1.4623614764994248,1.7441601444702566,2.8974335319108055,2.2890507762840464,3.1413005090945485,3.9394577894321685,1.2732762844718066,1.5485244487676795,2.944865856481976,4.079256152161504,1.3404408646523864,1.1682739956720445,0.8336014287519691,1.0631896249628356,1.0668580686763547,1.7551529067257698,2.8197330059870396,1.8264738563064495,1.9834725133506308,1.2620831825727086,1.6619258754760948,1.8248981292992799,3.9430912286523445,1.5832584852236096,1.7469908440142863,1.4816092276066966,1.6786970080408063,1.7977720461859086,2.3399430571561792,0.8590843448755615,2.1618775715854235,1.934250614590598,1.8615171010428258,2.826957837254608,4.034187522994589,2.2664015052523454,1.2991337793417943,2.0282035312373963,1.8065406206895478,1.9943060182399135,3.6792790092837397,1.789247843723047,2.715802541457641,2.248392663579288,0.9493822632233835,1.9765664890716215,1.7724928773958437,1.1654418058812501,0.6734938390005487,2.7479361023025715,2.660517781189923,1.6477036657473325,2.3570641042986353,1.240330423767269,1.5119895597380908,2.457126103699056,1.2062773949134087,1.2529953105527345,0.49993976437544907,1.585868431681885,0.5691287207127774,2.3623753238315346,2.119539291374922,0.9133070132022679,3.855445536576804,1.9966753271643138,2.4836684351346925,2.001508755424261,1.880550791445632,1.9616752126922745,2.7469781784825154,2.437606883213534,2.3287855208764734,1.1500699416389515,2.6050515868011423,2.8118105294339575,1.7986660720026175,1.906001626738701,2.304890649011599,1.4087430555803033,0.9225637646662654,2.5837236532750905,2.2723885555821077,0.865269881792121,2.463061719480155,2.4204605631040965,2.5011000628910773,1.8916126976638656,1.3740680336757385,3.0926143923889766,2.044242015758972,0.6163526495209228,1.4240738945351916,2.4964621616672,1.108496852358861,2.1346363778943394,4.393834410081976,1.3499529032284636,2.0498881718008866,2.244627517355003,2.024466389398464,2.5056736830596584,1.9414690781991217,2.467873874280866,2.0898450752822426,4.101671276251438,2.334871110163898,2.6961833736959413,1.4256665459219675,1.2676602504044805,2.985901135869047,2.3304376592543723,0.9911149022225191,3.438207540464955,2.9816291277393816,1.5913973608367002,3.2688311313017753,3.228551525969415,1.6422899742268446,1.457456836544506,2.761148556174121,1.2102321963624045,2.125284421040281,2.691924535161234,1.030397968547757,1.587194955142868,1.7953868103560229,1.1163565442878491,2.374010765229091,2.563860722367373,1.7637973453728406,1.2020640069281427,2.0119241070717813,2.4416203321792396,2.647027086407728,1.2222262048269468,0.6920855455417376,3.4631538021190855,2.0628216333187805,1.4017774163440242,2.469374843124342,1.693495651417567,1.5361339224272894,2.588382642044916,1.5855227269502712,1.8065344638528646,2.257322402358249,2.309708873391833,2.253906992190866,1.7246211175887434,2.061458366047998,1.5017061557366476,2.885999476938293,3.3133289482776753,1.9934451469654921,0.31541338389642815,1.7113404712351725,2.9035835076569096,0.4571532482630808,2.0998037945320336,2.4924261250085604,2.1391923583881707,1.7647591279692563,0.9380493784886451,0.9620767450436125,1.9276753047973723,2.081783992955958,4.239361110015829,1.5361851421705872,2.024963182629412,3.3492731629250123,1.7560599503414807,3.07665292486205,3.9016558888535187,3.124464259618442,3.0304750346938287,1.8755587512423593,1.275587961375273,1.8914916570944038,1.8846703479872042,1.6879308491620515,2.106075038663005,2.9576917676489693,1.7261768678180416,2.2473242399279307,1.4868502565269721,2.3542712277960156,3.265137065941447,2.3211645316072835,1.5462826417618927,3.1078593729727584,1.3452426665667718,2.4482073263155772,2.093133065198921,3.8201820651609335,2.2909321914023666,1.6561465497772705,1.1534214364518411,2.4266495153079695,2.1409325401992834,2.4731510045600658,1.638339827315376,1.791464586238901,1.5659531607560884,2.545033060159245,2.3843928676145096,1.8306805522029257,1.125418932186514,3.1266788426711534,1.308585869152971,1.4012387316310453,2.4372899435559745,2.8885817551817157,3.970611907489137,1.2886170509767356,1.7929839094486852,1.5125422584491388,1.838808676695877,1.7544724576989572,0.7172798829077797,2.101322621341842,2.178153444752912,1.7250329665979875,1.483675508112514,1.5224343615178022,2.1936638190732447,1.656333050934728,1.0683240130881653,2.6549586378742793,2.192443993175093,1.6209671173936486,1.1092286266917821,2.3346012514634156,1.9860467242368411,2.4428384252393203,1.1492317046574145,0.8405354214365464,1.0190677748622021,2.2853883611962362,1.65322158080527,1.5357541246350388,2.2431668651617764,1.070914824689311,1.7419447639214864,1.2781924707835701,1.945621316004802,1.2301159775390127,0.8727086529206778,1.4635989515747263,2.9480385444159776,1.7435013901606924,1.8933725847754355,2.405016126309638,0.7817038506498658,1.265806874042366,2.1222848563513343,1.4176908875285101,2.1179463232834816,2.4290126215766503,2.6073603686125537,3.3137275865107294,2.4647403968347423,5.23695756316707,1.415461091234787,2.1663393484834437,0.7154160380464252,6.040326900111662,1.5771173792901856,1.8737118953236265,1.471671536387335,3.0030596865665937,3.153916378041636,2.8379151058551773,3.755356070630914,2.1667044151037627,3.051019977909834,2.220729347182183,4.649051560986971,0.8965837201545468,1.0580476511311305,2.5524640102284906,3.31392056942461,2.6754265191794535,2.4329062276431936,1.3797428137269636,2.517173109181871,0.9166573725054095,3.14228548713808,2.3110831004971706,2.558797778572599,1.6149946753139006,3.0961040172042114,2.1818481699687955,2.7121870462984123,2.5557617317560055,3.55553039943721,1.6685036444748236,0.9285337624171661,2.1181428579652892,1.97852541712551,1.3331655707238486,3.7597673526762097,5.354454739284515,2.2185156083502324,2.7460127923217748,1.7448030729563029,3.168286583757488,2.121642214031376,1.5806174519495215,1.5418142056038555,2.443308857044731,4.332302592063996,4.753865309240832,1.6102272898508494,0.7277072451509491,2.3067992167894666,1.9434295323864788,2.2845232737326615,2.1719331877600387,3.000810391020332,1.4526435975750207,3.754376929964852,1.8132043706493972,1.0061217344710334,1.359771246495852,1.542769478750649,2.139776095679039,2.226841143662848
11,2.7709349070725944,2.304358541373939,2.0278538247787443,2.477575641661967,6.152523259028321,0.5736942987895446,1.5623400982275175,1.0773444085973671,1.7706368885422126,1.2386871471695025,1.4316120522096125,1.825921704187306,2.044685411981345,1.6478742332082943,1.8672967152843474,1.428099363625718,1.8484532735663515,2.1000996822260074,1.5399414289332625,2.4662607104235486,1.3646652004587734,1.1443844796722316,1.5483674391766544,2.6493904857929733,1.7619508503512504,1.3215087504357874,2.461208750461462,2.281207794168534,2.0839978799006267,0.9791309427574018,1.5482577209906374,2.331612150662291,2.1631853999670496,1.085644977830417,2.0976000706807003,3.2019298623744814,4.088677852491289,1.1704973364555293,1.6915748864270315,1.918854247602482,1.7906569916561543,0.8442478399655641,3.273942660960925,1.826156824481354,1.2149444056861345,2.4236091412344227,1.5471272326409586,5.171243704486917,0.7551659032419094,1.1327809380107112,2.0939179611505434,1.0348810240994966,2.5573085497841688,2.87180590147776,2.5169351562570275,3.280110101158604,3.069649936435381,3.6449709877363112,4.261122087815469,2.138072017734168,1.988870429031822,1.6923420268130607,1.9799902242957255,0.9900464821352288,2.032813967858263,1.2621518190528112,1.5593999605603637,2.465544379633122,2.6949856062666377,0.9699706987290155,1.486541741549802,1.3252002291110458,2.1225066223388467,2.5071119794629815,2.441346378797862,1.1043077612448828,1.8557383921409563,3.3171433794923653,2.097322141544863,2.031123002204867,1.6200231196953228,1.480250055164503,1.7256780147443886,1.7143062093901955,1.119979473864739,1.9741201294481936,2.5526480167741252,0.6148363069943259,1.7915552819485636,0.7249631786463252,1.8580333421590078,2.3096003569498826,2.0624793628601568,2.3119844685902358,1.6421552769614154,2.834277847684853,2.640106111901672,1.8738613118332565,1.0023477864199999,1.388934312871076,1.3795734622946545,2.0449646324316744,0.9264257584575919,0.8043219780218058,0.9711761387757252,3.6524906869785383,1.6903088725032334,0.6465363617662929,1.1399893755945016,2.044105657231852,1.7629229158234123,4.557767934231712,2.4908175697583066,1.8437833290369385,1.270899271059756,3.0180980926073704,2.3706401429731625,1.1969772724000611,2.9180978407391445,1.8542088320937395,3.044404151469923,2.791045338919683,1.6812606913524912,1.021908500117997,0.6677699476691301,1.1210340607554214,1.9873203624297613,1.6046584186496022,0.712625052934331,2.269604964630625,1.2211071700310545,2.577348043780713,2.0511626096114153,4.195611364381673,1.9418111394592537,1.4300023024648176,2.838493356254335,1.8691441873624632,2.8101874242628044,3.1044752036079135,2.271355926818117,1.7867658294412374,2.376725627201176,2.0442749005205934,1.2862448301219875,3.4266857877907224,1.954283401197772,2.4417992507194555,1.8796116911705192,3.160234108201881,1.3824242298533516,2.1071282815532575,1.9676656513998316,1.5982146113564166,1.6863339347901418,1.5842105713118402,0.4454989525406424,2.815846921723235,2.8812643842356658,2.1334175772654564,0.8442513621255965,0.5811529078331186,1.8159504711173717,1.0335326019386732,1.8985916693681213,1.0778866850590476,2.868684661853159,1.9673625319470696,1.6351592765979102,1.7568288138896135,2.530895818292601,2.4160779339846394,1.432944812518492,0.4511133167792487,1.9390947645783645,2.0824431974205715,1.7041687586379672,1.6056911423023568,2.2165761155743935,1.0062858550084934,2.2319493406745794,2.0423600121958447,2.270281505520342,0.8579677838334743,4.1307990518522155,0.41330837857093683,2.0148330168497197,1.6819467344972963,2.2644857084414287,2.1986506469728075,2.536372064616452,2.0832423497682093,0.4685595206163197,2.130229333724559,1.5485008889636713,1.6288240577796385,2.2598117210473023,0.8340075804054354,2.232584292903419,2.2556457084551473,1.99305426276652,0.7836572695006025,1.6928678256095013,1.9998325201230278,1.2957997489201345,0.538279381841819,2.014557703447773,0.8158711014572817,1.0959671962108295,1.7632216645124223,1.3238904784652843,2.0832873165643884,1.4177579611967406,2.4724364471671167,3.9413150881419257,1.663635315469306,1.4812847364954533,1.8119334886924532,3.608858974451287,2.160968040908513,2.2254486749224407,1.5208624403343467,1.9287494903236482,0.8205506426267953,0.22654905883913873,1.970491103809827,2.7140566454224295,1.7356264311146963,2.0687978485617884,3.3814414590798747,1.9879181163538944,1.8326651531948535,0.7526087191179267,2.142285142467559,1.1335494531686663,2.916702012275741,4.060928830686253,2.7576397429123767,0.8187711325623912,1.5752414940202202,2.0011335271907296,0.8158204148799448,1.36730463583064,2.520287093717902,3.152706900296754,1.1469904716902029,1.2906223236373737,3.1325373013413307,1.5230382558774718,1.0400180870976787,1.8308551242959248,1.2987187289823292,2.8138139452593034,1.0786617260751226,1.1115411991079192,1.694843033106225,1.2314690366244856,1.1795841665220004,1.2333207673118634,1.6401868760570897,0.8120269696528883,2.966722781544554,1.207490084113468,3.282284927218175,1.7234187184994412,2.637664936934199,0.5031945691217267,2.271037974466418,2.6205250882360547,2.78879026706686,1.5898353397549294,1.155294300759605,2.4150748745875243,2.150551188360236,0.7954205142122468,2.920609303675762,1.035589941260936,1.5253140917735157,1.87102624104977,1.595064962746251,1.5278886431663685,4.253550871874518,1.4103392853732697,1.5980038063483184,1.9947312578159626,2.208266178539832,1.5192728732084964,0.641005388806513,1.3692465923975277,1.4244096043227321,0.9953891249341508,3.2767123832813683,0.7960474638255874,2.71743324235885,1.6415149133115963,1.6372290900526005,2.4063217049119374,0.9697537440827182,1.6296664441967996,1.5290751851476345,0.5908737075698671,1.2356055118499631,1.36787641630367,0.8415492725836945,2.1605388744708214,2.684953309317704,2.259794639128843,1.3514089125708206,2.1210533516112138,1.4139823727440781,1.6769850848845225,1.786853505106555,1.182686907068795,1.3375633920252001,2.209276906681409,1.9873928172295718,2.2466154558347875,1.3494665454233445,1.651854715855748,1.9057863277058793,2.241897640789687,2.001039034383967,1.4058883083838174,1.573948219072823,1.9291167150269342,1.2267552731801161,3.2696457074935266,1.9612594498660696,2.4438229317933433,1.7171853627167917,1.8315097499817057,1.770982982143486,4.424195165796016,1.1151273132123984,1.6766779379455712,1.870374150887487,3.2914479706037287,1.121089430029802,1.1590931789134165,1.989408115683412,0.6444060701834283,1.3749367128212049,2.2991792405119806,0.559002884176607,1.4477283254078985,1.6445757788223065,1.6418104798078805,1.3626363050697639,3.33008887324901,1.2380312767867503,1.5599917736367646,2.6199917741426058,3.8418918270986895,2.300074751002901,2.3057419627728346,1.5054142785568518,2.4932611401862093,1.7115579764772062,3.3042128587829103,1.2830575374597444,1.6704347677007783,1.9832923025081461,1.8964134738873843,1.3247123958859097,1.6739969825743246,1.54433934122091,2.3272995447802263,2.375890215380856,1.2210505251952595,1.3748704677475194,2.1035213404876814,1.3040907373331962,3.2289825679058755,1.309622502287034,1.9637052434211517,0.6652335713970164,1.3831161718260736,1.484253620712396,3.33874902807999,1.659809661480898,0.5790795546207788,2.0089746709492506,1.4576610589832593,1.279091909069424,0.9598180507747465,1.8466987024251473,1.2669860528150179,0.6838454921844092,1.1790595159977046,0.8915298532624969,2.284652003239699,2.3299277687696827,1.253272972170161,1.8668533108709366,1.117067468663595,1.8413005828151063,3.5380430372704206,1.0435143117953103,0.7962963400231668,1.01678125566666,1.823309601887304,1.046531792699658,2.0467246670129544,1.2407998618778295,2.1909539282665387,2.603471696855956,1.5467368672271675,0.870044992903825,1.5055761606086413,0.37000148578312253,1.5262355039402467,2.664066193738837,1.2591245682956085,2.0248314271094117,0.9445668353558725,0.5690801027905871,1.7908915174310533,2.2730361082830584,1.5392381249291862,2.1907660558964,1.6445042113704083,1.6669581270259932,1.0119559658049306,1.098833159633548,0.920648752943081,0.9920542192847656,1.6614393011333994,1.3826380136078003,1.2879045296503207,2.8681183449415064,0.9909966369744029,2.766480040423749,2.535876936055283,2.508209614358636,1.6755724754952714,1.53998089489429,2.0799523115218346,1.582029338052663,1.5984778777246942,2.867069266118315,2.3245045727150364,1.4704598452828783,1.4707826691095036,1.3958310199261903,2.538045507817603,0.7806264157440861,0.8042217164901598,1.044472901450365,2.037586729046186,1.1067649172701028,1.2361383099524308,1.9840013023263046,1.9489367531615107,3.331125371057743,4.236468597426548,2.3449923903433523,1.5937442338778909,1.4482725307552995,2.0771373028347773,2.5357205926605366,3.20302540726943,2.6398178482920804,2.3397485738081496,1.5319292664960358,1.0589040119165498,1.2168153127226353,3.216559311181488,1.2076003031074711,1.331629956796216,1.794292999184819,2.426513021982871,2.2316771219915257,2.4372650954220907,2.1970544544863397,2.3746007469818804,1.9578569895554727,3.14685577132654,2.655918424320795,1.457566311183519,0.857844118186388,2.398467742453731,2.2724861012323325,1.1097589672104,2.1495410933823687,3.379936190100259,1.2961541977163606,3.39014868001348,1.8448687286631613,1.790858144161903,2.3115852009322166,1.3352109909776462,2.2397378344669123,2.925971798940954,1.3108935215997433,0.7057885218062404,1.72541321750029,2.0705513481853326,3.157961427815649,2.0113220949250907,1.1252233323467504,2.2955319342693024,2.4414624959331634,2.505389951519202,0.917832060167264,2.4386891880967956,1.510232372121108,2.164088923459897,2.4462745260130485,2.307408406414445,2.204226938451944,1.6114914740897908,2.4282922317060196,1.4222440582768696,1.0119568796976504,0.8843616034308788,4.241592754150009,1.883228124616433,3.595616566347364,1.12651709502,1.0540617694721144,1.6135571022010735,0.9322543085705408,1.146944460805396,1.9736977422064241,1.264334328309845,2.303165161695114,0.6863842121951373,2.404214449741692,1.1555636021967284,0.7731973372089387,2.334571219379441,4.192315202640714,1.550565449281363,0.6130584431492984,2.06182194188151,2.5056932030505563,2.2831115713102763,1.876383700916668,1.5397799362691305,3.5332395397853205,2.324155546638532,1.5603198389327333,1.4597679749007628,2.8901560180229997,1.110944708029173,2.303433618792912,4.3287514832221845,3.2666125486689435,2.447201094666523,1.407755907781154,1.0190709594131335,2.023436261086328,2.2111065020985423,1.2908286258873884,2.635709821386433,1.8058690415058698,1.8212206945984932,1.166083345793406,1.214926544180623,1.4610546689038983,2.1743487353676403,2.6923894827997317,2.615403194234396,2.222016923555086,0.4467034444507902,1.355366520344416,1.3497754346875344,3.034410863293197,1.5482568746250502,2.7280728491213475,1.426518076388008,1.6621470511254692,1.5409531572743722,1.6864042782324313,3.8375400270940325,1.006874759785966,2.3380891775431243,2.335036727021896,0.8995458180937956,1.65682744104829,1.1844374179565893,2.172208314738541,0.5554060434870152,3.2621607834501747,0.9911522432241309,3.6704723380587794,1.7274635433000332,1.01331105806529,2.4646481275159493,2.543547538355197,1.6909351111718494,4.116321137774413,2.35517702927332,1.218130658829375,3.558926928324614,2.8356541703336537,1.942154712289268,1.4419900847228222,1.8705942030357658,0.6783564358058833,1.9251356070814145,2.1965515505649726,1.3969706485923756,3.02714937530495,2.440144141790079,2.6457143231437663,1.9199609512193603,1.9904123367167905,3.8372088455881146,3.019874411607144,1.9451964408457234,0.8105121632580505,1.5760793184161543,2.04467704522298,0.7617607316794018,1.898104756091102,0.7857501680393897,1.0764265984574133,0.8731093282069149,0.7260220397753264,2.449726913010176,1.7785951245531593,1.4019127284054658,2.065940126135137,3.8801169397803967,2.898831258630821,2.7193781845509424,1.1195490322198802,1.5231257690785982,2.1435226317559968,3.728583179462058,1.559656686296785,5.456850971094873,2.821364656495348,2.1087784846945627,2.171230989765983,1.7706882569847227,1.9092821641669662,2.1075076359913103,1.9390917113515835,1.2192901837411776,3.4145382253134113,2.259278025694589,1.4782197568227748,1.6078528064882194,1.689374517844711,0.7240351365962638,1.5685604605462928,1.0963201955242021,4.0522401205720335,1.712694436580902,2.3466620110680747,2.92300905304932,1.903504219856957,2.524944149808915,1.5882740967768996,1.6967395077657863,3.457133976515479,1.7911102162357146,1.8749338105681586,1.4649259261466185,3.2787546404025054,1.205337709327513,1.2934734593503323,1.7354643641221057,1.522819637023471,1.2398178856926503,1.0142669477472142,2.954847147427341,0.8338839599948075,1.307275267872051,2.2464498218763245,1.3249818326982528,1.8188465457798304,2.401245523184803,1.9938503865610184,2.172176324950243,3.7539732602382276,1.2764744938412365,1.2153647045671936,2.6851482647866414,3.3351666678511074,1.1389515180957979,1.2439123909873913,0.6371921617779553,1.0743142914513406,1.030683621128106,1.1637595635504088,3.0518007058206216,1.563555331318096,1.8350707350242708,1.2843651121092001,1.6587469322787973,1.6474698833878927,3.1829163587477507,1.2141219424029754,1.395579506258969,1.3244142947179485,1.3744226542013833,1.6285763115449643,2.027717361765901,0.8805830573997404,1.9390040615317363,1.7578910628452777,1.3683237272860103,2.463499965235808,2.9723874332715807,2.164357997364489,1.0402390252048752,1.3100929613730932,1.3051452877131546,2.1146115406028714,2.783185718726784,1.763524062870984,1.9550631514331689,2.3098743149448064,0.663636405308587,1.876993957985802,1.572640829517066,1.3520749505603509,0.6627551520213721,2.513974412720894,2.326479781902385,1.4126128739152721,2.063172528986518,1.0796953333218426,1.4840746327740826,2.3780516539024674,1.2399947012926438,1.1258804992507447,0.6259021442585169,1.4584528606439298,0.5453723301468749,1.9443099375029549,1.986741707957811,0.8178218065712093,3.4159331562396145,1.7982010625358908,2.0690560388690464,2.1135106695464394,1.9077923962644048,1.7826422584570158,2.566624689077953,2.3201966028793324,2.579646696256291,1.1655862683550557,2.6829976687713097,2.7195368754372535,1.5117693062763615,1.8173098375406735,2.007397753344919,1.2556268016958765,0.6844826761813689,2.2462231748846,2.2948719503723,0.6418540554756729,2.323315859910101,1.7072552502298897,2.6059336108339153,1.3255382570836505,1.4167615369998516,2.2214020176849223,1.9473414443256087,0.5931187043806591,1.1614369348295444,2.3277881311265047,1.0638965904130018,1.5674117805763048,3.9283524163556636,1.4304914437463285,1.8185092434341876,1.9902514947980563,1.8325102868287755,2.688453914838693,2.034976745332811,2.570383707219947,2.200813242460635,3.6982897872381324,1.9445677065096258,3.315831705810082,0.994041619172553,1.2767274309459786,3.255442975633635,1.9739818825648021,1.0732520203176472,2.971335562128255,2.509220713975719,1.5146735860432583,2.751448031244027,2.508366209817278,1.6867322710852841,1.7475158465767273,1.9895255848511384,1.3601996518378454,2.115309681657236,3.265062068161244,0.9466734521373514,1.2496053305490515,1.7520566275794898,1.1179577019845792,2.244671234896564,2.575678313506596,1.588844787401456,1.0428566163819137,1.915760583933012,2.0646283562852905,2.346596040514079,0.88330202264423,0.643541104291523,3.478070507159741,1.9886314370897407,1.3074330126615479,2.190753677095281,1.6970727970495587,1.4881381519049404,2.439716711270881,1.3940117862625072,1.3153588433147336,1.90061134249529,2.1295192372435965,2.087258465526061,1.4870621809625522,1.651747477616814,1.487949884709204,2.9172336658438613,2.9485158203907056,1.7038922933053682,0.3610067037010791,1.782327958782689,2.636817304725761,0.48153026002672616,2.0345139543243427,2.3607489236391017,1.7474186002998935,1.6030283927962086,0.7237300482536759,0.7481708849871153,1.8778007544200697,2.000253895374086,3.9339046281701933,1.7250780807877821,1.5627462726172645,2.5554431077019433,1.5755434736525062,2.276085040067198,3.0722375600809526,3.070276181624978,2.3604771291765565,1.9488404648740119,1.127626646117615,1.5344077933032179,1.777938220676793,1.371168394909345,2.0486089522791953,2.917832919492485,1.294226147217799,2.30607149823824,1.469915155775798,1.9914189549276164,2.2191708190462798,1.7749550413947257,1.4818749829667817,2.4513107757133774,1.275538194252626,2.063461867927182,1.8743793656612826,3.40834619898407,1.5684259208031988,1.4810190038590525,1.09916471623667,1.6678843014335412,2.05960357810464,2.620397104477993,1.5750027930067065,1.552546673802896,1.5111013990591187,2.5210114262789256,1.535782695107266,1.0182446077196385,1.0875567359903118,2.8293171315970147,1.199452720488771,1.1078102135102426,1.5264573296761565,2.8031620807696647,3.80776344251127,1.2137775418458718,1.3594410264040515,1.5315126192182076,1.6639186127564236,1.6783486754026495,0.8394873543406538,1.7867445838803169,1.7049949707527683,1.594717925063029,1.1947320059264421,1.2927022884280044,2.241578128758616,1.5465776649235565,0.9147099951789629,2.722468949219431,1.623602399720732,1.3475655900459231,0.8531016686426474,2.373300846522702,1.907140663186912,2.335493482880292,0.9117191447871982,0.6969048875789585,0.9338610580288915,1.9247102110634264,1.8670875049910531,1.5848583032293484,2.0269093407048526,1.0204437284658634,1.5681669618757483,1.0682443200190694,1.8423917306406992,1.192612672264286,0.6454888459324402,1.4547867982939544,2.5547789786868997,1.8639800994971858,1.918393919309167,1.6587455319215307,0.9627002508994017,0.9577232815544842,1.7999930831540443,1.612165363020103,2.0709040035823034,1.944463971871377,3.0436199256135197,2.9540474437829136,2.5716782693359175,4.5058783111293135,1.4386850430400582,1.8276669047060303,0.5609496232445508,4.8413873366116915,1.3451465498086619,1.5664594031617347,1.6281508969059755,2.609484061273734,3.0273075695469664,1.98754103290616,2.967237891246879,1.9351146824266952,3.1789717406761215,1.823348149514509,3.193479221677483,0.7658980337413362,0.7694904691178535,2.4884727806534284,2.826280803026788,2.6923075613862464,1.6738452277612288,1.4408782478672089,2.4285131548225776,0.7675736994170008,2.221133717250308,2.1640678613479127,2.4004907803486355,1.4317662330248941,3.08521860305252,1.8681795732070965,2.739664254034538,1.9077897983341359,2.564049751565144,1.549452472028392,0.8833673248263593,1.840150479815633,1.6910016654776252,1.020959904683471,2.61895940091076,3.962306415604419,1.5030212138846966,2.164065784449558,1.7149240704899502,3.101450999821661,1.8259881901540123,1.1377844981615244,1.3316438118165004,1.6090711450493849,3.871846807154691,3.3608020250777257,1.6164762580392151,0.7965565226660425,2.1661772091661415,1.8339312120238116,2.0423665282209207,2.0444727536073732,2.8650707600618857,1.2821269606046144,3.48783115532258,1.7993757536413204,1.040475523880532,1.0386694806431562,1.6105026710221624,2.3502104398413186,1.6294353097357608
12,2.6550277210161752,2.253463131698048,1.8277057561555443,2.352940138169771,4.220069949205294,0.6507261372624116,1.4545226511709874,0.945303700076376,1.9217873312776985,1.3860464274582047,1.5343775570997333,1.4862826380055971,1.5912230243303478,1.6377300762223417,1.7416732300121218,1.1967597975585131,1.521535232908691,1.3365454545487112,1.6805299965835148,2.1792957810321854,1.2799641970002034,1.0543571538605256,1.3306800117561146,2.708175506339856,1.4181193120014013,1.3430682613432512,2.0225777934671294,1.6452238134345454,1.735364249870737,1.188823990230397,1.1046971334942708,2.0154001206442698,1.9800970441720191,0.9824774754782613,1.8686733404881521,3.2032547150804853,2.6509604679243925,1.230376623904014,1.848683157398233,2.0622929542920314,1.4257627493762657,0.9195267136552179,2.458618748976331,1.8136555544201016,1.139814976256626,2.2336792839592055,1.3273728069235327,4.7887601288456825,0.9107533469188829,1.1219369967413289,1.8523244888197594,0.913252149670483,2.0435061377504207,2.877471995005269,2.059292478042585,2.6073824189343036,2.8891100383432793,2.549851989023062,3.2452629150419443,2.0544987597141153,1.5949038594760403,1.7248554147494297,1.8191491970906188,0.9368405148435834,1.6226576729739093,1.376162686533198,1.4172689123828324,2.2659185605655656,2.568659215096555,0.8931898101701753,1.2277196568217292,1.3194169543919652,2.120166957525406,1.9198242066085898,1.2455841643235908,0.836085583274626,1.8159967449506835,1.8859604460928436,1.793105705922144,1.7705734156073953,1.2540736128994212,1.513919506135346,1.684477785633129,1.5553316700970818,0.8816769844658465,1.7021702359933673,1.6685901828880694,0.760733654522035,1.558756075671639,1.1943541637099735,1.534509440428783,2.018558486619834,2.1941694828841003,1.7121130016743287,1.8752894581064234,2.1112592456857255,2.1214653409173074,1.7407394643652097,1.0728253381110888,1.163895916792532,1.3073424587444413,1.5343501822183914,0.9745389533893902,0.799473338470656,1.0954610499849604,3.5008870757962764,1.3621161644932083,0.7079690379655816,0.9450910249790769,1.697302671303376,1.8560630974370245,3.524597935868035,2.094154027510635,1.9795237429309174,1.1428766176724072,3.0549647968932896,2.2636614527416534,1.2152599744284105,3.1780071644621026,1.577692428525315,2.2606697271631817,3.032773649725176,1.332429832125562,0.9441844408693196,0.8695772761365224,0.9917690860044461,2.025963382349388,1.258470367289033,0.7335300573184154,1.748251380373489,1.0916878627914663,2.2675045669084413,1.5725732551863412,3.0683804430407178,1.6047944514071981,1.2957093790168899,2.1330628904828774,1.8765320445896894,2.3911708322632244,2.578911688988594,2.501906255491881,1.5557881762982049,2.2593399060930808,1.8747725429520974,1.236317421861225,3.121308992635771,1.8800742865727553,2.489415966960855,1.6643739931445956,2.9642432390972733,1.4457636297387708,2.008248402100369,1.3377996858549994,1.7467801326049508,1.5882173365795165,1.469117712109885,0.4838779155282586,2.3646412880919114,2.360213442287839,1.7029849480171435,0.9189054256326894,0.44426951589923697,1.6477124312597686,1.0408910550188561,1.8017116147714018,1.150665911503462,2.8048847110032535,1.4417432674838107,1.2359162294902033,1.6337416329683265,2.6966284061949377,1.5104430524278127,1.1475277928336503,0.5818099444634887,1.7850027917771367,1.8090853219134846,1.6149994352446875,1.8744036766533085,1.9868375747430709,0.987252142257665,3.1473389839433326,2.1374433637830075,2.2623859926392877,0.9823492672941614,3.9756293063721624,0.4659227569922371,2.2912128796554985,1.708028678177506,2.0298486568545058,1.5963414744851183,1.861218758664645,1.6669935556407733,0.4287050227117177,1.7924392736125752,1.6086875109667949,1.1677459515351862,1.7498143875036005,0.8005298489250492,2.188013673165842,1.8642149026294992,1.6886604519991826,0.8529192597939597,1.246782126195802,1.80605731251043,1.0194474206809048,0.48264781591565004,2.0353586862713895,1.0019100154627345,0.8560315469488424,1.5839562136650283,1.0823197342600976,2.2051633032428772,0.9139344272573168,2.3885058212739954,3.2349861726773144,1.8748062859248318,1.7980158703323168,1.6870257693959827,2.8244693805909726,1.6380900413224686,1.8193243605987328,1.3017351384915143,1.8108804723929737,0.8241863529719418,0.4229176970277977,1.9807972466144739,2.379741044572807,1.7058677093600276,1.9865655071098196,2.7352077677819597,1.8563983007185294,1.363761835190591,0.6053187991143637,1.468957374663514,0.9503563546728419,2.203955794865758,3.2843252381207955,2.3508203844581637,0.7700922216539555,1.4854401312533674,1.4172232741117747,0.8861476891234573,1.2678000543649388,2.1777445300464073,3.651872067312307,0.7450285814018315,1.0672087840048474,2.4961770116645035,1.0853561626432315,1.4319258578307221,1.3369336765548567,1.2793577153847513,2.0424523914859103,0.9348370417267007,1.2246999253475896,1.2666106173089529,1.2087304176709304,1.3113091404558155,1.2534516785943886,1.02205379517354,0.7130068216565821,2.8361783636626448,1.4126855303625445,2.7993579257251966,1.5359004248670378,2.4789401134199136,0.5467087883355073,1.4699346298738396,1.8587255078326823,2.6004470118200116,1.7158399610280055,0.9866531115890527,2.2262227391472496,1.997937316248496,0.8308780900462284,2.5341752629804226,1.0278886963048015,1.5949739287092795,1.6741537737238654,1.5756232232925993,1.6486451243907907,3.9828757674447344,1.238382294251394,1.5064449919819352,1.8174333065105401,1.891151586109421,1.1999336578763902,0.6955077056428262,1.1879530572482775,1.526729260838632,0.9944622372097296,3.2574907319481534,0.9163364878686664,2.1165797421272545,1.437700664491379,1.417503550270529,2.061620023742394,1.245447811169093,1.7066005717017694,1.4910232592958466,0.43735862104480455,1.31538085009521,1.1471999887863817,0.9595440781965522,1.8546765504108862,2.759965140526159,1.779254212297844,1.1001441508666903,2.190510811208873,1.2178244177824704,1.3646198878329237,1.3353024209268634,1.1224304412080797,1.2730562488595836,1.5545448294456263,1.768492712692784,2.1499650574400433,1.1814194032663055,1.346532936308068,1.7633852689600258,2.305662206352706,1.5507904194568707,1.2222693190970206,1.2103494451732189,2.100208208849018,1.4360957447780212,2.857299257523736,1.4322883510539444,2.8296517555343925,2.3649736210999768,1.8879175206224823,1.6357414731036646,5.29669632683281,1.2923915383271625,1.3940577631749005,1.5320253597710194,2.535191739500206,0.8315278641406454,1.1976764179748178,1.996116852353305,0.6625227212250905,1.3094433553642038,1.334952200752191,0.700312703461063,1.2751772580284368,1.5409527503594063,1.8332051468718586,1.4973676241534788,2.5154174186044145,0.9792677403463019,1.2936531272576572,2.224251959127609,2.627233004883424,2.2245425631728852,1.7696676168806627,1.3099210121114369,2.3984117184640787,1.2480763805838606,2.8465154981578045,1.032400032699946,1.5351846513613392,2.805504200275825,2.1841390258335336,1.4336573353850728,1.2322759358410162,1.7796066843500518,2.453118084535345,1.9046216734887678,1.006230182208269,1.128370803694214,2.3478007103880727,1.4181035966468607,2.7157651806683885,1.224471798431714,1.6806490046493003,0.6145663328369964,1.2669589026514836,0.9928216415978637,3.5352852867622913,1.1945515574591905,0.8662029876471102,1.8572734343358885,1.5398615458285991,1.1034841218144744,1.1176497851293783,1.849101239793017,1.1481171182076686,0.6710670227071841,0.9951008154574487,0.7285001126736557,1.8249348010277127,1.961122082353369,1.2829758983508357,1.5083925766560295,1.3376521552021958,1.5081901714442731,3.3046039860274976,1.2161380762575444,0.9620903292082295,0.8850003315492909,1.5214283416062915,0.78507448400774,1.879292752222402,1.2451099809793265,1.913045187745378,1.8112223492603696,1.5201054004026697,1.0622805393526278,1.8784513445903337,0.46465170990026833,1.4776041733885383,2.4100478984739198,1.266457999136076,1.8393455899986038,1.115140286166248,0.5323714792739023,1.7263183959932447,1.6546450442416443,1.686588775402188,2.0284575906437214,1.6648865409237805,1.496904588834246,1.116715502417358,0.8381649142753836,0.8533951113032631,1.08920434815504,1.2301015641373638,1.4640010126239733,1.3509800238310083,2.311607162083523,0.8009375467463242,2.211788377559838,1.7199023620058087,2.4106122602171602,1.1803362582059946,1.931572466991616,1.7683280442525815,1.883145549087462,1.3449598000787013,3.106573065044613,2.3190500719744476,1.286264129476561,1.3582674203498935,1.416348130454605,2.761806986040991,0.9088406581354905,0.8484056539010234,0.9851437889080181,2.066114516785504,1.0008197561334624,1.0916645366881501,1.9265783868541333,2.206724178796451,3.2108508995618705,3.342441658971168,2.0431396418807926,1.4865723601252314,1.5285754777038516,1.6689995827969288,1.877009785022237,2.609320055412046,2.643450432044118,2.5807183086459036,1.128916250048064,1.1363388302956392,1.2461128139127835,3.298130550087987,1.293139337264535,1.2034312923290482,1.6528774342421426,1.9542517891073365,2.066325906223684,2.272583360653104,1.8290525272571831,2.438427822221586,2.13968022376634,3.0402544435498617,2.607067381161074,1.5631174662554723,0.8080100973394302,2.1075768813856905,2.2826480875988113,1.03242049067779,1.8984373707529687,2.926145234251169,1.1676381426976654,2.215722810771062,1.802549004046865,1.6096108982718766,2.0352390164341605,1.091879633760186,1.7998355902758103,2.9990551030099635,1.105375251705433,0.9172962640974545,1.4578935175583339,1.8252263208436978,2.521510115912029,2.0470084774757598,0.7980109920380294,1.9265708020887047,2.6359044303042967,2.556574255805071,0.977369851485439,2.3396343998133506,1.5952575788842105,2.387830824547768,2.2454061150391382,1.8179460781987271,1.7238903393216427,1.4782900854027972,2.4257434271527742,1.3466845720891587,1.1998086233200487,0.955347561910719,2.625155479301674,2.2505219821477684,3.433105954396614,1.220118335833278,0.8521474003681991,1.6861744534009313,0.8097467660651458,1.2331859753256889,1.6026024342413667,1.099491291535295,2.0633882635565226,0.6038233917858307,2.0137626255858945,1.152068884422884,0.7600800845572191,1.8825260367217411,3.5762999039148737,1.5707457440670214,0.4024977680311346,2.0924666748050256,2.0419079947426817,2.3552600317145895,1.7319778628099456,1.4397406465167322,2.752989777119874,1.454604902337198,0.9114687191749062,1.5069708884400095,2.2269732372563618,0.7392791262152437,2.078523535546651,3.4710480313253846,2.86747760817391,2.368648686130318,1.2841556383499366,0.8824871617145706,1.5421651077111986,2.111932248359567,1.2715947280602031,2.2787516080276866,1.5916527203365303,1.3095751804314628,1.2926956753472523,1.012938338605321,1.7083204430127545,2.12383442757616,2.2925712007146912,2.501482715944096,1.836794546394561,0.6339956837974887,1.1254907162024803,1.065700154189125,2.5829844465105243,1.3255973461744086,2.9302721419964755,1.650789563178336,1.8485826630084414,1.4945409947332484,1.528994089614073,3.9649097423930906,1.0513910110756508,1.9675687737663203,2.116504457243025,0.7771104799722874,1.6696503233380224,1.362255938012607,1.5243147313885537,0.5026499394547945,2.5417664542305274,1.1443133958683438,2.6982777858233336,1.4522356919480766,1.0554249050869249,2.295499827095624,2.2412232831102803,1.8605449972607409,3.225027404185113,2.1590965540096514,1.4385429797438634,3.230441462240687,2.6339198040771463,1.4071251372897446,1.1480533433800744,1.8879622798843823,0.7461364525476241,1.7938221878025402,2.036274896008808,1.5079857950854878,2.6898915817655698,2.1875223208888164,2.1071422490753524,1.4064862613148241,1.8408397524763953,3.044323218540446,2.742245996246636,1.8696877790395254,0.6731035138446004,1.3163260434794881,1.7080348086360848,0.7741987309828136,1.5445834563814755,0.6871879138859903,1.0402116005692439,0.8085415908896403,0.8599406281746732,1.9144285869423883,1.1864325811717589,1.2233111161170018,1.6186248856155672,2.6737319006631894,3.1250829768479402,2.2973803985532046,0.9993947887414815,1.747944479072721,1.8654754123514994,3.603638334718279,1.7080339264186053,3.560714559342535,2.9826459425659353,2.2155300072640074,1.9573052684186192,1.8817797178362325,0.982010260490835,2.120376915512798,1.8448640049249532,1.4193798993650106,2.707065182697235,2.407759078160898,1.3951738426418436,1.6952766941381303,1.3685789835866984,0.8979647051328852,1.497057824497582,1.1199983103501372,3.6265149381871744,1.4988869615750617,1.8977971712184036,2.508766132266886,1.5952722595780364,2.2378029492793354,1.278915957451449,1.4541702064272162,2.7910385413635868,0.862218712033067,1.806023449124394,1.2863671096517006,2.5062990819567625,1.2300576039904239,1.0991651306819403,1.4810321382709188,1.4503864592490672,0.844624980581027,1.0207501940083867,2.827982598691018,0.7063785055778243,1.2282680381264695,1.7894377877306842,1.5599205911169918,1.8246490366644872,1.9300609391246197,1.719852299173751,1.4197816140911592,2.8841329754550427,1.6728315063959711,0.9721980760758673,2.2757380216722485,2.421475707192265,0.8434946820791411,1.2425539626894677,0.6817105840308222,1.1473141545285537,1.1150400500606152,1.1458816294572076,3.14071982495589,1.5541445775874863,1.4997524522174959,1.0612601330931208,1.4268829229680748,1.3492605728528084,2.020746906665586,0.8869647634428623,1.2140156429900846,1.1154972179427602,1.1178388896354883,1.1801777776326368,1.7868836948225497,0.8812224987471602,1.862595762616361,1.6409380067823212,1.007409594675066,2.209910078849467,1.9240108458508145,1.7994909635076697,1.132083661844848,1.0028781568138525,1.3134548729061746,2.372869858191609,1.821470159972949,1.7454324539329504,1.363517163829912,2.6364856595954285,0.5739683814079083,1.7475994404510706,1.458933049326276,1.7465903232834692,0.6986394429005538,2.2925392694155047,2.058331649381782,1.15817473409436,1.8129189713938043,0.9544353858864041,1.4334959879492823,2.205530527566992,1.3922972623702952,1.1735922480762642,0.7694106461076708,1.4308857480688295,0.6443891198508632,1.6859669898480976,1.867775784255815,0.9063863793873079,2.7689025212981,1.7973455858896936,1.8856776130385025,2.1853625992650967,1.7455757474136995,1.533034829096362,1.9853275802626964,2.4308110406476326,2.5555035300975293,1.2176574345714122,2.8211914341758435,2.3436807661131853,1.4763224715063092,1.57550919104027,1.6833564692752985,1.0087458158890505,0.4501604749560404,1.698644352032481,2.1866102494943433,0.6610618883171935,2.1340817020395693,1.3425729447461905,2.319712466691333,0.9889045829123837,1.476378742733466,1.5029502235985879,1.791288907705951,0.6115426734930254,0.922769157443544,2.087828803149254,1.621678745663568,1.1834906036766648,2.9981702357422644,1.6141394304567562,1.568917151833767,1.4072887035163195,1.6683155758050146,2.941690213751297,2.2769780893913416,2.56809062686227,2.2391211835838964,3.189259615101884,1.5194431271815168,3.3755623551917626,0.6961307044158696,1.2963509646830966,3.5451024067219095,1.727919309050058,1.2001067682885405,2.414089484003998,1.8377616095367413,1.6464499570307771,2.391274570199484,2.1043630357033907,1.9501123262278912,2.097768483065698,1.2865592519741769,1.5778496031513054,1.8196322931353424,3.366372008493736,0.8479042692915552,1.0719208184559132,1.6044117884852334,1.1168973266731341,1.8092111570057279,2.42221618845282,1.2188593199829847,0.7660293419551367,1.780810948992941,1.8186819522354143,1.898818721926626,0.7310781592637559,0.7184330329910698,3.2228451478278535,1.800262834472688,1.2992713799875923,1.8629271579676625,1.719579007824515,1.3571741582477728,2.403717835400699,1.3881199386778256,0.8749729289724973,2.0112871053872983,1.770484912104994,1.8350012847626864,1.4826204840668515,1.4095435864300776,1.5035428189364457,2.508719128318548,2.4048626320972817,1.6121574918489685,0.4207602523010273,1.833718425817985,2.3318619929405355,0.5841883070753896,1.6026793597814135,2.1669207269949626,1.2305460808563204,1.6187147274301867,0.526164916186152,0.604628062927626,1.8607776963259623,1.944254288145817,3.0348895496073047,2.130699331560866,1.2796716049200156,1.926103143944875,1.4166911022032855,1.8926191943452868,2.2811639124314644,2.425795911120751,1.806165471162186,1.9802227069209501,1.29028349476252,1.222923293118991,1.5508960792233157,1.26751995175428,1.7194127563748345,2.541472576090227,1.0879314164112088,2.2517499669825596,1.7452357965302692,1.7630450566952747,1.5920642256213706,1.625841872966211,1.1989640532320993,1.8341606534782993,1.2269523841345744,1.6131483710636485,1.6115245930796114,3.0467302762082107,1.1841837527689028,1.4370310767601577,1.1978156523356724,1.3870144095257295,2.353039945879642,2.669171593830522,1.326265189217287,1.233316691484268,1.4856600030014189,2.0727748807663637,1.1603033291113038,0.5418733743497623,0.9259484115141949,2.4397460470943204,1.0217561695879063,1.3988834674948447,1.084259034585941,2.839418790712929,3.2587019111932616,1.0443210040109812,1.274613310361966,1.6106980561602384,1.888846483687244,1.3163505189798554,1.0242993483299911,1.35691702594535,1.3277487960145318,1.4755606395693739,1.1478973483958663,1.1497691536847614,2.365047497887245,1.3182519164854205,0.8040719303915299,2.6814919645009923,1.4871825733878439,1.3361149981732816,0.724351614136365,2.1063218397855867,1.7803958118156045,2.1496595717575784,0.8822724519018076,0.7693958050423844,0.8493602155572517,1.8590783405408493,1.9320114239902297,1.7535781579081444,1.6567756445086346,0.9984846442463868,1.311914946625423,1.153811577002525,1.8777569472363307,1.1025752539512563,0.5960702074312986,1.263742555727597,2.180836992438131,1.8028611509669004,1.8316922501084993,0.9478904651725338,1.4208693122238505,0.7390399415641922,1.6200482079134515,1.7069403265938023,2.124376167731202,1.669616085290159,2.974262781155543,2.345088100054381,2.591912592542389,3.793794308789972,1.3924876598703482,1.6336785116908619,0.6061824494031118,3.316189806154533,1.0823047407498196,1.1088881411860312,1.7492770303799952,2.4369937926605423,2.896583662262927,1.602765350074997,2.171481205547758,1.9881397467852202,3.0935791804677,1.9655041328636729,1.8232213989316335,0.5424074026815002,0.6257137137930553,2.602144792164949,2.6391999817869243,2.7850834067276127,1.2683654131834459,1.4669848335458837,2.1432916295399487,0.5311213856471997,1.5675545845791494,2.031644738027796,2.3031387921385544,1.2079980382352304,3.0169588864649084,1.61723808984311,2.801560640735283,1.8017760465929138,1.7023805496219877,1.3912785567476116,1.0336060352998495,1.7183981413910523,1.4822134479824407,0.8856158822949909,1.7805928567102405,2.5468176232727706,1.057876483726197,1.9609251935092404,1.5819161010406226,3.0015008733671573,1.7214166048997763,0.7873846667531147,0.9929548559935625,1.0686848161767206,3.3996680977196885,1.9774657076849453,1.8108539405412085,0.8086379426376664,1.9705268834057663,1.713909321085345,1.6659897178313892,1.5816256849190302,2.5479696763612503,0.9968055475047917,2.68710257705919,1.8780527134009821,1.1493350424721431,0.7711706924514297,1.6797363735868696,2.2137832301864413,1.0404263156290443
13,2.45848154955059,1.8920259908156216,1.716767658218356,2.043453552802019,2.434797055471678,0.873938866333491,1.4806833567382682,0.9320779506029465,2.3230407401287185,1.3206345657129908,1.595467681056439,1.49021070257004,1.5352526567633356,1.7159323607248966,1.51443390191146,1.0477840335539867,1.432593280731635,1.1280069675437019,1.8005761466897052,1.8699681419410878,1.245520614606698,1.1879484214984193,1.2348734611720817,2.480883188654746,1.2287815187967635,1.54725340982999,1.644799882078478,1.2353440706928605,1.5160457089136656,1.3629386275927562,1.1449467407330358,1.539919537845026,1.7871087187208412,0.8465005188398662,1.5265395762025096,2.6160685613839245,1.7276548445843116,1.229953109479496,2.032727307838134,1.838233749703678,1.155990773716152,0.9003629319308213,1.5762473259426357,1.7146205399352945,1.2603616754030726,1.9010118063658998,1.1452022388863763,3.708878781526659,1.1367311784899918,1.042807735146519,1.4490267706121884,0.7266988680818596,1.915200133019611,2.547672081305393,1.6971824328010658,1.6538726780006572,2.622806498343892,1.7927072350820545,2.498387245085122,1.9343770804939504,1.3745221674117227,1.8748309578893358,1.5103853312220679,0.9550892565336007,1.4049261819529832,1.557470945619336,1.3131521845434795,2.0004291346703935,2.2481023819653343,1.2059832085140865,1.2105473057087763,1.1435488321643308,2.072662889664429,1.4812132696101248,1.02805151652441,0.7106013002219715,1.7081975041474666,0.8735801386571729,1.5378362865384712,1.6484323205452986,1.1244821222219494,1.5550676059620552,1.5878270405411177,1.3751592913594446,0.8071292818723125,1.7476917219778507,0.9165153786165512,0.8770676206029209,1.3231733886354848,1.3479193415574873,1.3999400379388907,1.76491216081884,2.0290601761838256,1.2691202622831694,1.8728783871644115,1.5857149364212648,1.6722196937513387,1.6565077734922606,1.1815167545200493,0.9904493531553975,1.2525490189114503,1.3730239204541517,1.054531556090988,0.6994414024604199,1.2554916385092576,3.0213640888927893,1.5376111068553664,0.8740891150869459,0.8150792295000117,1.798753450531089,2.139202974610456,2.4644658570576636,1.975819535383649,2.090551212330885,1.1517099379030744,2.5819997211715506,1.9989475281873035,1.430508367918802,3.2582186567238365,1.4374632886919332,1.5125731375965592,2.990125468623712,0.9760869738915661,0.7391310298933146,1.007644108557186,0.8306655441916675,2.1113586923624985,0.9494393052877392,0.8627654587109991,1.5360128806906386,1.1117347784198093,1.6960870754679191,1.499080703177366,2.226440361816542,1.0931778654658086,1.136268833143329,1.4957651531266578,1.7030946818155839,2.060986493869068,1.8900970432646267,2.332626184049853,1.1548982828485124,1.9660481251048776,2.0685322748657198,1.2472134987931969,2.7487185392331397,1.6760228083262105,2.847354194378085,1.4285674541323607,2.311763701175587,1.361463903798498,1.7467003882314462,1.1963200797404405,1.705887541218736,1.4941042066775214,1.5146707059232456,0.5944613564577494,2.1094506770977137,2.0167769188793434,1.4182442200994307,0.9524979223659651,0.440829205328174,1.503982779900145,0.9785081234621444,1.478920636174105,1.2425750725660571,2.5418087968093497,1.1077848403600417,1.0140279773170122,1.333956193106442,2.402205884301492,1.0712971014711639,1.2320675968752388,0.6665247376522799,1.4651944090269744,1.5313965447650701,1.3235806496710212,1.7794720210898292,1.8909240008688506,1.0850021002927046,3.656214027478187,2.0938606356066254,1.8768178724615572,1.236287066745332,3.74472575261021,0.5937547417555736,2.7591374502796087,1.4348579995839006,1.78447434933261,1.2246148536577035,1.2270966114394992,1.416639361943542,0.3875769636574042,1.5213362590921744,1.6396137297587128,1.0454192795492152,1.3676125753860047,0.8003892211127862,2.148185551033317,1.6528903078881203,1.4665413113783732,1.1464255302221174,1.105116648238889,1.570604448323294,1.0172528317931162,0.7467596743610809,1.5791630470290146,1.2415618518538534,0.7403235242280689,1.499222788504008,1.0756120076689668,2.3532401438807105,0.8954585916377173,2.0520971021991716,2.708669819586253,1.6611146327876694,2.2395241641422112,1.351482316943917,2.072250125765944,1.4294434807287262,1.4856095396559317,1.1749667075859838,1.6828856228165727,0.9867707324712617,0.5423808298015147,2.0993629420831788,2.052780001646751,1.6730557016078822,1.8666123272872024,2.212529270437387,1.5585151099473686,1.0869133339812507,0.5876435393129169,0.9843754081292351,0.9769290388573578,1.644726640058412,2.121045420329837,1.844778302094952,0.8289406706975815,1.6531029439688665,1.024922360973801,1.157564009491478,0.9957241403340579,2.020778942207196,3.286454445947787,0.7203280053075392,0.9895480914351147,2.0622494721494307,0.8283753200456168,1.7339171966304963,0.9627686157335595,1.3097609880368557,1.6105002698511504,0.8575392793924971,1.1906596841996346,1.0835717807669163,1.1072704773163518,1.420462655194508,1.1886297238401884,0.849034888841685,0.5739414603309188,2.620632740834137,1.7833175779271384,2.3226067718238457,1.3086938052854264,2.2203423727812837,0.7141285882049939,1.1792589302890284,1.2072608692608915,2.570507500221278,2.027675136958708,0.8956347637596084,1.969963313599778,1.8361035877953247,0.9726223778385361,2.3909768343892104,1.0070496197497816,1.716821479967795,1.7449847546244746,1.4836672064229164,1.5779733227646149,3.7589152087975046,1.3255402497400761,1.4729475411358912,1.648281821669099,1.7644453151541453,1.1490490324294798,0.8375472014707945,1.3691674852246478,1.683893774869981,1.061691696816533,3.2304976379893957,1.2357820389734158,1.3695503419213204,1.1501801621009078,1.230310616535072,1.6918023709734784,1.4565062040979853,1.8065555301404264,1.4497842404513799,0.3727253315446881,1.3158620545853164,1.0130628504604084,0.9427432171028368,1.4023645237269515,2.516539340069113,1.3263814656584292,0.9854690657617979,2.1967666267516255,1.1023164671328782,1.045251118471258,1.0536018820470234,1.1810944738565774,1.123400061967827,1.3120076957773583,1.6185906346292678,1.9267197368962061,1.0027468963384336,1.0828871057290463,1.6251131306532574,2.189508124132491,1.259231160860518,1.1342199996067903,1.0239442154953418,2.050994608128362,1.453415837503896,2.3899395254763838,1.1152053777387296,3.0133255170546565,2.5995175119660376,1.907972027814581,1.4867768626396796,5.457613666460773,1.6857390672930919,1.1288704991906706,1.2940607065702532,2.031212811353301,0.9252778964956981,1.2031161312945726,2.1556675874403957,0.6928436904631208,1.0796880807058553,0.8004956750106736,0.7427092965759488,1.0274397148633665,1.3950993389756332,2.558636818997063,1.6399527798752795,2.167294386126804,0.8353141656070121,0.9984013565376032,1.7708322244734929,1.5021360805582589,2.179931439229282,1.5444487862344591,1.2896521851883955,2.0517635070683946,1.0847877097995107,2.122012738831792,0.9219933367442062,1.2898296304694867,3.0992350486769475,2.439238069646846,1.3507493239919797,0.8479797777589221,1.6360621695172946,2.2363114671422375,1.6913598540237085,0.8898614307448174,1.028770585559027,2.5225124366700395,1.647321235862146,1.9751866878071318,1.1887405379870615,1.5940240884505594,0.7460001775173117,1.099687269581481,0.6889000857619576,3.415621631288409,0.6741939736559176,1.247966440287064,1.5191494808602595,1.2985412582528886,1.0800840775646139,1.2534643895586937,2.084535553727098,1.0723007524208972,0.8806850439021419,1.0205376289577224,0.5627151555135971,1.4314657770498853,1.5016496595965425,1.3088314760535626,1.3560264770631452,1.3462056710397943,1.5120430094461534,2.936907814891504,1.4242611884774596,0.988973209515926,0.7737402719193196,1.592653163838787,0.5790450629122951,1.6267034457196363,1.1296560241760525,1.5061103133040048,1.3511931607288434,1.527274117925759,1.221300566346457,2.040110507015938,0.6810662381032542,1.4973588416161054,2.38058836844323,1.250386595384464,1.8175198203089833,1.213366448653988,0.5471106973357777,1.458043384511784,1.1177537998727232,1.640359371324038,1.791906044761217,1.6383201759160997,1.4462413476510372,1.1910566542924053,1.0324810390969272,0.833607041026861,1.1679018761010842,0.804504973445053,1.3608386193003934,1.4009444773593165,1.718403269493447,0.7532041977436938,1.6347996587189417,1.5146759772025975,2.262447522771856,1.1137142522861332,2.1929489403936584,1.1511420202561307,1.8712998633003783,1.159827935872284,3.160935927586619,2.123065321601535,1.2415604414401327,1.2900978628850708,1.3677299687324065,2.953872055516429,1.2370606852460706,0.9083556466194218,1.0183931174915366,2.2664424963151513,1.12808690719449,0.9329111376896089,1.597137016682838,2.504197665700607,2.7540301377504894,2.574809355285659,1.6574399549669256,1.4582667241941434,1.5936691442711641,1.600587159978942,1.4257415530025321,1.9309839495269403,2.2367465312654446,2.664006544055977,1.041691936836937,1.1033205690110781,1.2592521213184333,3.239405555069162,1.4795207466152651,1.146080262295821,1.4521822503895732,1.7244588456145213,1.9973092380702628,1.9866904740640672,1.351209738971333,2.024534999593919,2.2452221458892274,2.908544852495516,2.325371664760925,1.7597806035853423,0.9149326285798229,2.194494545350282,1.8577786759136203,0.8724892371472162,1.5994280235383165,2.6710222117377094,0.8707696299423626,1.350292522099482,1.6961321580297077,1.4339762257030986,1.9253344320800854,1.0027011220059618,1.511047649769563,2.7898035340769702,1.3382913642471934,1.149302125603091,1.3490354198864365,1.5302819726849821,2.0161574748979865,1.8463961429980467,0.8615555624310427,1.5225038946680527,2.620686733706372,2.1389114707037575,1.0008179356477191,2.0615701064858145,1.4901671292167151,2.4287354409715514,1.8038862541009908,1.6223033156507976,1.4137789348438792,1.4654423378028685,2.5400878722272955,1.4068107072732037,1.261229494711683,0.8358707040244431,1.3502173788069287,2.2713747979297905,2.843633527892757,1.206960616488294,0.6921056438325539,1.5064763248836874,0.7844116392947751,1.4404443307247585,1.3617288747141,1.0521909075750728,1.756495224228104,0.5154178563709853,1.6420130961237178,1.2554178288923143,0.7995130738381808,1.6379374380924672,2.7167094151853246,1.6867458750069684,0.5953001090385475,1.933584213034249,1.94345655488958,2.1701888985532065,1.5864709029549673,1.387038683701935,1.732521862828848,0.9376187165103771,0.7623406332129559,1.7539894626630819,1.5823504826314578,0.8740001824649538,1.8519763825171536,2.7410104126798767,2.3171719772185027,1.9851263871084726,1.230082236051187,0.8678165606609176,1.142228848957095,1.9973591261010444,1.2535424116003002,2.1198097121291584,1.3872773741696527,0.9664444975390762,1.4235318595220179,1.1384741354640848,2.068611694859288,1.9667092067917238,1.9586907653847452,2.387485935759033,1.6192760844652547,0.8198933918238644,1.089653307133298,0.8360907325601175,2.4632538143750846,1.0251810580443967,2.8413391168911377,1.5917654404039618,1.740605248638424,1.512886196077255,1.6448447294003872,3.920113506325492,1.0924494287950877,1.692707926750018,2.0717135424827373,0.7681768901666217,1.7532620283210063,1.4440327096685088,1.0747111448895643,0.4249788910173395,1.8330282521880998,1.2630120168858396,1.8895113174582074,1.4036306738249764,1.3118168479525836,1.9200761499801868,2.0310147424442415,2.066588066621861,2.38475919874211,2.0101604757560665,1.3164111961575133,2.7683460517406893,2.431750961186584,1.347111407699762,1.0216933262664052,1.812785762264856,0.765113951526724,1.6157752288588494,1.8932889941653943,1.439808199578495,2.2183841273863125,2.0268660892905603,1.7108523567505887,1.1716161978706376,1.454814137414594,2.464615193988751,2.1496590304225247,1.5555913466551656,0.5932312719003003,1.2265329564864969,1.410485664935328,0.9594300543211495,1.6747469519350706,0.6510031942038099,1.0601719618668735,1.0337558578455028,1.1545028490473448,1.6425584898628194,1.032818774107347,1.1497735546053574,1.2609650060945317,1.7593197574721093,3.0014273342870177,1.7655810965107577,0.9843698981357754,1.8005034981653252,1.683951400528295,2.9459906330975936,1.55476673395055,2.0334120500548525,2.596919800781149,1.993000700938268,1.5890012952303816,1.5989028483320722,0.7791293784353366,2.155701853600034,1.6065437687671118,1.4955635046844913,2.0096171854919436,2.321531360891714,1.4323361738567795,1.6596365294083948,1.0261230520990514,0.924682333304226,1.1651411626387644,1.0238701600906102,2.961240479191593,1.5582755218185493,1.7511624590492167,2.5170933004971388,1.3933204052957262,2.1444853027949904,0.9840316367755487,1.4896256044934664,2.100870091134327,0.5102398069234602,1.691464898886447,1.436892860809924,1.9579454758947106,1.367424847524735,1.0876831043651056,1.420684860996555,1.33676227750025,0.7720370125890386,1.0654929187821034,2.5589127905114317,0.8034828034048186,1.1171414738792877,1.4422334466392914,1.7196985285499475,1.6992158036131917,1.421855901071602,1.5759139753386924,0.9848637280292476,1.9482529002389137,1.9335870254353167,0.8388554592013304,1.7383790515120894,1.5930211054086794,0.8242406058269285,1.2401380624699794,1.008113626394818,1.072292896523021,1.3045203168591946,1.170057973423252,2.7385019570205316,1.4745574836777824,1.1723265085050851,0.9547416915026161,1.1723674344093187,1.2574157170330418,1.114221402935895,0.629638384713457,1.3413197623845152,0.8737173051230599,0.943083480365559,0.8312074462807773,1.7120652799792748,0.8185859297757163,1.7612852963440822,1.4394293074071134,0.8467039851883806,2.1508494479025937,1.2903328619760175,1.3773198332240146,1.2994318798082967,1.0861172728365107,1.2415149372199665,2.6804049917830906,1.2270588235586437,1.4503978330288758,1.1449818072341986,3.02520322174598,0.6473887009014268,1.5167578174728553,1.6409884462568896,1.725986607725567,0.6885219314889728,2.1691481709652534,1.820334265890791,0.8797508738624608,1.597639738553362,0.9321068554405927,1.3611689645896399,1.8285044362769185,1.259013225929876,1.1843473836077614,0.7651034752754596,1.2438649645784814,0.6870882464594346,1.672420011425182,1.7486999826223673,0.9627043688356808,1.9036481047774212,1.6677835390979712,1.7753435570189198,2.081204815022606,1.3724242743755555,1.41468993187291,1.4364512850736062,2.0234123977718923,2.1168203206205116,1.382714454206805,2.585693708665188,1.9500657195541795,1.573349895529266,1.4076504071833398,1.2481319419706263,0.9182568671957774,0.39448336059565386,1.096070440465143,1.9892762271598248,0.8346295038979985,1.901741915559259,1.2354506250649537,1.6644641973608125,1.0148617943602414,1.3673189048820005,1.1909862100174209,1.637150246117602,0.6583933737678132,0.7316952012928886,1.91189236009192,2.3150297667438076,1.151917457724167,2.100842719610454,1.6303554570370284,1.515451778048496,0.9432797785443557,1.586623354475742,2.7627217077392516,2.306526046594154,2.5068479114177418,2.0382226387375724,2.6577918273088152,1.1866322038079096,3.204912188119622,0.6868174921389767,1.1394712979699713,3.491055467027194,1.6456029989940413,1.1866428733303596,1.9159108302341317,1.3384762741157328,1.7131273330440275,2.0668174280973832,1.8948107438207307,2.098132003186193,2.1390496315879552,0.9660608954018565,1.679202078297754,1.3575095284840675,2.559276887898095,0.710704941827879,1.058529202090711,1.2554235042044841,1.0748154412947122,1.3786068882141418,1.9586862608637188,0.805783683480311,0.5988923710272518,1.640075787407975,1.7571360335638142,1.6279517793278497,0.7118880070151952,0.7980305044694319,2.664643251433352,1.5480107506221248,1.3423150081196633,1.598061072025286,1.5405415606652781,1.4222907240483211,2.3743991809858294,1.3427493261845087,0.7780800666783122,1.8161033303022283,1.3984360669634845,1.6272633768355895,1.808182888569505,1.2714748865735386,1.3243354216888314,1.7719799671242908,2.012783457810419,1.6630424800818113,0.3888257193463315,1.6362816546600039,1.869336792079396,0.7539150968820413,1.009417838618405,1.8683575011348654,0.8995317213200636,1.5902244186383103,0.4619984629927189,0.5564858218365226,1.6424145424561754,1.793717908873118,2.0456066408905493,2.6001710162897105,1.199539511612002,1.600760406822492,1.2102605772708719,1.7505876166703707,1.6340297152175471,1.7712757271416337,1.4037759259243723,1.9304690361338457,1.5672784800635569,0.9683676790322308,1.2695812623093046,1.1602156135238815,1.3842363371574296,1.9761560437671082,1.10848781545336,1.8813910330804815,1.9572960329025029,1.6660353441950286,1.3648245309921618,1.489021533336364,0.7784958521062244,1.3057525888073553,1.1748795727893224,1.335284233373392,1.2970853461458858,2.537436468294452,1.1255080704998177,1.4488129447376448,1.2728837832640223,1.179626211213863,2.4008881956449066,2.4989222173905254,1.1541966642526624,0.8341088874218019,1.4292366191605805,1.4405978964153743,1.2185770240502913,0.39425056643828615,0.6665978712426206,2.064894416022638,0.7551040735841301,1.6135444094298879,0.9083022073756503,2.6614582857182154,2.991173414892176,0.902760782305875,1.278114862196303,1.602397021590967,2.2522837864937344,1.026170337127804,0.9040090252536579,1.0860105887309288,1.2189455325119583,1.2261475709156051,1.2055565674738085,1.135803160757219,2.2046792921579255,1.2282101827148584,0.833348111977137,2.368593627801078,1.5979219076226008,1.3906828700685436,0.5780633900815955,1.567292418603238,1.6110252251487256,1.7990242697713723,0.9878981152189132,0.9480291077036069,0.8156099474846199,2.0198253128292425,1.5086533639586452,1.6891651295963355,1.3995072120782561,1.0432768692193783,1.0874692090816875,1.2332355737049308,1.7705646154315513,0.9248590688498135,0.7804356042951147,0.9017818842915563,1.9014574763398677,1.3882599178819022,1.454416135507191,0.6255251977139002,1.7034235445791752,0.602639616866988,1.4932636761578464,1.7473373473237366,2.016987684810899,1.4639831127670242,2.255763267879336,1.7392742839976125,2.543901774096368,3.2124986458612224,1.1874184815590696,1.7630716299853346,0.7502468013146146,2.4292441656631256,0.9621027178882374,0.7175453367980218,1.6158338511239265,2.2724408815903305,2.8865470540307294,1.4909348903351756,1.6789332835915578,1.9788293046428562,2.8867501583881134,2.0906247481248283,1.013197342531953,0.36459465208178465,0.7640366103955427,2.7402007940552533,2.4987337843122974,2.657668330196101,1.1601308539804855,1.255223105434347,1.998161982343618,0.2986905602207371,1.2933968408583647,1.9481085982153927,2.012404185308625,0.9431375505636062,2.717235907214981,1.5693992018035912,2.8343553726245245,1.7483931995495776,1.2639452620067408,1.1717092617528178,1.1179308704878421,1.7906871391727828,1.4157605809662128,0.8150225334775709,1.3304634198251688,1.6427172836217816,0.9034020533339899,1.7079675242166938,1.3923135135335603,2.774166105969406,1.664955672200137,0.7086626963755366,0.7017529571768686,0.943823297469774,2.77862620462723,1.331814603720346,1.8795868732359002,0.8386106984594395,1.7128564038372982,1.621904299868775,1.4679376473162582,1.0557497628985515,2.11942877781353,0.7298830709111449,1.638911388683331,1.8032675934382194,1.0558575081651225,0.6837052808561478,1.6126051296250554,1.6566504879842632,0.6926928065065693
14,2.1275045467649165,1.16186509479928,1.53184937018061,1.6578517267369284,1.6446724007320586,1.0803424674415354,1.6927658376749686,1.170808500650579,2.620942769888397,1.1736341435780462,1.5136800354983002,1.7288371393664153,1.5555086875264363,1.7735691501903241,1.2756287783809785,1.0254099001521184,1.4931698621071776,1.1971933056239052,1.6713344052192993,1.4992452055135468,1.2180463457229829,1.3903440218000096,0.9910456841260963,2.214910042585526,1.0907845961187395,1.725754270439482,1.2248665677621655,1.199113179477302,1.3811892302218909,1.3103702545402014,1.5321374017997222,1.197012322647373,1.7097808643660597,0.6736148698144635,1.3204967064355466,2.158999020846379,1.4588952172397942,1.0572319585959966,2.047435500173604,1.4343918850410067,1.1496576589125431,0.6908867698386799,1.0115598081987245,1.5079291605537433,1.3475197097366263,1.5011061951469398,0.9895451926558241,2.480192912789104,1.185547237494607,0.8181480244610815,1.148123791665136,0.6366994712677746,1.7261192710029287,2.0718450884795603,1.4789865667245512,1.105259542925808,2.30316543266456,1.6292213320228046,2.146184517060803,1.5968157877340223,1.2842928132508715,1.952820344135823,1.326620369246825,1.0133558486000454,1.220312808417633,1.6150733316324675,1.410270607188187,1.837400377581487,2.0523677600234853,1.6373028729040962,1.0921911534556328,0.9114233050936061,1.7947908767319398,1.1697382218049717,1.3633442911861744,0.8828843396949883,1.7554441498405233,0.47137346014113674,1.4085740390188342,1.6332183780348963,1.5138517804217955,1.5274778811314635,1.5777286929450367,1.3009239541217186,0.8912989548133411,1.7274426575535147,0.6767029319792044,0.819950377008825,1.1351172414913946,1.268747413299662,1.4268936790115245,1.5900049645066385,1.6614081920185355,1.263269166696351,1.7059544575527483,1.1613395954943135,1.2989464225284508,1.3180054780211548,1.2815302196947145,0.9383547178389191,1.2407153135790336,1.2110902476930416,1.0685340717947494,0.5155821369013012,1.358456215503458,2.1927998412719836,1.807197864164952,0.8878133569504033,0.719153854120339,1.7943756508109086,2.4941559993887568,1.6765972455324527,1.952291324165629,1.904838837299688,1.2724949801805487,2.276794698146789,1.6651085723372252,1.8487603858164232,2.8482320198273285,1.3471420116097834,1.158469674005636,2.7003701781882112,0.8165724727066154,0.5048033958705365,0.9767314343724818,0.8077098978110626,1.8410299857333192,0.6863201671564887,0.9374047036727278,1.3856928038307454,1.1048147985047732,1.2309047901842116,1.5396648121907446,1.8874687702811004,0.6593802828634867,1.1842493608407005,1.0762119638963097,1.3884031806237735,2.0837205798557195,1.468366602098301,1.8386866859281266,0.9245017561505247,1.806611465488332,2.0543245381120494,1.2050706398614583,2.691011196677717,1.39775211693374,3.0913928377575375,1.2307377567265374,1.8801274915237498,1.0660083531706328,1.477395243183489,1.1736808885465158,1.3936903207709195,1.235978153817745,1.5466644936062535,0.6757290772532596,1.80665006059627,1.849870615184882,1.4236203675586125,1.0653535382612394,0.5111244791829469,1.4638499557250588,0.9307225728337918,1.1651016365896163,1.0430482586196057,2.2199169559332708,1.1031920452945305,0.9355418674274317,0.962810937658091,2.0157046300128285,1.1234712800756324,1.5043653504036754,0.7110534413106889,1.2916642875985314,1.4593431501337735,1.0115657359058654,1.4086633487406055,1.9980073702788852,1.1980609072876724,3.5170021342952626,2.014958137558198,1.5855302781153973,1.4373716526888551,3.376276999199617,0.7343363563712506,2.921072320356763,1.2292178973863896,1.638497238427676,1.1719566104343588,0.9777807998398699,1.279348280499183,0.25731302662440786,1.423104937644601,1.4747145175003624,1.3495881678833115,1.2281280928469975,0.8567712330376992,1.8952316597305767,1.7216206398939389,1.2439899687533857,1.3247118965064941,1.2021747434919325,1.32430466620348,1.0402952178047777,0.9717964687642477,1.062514802085295,1.4788440328699852,0.7351492300658908,1.2456956519484685,1.1595051408031536,2.1331223848573275,1.0281094198744636,1.5915316104038433,2.720082630940299,1.1769914069868783,2.1649445256722353,1.011368733036595,1.4327783195451276,1.6728177322185327,1.5044089528686895,0.9393479814101271,1.4777285695831,1.0454756849669644,0.46016239410945325,2.1417501243045236,1.850550157922975,1.4666589050160244,1.7421656038061057,2.010834459505925,1.361506654861647,0.8982553231454182,0.6740309201397232,0.9481246732403922,1.154690630328851,1.3717551770959788,1.3343340933394132,1.5363450766862001,0.8261135823691365,1.811705215893396,1.0251022432757588,1.2690000772828665,0.6695603431669037,1.9847023112844062,2.381443778689635,0.8545458839813821,1.0967609005552217,2.0006625577552155,0.8952588866598501,1.5992103970033236,0.9005645352327913,1.3742276167484437,1.4276967630919521,0.740256134490234,0.9992841011472093,1.0746221222116352,1.0329216108551007,1.5112210583437546,1.1494333056653772,1.0001994798532192,0.5019696194374925,2.1826768678404207,2.0775091295971473,1.8088142999811314,1.1913441868267314,2.003190965272965,0.8327618828334752,1.0042532405387583,0.8910788499234239,2.6354508052306,2.1198961767677984,0.8723882326642247,1.6928511726148847,1.5894762621069922,1.159874302188693,2.3438506977820786,0.8880559367116391,1.5097301004562027,2.069360627854179,1.3384497199309773,1.3442501765389223,3.4219854086815475,1.453898976116711,1.4931569031715664,1.540068696814433,1.8596276155648117,1.216556304802491,0.8055894071075869,1.5941376724095782,1.764483918467005,1.0835082972970413,2.9712616965215184,1.4035106765047431,0.9289629004485426,0.924300128500773,1.1399916610862788,1.3776137441257315,1.3205024457367989,1.7374200053017987,1.434899156639756,0.40665667641421466,1.278524055274798,1.0306548372162618,0.81849084563178,1.0514438123708207,2.1502746768881975,1.2054781325539172,0.9084355548781617,1.951667179813786,1.1412386456447814,0.9304231349081861,0.9380112812039976,1.2313269954946597,0.9976617034981695,1.5664178397522053,1.7530258586601537,1.657327060998943,0.6894188529107366,1.199242532868904,1.6729771437451162,2.0924740254567458,1.0867585045724255,1.2832224522444418,1.0209442205857762,1.8471319580780363,1.166618457856468,2.044538341862171,1.140438922529875,2.6699300783750664,2.508909979890739,1.6615845068811657,1.3100458440582117,4.316893075251672,1.7603214196504595,0.9377098012322074,1.1080617426882018,1.7629840992809866,1.3343574326010423,1.2391399345745246,2.217138322382353,0.6265760428858468,0.7005401511465292,0.8389825562616295,0.5674249676867329,0.9176292111984137,1.2859534848862504,3.305462581854128,1.6658388305382088,2.0421007992564357,0.8470356144666469,0.8247687378177841,1.483674874015067,1.0251396556582901,2.10092340499746,1.4688724531506145,1.2689289955078185,1.5000681287292565,0.9293832341575823,1.7109873026741733,0.8664499235085126,1.236349434648475,2.791824496564102,2.4239223825209297,1.2884369966225053,0.9423469233546615,1.3874375829120522,1.7091879718922978,1.563795712209281,0.9584433010603968,1.2581120543238198,2.3875414355843017,1.7218125220326068,1.5312599706341483,1.115491358129201,1.7264010371234249,1.0987692812548204,1.0061821749885342,0.8218995399116973,2.9768760013790057,0.44921843346854207,1.381951665867406,1.2572994896602367,1.0005548247498182,1.13121703959391,1.2448365746996553,2.215084319957212,1.0342918323105001,1.0526301013981314,1.0366883908927376,0.5205789444310436,1.0791036546854873,1.0970375841496927,1.328689014295468,1.2810875915814608,1.2739317808578696,1.7044859668868766,2.3903827565028464,1.429996819685336,0.8689818344840872,0.7627107825786925,1.7942464881528757,0.6386812636832208,1.5347687350499295,0.8839302858660347,1.2211503706643754,1.278939340672985,1.495210203404756,1.2794219422628776,2.1291750383356685,0.7858564193221564,1.5314934174448855,2.4439704448455086,1.2023055232780802,1.8870925637851363,1.062466531727734,0.6705469869456877,0.9387463079213847,0.7977100022842695,1.4202613340020598,1.7584580993385637,1.8146458015428106,1.5446199862202563,1.2299704701350576,1.4077838431949923,0.8602754046226121,1.1677150445464766,0.49891270483036304,1.1439602097831059,1.313155766171755,1.3174133492529772,0.7677058902670175,1.3265990995390124,1.3609022865157145,2.188030234767771,1.2197605102543956,2.0523389240850025,0.7570198997855515,1.4420552700245706,1.040867009903074,2.861837948191161,1.8874484196749897,1.2171648764504301,1.2978060853180913,1.4468388574134199,2.743499560148339,1.3452523369437959,0.8105595339128999,1.248517480233255,2.208296785098192,1.522391436146779,0.851974762152482,1.1538235560957006,2.5929269940785673,2.114184530386061,2.188656299490636,1.3668047112067454,1.5025163106704091,1.618073990465263,1.464563922802666,1.2788603809695893,1.5129775976534863,1.7302139424184009,2.5092850877524677,1.1288995707663512,1.0437617551180867,1.0906621905822496,2.9410063575938787,1.5335209934919423,1.0511817633596312,1.4342545859737754,1.6002071078352849,1.6809179240016623,1.8628581520895704,1.1179808096498323,1.4997341545598464,2.056368333761765,2.5685235292839828,1.979323536207335,1.9413090781205908,1.0614545859711373,2.4303386515229306,1.5602363899499365,0.6851523777513278,1.3746063084308355,2.6365042124359572,0.5673647954070227,1.060931627015975,1.5244563020161848,1.3341272421658865,2.168231513613655,0.9007202113537217,1.4643539603555737,2.4023333691756257,1.524980012005654,1.218327354910433,1.1759986551996087,1.3388820496689364,1.6650842817238227,1.4945290898154948,1.1073064441548741,1.5421402887103184,2.1287830670647927,1.4679952701016012,0.8900421883438863,1.7320731572060337,1.4489086696392048,2.323820599574403,1.2664576045777585,1.448372473977629,1.33497122096712,1.4298855528895258,2.5463445031385086,1.4924718801802912,1.0742585556450905,0.8076886733548081,0.8973511085051217,2.0105151486140502,2.243551365957811,0.9466264672608217,0.6689831104245132,1.35870770155012,0.6924950614160523,1.5079374642617391,1.295365084861546,1.2476854124704688,1.411545534953456,0.38598679748561054,1.4355678277189767,1.2801498995379446,0.9054950925934777,1.4111975587433623,2.318561190383146,1.8744720746680694,0.9644510259880852,1.9227797565949762,1.995329735941602,1.744460862584371,1.4980842252846853,1.2736662354498285,0.9937806024480526,0.7527151178763145,0.7558995262009691,1.8515687176861464,1.3313419337706005,1.1377942167927997,1.7932755048801636,2.3152180840642482,2.0743051991292614,1.7007220180174016,1.1809049483684462,1.00143317164141,1.039262631162097,1.757744985623718,1.1781423699508888,2.040839412077821,1.2527047401589617,0.8493452144166498,1.441137826782907,1.2445408084661453,2.2230608962530116,1.969676751808624,1.7205021318764493,2.0710076534204975,1.665566850555925,0.8350259136726861,1.097194059553531,0.82300086502695,2.3736600760021376,0.8749608228462016,2.3855559167573936,1.336313336695229,1.263206889731441,1.4651193111139786,1.6568543611018935,3.5082209988833086,1.098407214388899,1.570864440065302,2.0669793935068115,0.8159542687842064,1.6603438822732364,1.30168712968472,0.9242818078783712,0.3065986887921596,1.394512086242834,1.1320643953390832,1.5175650156178642,1.5522307295019273,1.6176914365664217,1.5601446474247986,2.1225335219003783,1.9722040841817576,1.9802225810723955,1.958257538342699,1.0058708217875723,2.2418961726867987,2.274830630628749,1.361496893723653,1.0957957392591262,1.5598788872529905,0.740299995420076,1.5778375136768563,1.770932925491262,1.2491913964821273,1.6707652768296892,1.8799169864088074,1.5262648798964018,1.1785905889446906,1.2199777086148735,2.1935443623277466,1.6156174885181858,1.2028120101015272,0.6119512803699869,1.1303302984813373,1.384276737755866,1.2717237246834125,1.775748919884502,0.6982536772012804,1.1515908547914095,1.26448097083593,1.26543971810145,1.6411805213808548,1.2494884458401383,1.1576312998966927,1.223946698810861,1.3720413424811762,2.3762044786030216,1.3791955982536446,1.040196937634171,1.7435243441408343,1.6519577286980802,2.0486885307101583,1.1706457647911366,1.3425061640992078,1.8584036776586963,1.6729290212469667,1.2837057956802498,1.2155433376604983,1.0052270019218823,2.056216886624952,1.639893140806997,1.502437848068456,1.6180339053777242,2.2312259148738134,1.4522694720106952,1.3803340183683228,0.847905680651529,0.8520243736267058,0.9038538032273035,0.796162711041124,2.3607299558864647,1.7561722351989162,1.751463894618502,2.5363414708093757,1.5120123517388147,2.051722106439761,0.8972851496151381,1.660413392290156,1.5484601406461833,0.5996474427081264,1.545992654207197,1.699764364984302,1.8237359687349755,1.3378844928390154,1.0782640216509027,1.5997913121250467,1.2790472041108103,0.8843974254829036,1.0303871414921848,2.305297873304128,0.9793296594075511,1.1085627722574076,1.2389900901295043,1.636461282503867,1.5689053301397464,1.2705261529746676,1.5371378255982908,0.9103752088162707,1.7093864507486887,1.7814858597289356,0.8921387349048276,1.447573996229762,1.2885061951768724,1.1264260830394817,1.3986335862359613,1.294272919189084,0.9439950598018758,1.6092242010658846,1.026331734389276,1.9067288937889013,1.2633661357332777,1.0811977425429902,1.1306404054740342,0.9924911565284794,1.3201741764207249,0.7764376764451864,0.6200178839809989,1.7758982244226995,0.7366660708625634,0.8385113120923764,0.9473933335971942,1.710662534908879,0.7646098543350945,1.5459394735393752,1.2713416123830197,0.8290118279913263,2.191107116795499,1.1055311572756072,1.2928771338267788,1.3709355487522503,1.2535516698440525,1.0188662047606052,2.9326230349407503,1.0683994542537143,1.119862241623626,1.0996907912686584,3.2242041228999287,0.7399747529145742,1.2640805987226877,2.012050224795843,1.2666208542613142,0.5852609673166541,1.9810457339170995,1.4808893574611854,0.7416695664911217,1.5788803673820797,1.0032729650260808,1.3116133074653584,1.5269399708071842,0.9227333817632207,1.1717663930089768,0.7296687588418843,0.9048242218010286,0.6466874565577221,1.8465732323351731,1.6651778543165234,0.8924034845010169,1.299640400975671,1.4597153956138356,1.6931220885271832,2.125221520596436,1.1515354927250252,1.4608879486310968,1.2412968787140577,1.3217152440679079,1.6478385054867213,1.4542107275725886,2.078097130987024,1.9491874583112305,1.5120231199501986,1.4123815066969196,0.8977565942781331,0.9400179577390372,0.6668775078105899,0.7248146551055767,1.9407202105024939,0.8906309852465661,1.61107635070987,1.222421913422933,1.0601295324630202,1.1883330238375995,1.3820333972346912,1.2211460927771172,1.478145894649813,0.6602379997561416,0.7231856494342965,1.6886255505444938,2.478640187882414,1.210456836657276,1.5680264317857207,1.4184620599689999,1.4292590812038164,0.9728806125193745,1.5068563525420642,2.1531354642641203,2.0693269693375362,2.370695685827089,1.7888524334459934,2.1026864865475967,0.9978889073640891,3.08150595390704,0.7638485171289278,0.8435606997019365,3.236492663624025,1.6914583786721442,1.3228569296822297,1.651944762134902,1.2286912288331069,1.66497027100885,1.8069369234951809,1.7402635792850947,2.058003350567348,2.09353758260911,0.9353968239940442,1.7310233995956492,1.0800569894081717,1.7296279580191507,0.6025816312482546,1.1588578663467708,0.8386464628677994,0.97225374411914,1.379243309352034,1.4506762632181178,0.5799589767538035,0.7749995148893851,1.5364961406603261,1.7402776579871526,1.5812183710074241,0.6137172759998286,0.7028449227361705,2.1895639089837267,1.345119191191672,1.2938015252545656,1.4879026069970045,1.2140862719869525,1.7458222132057615,2.238024560927395,1.3569616439186611,1.0528035546500534,1.3776651379573976,1.1855901505882356,1.4452424328461717,2.0803960565618587,1.2149792415208474,1.0303615550381409,1.1827187840230862,1.962586120540884,1.7096940199844815,0.48342137909634714,1.2927316037219927,1.4861623857677517,0.9392147016845003,0.7086723183097532,1.4581892217366528,0.8887698839314033,1.444300128731192,0.5264779229542591,0.6052152546257252,1.4601989416278114,1.5488864698556961,1.457554411151516,2.6398130260512445,1.1569374188755617,1.5155478403036402,1.087749483643528,1.6643890555392988,1.2309934668281937,1.614271221305275,1.2414141089651871,1.791900070087546,1.7059091866339933,0.9972786082126965,0.9769477324934546,1.0254821780523733,1.165714108549208,1.7302271030964986,1.1801128758594535,1.382857454986043,1.908848495626778,1.6325313113873068,1.251855426309799,1.3092440584136746,0.49057353203890475,1.0007277200648361,1.4355161142276587,1.2203086237932148,1.1094395399328927,1.9958727766988469,1.1737642743316297,1.5527804442601079,1.2877919425575688,0.984378764786931,1.855409498082609,2.1734680022400528,1.1126035021988054,0.5914554400820884,1.266178330841295,1.1632331694643372,1.3188937598830703,0.38421991954304235,0.5335731881817325,1.8406986268002379,0.5848512946593303,1.6010285793838996,0.7653693044136837,2.1878000326799505,3.003692099897334,0.8599690427538011,1.1780429493831397,1.403268042094994,2.275770808055662,1.1970533459176997,0.7792037057828947,1.0208044969753924,1.0976838404316998,1.1472449805122884,1.194420228087556,1.3554614144490928,1.9710605576760485,1.4573503625714035,1.0008777877772428,1.8398790584973888,1.6264811841115616,1.431529334904397,0.48769450604257714,1.2103386522330724,1.5702579008135449,1.4581362343705089,1.102805867587671,0.9918364101346637,0.8791219130044899,1.9715979483681447,1.0251763836000143,1.3458938232793258,1.3257435226876595,1.0553916825327452,1.0291806457469659,1.1597306794498508,1.513012814050242,0.7174577963171311,1.076316965525212,0.6713221028781862,1.7920772888309902,1.1011977293648854,1.1234938761245323,0.7035390689820931,1.6196839147897608,0.4671040958827037,1.4269875239152179,1.6774437415305237,1.7024407891999513,1.4447318868536903,1.816596587923077,1.390202071605731,2.3678304149115075,2.635590304728167,1.0195670670818613,1.9200303281096425,0.9486955043653056,2.1332548478992646,0.9214746370350761,0.6055388037247971,1.494096248534153,2.1852993674038084,2.8580744033179437,1.482248867023058,1.4309156932747618,1.9025218722617487,2.794178111256745,1.7346302386486032,0.7603852532160628,0.32524009817290606,1.1111010325964332,2.4820978299098364,2.3437329530342557,2.083257615713071,1.0821110921580126,1.0476372010983575,2.355907807068634,0.2554921743176117,1.0956677040326501,1.7052944609746634,1.6618376757512319,0.9252858589575187,2.1300214302446316,1.4763899131409572,2.7472474948640055,1.5603573031779974,1.1786334714792166,1.0002068931611716,1.220109340903955,1.7985662587588456,1.396812422068276,0.7757206032868592,1.0290688306580078,1.236594429152785,1.034364405909961,1.4052750070586855,1.206635059044964,2.364068373797476,1.5604599962552261,0.8388756053154363,0.5681452040131906,0.9488375974809975,2.2119069455533977,1.2287802907990923,1.7320957184897492,0.9069004157830386,1.4863743945664658,1.7140651222533527,1.4289171371215736,0.8536289893676405,1.643343297368323,0.5422202047485017,1.1004953993661897,1.446173944426433,0.8474600813587202,0.7499950102769676,1.3114647272432038,1.2296375967528694,0.7696704623791764
15,1.7074488747374685,0.7095569275595472,1.352829239089231,1.3170495677661531,1.5555188725234332,1.1247383449124615,1.816289884683453,1.4938706975816949,2.4867793452782747,1.0982740701055342,1.318305007866555,1.6933058839269322,1.6671293284044815,1.718800902784896,1.275951314074687,1.0815796363172199,1.4204543223980184,1.2206378409144545,1.5448243775863078,1.270353481493394,1.135882113985478,1.2214520166891483,0.8350473038730408,2.2468371760111605,1.0379721836422853,1.9840888969831563,0.9014078323701196,1.203639764323909,1.3546167214731566,1.2492014013400827,1.5760561625134293,1.2340219344898573,1.6196769741506798,0.5697344353661149,1.3813342301303344,2.277511567609266,1.4195440592566686,0.8472008111393976,1.975009218110794,1.4151013111772355,1.414513188186365,0.5464144726815581,0.8950918579996705,1.291802668098088,1.2444938835061095,1.1394711995501268,0.862031293417768,1.7562482540684359,1.0671309688247836,0.6291039774201557,1.0684597719991429,0.7239837115783097,1.4760079393732162,1.7571469771688932,1.492739230964287,1.0232729334823516,1.981544341528871,1.621249869477555,2.099463404496451,1.3428970320123348,1.2803035239840512,1.7179308996886096,1.2849494060275408,1.027510587041713,1.0959522260374124,1.5151520201259658,1.570482807666276,1.8060470581059334,1.7727690340144338,1.6996229137078784,0.8074168507122409,0.9521135500369242,1.2761716937646879,0.931243745852607,1.5339491619046108,1.3324495734756696,1.8161197544109844,0.43648404071407665,1.2273295742769266,1.554351992414651,2.038320234250007,1.4643461779179483,1.613227155535184,1.2636220341451863,1.125924623185384,1.4699678121521425,0.7965908266243187,0.7919137958331016,0.9768428742442158,1.4513122709526804,1.524373248125321,1.5371654385829783,1.414021467577805,1.3596196531567495,1.7725583516371874,0.9194461792660463,1.286743566339935,0.947731176646665,1.2332904851484807,0.9129411861800294,1.2554458958440877,1.1456371226855144,0.8809971931008982,0.4658321244418546,1.471812049241106,1.466873880374656,1.7937025488355713,0.761597285061341,0.7674399164666881,1.5146564518905883,2.8430463005458497,1.2471582779646821,1.8035419830145578,1.5063586427776157,1.341223291356271,2.1805868613130186,1.446891402584929,2.1487773784134236,2.4400666059581386,1.1784797948193575,1.2615816944543248,2.4894932702311983,0.9563833246169734,0.379172953185322,0.9331287708151623,0.8992753586331824,1.6045733612899475,0.5620082607871938,0.9862886661127772,1.2209000535547916,1.1252014064684999,1.0596046656470688,1.5107822051370565,1.838720467819577,0.5188853573251799,1.4905154274793933,0.9502529064596847,1.263093600663376,2.2898194554646984,1.4244051984520256,1.5467217705602905,0.9639059757657387,1.6400353352844244,1.7661840751234763,1.0402541808985262,2.9366496787926386,1.2104361366492107,2.9475925699112393,1.1275019424725379,1.9281953572771593,0.8756598366051529,1.3021266224715506,1.1043126971642416,1.2371363459965934,1.0389045032202984,1.4833342637219284,0.6887037783186207,1.5800727782912873,1.5973865144189725,1.5164041260238448,1.29713917601399,0.5860550080788882,1.4309905326084174,1.0685625500177565,1.011250217174224,0.8214649601307011,2.063182744628545,1.1890588586457573,0.9523513578276104,0.8414523326481127,1.7807978272984777,1.370102965621289,1.541626979500202,0.7493381372621446,1.4450304046905336,1.4393401644801935,0.8328475420410333,1.2408682073649255,2.0548801881266097,1.2143918162859575,2.9996054587520824,1.8928623507940818,1.5649633873516144,1.433420033867279,2.971634245096646,0.7826003183515737,2.4605883877711157,1.4072200607505336,1.7544344995568324,1.1480810190747692,1.0090076154486067,1.2242598879014128,0.21953326428469422,1.4341251444451393,1.2873957090551358,1.646916354508068,1.2308351889244062,1.0593167381638176,1.5377931089844663,1.69992024352727,1.0396582800926546,1.2482685625798862,1.2612817614514882,1.179263732250019,1.0415710548695034,0.9330791212967768,0.9464689548019818,1.6996589831391982,0.7407604705230727,0.9982626192555046,1.2105698985515483,1.6886103532807042,1.1246569490374532,1.194674845581761,2.8755856605230656,0.9287698859788223,1.7415450909831314,0.9186788289502146,0.9775867213363819,2.020580407573133,1.5100535214041537,0.6857753780640945,1.2419934345997183,0.9181145862854019,0.32085100896240837,2.0028734533650887,1.6943905321849897,1.2225200902096338,1.5435170404242848,1.8911886572099434,1.288562457840814,0.8130446028967298,0.8621493913210008,1.0741200968269833,1.3164666640777907,1.2459552375134217,1.1581505485432846,1.3486916818237509,0.8295897991620511,1.7303420993458907,1.2307300183035825,1.2082263444563697,0.46031057293646865,1.9025775358448769,1.9145675657865748,0.9530115310389234,1.2037864381846122,2.1180050004619386,0.9600639634625034,1.2147691997563368,0.9597493451800316,1.5018068728601512,1.2431979095578758,0.5657322444240087,0.9583450672135911,1.02813787520788,1.1868456160214913,1.473364134780912,1.3129681254055285,1.1303129569011083,0.5630313667292983,1.846478973084101,2.027642109097907,1.3854423287830426,1.20291160696171,1.810025209412803,0.7993154616807612,0.8504187716234708,0.7692407330413499,2.367187154263866,1.9007231680900647,0.8523695676690876,1.4879307248337916,1.359972468795522,1.2441268567961576,2.1310701373725216,0.768489700225662,1.175883596069062,2.2303782513042973,1.240056969387261,1.0961956754308886,2.797235857975293,1.3412587646755054,1.3395553963445241,1.3870937718412273,1.955188394705671,1.165014147418833,0.6601031324348062,1.553357916132928,1.5507298346747669,1.0099270114836565,2.4513182952654753,1.1861521709608098,0.8226767389053631,0.9378486010297482,1.1173646737901226,1.31196113408736,1.1806745299926829,1.4924284564500572,1.4264523861107001,0.38980782128908664,1.2480024814151487,1.1046868826779006,0.8157263121421484,0.8725239526633755,1.8780623416935018,1.2010352306455911,0.9165634648900733,1.6137955560516906,1.2564733125563468,1.152782974542075,0.8898243948176799,1.1469921066005822,1.0111748777856033,1.8213887856215503,1.8538837841044415,1.553231450747864,0.45674774678077007,1.5916943656344065,1.6664470608592354,2.3063330222211196,1.078978374064981,1.56150303232747,1.097731320159219,1.644263995421966,0.8252019782002862,1.9831265747098925,1.3614632517307097,2.252187318452355,2.4092436555437495,1.543161221081951,1.0887771154046166,3.068350367110209,1.4981706087383975,0.8439087731753109,1.0421215633632497,1.6098880875583794,1.694765566080601,1.3072883745712272,2.0888304981049424,0.5908266917111087,0.40169082714651194,1.0582665561627342,0.36059608517359976,0.9189848964144668,1.305443126118698,3.4013642830715836,1.7227478793572355,1.5742083623598815,0.8795433673419012,0.8917393030699818,1.452179206395601,0.9989313996047345,2.0209943254722935,1.4072503345598157,1.1339749457458652,1.0863091755122922,0.7362514004651348,1.5845017911590396,0.8723856568434866,1.4100126906612769,2.1815026725992928,2.34012893134803,1.6393420705088362,1.3345799886276222,1.3432053274322249,1.3490913592504208,1.5439480594625243,1.1031324247733463,1.4900803653553416,1.9994611632675254,1.521640144302383,1.5079522210970917,1.0218808954627114,1.8338555186980303,1.3541602412150766,1.1085253786662275,1.076198559499559,2.4535878196014957,0.4998318544669099,1.3440003416305644,1.1238169025991005,1.0203162392877596,1.1776193194245141,1.1319610374586802,2.257724298707661,0.98903133243163,1.0490232931783088,1.0070734621192137,0.5493355977006511,0.8649613333255446,0.8390877485301748,1.3040955497779196,1.2403441122125032,1.3193259093685545,1.7646950951083544,1.7939857603035307,1.4776430867043993,0.7415277986035039,0.9549402251783646,1.7110008825235425,0.7889628846185317,1.525339621330795,0.7675245198062327,1.1305829091137785,1.3799100363049956,1.4495007753861362,1.3273433525644753,2.184484442964111,0.7174809807056685,1.5819009697161595,2.3980263306997753,1.2093258389793198,1.8695990189190925,0.8456010557637423,0.9547559477909933,0.5638990029483955,0.7025906361838697,1.292182523334656,1.8607511046029646,2.0818739681967964,1.5630222308525352,1.317348762602761,1.538975964987026,0.9060219531355826,1.1427918292687969,0.3235782048435436,0.9257390810133463,1.2637287256890501,1.0985244201032074,0.7570634483413248,1.4172252891999917,1.2091996137167622,2.3242503674965684,1.2912764431060633,1.7689835377016325,0.7047375951030899,1.028106569916226,1.022897236522956,2.3409380147452215,1.8278038124293767,1.1984542603869595,1.4010910519819062,1.5117130710081006,2.3146161519175275,1.2431260753635966,0.65440935833064,1.344464223170798,1.799999168192222,1.7444244526734973,0.9096931475603358,0.9942623968529344,2.3496337859567435,1.821112556834821,1.995801353613671,1.2966123419099622,1.4710056262159632,1.7103337145014599,1.2268242630103172,1.2599564566951138,1.4649190583566092,1.4790598281381973,2.415782370593613,1.0301327177012454,1.1066202102236873,0.8986716824637773,2.6571281956310613,1.5785180952043376,0.8999761444212501,1.443131924973816,1.5755072253983948,1.3431551394765147,1.6728611563546667,1.2313325446516148,1.4452632164134462,1.7712319405207388,1.9853219061519054,1.821833961531492,2.142728661924036,1.0760310212268454,2.297835656128904,1.5394616953233442,0.5601521210313132,1.2420893125284516,2.202062883639666,0.447789333958244,0.9120281779270554,1.207086699469228,1.2951818131153563,2.3578833143383005,0.785381259594303,1.5088001143505,1.9624263676322087,1.488001246041136,1.174861788768124,0.9778311934487036,1.3419123543354294,1.2611408444253362,1.3969900370657227,1.092709510688661,1.7918642764480237,1.7027357252306203,1.1541013278046763,0.7714633771853795,1.4159632837511507,1.494328946303385,2.075062966485352,0.903121844871454,1.1733368947909584,1.2152661433213843,1.2803785963332646,2.2957818502710134,1.5669086917273416,0.8658990906574444,1.0644467378263294,0.8834248744381068,1.8639820180569946,1.9999296761126863,0.6569948241054153,0.7597510109571096,1.4791491930764904,0.569482783702042,1.4080260096062998,1.1522636729008993,1.421855678155335,1.1650154117748048,0.3695903446387058,1.3756033608438334,1.316255975727225,1.0163142084008292,1.106015620051495,2.2053446326974684,2.0419407647650045,1.2789059444780562,2.1402702806065714,1.894581438224499,1.4122150662647472,1.337258191434743,1.0918331576804954,0.8196103926553522,0.6475198388101855,0.6444783315737531,1.612840979546414,1.374643461179016,1.0824462791810707,1.7225798589618884,2.1035673011864477,2.07802716364993,1.7987056450027712,1.2673686532796287,1.123527232218568,1.2398670330953767,1.5240287094240879,1.1006470669363657,1.9328230711175403,1.336229639135315,0.8847947298131744,1.4879087478263382,1.1024990020001084,2.0346688310494434,2.1947576615566065,1.5715928698600994,1.657160880647102,1.76137815850193,0.7456369591390515,1.1711968586566581,0.975352697678207,1.9481796365965247,1.0573965154812148,1.8201354240300764,1.2553312682005053,0.9193782748828263,1.3454185413661293,1.5084762280836252,2.7628367243543277,1.0505956431408172,1.4858204074806605,1.941673540575787,0.8177373048648968,1.4940527684552873,1.1520634413681603,0.9892658172791109,0.26593359254203763,1.090636810585425,0.8986455552985015,1.3757325105986267,1.6990756929524753,1.8505662198293968,1.355395231494687,2.560808944255718,1.5570221182504915,1.8446804682131672,1.9376011088016474,0.9289171073917118,1.9373572288498648,2.080517267058969,1.3759562934002838,1.213547474285329,1.2654744174766281,0.7364050351502185,1.660591145812703,1.6022776427876555,1.2574118326680488,1.363612151023876,1.6697595844609403,1.3605558364628463,1.2323447098991622,1.180156918765348,2.1073000893006766,1.4436398625430784,1.0642497693526916,0.6623013446539512,0.9524886338329982,1.5407422110790787,1.5833670773279909,1.5375989133433925,0.7662789273972574,1.2139505378687767,1.0841603945781089,1.196014759910239,1.6735332414651432,1.5042024733620765,1.279872711127633,1.2132205807527492,1.4222602467314347,1.7961736202850471,1.3136245600143528,1.0760890641961434,1.6298515203164277,1.6841022193221222,1.6201958322813548,0.9162924121481264,1.1508767981236179,1.4130561980240048,1.6616978270222307,1.1683704928633478,1.0748511047148273,1.1020467976863029,1.9424026447920055,1.9194304389344794,1.6052233187334515,1.5280915802662143,2.2858061401679803,1.3776559954972405,1.1481284255532098,0.7636769940652113,0.7766692596065321,0.8901059590241408,0.5698513024155706,2.1443149839820466,1.8446281739139516,1.6461704096064256,2.4659180538237777,1.7127179250156557,1.8431604334078227,0.9795763984850551,1.532864309219771,1.1555874074458239,0.8134876812638381,1.4418283297364716,1.7668328953726031,1.928151999691802,1.3262436957464945,1.0134421323187255,1.9598954213539037,1.3144391971954956,1.0501101119456149,1.0183407457618538,2.1658111100563002,1.1273185636918455,1.14829102297336,1.0772417705657658,1.473698056690299,1.4281640086501124,1.525322198685339,1.4293698212541823,0.9310972218238553,1.9145206578586003,1.409299481822262,1.0329391064813085,1.4442801237669913,1.3047772304502785,1.3551366671365421,1.523668168723363,1.2999467890644014,0.8489144089060114,1.9761191935496878,0.9749090189268466,1.2039417630686946,1.0249211933167806,1.1570296046643465,1.279856749586482,0.7998744527882435,1.3177543209076121,0.7815173192730045,0.747054894964576,2.084172051487605,0.7838798003275289,0.7094606123835618,1.2997779249482375,1.6342184374299151,0.7506103621204094,1.3946413478786615,1.213523161670901,0.8753615670062606,2.3375587143369785,1.0534096843014682,1.5902092581839988,1.3868776641448657,1.3910182621384561,0.9752044861180642,2.8300873856618534,1.031590843778402,1.1592634532335242,0.9937698071660854,3.0938630261766424,0.7089507470497565,1.1870052144479,2.1847511749115345,0.9184891237010455,0.6103782090862742,1.6360853983203367,1.1776262786963319,0.8592244481307163,1.576399652989884,1.1426643085633281,1.3051710669769583,1.5737142207303982,0.7925699283568657,1.2329828579404247,0.8598827121806388,0.7875337535773671,0.6808058857850368,1.9304496338925818,1.499892465099729,0.8782311401222078,1.1348346876424507,1.267086617573308,1.740087576490769,2.610778352041754,1.1915282569250167,1.50603591706565,1.259463957342552,0.9145548732780405,1.4301091058350115,1.3459179521082638,1.5828902789094494,2.1027302719817107,1.2847176919791734,1.3500756457968,0.861658303010846,0.8912303180528625,1.039412693929227,0.6552507208277727,2.1307248636785516,0.7813203861981056,1.2867941832285277,1.2870949141073584,0.8664308802172391,1.245388177047964,1.697517957853332,1.3267538058853563,1.2172165693026034,0.6266128427593958,0.873137815799391,1.291380268931894,2.007361641824635,1.1136542718991862,1.3198754628896574,1.2912612887012562,1.1392386864822202,1.3319419932968413,1.357844753172641,1.6790272711558838,1.850720691734091,2.110414355934572,1.5536154971286258,1.5297182801591735,0.9183561613041235,2.6242337515390997,0.6830506904361442,0.7698787576617205,2.9905520287614293,1.6812691452109858,1.6927383571730903,1.8264736287009866,1.3276340966179725,1.5800347093272689,1.6091677297673013,1.678495619286593,1.810459229779188,2.2233651348336934,0.9172427290613978,1.8123282052534084,0.9765171755962846,1.6389288536306468,0.5859251156006647,1.2478944738005058,0.6006101959749768,0.8699555853191742,1.6899613521032903,1.1870825896891932,0.5237258572511362,1.1932232979459927,1.3865198515477097,1.5198415508121386,1.5426917871085544,0.39956421316886614,0.546134768519148,1.9633798514974825,1.1689482304552068,1.1140736604149626,1.5057464534601925,1.096103653110037,1.8396078791029615,2.0194625526645202,1.5339689650265562,1.3875818366646269,1.1553254237949786,1.1259348178109345,1.4087205624221804,1.9660089549664854,1.151176378294502,0.8109524582522047,0.9671603297669227,2.1247729079873863,1.7974166852649114,0.769453457380165,1.1048590655310584,1.269116746086789,1.135898626186255,0.7242179603331484,1.2324738265131887,1.0291145326024134,1.4146441331488324,0.7741013073220808,0.7390929135218903,1.4987385315927995,1.3992269479774437,1.2499236119411863,2.24543201412388,1.0814048593834087,1.5421139544413687,1.096799954518271,1.5877011321352188,1.1107427085064712,1.8379738741020828,1.2388390746607412,1.5322578058403846,1.6381650815084308,1.1667573490381637,0.8366309582034523,0.9799040464946366,1.1343049170364425,1.8684353647141738,1.360722963361392,1.0556082229687176,1.6012199148655424,1.7357416702034223,1.151250012627142,1.1781463292246173,0.4212404369588013,0.9481054916178415,1.839008389224949,1.1524017192501153,1.0690741579431995,1.8007938307763132,1.1831951029326802,1.8210272237157512,1.251272572640969,1.0236413660417891,1.2688741978548408,1.998649826828453,1.2216269645220998,0.6930823283701484,1.0935536862014306,1.4462405023366984,1.3414367888641723,0.35560147843831125,0.6179015653094375,1.6880427036985772,0.5926632875937077,1.5468826615547684,0.6926042542463612,1.7612470563090779,2.8790778084222004,0.9075011146195778,1.0112966691519207,1.242074628891332,2.0475539185695806,1.570279483358163,1.1396663385926278,0.9885705999048819,0.8605756110601844,1.3623573474518622,1.1498488055655873,1.8161822646807728,1.8531973931145975,1.8651335530411448,1.1820556494227437,1.3669191929907432,1.4807058147763024,1.4009125580749084,0.4582603963360855,1.1385752226867345,1.5524768816573546,1.367188116623379,1.1301282711273468,0.8807916922928407,1.008183107094823,1.5767783605024082,0.9789366357778857,1.0308121898622178,1.1885251938719974,0.9957489931261244,1.1270998084664499,0.938230602063747,1.3609740505390162,0.6506383359543962,1.3575796671563465,0.7493012860770547,1.6698751703014292,1.0907694711881732,0.9978376153874418,0.9040122909024919,1.4184616218340327,0.422027339803528,1.4160773663939392,1.4598086925330607,1.5765587152395943,1.521616688562223,1.9291375014815806,1.2567909467117455,2.244653248276034,2.092605972739393,1.0102569481056782,1.7431351238735278,1.0684552710643855,1.8297773332605844,0.8951585129074563,0.6928720343556636,1.592077395922341,2.287260086196701,2.4731367473718864,1.438636067107316,1.2268630042186752,1.8184789248239683,2.7883240149804993,1.33283687015206,0.7740197290921254,0.36657832970698107,1.3133211614770355,1.9046433172480661,2.4137868519093475,1.5055142926665348,0.9332812293267603,1.2930492913683946,2.9165173073738364,0.4181251909083392,0.9890192814584927,1.3888129828098172,1.5314544030369086,1.1337109055896202,1.681345301055746,1.2318381133438894,2.486932508496987,1.4587672336984958,1.291718877291662,1.115916257975545,1.4474050788096453,1.6197492839697514,1.340661738719036,0.7635489238261448,0.8433985324460809,1.1124452655518657,1.2472183630074787,1.3490672020487116,1.0352460680064732,1.947503835610984,1.5032410307237285,1.047858764081972,0.5190960127327422,0.8948796842854987,1.9176890913537232,1.0627916083173807,1.710284140765864,0.9892792655815694,1.4680183941172436,1.8824200258071417,1.291190323730037,0.9958634058033333,1.2634785188710378,0.41400442406838966,1.2170523928170742,1.0978301095572007,0.6568556145388268,0.9270809418362428,0.8979207627410176,1.2141221600084777,1.1293928588284468
16,1.3537563354499507,0.724099735366617,1.2689633107296543,1.059806692643328,1.654875772320163,1.1017355218362173,1.684838915274198,1.6746888891686,2.0430894566056654,1.0795950218962662,1.2786178917862587,1.4310144812822188,1.8663614410997662,1.6245449238900096,1.4620526236984244,1.2375030411472818,1.2915203891090936,1.1062391758206918,1.5719473346052197,1.3318027527572471,1.122823976956049,0.8503343910596838,0.889618805174253,2.331623781029185,1.0200877776484965,2.2469073646631506,0.8042469450333775,1.0922707359844734,1.440860323008765,1.2899250933635993,1.1779929930190884,1.546915581630689,1.4042417167439587,0.5316675494051227,1.5458401367550114,2.531915391877005,1.2606224559514803,0.8351173328477747,2.294591647156983,1.72446326029217,1.654362833922626,0.5509488638029907,0.8568806706007569,1.170746343300792,1.139641698744787,0.9854506912889589,0.8380514863134161,1.5631669114785767,0.9272154095140509,0.5327137780583726,1.0504831251444546,0.8094905490694857,1.4119761877663621,1.6256762465896502,1.640565207985469,0.9959143806540236,1.8108827233580334,1.4267683543600265,2.1479191646561104,1.5255637647822629,1.308970358933428,1.3709869423177063,1.2267063447505606,1.1957646187445694,1.0596701297195332,1.3559782565811884,1.4660844495215084,1.7634424079685436,1.3823239174391997,1.4454026468084145,0.6915960880355604,1.0965728304618463,0.8793702217750584,0.7899299870467608,1.3846054396481924,1.6897729633322909,1.6387968735906153,0.5835560416644395,1.0557547470642592,1.32873644922276,2.246154832240066,1.4672169170830756,1.5457045004559262,1.1706990115239628,1.2656648109166253,1.188346807876691,0.9563269005567007,0.8407758036676038,0.9256383987988035,1.792979223311403,1.5298280474900128,1.5108436121146562,1.4259045351476058,1.3290588890145008,2.1620762200909365,0.997665579119329,1.6101281844472985,0.8565159174128147,1.1138384689449257,0.8822377799539686,1.2600375569995053,1.195065991116049,0.7405934076601721,0.5600746734076463,1.5978582487439659,1.1432422768721173,1.6218974121182894,0.8390092535464834,1.1369308206696576,1.36520956202326,2.91346951439267,1.066900841375388,1.7098630027514703,1.3348064854182706,1.3530595697630576,1.8959227046281828,1.3665444877991777,2.1309549827367924,2.341376844740295,0.997592711810556,1.53269215650616,2.3716009935992437,1.2486202208586747,0.3909851276161038,0.933425923862615,1.0054558758163936,1.6678773321899243,0.6889660660429487,1.0850126331373633,1.0604060064389516,1.1765569199655002,0.9877949191046479,1.4855609919051018,1.6974954755998455,0.48344843953406724,1.8949052955511236,1.004421463418124,1.3788623501648776,2.339093987945051,1.4922416650570205,1.5554054696723694,1.0068804801438567,1.4211929375311654,1.5203431266370622,0.910123420293509,3.124295142539444,1.1318874516925896,2.483357901124161,1.0875018924890525,2.1482069271168007,0.9673718386497423,1.2956919521908576,1.0432414856097862,1.4643672759068327,1.1097613187063948,1.446642345265844,0.7789848831944082,1.4268907778973552,1.2479229592131424,1.585743173664838,1.5394626926429935,0.7279027321881153,1.3160449622114054,1.3327047820003024,0.9775011399369454,0.8509348244035162,2.104793660681346,1.1763860462225604,1.0243206271931562,0.9547776890508182,1.6424184270343525,1.6102318564750357,1.2490796958411208,0.8061431277875488,1.8757250503131024,1.299308656586136,0.6910476992598231,1.3165077231596243,1.9402506585215804,1.1145860201504398,2.799776973757183,1.7701880232684586,1.514778051939453,1.3890217379944962,2.5631042418710464,0.7704779798558183,1.7651726953149276,1.8330899295854561,1.9764998217145664,1.047172460626253,1.1129576378117083,1.1718314789522626,0.45565562523617364,1.4292276468419294,1.3759310588614095,1.732305157214486,1.2237185779368271,1.28980543446837,1.4889094085612482,1.5381639079438933,0.9437157062540245,1.0641267167807251,1.2191732504788932,1.181674500626553,1.0202384082358786,0.7854420284743391,1.4345654196274245,1.8495616430320818,0.7031478600818127,1.0198771536116722,1.2000571946647893,1.4934509419311306,1.0541769107777423,1.0694789808402296,2.7514909247359487,1.0088584905750957,1.4650876932918735,1.0688459212407522,0.816589880239495,2.122934609626,1.2300198634837276,0.6409494594524705,1.1106302493300868,0.7268703624635786,0.3027578732121098,1.8303221937861232,1.5681355019754268,1.1525058407245916,1.2275719317872387,1.7897896214818991,1.0995423260641606,0.8139357195319394,1.0025586659635475,1.0402821523994825,1.3914961454448407,1.2545606683197854,1.1939505554728176,1.2141262068200094,0.922109216818045,1.6073407392867942,1.5096743451168058,1.2434914633811378,0.4634992026623327,1.7962496728656778,2.0871610214744742,1.0231852767962692,1.2360742628882668,2.0262382557783667,0.8745681220199275,0.9745358750209331,0.8882662308962369,1.6243249510979414,0.9688595270612806,0.485245037987051,1.2278919139774294,1.0813197338363596,1.5478315284687307,1.4325361016638973,1.4949797550647381,1.0818274547664526,0.7089707494277295,1.7032228433238736,1.9289741374395866,1.2838872345345247,1.2154701546721753,1.6171061005170024,0.8066581295027625,0.882930068855909,0.7456570073694155,1.9009549679590023,1.6409211748592731,0.8281696411036337,1.3478316623033468,1.1219876033494882,1.056591632831479,1.895063295870694,0.8039170666325641,1.2359287164298638,1.9856383286404988,1.2885716568904828,0.987465426663784,2.1554842081015453,1.2385081712616026,1.0666687370039707,1.3048500271710197,1.7943895517477504,1.1284720466965432,0.641397776351874,1.3711977941497497,1.1628340633216525,0.9600331759894483,1.937828581043104,0.8539731720304349,0.8024641679824358,1.1414691355209095,1.1026277411630034,1.5156089724490647,1.2848865080805802,1.217224425182256,1.2746981020136903,0.28176531518335934,1.0351509788592888,1.2947210991498668,0.8634559476035852,0.7778772206055715,1.6283002335340038,1.2567518328796794,1.0056629986736494,1.420739923924037,1.3157550683141321,1.6250067877129228,0.8649733090631102,1.1036119498644388,1.0230238694047094,1.8581076052144052,1.561635183626058,1.6715376704851583,0.4335676923047932,1.8618747755918252,1.569853597445578,2.51791230877958,1.1582995742013897,1.7329506730919155,1.3185174836022857,1.4006728913990971,0.6865575652197186,2.18100340805875,1.389681205927105,2.1126974752668373,2.3110776018591497,1.585880043123855,0.9240629922902863,2.6177668135551975,1.4000868205418668,0.7888451270361083,1.1851395634201003,1.7534819348383301,1.8403749118494988,1.2446696856168598,1.8211595155450961,0.7424214345213127,0.38380367511727015,1.1611948949659485,0.3377013564162476,0.878507918276971,1.4081563072352308,2.8041499065350335,1.7805248294668417,0.9643920702907071,0.855611416302059,0.9859103712781008,1.529574455879632,0.9240876886166767,1.95458567545286,1.272575849175207,1.020759963278072,1.0489591463349417,0.6028478200138684,1.4821840128755215,0.9264767281162882,1.5059091390657127,1.5173507991001047,2.3108046047497393,2.136580650418696,1.6298616159496948,1.4690952961691885,1.2504352998280641,1.5491880133249076,1.1664286377352249,1.3750085582679779,1.6682024724226134,1.365885849679213,1.5238366128952177,0.9614406379366762,1.7248228749217596,1.3125354925118593,1.3211479966736674,0.9868047248357948,1.9097597725828548,0.6734119382031478,1.3290981576842498,1.1636374473456501,1.2368864665230541,1.18425682616002,1.1721310773499016,2.293365810737738,0.917727545819289,1.0302738589897122,1.0306753574050804,0.597257729148206,0.7653954855806361,0.7306380541461095,1.237959357264642,1.2839879336257276,1.3319043850405572,1.6395382615587977,1.4251354116248018,1.7561145339730087,0.7749177426568135,1.213915097136923,1.5884786889848899,0.8156028269156171,1.6572752744939956,0.9291552883638237,1.0894554088098625,1.5734259210808603,1.553472771047312,1.4067300415063348,1.8925488694375363,0.6252138699866335,1.5455595012461898,2.150574435500504,1.3155751402711744,1.811183525088739,0.7956036409829244,1.2705688705041212,0.5957817566020909,0.7866324594046419,1.3561322832183067,1.8781549211782442,2.1617130466071615,1.3869144195840333,1.5265936365739372,1.4115663933438856,0.9636987193847633,1.021640148694206,0.29435073927305605,0.7233665447698268,1.3120180673026123,0.9775998681635689,0.8204454898209961,1.7337082476925076,1.120334954906465,2.424548592487185,1.3178540347719128,1.7134082976655924,0.7875415659017674,0.8053727290854003,1.225665155787825,1.8797706176083848,1.6759880917250447,1.346585944722148,1.5746456573759218,1.5054184525808731,2.054113985229729,1.1822118233604126,0.6266139712197262,0.9942684890355389,1.4491627792555168,1.7599821339301471,1.0101901627468166,1.0818068136357524,2.094710525881508,1.8131853816759058,1.9108289738394706,1.3785259841173276,1.3011001663856865,1.8921631279020128,1.1222103565702874,1.1863923604770843,1.5046196760533277,1.4732806335543571,2.334546523486635,0.9310811880207597,1.2106301107624438,0.7905085097687459,2.3714303697112498,1.6148559825964626,0.8501137178056803,1.3776360316409373,1.519520305412151,1.3324040463819955,1.318723327346174,1.448557040877616,1.7549572382998782,1.5632677571275455,1.5188923874154665,1.85286463876732,2.2359643113214416,1.037181517299255,2.01343810055247,1.4331410705238825,0.5508399276379268,1.287873712378847,1.5093865514731992,0.4893777987573146,0.7391879918614501,0.9589755460071177,1.318531094371507,2.0420975810452324,0.7934106917480859,1.521772291611227,1.582273132047094,1.3696291621433365,1.137821339508079,1.0113470454660103,1.2870269435039043,0.9830367017054431,1.5692324762462,0.8941846831090827,1.809795151208187,1.577329992864621,1.4328449512305452,0.7365424859846222,1.11983132518875,1.3279694479352402,1.7169702246456988,0.8131812434588934,0.9919076757861407,0.9482083639500865,1.0758779130513527,2.021918308703523,1.7311321421159134,0.9159433802869599,1.2462991837107773,0.9637593782211269,1.8302953189098592,1.9769487615681691,0.6087446664298277,0.8500312153347349,1.6664362945856166,0.6745259732648385,1.2384706082090235,0.9217250993694163,1.37940417723782,1.071775934869756,0.5587985954766737,1.4436657021982797,1.442316030848609,0.9779933429725265,0.807028261382666,1.9241496291915787,2.0869573942819013,1.6846474287052606,2.2591776571356013,1.617670625474584,1.359913467883453,1.0587452490820604,0.8808259499628045,0.9443668550983945,0.5846640706520352,0.5255043706163385,1.4168880350212998,1.446305125272165,0.8209429284580978,1.4972133964662606,2.0293667841496403,2.0453067420292497,2.1201375107876483,1.5300343024971064,1.0361332114669484,1.5162590094456694,1.4912540683982636,1.1597142197745134,1.7480946278442715,1.49794061821633,0.9406666739900795,1.630415486960499,0.8784659496294577,1.7591015797086824,2.3243861265381693,1.3641323988954352,1.4892086203889598,1.8063456994714286,0.6927776054869766,1.2740417667813726,1.1810836413320653,1.5209252027988387,1.4123573322893848,1.523698810489768,1.2691525645246207,1.0288358530415227,1.229226108346052,1.4651848270307044,1.9929476341341168,1.0452946792033624,1.453404361510343,1.9094559232306016,0.8050736952692741,1.4728339607961871,1.1136241094102668,1.1038198154267835,0.3850253898759791,0.9098625021646793,0.775794669410501,1.3014804697056492,1.6018118107070556,2.2834299200055126,1.2807065375520792,2.8733428159869168,1.2569069970753375,1.7196690870055016,1.8879001777126718,1.103669113643879,1.767878123225579,1.982149479354398,1.4314872571400692,1.2138107205361341,1.227166610849531,0.6798810842604623,1.7633711784203583,1.3929261638423314,1.5091071874109256,1.4224457881625134,1.5575477062804253,1.175119804122173,1.245383093381145,1.1075304521987563,1.9919297895510057,1.4531015079624883,1.1528555992870866,0.6438082250906544,0.8807997773312465,1.5965064261014483,1.8523109728842697,1.1939114549641268,0.8643263089551596,1.105557483587849,0.7908996245163782,1.2211473730123408,1.6626036360046121,1.7861024562401933,1.5466857223462804,1.1189246396834989,1.6084166599548495,1.6095393297978238,1.4515621097673628,1.0751496461348085,1.4357411601836816,1.7394732830807489,1.6833292045931265,0.8678072303632938,1.1044116478764854,1.4085921238884058,1.722232784256716,1.1948001407369473,1.1315941111390397,0.9619798896496021,1.9231648799823122,2.104803222345268,1.809928658239455,1.6219319982043552,2.194512212965965,1.2894994224748233,1.0598960892556777,0.8122022036580375,0.7262684668609375,1.0154176339054175,0.5233928376607875,2.162659013125189,1.747176328607619,1.5221992544787128,2.2651042490975617,1.6568222580874719,1.601637660242128,1.0665704369631304,1.2621745024639388,0.971018684269064,0.9519602484649994,1.3791323716511064,1.576638906228125,2.047868115207205,1.459297364254577,0.955220754151529,2.2891796226370014,1.355357054362044,1.0912827601642108,1.046206392162197,2.0925964255762213,1.3038216966150822,1.1253721375611725,0.9292048744094934,1.4140958481903232,1.1898483252142085,1.7724279609349691,1.185489309611684,0.9025094164246179,2.019357382472817,1.1484656469230967,1.1166116149917151,1.3824961459787257,1.134521579731966,1.2933816701669372,1.4452376835291694,1.126239500073062,0.7163114755826013,2.39786395177635,0.9778951358111414,1.0024831538803518,0.8831083297147322,1.2355634461282918,1.27203219729331,0.6534319210833144,1.2748406162597647,0.9099352964769858,0.7967899917805072,1.9165008200478129,0.8918237902229134,0.7088952821113932,1.4739796672457441,1.6096154600595982,0.7888339823987637,1.441384632808058,1.1419569188603131,0.9347183167409578,2.3013894579986425,1.1001785829774364,1.931396304629455,1.3861846256062424,1.617455055315824,1.1776241015470956,2.320581852733798,0.911712036915581,1.312841466828372,0.9069233852974441,2.758366643562951,0.6121587651560165,1.2383952510504301,1.9186845147800193,0.9207032492284569,0.8541441901386124,1.4397865462755401,1.158944868587359,1.2134871416192419,1.3770332947298511,1.3672315737865546,1.3869732018763337,1.7182688452653903,0.9605985718537864,1.3415605533319899,1.0550311908940466,0.9954311621062202,0.9485292683164867,1.8675502994074817,1.3165917630417123,1.0481056271231972,1.1223348904591433,1.0610099453144068,1.8597130110051538,3.215127717273084,1.3377625050479929,1.535575822641764,1.309588475559947,0.7725738586305482,1.3928930521482268,1.2098290523953874,1.3460201342253977,1.9527669167680979,1.2034178293811566,1.2155314822557792,0.9159209324737883,0.7876086991865403,1.1481308322147425,0.7487973692583818,2.433257702220817,0.6724892103723156,1.0396177265278275,1.2933432612208449,0.88836369916391,1.0717950356124317,1.996861706024661,1.359629740111603,0.982717126892118,0.6196264031309082,0.9518061124933977,0.9457905289563642,1.4909834774039652,0.9749946226751371,1.2813573606325137,1.5322578367773487,0.8171225282009846,1.6304756637437825,1.2820861406773347,1.4726148112216533,1.8378987019188995,1.866286192787488,1.2684165623387824,1.1858667877653484,0.9689987145049472,2.0127464652053564,0.5318206281511548,1.0548843313514304,2.6440493669214185,1.594412925343918,1.879906993300199,2.1936735893856687,1.346201842741989,1.4348381060355528,1.5387170360372406,1.7174049171510535,1.372817781408381,2.2748394895786586,0.9228790460926439,1.8511769882221827,0.9155467769075166,2.0020329048385817,0.5672560011272372,1.3481120243815488,0.6183755671284713,0.8939394897660566,1.7689339156523995,1.1422990625469511,0.5423806321884285,1.3714268305365318,1.2397427647866746,1.1372770633469238,1.5205671838802473,0.3081482053872898,0.5890833182395989,1.7906497241613728,1.0317547798335673,1.0558064049062357,1.4707623682826918,1.2013191666974208,1.5481824199446228,1.7171063153709833,1.5030508166992047,1.4990234911323395,1.256312444244037,1.13433136826573,1.5435567631679925,1.6299666656105314,1.1464947230431455,0.6874793401321055,1.0069259644052893,2.266726565093486,2.0072810075790035,0.9578547790046866,1.0311775330381479,1.097238864722214,1.2556262781393441,0.8631916479199888,1.3570920145370304,1.1500386338450461,1.510172720580216,1.0645457994814334,0.9141044059593015,1.5922951574632305,1.3630054707873382,1.2648893219949215,1.9172119658522118,1.0828719155648259,1.562477837083908,1.1515764479412318,1.5927841576396957,1.2246947612197097,2.0074744270070934,1.2383487914455686,1.3546137738986475,1.4218154895936177,1.2241233942179106,0.7797450951173305,1.0547185249966877,1.223084753466731,1.9628533885447248,1.6934811168443051,0.9020821232243235,1.2580180783156139,1.8732315934187376,1.0417803557338188,1.089713769051028,0.49804138624335426,1.0348800117716603,1.9626368676351704,1.118609199342674,1.0947894614182085,1.8343427601213529,1.214286360090565,2.0401714814172927,1.0503999355332487,1.1781226270868759,1.1900174846800828,2.1470444318293476,1.5991115559882512,0.9472077164428319,0.9503611324700008,2.0954301653867735,1.3488814711072692,0.3130179417972331,0.8069206968848743,1.567531866497092,0.7527235728657353,1.527452830784407,0.7244871388533595,1.5950692789320609,2.6433818746430013,1.076234892690492,0.9262118808766862,1.3065626494581977,1.90798762756285,1.7063728130276092,1.916401505370927,0.8910930319251769,0.7417162981506422,1.4050137712507,1.1969294208573789,2.2344032952244546,1.619727513833833,2.1335770234797486,1.3207572280209339,1.1561855262964067,1.2730790299926746,1.3333088610022035,0.4150005315810603,1.1591701161398558,1.5157223065415912,1.4135158042639304,1.0319462528986612,0.8847395680998598,1.0657583456057294,1.2666865756676187,1.169251470736358,0.898955539935079,1.0472585781148998,1.0483427289761016,1.2076676391043646,0.7736832023963183,1.3527609065889223,0.8009039590267413,1.539257723515735,0.9823643446633799,1.5552381729110918,1.054812055797885,0.8955041369671464,0.9821756711799305,1.232126455811118,0.5499392016800617,1.4090928076265257,1.1292608460667137,1.600156700289557,1.4237251005581748,1.919223085996852,1.1549139302058278,2.3012819355109038,1.7431676391977144,1.013798339820295,1.4902282730439684,0.9260193396800808,1.4985456811594604,0.8149500122603794,0.7911257646259788,1.7407656674402527,2.4038607850700733,1.8990263740776248,1.2976008442297584,1.1024091793061246,1.7659027436071406,2.705292176764602,1.271425031097325,0.8262045682051067,0.34830803165882174,1.2518633403114265,1.464859719031013,2.566317079384611,1.4518013054166492,0.9102084210030524,1.7377675092181744,3.140433682722757,0.7265671413396111,1.010812982475626,1.217897913369842,1.658098306416559,1.249188427705489,1.602196620792013,1.1372890304891823,2.1493685732690544,1.506368877193425,1.4660143054137562,1.4797564481377115,1.5790370377279668,1.464567522558199,1.2544686064250237,0.7466516193189816,0.8028551588691597,1.10744859335936,1.3160569414959775,1.519349562941817,0.9970031849369496,1.8513120862038237,1.5647801155864425,1.2910377536788087,0.5587410927928099,0.8071063751094749,1.7897497362779893,0.8635272787268491,1.9657807422750355,1.0897185109625547,1.6583319246572923,1.9069192758890579,1.1078329537453007,1.2091157867384021,1.034447428528089,0.4394898553482085,1.4461095783462463,1.0348529365493726,0.5630997743068741,1.1502543935081908,0.6803936445239172,1.3660298151975423,1.317199427441777
17,1.1301651864569542,0.8788328128313065,1.3800879019322152,1.0554111048055788,1.6586715538104808,1.135410094341924,1.5081408343143268,1.6347923781012614,1.6991783211262899,1.0343601837053666,1.4521449296997493,1.313730543483354,1.9762133479666315,1.5386403819070513,1.5346856692981725,1.3319951220137551,1.2142278232478922,0.9975978516664921,1.7385122956598327,1.5540654981744766,1.3197391642568088,0.8265221249701794,0.9599792072943513,2.1599644031507657,0.9889086046289076,2.2375487678955417,0.814018817189938,0.9540001648101312,1.4475872056568755,1.4674338164565497,0.9174413617532637,1.8063078827902141,1.1823321380714016,0.6191592938221104,1.5939263797688175,2.5334342153132243,1.083688686813408,1.0303321780249544,2.8767796733545152,1.846404745072931,1.7331599693923954,0.594019470087784,0.733263401298124,1.1752530316939938,1.2555113063337584,1.0535387039113226,0.8775578673897886,1.5941669868154782,0.8876707810266953,0.5085758677168679,1.072571717612317,0.7808927887023787,1.38944169218086,1.531508050934951,1.6108766384721116,0.8278342914935155,1.9404810738225455,1.1986812024657847,2.1569788840163815,1.8703434624569906,1.3048599676339245,1.283027313040393,1.1463103088783702,1.4038170365445888,1.1123399158245864,1.266530132693327,1.2085523197917172,1.5535817429403644,1.2160683159983396,1.2729585400590657,0.7534528404926637,1.026686251351798,0.918129885632286,0.717702538554421,1.1721743476769144,1.78404574140807,1.5407253857696617,0.8498578301120807,1.1209614265074348,1.1323763643308584,2.104288557898153,1.5385688973896143,1.4678054406691678,1.0575833987730305,1.1619867595303197,1.0691648008006953,1.0394918637923958,0.8197032288944169,0.9583738534266368,1.7587475992846948,1.277008045261763,1.3711006717254508,1.5279052361574053,1.2030335946716364,2.793117034988911,1.2311301060402766,1.7768795655078609,0.9710811033534346,1.101202393468074,1.0093683275701744,1.3116971557071966,1.124519377604448,0.9456628373270113,0.6165053022660187,1.6333696042636443,1.123987397893577,1.4586200235508802,1.1041827372360662,1.5970662552383392,1.450851100438853,2.624149637321373,1.0311754040431227,1.653242043120675,1.61647568914533,1.5377401385701859,1.6427451158174087,1.3103017010742817,2.1513823832770944,2.1987444009117936,0.9365126364155056,1.6627387873693862,2.1203686577528833,1.4776938999271447,0.6436854279967079,0.8257692483643917,1.1795960598600925,1.7225731452272344,0.8595142066927928,1.1782796104637714,0.930840199790417,1.0500504893806513,0.8951574259365784,1.5239997334769049,1.381020473525791,0.4029647632170117,2.150029139082191,1.040215969407712,1.3962217972400812,2.2682939650709084,1.3542211703249225,1.4969548323789934,1.0142154170912667,1.3481074687705306,1.319197766537188,0.8337914261322854,2.9973242477690847,1.1301679771233486,1.9565341793717534,1.0920555506626952,2.346864904374783,1.1191874457795643,1.4284904830695866,0.9947435396929015,1.7315896268720998,1.336567477109071,1.4831177430471163,1.130955300737744,1.214406581956487,0.9207675486124343,1.659048884658627,1.928029101434261,0.9802253859167558,1.2695811481725965,1.531133845596559,0.9606383544895863,0.9864301340528379,2.2261191689496176,1.0609274413798149,1.0085539806001589,1.11714470608336,1.6023524623231042,1.7904652997915174,0.9132617655623648,0.8891824741806139,2.1510486598847396,1.3867588041515813,0.6284014908513733,1.4149380469830213,1.7476304641635303,1.0221881956680055,3.056131166839144,1.8729839484101989,1.3476170599980257,1.347338620776849,2.1738822698329194,0.865429981621533,1.328520878625217,2.186943722978846,1.8726326255577952,0.9917288372833393,1.1884362115164473,0.962321435144203,0.7467914916745555,1.3265135484486654,1.646257784987323,1.7847300107530808,1.1707923795149022,1.3219987235734636,1.78836592870231,1.4643913670096644,1.0433417041028765,1.1364226278781415,1.1298776245680067,1.2421923801062107,0.9818343785718934,0.7601225099815064,2.0885397617237587,1.8892541610113476,0.8205385207231555,1.225802295422354,1.0558215760605716,1.5510609870614578,0.92724903293792,1.3902741096701186,2.4182797822942472,1.0928515045315357,1.390770143425872,1.2416982711035995,0.812821526609965,2.0487079363433436,1.0872827332278934,0.8708184127151433,1.1501370640289041,0.635290470290037,0.34553235843192776,1.7511820239324491,1.5648367803510421,1.2127554100407587,0.9419224702341766,1.7567022226106412,0.8920337968076494,0.8494850179643865,0.9608208847956969,0.9616114796466166,1.298978786207958,1.3801602498954308,1.1776951020720818,1.2917295620742864,0.9483362205177274,1.6997871539208675,1.8205917217748304,1.4094157328298433,0.691692397662903,1.7645253510458785,2.249266693390973,0.980071792594756,1.2589707128422365,1.7684037863580673,0.8025450875599797,0.971848728869432,0.7435773495417659,1.6632139079384167,0.7374347109227921,0.5968586457862491,1.6074785711985569,1.2724058735470871,1.769908878089253,1.7127672896076431,1.5055402220937062,1.1025847358792837,0.8052177792296591,1.5199189222543539,2.0628996651788816,1.387462906864434,1.2129574646973804,1.5413839257766386,1.0858418943109394,1.0078358233426445,0.7967899311342749,1.7833207045752117,1.5594907411751595,0.861583454652019,1.2519766854990366,0.8336171457489197,0.8781727247250286,1.9092841788028445,0.9015639189345607,1.608058977808748,1.587854495401324,1.3532222383414871,1.1322995692086872,1.768859059346539,1.4026152020321585,0.865942238152505,1.3779254713031537,1.6502734662445482,1.2125705332849124,0.7129652381930481,1.2075284478563464,0.9886104054497508,1.0371111462316414,1.6623930683580368,0.7797592206749104,0.7717562166348853,1.2578394207732424,1.1436470553435152,1.6777086663643113,1.3453485065268849,1.0479848745231817,0.9947917269991324,0.23371108120803363,0.7150774066012904,1.693509746804782,0.8563044669368371,0.7340164706458503,1.383331778234698,1.3510148331875074,1.0907487458031144,1.4177332625423202,1.4040756521865985,2.0657098135201037,0.9210386267445889,1.2059687384350026,0.9369726613261211,1.910067704859748,1.1266229975475492,1.900573023079897,0.5053946391471263,1.8650443951413687,1.717097736511846,2.253735296544897,1.2578761459696453,1.8229393658993613,1.5335424633513384,1.319836141547892,0.6947028483986629,2.2217798960056188,1.1750634785454086,2.129979711881549,2.2021191545322734,1.445886119874059,0.9291802355763623,2.5252176746515245,1.539335784221207,0.7231339820275042,1.4430035551133964,2.0467680009048705,1.7896922763562977,1.037562952318769,1.5779509482127063,0.9907087386601408,0.6375829173325417,1.08462134951644,0.468522547410721,0.8282476312411957,1.40486823342566,2.012383172617696,1.7367883516509468,0.7361047752547156,0.8713187285192523,0.9968442728345656,1.4860210526100808,0.6907798771846153,1.7905335629337646,1.1643085930749584,1.014460129432742,1.1860698247319659,0.5413670563966967,1.4705645615023029,0.9758415531964226,1.399000076357412,1.2126035915644748,2.207246582202615,2.245196525558626,1.7493468811010089,1.6299984241820993,1.216332333206644,1.4943831871551636,1.0623569449596,1.169432555504942,1.6930367413662553,1.3920453710352374,1.3679297554629102,0.8981850549335159,1.5171588149562756,1.2061093632930218,1.3976017270570125,0.7521793414165581,1.5714906957686345,0.9118323718274333,1.3358459760812238,1.3760070011333339,1.4779854338004887,1.0573308270807202,1.3026507464179986,2.194467076298698,0.9236870010415223,1.0416989719338374,1.043072691422672,0.7459830930094009,0.750052904354721,0.7522678236141802,1.3811066084986172,1.440887012560763,1.319548496272479,1.6479844358004347,1.4941952308164195,2.036959918621182,1.085408277184846,1.3911989552375923,1.6154466073224307,0.7485139186387164,2.08129918539309,1.1330490262630721,1.1276936035938045,1.6721907252066461,1.8552265796542864,1.4669410591907295,1.4082856060950408,0.5864700484244444,1.3985860473880836,1.8652346826167432,1.4467982925264382,1.6819545297475464,0.811572879331929,1.3802710100696263,0.8706955485384191,1.0341747040722618,1.5529606889396792,1.8483561121391014,2.0970391034006557,1.2702258710676109,1.6865659549623668,1.1712004945120535,0.981705277164221,0.8297983692383102,0.4020785894352873,0.6224438044916931,1.246961844157433,0.9827054998668818,1.0442173569500621,2.030966372989997,1.0715527638900901,2.157525232323522,1.5383333492990494,1.6818813452618482,0.9161961447416489,0.7252589342643998,1.561370435908517,1.7048617679280258,1.3970867219471228,1.5584017956823568,1.66446616559372,1.6655285154520862,1.9925702035749602,1.2449898975730518,0.7199237709451068,0.5868707999602083,1.4364493873841822,1.7991691598432957,1.016056149213688,1.1483612394237697,2.0580246275808913,1.7189084687734952,1.890324279214988,1.4960082020002656,1.2318851921037886,1.9703021822620408,1.2096938171031988,1.0869915594251756,1.5046907014522883,1.5275219689790887,2.062850264086552,1.066572192294725,1.1432344776744259,0.7515927476353964,2.100311471860961,1.5255368269852023,0.9083648098188419,1.4248785898967544,1.4232839826205212,1.5802986466962792,1.2312191209875265,1.5741045951182102,1.976029350119015,1.4877459982038057,1.39740713611285,1.8002029157395183,2.1487785948720783,1.0282294131391623,1.9539691170938072,1.2126961116491597,0.6721022129267842,1.4153800794315183,1.205955469512633,0.5349838894400705,0.6801095223238378,0.9936067822712829,1.370761556473076,1.5653682096360657,0.9631140248495497,1.5988740160440087,1.3769519734364186,1.35819344576303,1.198104677760281,1.2542979118404958,1.1591825106319968,0.9668142204096213,1.747525822685519,0.7861095232739496,1.5761857998339213,1.4191640981359597,1.9810394184327715,0.7499737641188677,0.9925738221814852,1.1355328106913272,1.3942140235718175,0.8618079560636354,1.02557452849047,0.7116347524236795,0.9900934329525028,2.083373082578217,2.035015267720288,1.0454715885591148,1.2127240440343527,1.0704029197414615,1.7391313665497634,1.9059449587815098,0.7876136952142037,0.8846892980942925,1.7006709759184893,0.930201800614752,1.0630648909368348,0.7935338849573406,1.2620094797352697,1.0295906854945254,0.8169344882736965,1.4784415132498774,1.5337514434700963,0.9512334694737371,0.6896459099097838,1.5339906650411883,1.9386982156433303,2.137935682310142,2.307927734458292,1.2925399370230592,1.4823469874974808,0.8958607937498999,0.7458683038813316,1.0506545834686896,0.6321489293762387,0.541269293302221,1.5513183085728852,1.3629054728411156,0.7287637833375555,1.249770405267878,1.9706905252633975,1.9758653946184115,2.4116013251139714,1.6593573613206156,0.927306632429896,1.6180725251397527,1.5708789414517124,1.2709386772339046,1.5474894394272385,1.5073605175052527,0.9592892277752838,1.6873216998810048,0.7722014131830438,1.7312672702954708,2.384314860096037,1.1297071803958878,1.5295907877989987,1.8261284764180727,0.7402708236690074,1.1629224730965766,1.3777866297386212,1.3999335507749786,1.7204613136476437,1.7234602477616148,1.082149034549329,1.4293663450662262,1.1469825700937746,1.633206296594701,1.4666093597362908,1.0631994082789458,1.5454685063510238,2.021606416232608,0.8830285175455479,1.543185433504428,1.176973598669929,1.0863562069629271,0.5238991015601958,0.880475383516657,0.7901725520347382,1.3717183866799256,1.3592291444819151,2.8551979103559604,1.3293733654448887,2.630683248940587,1.2022930822845417,1.575819366450621,1.8575803270221019,1.4006908502998212,1.6447574698420484,2.078841438495874,1.3876266348265922,1.1596434058526757,1.4766513670027814,0.6311999550907719,1.859895727553045,1.3065744423100836,1.7073972311580974,1.577456682891864,1.6279010846224453,1.0301002883215447,1.2694934901490764,1.0981963632569156,1.8860008485113213,1.474004302697017,1.2478956636052587,0.6169662338915353,0.977557823837053,1.4701845018203872,1.9960535950073266,0.9639901517640372,1.1640628172076892,0.9542926624158096,0.8069658231797101,1.3269221988484328,1.6575828576944907,1.8665402057958214,1.703914263605113,1.1536411455923403,1.7066348725106477,1.8093626584969993,1.4952693573407194,1.0993003656552212,1.3584311782080678,1.761295309671496,1.8563113135129135,0.9848170882738833,1.0077518448929734,1.4986896285686426,1.6670275349874837,1.296338607612835,1.2548827045755284,0.7900383686197714,1.8116403947586348,2.0582277219381,2.0497221328586104,1.7098753108029365,1.9440826619758251,1.3324693361127957,1.013677015254582,0.991988210005939,0.6837090570920623,1.0751206618348659,0.6178827924587251,2.0846513953990744,1.516481693609645,1.5490826247201412,1.997336399804268,1.382973170558407,1.4744428461778467,1.1196229845217043,1.4049481492388982,0.9430615915226721,0.9659013493844706,1.3432566270015183,1.4644623949848974,2.0257852664193465,1.5351432612571887,0.9353461348739249,2.5406204455192403,1.4449225806077592,0.984470907413596,1.128963474898836,2.0265838274332593,1.5471705206560027,1.0717958164599657,0.8555982029425243,1.4914297610255711,0.9459262955637455,1.751472997708673,1.0653499910290107,0.9362197666893779,1.9706818149940233,1.0984434430922598,1.21850808622543,1.1832933042343137,0.8892959767348034,1.0912003476334837,1.311090564693777,1.037409070343868,0.575857535450007,2.6842282286434145,0.916595369622589,1.0483879914104342,0.8772294960444174,1.1935931560457667,1.3079838213666741,0.6862020225009138,1.3023642130090876,1.042376580304104,0.7877167326400332,1.549509641924212,0.9959115937612583,0.9678228580581234,1.4421177861097891,1.713709907931407,0.9105869270884888,1.5592832663727545,1.1754359073362852,0.9180545349345712,1.8252049402619663,1.3289161503755282,2.1061138173685694,1.3521162623884095,1.8414661866535447,1.4259055683825754,1.7962335355041865,0.7806730324758988,1.1374024418325528,0.8900798277910296,2.4411587860399693,0.6445991027011849,1.1819937994046328,1.4695386298732216,1.139238585114537,1.0413458384589678,1.472312679604411,1.306419938054145,1.6338597487513835,1.142389580353978,1.5121769583939835,1.5681403417486064,1.6354031846306611,1.2282178003528532,1.5079695603683163,1.1083178335786081,1.2920181186897568,1.3056782983301864,1.8590182428576894,1.2467140428720769,1.256170287892771,1.061930472724828,0.9328014876079135,1.8470235022823829,3.3648367260910566,1.475758516021247,1.5599390110737321,1.3037014794186106,0.8099491514477946,1.5199638353218292,1.1389403760929666,1.435151626765012,1.624605911833437,1.3658835252065433,1.1507523295363407,0.8235745775851038,0.7345250683288002,1.1264258976294708,0.848277190950453,2.7814306481426687,0.6798174077579263,0.9839918757837236,1.10222973241547,0.8788193200971515,0.8334218515440682,2.0152260031519003,1.3057420942415625,0.9550522934896035,0.5771902822492733,0.8956718136337182,0.8947355637477198,1.512653302072644,0.9105768983879419,1.307678698452278,1.996827622505375,0.6267443071290623,1.5858044395222413,1.371918196450987,1.2862393877601224,2.002593715617303,1.8120257730634008,1.0327336279932107,1.2038213710568602,1.1175296099997387,1.846852332214183,0.5301828041203489,1.4187645113209446,2.27546356760125,1.6630793752876614,1.7672525292105186,2.251144453400596,1.2986099428500912,1.3701304375713859,1.5452966290629169,1.7218596626900848,1.0661377403880077,2.0246406606156033,0.9070538212316184,1.9774555196856007,1.1553024341550178,2.227952315378974,0.5555996059951676,1.4210840813017225,0.7431241044892593,1.0115730514058807,1.4852921669970742,1.1075626347813365,0.6404774246783466,1.0678142406951576,1.1807453846126867,0.8444375979431015,1.5072628013037486,0.4048918619897077,0.7965950260600505,1.5954742213344284,0.9880339322225316,1.1672861761404036,1.2473604943389798,1.188437551779449,1.3666347158062515,1.4346250875629067,1.162019208005982,1.4688326635384148,1.529396390740449,1.1746149841312312,1.5474941959307489,1.3777516930540679,1.2524717205882032,0.6243164894284058,1.1271333577965272,2.2089941220105196,2.186396880469198,0.9753823957225122,0.9291549804835317,0.9332764936251119,1.265728182296358,1.032553392321133,1.5680457192543178,1.1602255866532376,1.5479819703467674,1.0608540533096318,0.9743157320071391,1.7091202423231862,1.3374661035986095,1.2962497868135263,1.8822790674344336,1.1144456239548084,1.6604839890021807,1.2278082857588843,1.7394484737966427,1.3820932352515032,1.810858343538568,1.181628648691059,1.345687649156512,1.2585965531553405,1.2008024498429686,0.6543577514573828,1.0578760494810544,1.139134374037169,1.8608582425990234,1.9315161279453317,0.8387485042055969,1.0969053402858333,1.8760018490172639,1.049379987148149,1.052176470651868,0.5882594904998614,1.1292901264945674,1.8883755314091677,1.0726804015358082,1.1477737941035555,1.7756112819608045,1.3055387173041355,2.057488085436094,0.80597122643604,1.2267344298400737,1.4726792543024685,2.2826893286150978,2.07295586290627,1.074640642288594,0.8792693709410199,2.62061853002141,1.2849986220776441,0.33721751917069154,1.0265097754651649,1.6794692108740863,1.0293026368083003,1.5802529091133812,0.8757410148882586,1.5545730720586268,2.468196223865216,1.2431678106123547,0.9411888625282121,1.4539347916595522,1.7715203769664192,1.7158464872191341,2.582641843309705,0.8286564321005658,0.7830143663075865,1.2039307921499305,1.3149749299673859,2.3169028697241543,1.3089921084118434,2.0787127300556523,1.5624440590080686,1.2469630640357772,1.2001377361676673,1.3927094173113441,0.46743293904428745,1.197432487974547,1.5651147046462073,1.4048341464827114,0.9212814156969649,1.0869370653913664,0.9796973949932006,1.188952448427865,1.2600114169669805,0.8552139374532044,1.1680229091973902,1.1831633020518368,1.1375012795302428,0.7996479528802429,1.2249331919731723,0.9989337669092067,1.5122130560870577,1.166066678963416,1.5748413942558328,0.999694623930909,0.8530517751394209,0.9181595036606223,1.1884558311508657,0.6978189141524618,1.3417043112558442,0.8387594837157885,1.4883906980999613,1.2806646041935612,1.677639031993762,1.0128798172522826,2.305628368635679,1.5627896983059535,0.9596890468665895,1.4937492050482475,0.8303610226753303,1.3625796231704863,0.7159693983696469,0.8427629521812445,1.7073483707763732,2.3847556052813266,1.6550287183934,1.2327538263708988,1.04487438022544,1.8353432044466729,2.5900188932874624,1.3453792590133582,0.7559855311735433,0.22062171565791897,1.1410301209162448,1.3015302910360416,2.4922176090263695,1.685371844004565,1.0187312067868042,1.8567566366949593,2.8644802554620132,1.0303801148336453,0.9090546952808922,1.130387856981735,1.8046168284851505,1.1546572110273785,1.5768778028513197,1.2588728957061572,1.8878225702489906,1.4930532963197127,1.5635114118231543,1.6949788773976344,1.5300041041610952,1.4087726383694923,1.1384876564751076,0.7474491003781364,0.7959680844670013,1.053210001586519,1.1957738307811119,1.769320352079263,1.0889644177213689,1.9284369863756279,1.7211155204336537,1.4459110829367519,0.7186507995918923,0.8591021918929471,1.701303644904657,0.8140649709771142,2.057510985121248,1.0784197707847536,1.7606424955636166,1.8638918011171604,1.1155821256965952,1.235663082116476,0.8682965856238316,0.5770833662404897,1.4344908001066934,1.1364059120641938,0.6236421365167696,1.3397537300809583,0.8311531952776811,1.4689480225099234,1.189248680184026
18,1.1588151807540006,0.9211350067036794,1.803726755890049,1.2524562112176056,1.4644652010557029,1.1933749092017127,1.4412519168181113,1.4801580397204601,1.5633797755310024,0.9261273000156198,1.6244274576052442,1.2958270429399863,1.8771743702381931,1.408542789711018,1.5717562698601228,1.1776700656873214,1.24812537281608,1.0163205706976028,1.9504943234561813,1.6963433217477395,1.6220379277012946,1.1001412015285257,0.9556602304470785,1.855268667446953,0.9784224491155611,2.0021579892966654,0.8139426787907509,0.9410065826802159,1.356404011199992,1.6691539729649016,1.134844245180914,1.8873587439615216,1.1035043120052317,0.7117099589442701,1.579879909827186,2.5234181763486556,1.049247829103988,1.287757428751545,3.0544107531162075,1.6459627049470082,1.76572330985791,0.6545824507912638,0.7012805661102297,1.3543512968532558,1.4943119301021568,1.1687753139626937,0.8566805650255787,1.6619346271819924,0.9369619996095658,0.5177181043146639,1.1661778159395313,0.7003311170852292,1.2383372184384664,1.3593035130712998,1.3629528973766394,0.5928718180981538,2.1128353582633617,1.165014197860545,2.0193354345513894,1.9411497375501345,1.3134840043953615,1.614037938231258,1.2172574802051643,1.2874842705677711,1.2688198010418124,1.115199106900837,1.0921435350789896,1.2779049631761272,1.3488063902149605,1.2472951229723885,0.8130697506878679,0.8634591305649849,1.2741654401034475,0.7065108072516033,1.0163357877178891,1.9075572915942087,1.6851629054444686,1.1699356002996306,1.1660981063304643,1.1795046366028625,1.800270721064095,1.5903842161060995,1.5467661765834744,1.0280466870085783,0.9575359393784368,1.0850171101738662,1.095034539076659,0.8660262168079172,0.966057234611968,1.4636834998069657,0.9324275027569946,1.1855221358053512,1.502793830675114,0.9966293883005436,3.359007832565747,1.3116585832809962,1.6596071751995,1.100400749421901,1.199882774084742,1.3690308424143307,1.473449993788075,0.9834788642127898,1.323018267636866,0.5939466497626376,1.566657981549337,1.1853566193316345,1.2123232615357429,1.3307439738290263,1.6264383952311152,1.4401932904286971,2.390439165996499,1.075514785656751,1.4773445911636771,1.995677140831614,1.827544869871483,1.62492195755997,1.2136603306812517,2.644498507395266,1.9590722511227052,0.9879252012519967,1.6057266364261218,1.7859597291618592,1.5464508333017328,1.0881696100690545,0.6008104108442001,1.218264353595152,1.683874096340947,0.8850520788535002,1.2582881751154162,0.8818102339356894,0.8597763577905981,0.890872307179337,1.6679562299446142,1.1909425890044538,0.3306391383003273,2.0402530514681407,0.9890150994802461,1.1973748996721616,2.287852325265403,1.108271742041989,1.2331630744362057,1.0366661897644704,1.3954612807777413,1.1422416115204355,0.8562608880810982,2.5419217262095013,1.2822196031107564,1.6962145741638188,1.078794059199029,2.3817393589825597,1.1471278603838384,1.4730046319626573,0.9038217411269869,1.8012689592702151,1.5029107094700864,1.499026959984823,1.472093056216686,1.0808303251029407,0.735973705693213,1.7293843716447777,2.362852884525809,1.1378857394628532,1.3828397769905745,1.5149819794058106,0.8960500116830585,1.0730906740763775,2.2277444414410255,0.9761159815542766,0.9234034162045377,1.1939927397067236,1.5864319750570832,1.9276588317574146,0.8117019333432562,0.9460065834328697,1.8030471174675933,1.7270128697849418,0.7081705518768524,1.5193433605416524,1.6156676275046813,0.9157292409916997,3.093669765302386,2.074479315747043,1.2443211289916163,1.2509315468573274,1.9532190379885483,0.9889899187159257,1.2047601383016386,2.236381838415119,1.5435519653477385,1.023332455095701,1.2627569885932497,0.796215726989715,0.7597131761078556,1.1997849633725275,1.8099261321097786,1.9894866699468698,1.0867703190583478,1.2505368013828448,2.1117135048603197,1.601428032355284,1.271797619075068,1.6313251449036024,1.0403736526329164,1.1437333552757185,1.0545298767766087,0.8404513491798348,2.2308854188061638,1.8276174006165347,1.3621875669344186,1.409226002370377,0.9336797390430159,1.5479009294102477,0.9278197273500054,1.9277293458900995,2.089919394749306,1.0443270270290474,1.4567145387880482,1.4137874933623467,0.8082827728479844,1.9953439983105765,1.3626113072714636,1.1469320234566518,1.2516378992756425,0.659732884745831,0.26833246516742426,1.7114887045527603,1.695484102812072,1.2384564394802524,0.9323578427136472,1.720210383999862,0.7799855970861409,0.8968283838325192,1.0679608991242433,1.060072752753143,1.0025724852527806,1.417045607147193,1.1666070815525096,1.4652289937288265,0.8620097056041651,1.8980970759442335,2.0057522338405795,1.4336908437296916,0.9932337553413689,1.7262715802310986,2.037503607328251,0.8625617395698533,1.2905551535186697,1.642557289371279,0.8573841352484193,0.9928091807068884,0.7042513401444076,1.5500825219573295,0.731032632574464,0.8438441855234957,1.7783875671225253,1.3735126641572324,1.752314466041682,2.251117485096914,1.451262905530925,1.2761351324155914,0.6934253386681162,1.3874193360390201,2.329849225782279,1.4306667244422795,1.2066587262113115,1.6713883719050762,1.4313893545565692,1.132290141610282,0.8645303922958469,1.9381877198485713,1.5862208118740657,0.90374033586207,1.3287113107628423,0.6877953900312437,0.9361980277933423,2.038525656528064,0.8757438101773718,1.7710883931060042,1.346333364894514,1.36809529915963,1.4190942444181405,1.5539406542159224,1.6012806629422844,0.7533188473074309,1.4774746221294084,1.7911425875458926,1.2288795716561387,0.7730109654746181,1.0434478366926303,1.0633014034698791,1.0928024163725591,1.625497057120619,0.9767485879434518,0.7606228673259147,1.187586530740861,1.2567592847279434,1.6130976049292793,1.1429199497337408,1.0084320535016156,0.751604850689329,0.2946586001143084,0.5982726237447648,2.1208586370706635,0.9346979884734483,0.6405022322251226,1.2807567588041797,1.3040944810703252,1.106758917087213,1.4707667851811297,1.6733157089245312,2.2069227267268205,0.9977968181785051,1.313850210789489,0.8242837691825884,1.9669480300480044,0.9546947232833907,2.0619350462958597,0.569372687720745,1.7812202707156053,2.047294772265241,1.7001666194085092,1.3063272718340806,1.90857732045737,1.5153732708305252,1.5403323807290417,0.7333646893626906,2.0117725117002307,1.0322138981691662,2.1679271043449413,2.0617049984554923,1.2814264147933063,0.9940099789390782,2.3159696990878,1.7062411005187446,0.6916796638334628,1.5475157656563239,2.1899073256110957,1.6535014259705925,0.8033783210794595,1.4863871651553722,1.211518781684055,0.9151413401853798,1.0577881517769083,0.6092801684626623,1.0153686457720028,1.2093514225913657,1.469428675182617,1.6986964367828012,0.8702930631767876,0.9722174751615864,1.034548000124425,1.3183230284068859,0.5095934680685039,1.5907602341774334,1.2181510945438483,1.1372394249069342,1.2385371090374984,0.5144410339965677,1.5942420413147582,1.0680972739675505,1.2287097655815638,1.3184273694361905,2.213582585654925,2.048129828903895,1.7358066579476121,1.6852560573814572,1.2236829316434394,1.34952966826433,0.8395711517355895,1.1597862920065714,1.9149893797704456,1.3882495901018714,1.1947094485605563,0.9343665450806793,1.3222411730407815,1.3093763615765108,1.2892931314691172,0.7495166247325454,1.585042546661541,1.0666987227478268,1.3689480649048025,1.5997813726573034,1.6706761463123239,0.99633829738024,1.2326728893211445,1.9164576469243615,1.0202520926920937,1.011682300299349,1.0236742537804138,0.9126780804923526,0.8584101888437793,0.9351828998650515,1.6588015372570954,1.6293432342447336,1.5003013834029273,1.8441577645571585,1.8303785242735098,2.1037607902169047,1.4770703100907003,1.4928212096980071,1.535428532827267,0.678121267122349,2.468242483788703,1.077643276492742,1.3430476841955703,1.5130349874480102,2.0600460023076326,1.5322126510435772,1.2171721396950101,0.6085293046805744,1.3873163802255806,1.7203633663927786,1.5147352616339205,1.384916767653012,0.7015164994882126,1.4392744281450551,1.108594079295996,1.3597547321607393,1.7223234986363887,1.8830623820729264,2.139299972364099,1.326277330202871,1.5953400591313072,0.9678755796982783,0.8817307824138156,0.8284879138049841,0.6442594583891728,0.7889963693848963,1.087237036753602,1.0514140293894982,1.2468231362548339,2.1641741224503566,1.2054222858837775,1.7782558336737193,2.02180271268242,1.399986021782483,1.0539592456130422,0.6941741588303089,1.7220606335893627,1.6959785572972719,1.321488280296308,1.655870957627417,1.5620904863012979,1.8228639320332478,1.976237748414346,1.376751200428078,0.9686447820686712,0.5820518502799263,1.5682470809090951,1.8174517233015999,1.0034785747910067,1.2117780290119058,2.1296132761735684,1.560813460366289,1.9057934954595186,1.5832004584973913,1.3582400833716117,1.9049707735212518,1.4151481600681524,1.0129614927759891,1.4894854059966698,1.573426120174191,1.8308728463180106,1.3176094152696565,0.9384780766930944,0.7901212737811487,1.925419390777244,1.5193668851192705,0.8919162691028095,1.4979016778653529,1.2660810320104239,1.8405401861169866,1.5076978044337705,1.7305940305432765,1.953622692848106,1.4773957963118396,1.355971567435898,1.6522337825754378,1.9053937768876943,0.9880673732697296,1.9044743604085688,1.1283172719641261,0.9600489231534478,1.4693491659647495,1.32174170945468,0.5338693411144109,0.6997224127369529,1.1373328632613864,1.3582052668251656,1.6856416671023495,1.3131378415678425,1.7044269047303047,1.329621091990902,1.499978771819856,1.288830498067508,1.4242986134161595,1.1580845585451414,0.9253822038791735,1.7441435293171055,0.8134102266400259,1.39193108975868,1.1220593068776035,2.11595317944065,0.7881171424013964,1.1356307561292183,1.2189966980926021,1.1667197124001683,0.8933897669708197,1.1342001123533034,0.6865800107827433,1.0802320962427194,2.2025970459744464,2.253774318928184,1.0852282599852905,1.1461495533618042,1.2215662038090105,1.6357606896429668,1.7519405179385446,0.94925485297533,0.8917130697173032,1.6266974471250975,1.0804266574598325,0.9589430770439638,0.7819576466807561,1.2377154775771328,0.979413805851434,0.984141058302901,1.3766206190023702,1.4655597932021103,1.1815319801216622,0.8148342375937537,1.3115096625052916,1.6402546855475846,2.2850090119569915,2.4810186876675413,1.071193757588268,1.6591594183123581,1.0461553187350676,0.7962215993582049,1.1044259229615934,0.7302081034916692,0.5939539891583704,1.649594976477242,1.120946000510681,0.8377524174806951,1.0827356775715093,1.90181594900907,1.9401796133635054,2.63089499247344,1.5496450844585257,1.2098890822848074,1.5092576062347294,1.5648937096777802,1.2594026726288086,1.4211426623018084,1.4024419891756497,1.078652088890382,1.6409335963518532,0.8639506027753314,1.834186740628884,2.600351900944049,1.067791947314705,1.413418812384018,1.771795263305525,0.7921242866895772,0.9261902577641974,1.5414619864243198,1.4268581443258292,1.7198814674774354,2.113375841275537,0.9722705678896406,1.724710492843173,1.0400897626488539,1.9474771414293341,1.2713376491575927,0.9814987965162897,1.732223568230504,1.9568723558780898,1.1057657730386254,1.569055043597403,1.2485590666441704,1.005650164324161,0.541233321683707,0.884721416924918,0.8860040553245623,1.523166342388731,1.1893712804389212,3.0436287438661633,1.515229137868063,2.1200509247436115,1.1009792822210112,1.4740942344600192,1.8223661448318205,1.695217089434051,1.619529800937907,2.257151045502372,1.2421070566777859,1.2617491753555883,1.6100227554648132,0.6863828514059094,1.8639707210363696,1.3362122601378024,1.5759351818476017,1.625502674979327,1.6309977434360392,0.9447430460125835,1.3097113314491282,1.2237220184967528,1.9064375350249132,1.4992735955221212,1.0501085787946416,0.679969260798339,1.1076900112288728,1.2708845396959798,1.8983166858256166,0.9780842045813414,1.54375085951746,0.9756389154153966,1.0381052842387084,1.3891669791277141,1.567521396293548,1.5203872945151962,1.5765520790957301,1.2689079579818066,1.6587622950593346,2.069599173536918,1.341617984460033,1.1718544543877711,1.4830775424733595,1.6722474039380275,1.920773411970599,1.0757135124365116,0.8339000003902937,1.431490757740883,1.6931735925533282,1.4547847150496507,1.327161578440249,0.7496021891195176,1.5026277791775158,1.7821892261535877,2.171067248702674,1.6867612740675013,1.8177557980914498,1.4872916934911546,0.9888753425640893,1.0954255128355772,0.6196306786381354,1.0591631603516203,0.6720309404530787,1.8860683368312818,1.2875407246118165,1.6328161963787893,2.00617453921216,1.1267467244003397,1.4187246830075613,1.1392362089049801,1.8878877848443616,0.9271632338676269,0.8574130069844565,1.3262074283511949,1.6585482932984201,1.8779655268300712,1.4344824394154252,0.9245807813813687,2.7661193710998306,1.6346296455174691,0.9497996844029581,1.2677186594607606,1.845480046524027,1.80324462772578,0.9126294204310821,0.877793852708847,1.6154758778525826,0.89394269840225,1.5626060817102605,1.2444122062202694,1.111693877438623,1.9327170621487821,1.1261785053221423,1.408831544570726,1.066856659317931,0.9351846697242164,1.0240938870793128,1.2548019585105128,1.1262926304171472,0.5858548522732326,2.525024872823925,1.0138602076014331,1.0394860477493046,0.9419539356393952,1.0449345251409752,1.5051829591097494,0.8839005445775554,1.4055672382529742,1.1151771481193662,0.7955993532824344,1.4499567470579655,1.0996143344860172,1.239423506768157,1.3812679067652007,1.6517200025830894,1.0038907642574055,1.6650288392854746,1.367493417446684,0.8221201348347089,1.3584016790463624,1.5278035595715322,2.1931401784951756,1.2852388789213873,1.8397265786212318,1.5690826970734315,1.5324294662652052,0.7287124113408183,0.8431968727001726,0.8534023691052185,2.225532206941459,0.7817605716924387,1.009525031840719,1.3385252641878158,1.2831469926153338,1.1597775300765392,1.4596740505267027,1.3234838243842524,1.8353893860680228,1.1306046741945477,1.629069797058591,1.7741905140604939,1.4892908616430407,1.4999768382872747,1.6849192125961758,1.0502252657105497,1.5007121633600358,1.3290823858073395,1.9627672520575086,1.2160620938171354,1.3098076883596017,1.004834732065031,0.9253796464399455,1.706644498581963,3.1395028541707477,1.5651587134819396,1.542461821651862,1.2023783648584612,1.1023284320917244,1.7336489607462533,1.181544361321162,1.493628328302429,1.4334042220325205,1.5240729545972231,1.127258114208416,0.7582010650732269,0.7261553250201467,1.2968767276063309,0.8406723077099647,2.9799657902994574,0.7581614648902004,1.1234891171846122,0.90968579360387,0.9732330310162411,0.7797894540760655,1.8757679149739617,1.1461952492889524,1.0480505351555378,0.46194956503459356,0.8307749061019027,1.0089275190089442,2.0445123049998752,0.9419355857286122,1.2777359433775959,2.366268998655894,0.6560064952713627,1.3886156168500938,1.4623748530031053,1.1528572817521252,2.105339627794348,1.7993807544818723,0.9955926235850332,1.3679692572664048,1.3072264888081429,2.018411612856308,0.6728883594022594,1.5629235396105223,2.0278354011524056,1.82248009122342,1.774485747146316,2.0163197889885773,1.3616391965877819,1.458434650059774,1.5050929873612842,1.7248104059474514,1.0293525749634065,1.7076214265745666,0.7327278772904612,2.1430966125587494,1.7383127027789065,2.0935493652744963,0.6701679974938664,1.3771199320557979,0.9509631088876656,1.075458576466428,1.2640098122434948,1.044499828013922,0.8429721044425322,0.6870839096001782,1.1633448871373415,0.8106221612827359,1.419254113464512,0.5008423858121163,0.8843424798476267,1.509660584898354,0.9435137060514932,1.2634066549153844,0.9633042111755596,1.0147434833042843,1.619200493155871,1.3899367192677419,0.9180071555636603,1.4076441460334088,1.7012454755472943,1.315878241367192,1.3445705020940086,1.273620681230478,1.2423391773934378,0.6258470779207559,1.269051805121979,2.014233258389326,2.1012919579582836,1.0389097230729805,0.939491991291383,0.927766837851979,1.4551423873605152,1.1681369399208312,1.6046276840588762,1.0857907102143032,1.5609221538444977,0.7530567941131217,0.7856527243344273,1.8912132593828699,1.3194162745657378,1.3036049600482675,2.225956023237525,1.1059677714623253,1.9072094025795792,1.3401840638970586,1.8509132086526634,1.4214004089855115,1.5252785523847046,1.1636077949751682,1.3537652733585452,1.222579323299736,1.2198419585367373,0.5508050415736565,0.896831139215384,0.9263929321552975,1.7749336907479272,1.9544675068867068,0.8231456965801192,1.1612851133064468,1.8575099591189577,1.1978267898926906,1.1655548432065284,0.5976290729919869,1.174541825770914,1.7685354199813732,0.949810494156448,1.264834902520586,1.6213831609416471,1.3819550690311613,2.056715407635564,0.7012595121795351,1.2785411696135027,1.6885474590501663,2.2485317051940035,2.370807909424483,1.0573247904883778,1.0880150285211814,2.621878789290253,1.1532872649482762,0.4344492491127311,1.2050900047567374,2.042749177236195,1.3447821558531485,1.6378740873782363,1.0863595010350908,1.4833326755659106,2.3735097787097104,1.1809080212045273,1.0031823080027336,1.4748163929202192,1.5284726632706027,1.7437471088760328,2.6387536934818665,0.8834230908290908,0.8200353937407653,1.169813020753173,1.3487704816185366,2.075991364780886,1.2510525015944698,1.8110638229891818,1.8688937148130778,1.4172417211022088,1.2999827121155434,1.6186413658263432,0.6309953060634901,1.1946207791141468,1.5406733405096413,1.478285429923182,0.9503839875484683,1.2941940642128653,0.9872490998213854,1.1229305264472864,1.2957757904265534,0.8480646757438858,1.3512217117288778,1.2795099678724828,1.0219590648153605,0.8618445987239498,0.9889804588841771,1.1035406232014828,1.3570356990246073,1.2576444342897548,1.614981905526692,1.0762956362237506,0.9927969096837963,0.8075587130628133,1.4426779518280661,0.7326738385575512,1.2515708072174354,0.8323596333414939,1.272740229478772,1.291881959039356,1.584928732467835,0.9004929079129039,2.183095385246875,1.470919154230716,0.9391062103367376,1.6375322010813238,1.2358679507542856,1.3580971405656928,0.8189983239314331,0.9047243860693769,1.5917754658164516,2.367352571129042,1.6710502297801286,1.3196012143279514,0.9249870396714399,1.9429184681646612,2.4739214862347674,1.3459525038151212,0.5856770936971294,0.18270791949138568,1.1383154069305061,1.3376139691993119,2.2172443489065974,1.7552529403422261,1.0898357717235494,1.7037900534305894,2.3470195628027675,1.2388529402503854,0.7516259347270219,1.0873152768673602,1.770216730217299,1.0179365122541768,1.3931879719163818,1.3004447239223764,1.7571501313986022,1.4428191086283522,1.4543725113260493,1.6023987677726905,1.4221064600494602,1.3331413689126768,1.103527719384196,0.812896097852423,0.7553438889396837,0.9286869689109686,1.0757825821546467,2.0933962155605625,1.1052706143585063,1.7505825392868495,1.8046919189632897,1.3781220871609494,0.8370343041461733,1.1103410274883236,1.6843969944656714,0.8433083754249511,1.741163228240571,0.8498178631679028,1.5568573935251822,1.9137590710480443,1.3318216081354288,1.1058045368577163,0.7967718996290067,0.6078582289584599,1.2660332917249078,1.2667915668742113,0.6947091334567133,1.4656950620127454,1.2029898169028816,1.4444019163220385,1.0643865751696322
19,1.5304208534628356,0.8780424051606075,2.1993275450170504,1.3219466934748707,1.3059023080936265,1.175604148741997,1.4770737243262995,1.3935576032701427,1.5135924994032384,0.8346018567907241,1.5957110322347452,1.1804187456863124,1.6915867422008357,1.2227419715416408,1.7071454685972653,0.8804623700723985,1.4205924944330004,1.0979577222232422,2.051884648276033,1.568584603239624,1.6688047704663678,1.2948731961310946,0.9840042810823342,1.7249619613944884,1.0551198893206166,1.7859344074792132,0.715550281216955,0.9785913477896462,1.3434135990485356,1.6232230035225916,1.5363809589578217,1.9427588538470097,1.0800022271897591,0.6516999823653673,1.7033726229277855,2.6759984271173747,1.0457559117896922,1.534151498180074,2.8462194423761753,1.5118902423590743,1.7434066961359849,0.7991872321660067,0.8276197350474359,1.7133569212443795,1.733799013070239,1.1726705609012344,0.8008942271246912,1.754823559423062,0.9608612517243829,0.5456294642690246,1.2276234412094922,0.6872301969460328,1.1146049682655501,1.137297833259916,1.2724645730752528,0.49537806048974875,2.1518966014520564,1.2306787704836497,1.7597536336949686,1.7584161647967123,1.4184108167556846,2.154057655002997,1.3632527100033227,1.0153421023934681,1.4249597592868297,0.8439228126534126,1.0783418387231374,1.1076960269291913,1.514587387880209,1.152421196719472,0.8225608086619359,0.8930867892542843,1.85262730801101,0.724241801412097,0.9380132929330038,2.113772189934334,1.7126067505547091,1.3960020907702488,0.9107206201688929,1.4896099046873506,1.6143470171574221,1.5620732265077701,1.6927479105104377,1.097012888544029,0.7921368889754092,1.0923810257905182,1.1710826225628626,1.0082114424273267,0.9697954812686919,1.4223933020152852,0.8724647936366734,1.125927903032057,1.3423370566286965,0.807316267726,3.40611522183947,1.2387588870671982,1.604280453504763,1.209144650280183,1.3870722908760387,1.6412107803841818,1.6862994947623324,0.8873119032657628,1.557015869670039,0.7007070560892664,1.4483667737428925,1.2142573141353086,0.9737256974310702,1.4910482455437162,1.2515449328424308,1.1643019765128528,2.4160094705808577,1.218043471440029,1.3708398538879445,1.991237458924663,2.004146957880012,1.686927015014369,1.1034862136235863,3.341101296922246,1.774771814786511,1.0063413822241618,1.5225138145128223,1.5605691894227676,1.5656294372503718,1.3395797096166866,0.42280374192194037,1.0927430874855109,1.7478210822992701,0.7978507965526216,1.260148535581476,0.9172381711982682,0.8586034398762167,1.0412264077438664,1.847505846005968,1.2413456487704202,0.3192401351638072,1.6215248286805706,0.9190999723667367,1.0788563382320182,2.261284988724803,1.0526547527871961,1.0213697918927407,1.0602746104699903,1.4210339181145222,1.1004267276186173,1.0354444188184226,1.9372703771419832,1.5375464534826797,1.652883628053214,0.9830968081478325,2.248405626822486,1.1510872852008518,1.4056748834580048,0.8508848422324431,1.8373393144559476,1.583951878853256,1.4463736511712024,1.5063937625756938,1.1847868453669563,0.7251323671067386,1.7574125401663108,2.474736076909813,1.0098869365203353,1.5011099901782838,1.2718549426019379,0.7915297326503205,1.0810013493437693,2.117889455411543,0.9414167563496237,0.9324870539016706,1.2866193308298288,1.4965569608336355,2.087695933386844,0.8940949192151175,1.0880983475808348,1.2408326582200306,1.8057954074777651,0.7530273242813921,1.5759403637175193,1.57756524169602,0.7882691492070263,2.763808465137624,2.22594740964027,1.2700518141104506,1.2284847735295548,1.9903551871454785,0.9382184342898372,1.2597123101614243,1.9859019899281183,1.347731473603981,1.044754268607817,1.3191731178598525,0.866438802925131,0.5658082116302773,1.248695264270216,1.8908574784623624,2.3205272677212436,1.0084843140822568,1.3240169765792889,2.1876030437860536,1.9498356859500217,1.4279586611699544,2.1285723571980917,1.0786041412920067,0.8264189871646317,1.325226291289776,0.867772469425268,1.9283509695126793,1.7418320208578124,1.9178207853367732,1.5340446456674253,1.0248196805738545,1.4325132080814966,1.076622998247272,2.1993092670670276,1.8204133736076307,1.0336832168865167,1.5910327729160796,1.606127474536315,0.8256020610260865,1.9939823550524842,1.6616046049118351,1.2573482339928241,1.2695354647954376,0.7573786877700994,0.10716422343065563,1.6187076334069115,1.7819989162736625,1.2752699215363856,1.1917125877247288,1.5867435406976966,0.725276867841709,0.9116618029355164,1.5770594962298072,1.1581743524384533,0.6455672240051703,1.336522422099622,1.1850027673867665,1.4669806997825614,0.857346809266299,2.0998408014217262,1.9536587770744474,1.2127704037484865,1.1863477065820212,1.601703923455862,1.67180513482772,0.8781733061428955,1.3377097808965388,1.5990914627300692,1.0280421067548837,0.9622581720210153,0.7306162923682935,1.397970775050271,0.8697324103267337,1.0387520023574939,1.7087139888656533,1.4119701435686332,1.7895875493811315,2.6782086620866985,1.440742647865993,1.3832890549030743,0.4319813743556321,1.4909398342544773,2.5663116695790995,1.304839941100623,1.1342851737401394,1.7608339635004855,1.597771568452696,1.316843137726245,0.9969914251429198,1.788765679049501,1.587078198170985,0.9154102595573363,1.5620163469838466,0.8705367418103729,0.9429433923629924,2.1253399252365766,0.8578930741202214,1.7717556382211113,1.3130884942224483,1.4824599905516949,1.5072168156679893,1.4090657175128396,1.5758400124462433,0.7389329689190267,1.51624714232432,1.8956033981017268,1.1020929293798,0.9095430108824298,0.960623852494702,1.1218866320753618,1.0330153326276859,1.69030401276156,1.192694032264426,0.7741360452713555,1.012356623437543,1.3709861880691974,1.492772618131163,0.9318640166199503,1.0127251300798867,0.6785350938850272,0.3956424402946862,0.7922087447419991,2.3387532189966027,1.1642504356231984,0.5250940430793576,1.3834290873442265,1.1444957724224682,1.1505178507531126,1.4619266246421487,1.9112545724291803,1.986369893258905,0.9500251213292865,1.4558646086222509,0.764665121069008,1.9466872431455857,1.0919522934496086,2.0340815916615274,0.5986046510719161,1.7825693546736576,2.2998843024523827,1.3150135134346863,1.268824196027659,1.8476018133343062,1.5048599363743875,1.8193743960622661,0.8337725666178499,1.8187009053727814,1.142657760625215,2.169528961765363,1.9126717523597905,1.372904045536288,0.9001056077659257,2.0690718772907526,1.924941547358408,0.6951011231961739,1.469272549215024,2.215021213835158,1.5431754610755823,0.5888333974919524,1.548609292508149,1.469996680773556,0.9876286426961458,1.2744879684816526,0.7426083574052779,1.4437513518550862,1.0495955535677217,1.3033459868204276,1.7584664340203813,0.9523478116050068,1.16550257940086,1.0852193776051862,1.1947821394793416,0.5271489708448944,1.4043701937053412,1.274801189750109,1.3678916975347248,1.2608100966378872,0.5869418476438717,1.6352252198251587,1.2501004697110178,1.1384580205732209,1.459461655843945,2.4953297174519946,1.8681878238988654,1.6136943303553204,1.5621065012221744,1.2418166817428986,1.2100561538084764,0.7353003845979915,1.233064142884463,1.9227213188675885,1.286226682764935,1.121001519386749,1.094375785645357,1.1422477467395131,1.5836309925822585,1.3075104784327591,0.8360535559413589,1.6076936389131937,0.9901989757185473,1.3470309789052406,1.6682482587981802,1.6114662768537977,1.4197775695221622,1.164682626178096,1.7134945745727304,1.0490921765046326,0.9066018649278735,1.0508482418174752,0.8988133172247313,0.9761553362576313,1.2257577057850424,1.930974640057748,1.6890530762482316,1.8321397255437066,1.9156246415504479,2.0168416750254465,1.9600714181001295,1.719188762535603,1.4608744375263454,1.417375950789912,0.6718630059941306,2.475945788147788,0.9078753181168748,1.6593326489834082,1.2255616687145776,1.9654158442067617,1.588950643315937,1.3685738599703976,0.6973898169065159,1.6105575670050314,1.6371936112512824,1.5901419722875314,1.1020054413158105,0.5505457865703094,1.7377120320203494,1.09213387864664,1.4682677121797858,1.6696293610012936,1.8744233243920028,2.228608353063259,1.3723283900864307,1.3986193007213268,0.9358411408988903,0.7983620677614293,1.093087066991671,0.9111033538555084,1.1538080105102582,1.0197388194968637,1.0144313345311684,1.283073691688096,2.0616180137872617,1.3923330749813316,1.7108245241734013,2.2782245822993765,1.1130203754864936,1.039125116781902,0.6978354870449144,1.6790538654331684,1.6244481778299986,1.4724702212268452,1.718680993712745,1.3979486377251924,1.6338698917845134,1.8688639387877057,1.3632168413568293,1.2578791450171694,0.8054608166440638,1.5879347364314975,1.7717255395230587,1.274592959576649,1.3820833170579263,2.292686683452673,1.3916883792164132,1.983717035345512,1.616785507008581,1.3421814147780962,1.7548648747389106,1.6548541912717256,0.8981981370537553,1.3960440950568422,1.6286908438612877,1.876747540189338,1.4345808178160957,0.8741884321698978,0.8779646510638144,1.8828533621145893,1.6647659112346962,0.7806793401444456,1.4624861715052748,1.0656279083695965,2.042108612654074,1.7378386613439454,1.9786703325745028,1.8374462484177998,1.381355984465368,1.1767218673049935,1.587469130173595,1.526539682780638,0.9589006668618711,1.6793478016912786,1.2980458419664362,1.2487345610504041,1.5997458485878782,1.396377366253322,0.5498162411288352,0.695126877082161,1.133243238275374,1.3713168832753022,2.2573835924622414,1.6843262710141358,1.6822905372032926,1.3134827175806336,1.663176456245903,1.2135343407763044,1.40251216776192,1.2386519221644257,0.7969476361921788,1.5349182164001578,0.9779006269253214,1.320245555859823,0.9422010354968445,1.5380616749879008,0.8723690292827878,1.4511322088719028,1.4257438489865393,1.045913222859995,0.8809589384790367,1.149963471181089,0.8410339787915192,1.240384932101648,1.940061314602919,2.0962980592120037,1.3875131509616254,1.0895109724518117,1.273554576733701,1.6037318196861028,1.5298209573568602,1.0146671005185666,0.9374584760764775,1.5632869264789575,1.1281225066352718,1.0129093741852069,0.771369443223474,1.1550678452164767,0.9299511188526075,1.056896533201562,1.2334759951284648,1.4104500308337458,1.5749354750624391,1.0323852088342933,1.3716215228451412,1.4400857532609663,2.003513718517385,2.5270821805801735,0.9698642212856987,1.8006310400664398,1.3340858846724348,0.9838644741833525,1.1491837636470734,0.8151929661573103,0.6355501057907218,1.43975323823365,1.0160133993209302,1.0446671573761321,1.0247135233224656,1.931150729818884,1.9754840234753224,2.739871485938112,1.5110546754739531,1.841954206578647,1.4061925212521769,1.4888908290729632,1.1658350373909343,1.3409166353057103,1.3503581365997304,1.3777615276799433,1.6846302209716073,1.1463609409258269,1.7795671619421756,2.6579290772863358,1.1563542921681451,1.163953177147964,1.5586507455283105,0.7524004948405926,0.9651980117309451,1.7586055465809438,1.4364385632672665,1.4046603949368766,2.1537632794598482,1.1818242449655272,1.654353147042331,0.9903781121253773,2.2430802551848816,1.3603137323120897,0.9176617963582931,1.8845476047073784,1.6031410480249042,1.4231403244149143,1.5235529831451393,1.2108866701754293,1.0858018935770593,0.49047170050471195,0.9466370315604188,1.0102181732828472,1.5247717721491603,1.040298596560446,2.805521607135382,1.7654650907228409,1.844806100097007,0.9647758690186627,1.3576325058374894,1.7895748677962369,1.7756589210743732,1.650065133712309,2.3770477306729276,1.188198803592836,1.5674451302251948,1.4263432309369386,0.7639944540014256,1.8105369249826377,1.380636191530338,1.194743464379204,1.574146769644704,1.4053969765323857,0.9657332837037765,1.3363154119814689,1.3115870279906678,1.8787746927151772,1.4855885064785013,0.702336012141979,0.8052092041023391,1.218900548016527,1.1578660347523426,1.6651624180964406,1.3192301092761245,1.6413735373660383,1.0083778357846258,1.273613884593483,1.6356807537029159,1.377612661183042,1.286544327194967,1.4597660752115935,1.2173943854408973,1.5708130813721524,1.881664495023778,1.173067296011495,1.38163352322626,1.5854101814619224,1.5063812584114515,1.8447840334094425,0.9978751494074324,0.7505269337491913,1.3278479010281445,1.8370809248889977,1.678572974019418,1.2281220919578923,0.8470797601812972,1.2743216736561416,1.4770273686568558,2.0385553545862347,1.666121398120786,1.752829910982618,1.599499928021118,1.0276133194284673,1.101467733943854,0.5891156613631967,1.1154159415515412,0.7610331309394609,1.6565836344974505,1.1206193429822588,1.567680318236515,2.20077117074072,1.0909135309254603,1.3620918922831207,1.0818191561147221,2.103801911536748,0.845424776653591,0.7206978975938166,1.3180564654388647,1.9362048026050864,1.6669445122633295,1.2322749438161633,0.9334116526653766,2.7023508243025294,1.679111568027487,1.0632898533018604,1.402198445167619,1.5982643749343868,1.9123213500905025,0.7521701988179922,0.9449994687829224,1.644015092091185,1.1151579940553642,1.3489408256398367,1.4339070261747728,1.3440086447072968,1.9094154135288202,1.1321549188626843,1.5529327216552689,1.1624810986190317,1.1793821628477534,1.1170046840298378,1.2364630048823944,1.202903153836521,0.7604984954277498,2.103239058442489,1.2520200423283299,1.0427849330475847,0.973595733005145,0.9657186745938235,1.7111921550285971,1.0957533229539178,1.433395896335923,1.2111844491353114,0.8182643490400737,1.5524686682422186,1.255252417901633,1.4594399915758192,1.3090310222146755,1.360014530027625,0.9660139637425015,1.7250843146600625,1.4755573899165317,0.7379328535360221,1.3304824614105102,1.5093612888304684,2.1747110237729066,1.3024516091974943,1.6080709536385114,1.6653541161862198,1.5698683273398646,0.752453455164984,0.8417346997167516,0.8670394981479963,1.9903796277628587,0.8489112315192981,0.9224264387447227,1.6058187572315727,1.1190593839944112,1.3228886763150842,1.3928237679143498,1.1638126174150183,1.6834595842299407,1.2419344711893756,2.0609284233086065,1.8331095972587235,1.5257058364933505,1.786965712644003,1.6034066809545642,1.074465118292154,1.5613945281553723,1.0911176759455454,2.02540115247596,1.2209402554370332,1.1958842903281122,1.0091968862652523,0.9813410702762718,1.6166967357868343,3.0246107970082825,1.6916309055059355,1.5226523791781803,1.005644334617735,1.4818229961451976,1.8856324755851357,1.2810382010373247,1.2827363573805495,1.461813022740278,1.5369020657970205,1.1501131511467075,0.8964408588579045,0.6688639771023679,1.437044852341657,0.7727243854687671,2.7946410148430023,0.8186182568726246,1.3135806938982741,0.9195002431692685,1.2128454531857409,0.9305378879589248,1.7244681685020953,0.9538246334755053,1.1384580735339762,0.3444202562238311,0.8484200430840676,1.0809031860532505,2.4929390638485063,1.0967686783096209,1.2325684433970547,2.5691752915676793,0.8212764599686905,1.374875044496307,1.4144104312975458,1.1274431270194665,1.9238730762957243,1.6055293172687461,1.0437623226803407,1.5202180792095634,1.5312493201471538,1.9589517559964555,0.8224354438123263,1.4230260292816925,1.8070022518153412,1.705310064233204,2.0938194670660306,1.8521507956669159,1.5159469009551605,1.5291096880716837,1.4989190602468032,1.8496610163355809,1.090485299507762,1.6176836736497437,0.6116447151237361,1.9529623387654165,2.0895689020845665,1.859954276235199,0.7724793614191666,1.3320637166795115,1.204143705137941,1.0588590517533025,1.3714318383637438,1.1437372896960787,1.068991060116693,0.6608468217785523,1.1297696788709142,0.98264112923205,1.3660860257426313,0.5594552123155963,0.892423903730559,1.6030783536747646,0.8546438026372662,1.38880020212754,0.8513412483745215,0.9320777726343874,2.122565178011868,1.5059142351791193,0.8985997900585029,1.3238677460802037,1.5934475542231725,1.4863957062474902,1.201474947636235,1.1658209796155359,1.0886194487999061,0.6755143499527307,1.3990514876150635,1.7648527240414467,1.7935674140692957,1.232110081213217,1.123580846907899,1.217617466771918,1.810573852542606,1.1773938960387484,1.463756327453674,0.9963109172196372,1.545299641408044,0.4748724904108063,0.5116486285352774,1.937758248390935,1.3004619981166536,1.376205131463543,2.7730843758237245,1.1531142983595506,2.0450533547553933,1.4986955417137526,1.8084601327701149,1.4514173654632805,1.5320757575086115,1.2230820688087332,1.3721234611149309,1.2293188085383522,1.2864326037637825,0.5435480578331732,0.7942858997930016,0.8720207180035848,1.6872105888327105,1.8457131218003437,0.8065610178630371,1.3733569988046934,1.8573687544790716,1.1971180476740442,1.5054292731004126,0.6197555621645917,1.2338846848307292,1.6907945959686181,0.760049088001723,1.4217855846885603,1.4798770415043279,1.437739715959577,2.1344012739492966,0.7084937711501678,1.4057831448805533,1.6945549661734496,2.3112954321119012,2.472538235706418,1.0303373798403612,1.4762256026801504,2.3282866669323425,1.045822206128849,0.5809107271254519,1.2190915500428035,2.307741846414724,1.63453810249819,1.578326581087874,1.3141780699176224,1.3876394914993913,2.3284752106751787,0.9286866458014128,1.171632622906121,1.3475693696678113,1.4362224205753744,1.5783755161841546,2.252618520624791,0.9197799561393715,0.7378084776105791,1.371693690232565,1.286261116274348,1.784021596660851,1.3959081730424088,1.6733252468466548,1.8972154021550067,1.4395617373440839,1.4014249045454403,1.7958745935880467,0.7752255910068095,1.1970014880843851,1.3603241101783126,1.6969756625088204,1.0607413849237293,1.385711067924249,1.190305142459149,0.9945199003971383,1.2714774350952613,0.9013227979339915,1.2689388822042067,1.3130135697456669,0.9989752522821362,0.8659541698371036,0.9532102076851032,1.1203776450459972,1.3844093840643987,1.3263671215587194,1.575542030665882,1.2200166433457142,1.3152110577365983,0.777751326772419,1.7760280090258003,0.8612746902326012,1.2357332313277836,1.1050524990234756,0.9944348347807673,1.4067313678006148,1.6859309167848675,0.8613206905805662,1.9875340186886414,1.471656344650762,0.932732651395266,1.7781800045552523,1.9688394340781121,1.3037601710042372,1.090281313728232,1.068839980567478,1.619777688484404,2.487623342206475,1.5481620394440998,1.3536733397372895,0.793436233994695,1.8875294749840068,2.2200642771632797,1.2296675502557721,0.5632063438389164,0.32607005194217764,1.1776465177485902,1.4098664850009577,1.8461391346351348,1.6943585479738423,1.1688355809973618,1.525776611128378,1.9575518720086404,1.5367895860727048,0.8014051824951106,1.1269492452667484,1.7696973911271927,0.9189085759567428,1.192180883154031,1.2501089927701479,1.6905729480220548,1.450361319362504,1.2111230683518546,1.4873098241115215,1.403646992507281,1.2437722771528663,1.256067982918109,0.8751286220528054,0.7370708077818413,0.8798386012618339,1.215917539423067,2.373980650054829,1.0864277219146676,1.4212822155533384,1.6948882626345443,1.1732438606238842,0.824803349686205,1.287998606532638,1.6225139927843915,0.9291938068543628,1.4328146092453176,0.6804218876230967,1.146126614975975,1.9303166760691937,1.603249302388631,0.9288572215331556,0.8304862036082024,0.5617777670828548,1.118814889240289,1.408346676826615,0.7804953118563667,1.4929596323622827,1.5317390568000153,1.3723867198316277,1.0713968795010316
20,1.9048771282268546,0.8993580148124158,2.1229335170029935,1.241427925188344,1.31773292808754,1.1381893568166523,1.7381371009698134,1.3711339097710054,1.4603735376031979,0.8770070967391379,1.318759153585431,1.1606402433808545,1.5782533191576258,1.006129388349693,1.7490664414057282,0.6782829743157632,1.637105943073986,1.097845477575888,1.9840632881278861,1.297956181833234,1.2903438633459823,1.2708881570322477,1.056977150252048,1.7738521504287101,1.1748163845163995,1.673537835547425,0.6361561853665159,0.9227272531086058,1.4495867053462237,1.437164693308834,1.747744419293861,1.9936372563983553,0.9274056892840382,0.5875287214135075,1.883905862753425,2.6123762394043117,0.9759815830446263,1.6799845369320872,2.4924123065587107,1.5806003509947342,1.633638934134916,0.946043847323107,0.9707461845586649,2.088013406283051,1.9720516533016195,1.0560824001269944,0.8036557848237592,1.8057901691031057,0.9904552780163297,0.6072878762359505,1.1784338089996547,0.8160006916016931,1.1247671416699758,0.9982799083774423,1.4978237852215246,0.5701945193304497,2.1943359475964344,1.2451785300125535,1.5819759907504312,1.5669621219144956,1.5109522060175866,2.3468742326350096,1.315582558637138,0.8633967095712191,1.4740935012288996,0.6927501755117501,1.0522030626883314,1.05224645052001,1.5012338282206938,0.985134052007052,0.7675718245808975,1.261937295422167,2.5452481079438614,0.728219691706373,0.8910123920847373,2.1825171744913305,1.4603520931992726,1.4519941231923998,0.655870378612537,1.7896707412572126,1.7274842122455263,1.500522918966427,1.7843141170159105,1.1603701922043297,0.6811448816305212,1.023424685399526,1.2235924740539674,1.0730593455744228,1.021123602504486,1.5904706974975809,1.019073638228354,1.158855652612238,1.1411080247943748,0.7983321639202058,2.993541938826291,1.2374985736549784,1.6146789168999414,1.3522087850433429,1.5399267561403773,1.6170506452620583,1.7948075043612557,0.7915974430614068,1.5760917144846058,1.1639522841174452,1.3221555672955156,1.1073779878232226,0.9913221316105161,1.5233359149532981,0.9787163911956728,0.976468138828893,2.3913142723370027,1.407498823238042,1.5212489216511043,1.7456590921845723,2.095142668527433,1.6544967533941064,1.099456700650274,3.5648969877529337,1.5432662247208673,0.874465953011591,1.5137391735482564,1.4045253526457637,1.7686963468233166,1.294328589180549,0.40509436784005876,1.3206492828336738,1.9339695665132617,0.6451620986156034,1.1039720237589161,0.9878594358555239,0.9869957594033248,1.223520735240597,1.8950324094554807,1.3566288200982644,0.3869732766054127,1.2559327779671217,0.9410594628478646,1.1795663251524813,2.0004504155371885,1.2014122422982618,1.02053709037908,1.2538963155562426,1.4028618288574797,1.2029782833626217,1.0830511984667972,1.47149007277041,1.6301843765225301,1.5392044277697796,0.8672314440108205,2.1318427932868427,1.218561876634306,1.5388458223447534,0.8947860020620453,1.9661192168179435,1.7514036537066993,1.289731087341114,1.4070998009949216,1.3667770219342719,0.7642804812187846,1.652444631482026,2.290411250752066,0.7162932891922269,1.5346923866523188,0.9883937715733256,0.6925346045893472,0.9868949398386193,2.0319046905770572,0.8621357767991655,1.1207045384496848,1.611569457447273,1.463441587528366,2.2335565051113306,0.9755562692225437,1.4273591643951473,1.0956707312200924,1.5409349898998257,0.7330172941470423,1.4820715896727426,1.5264744196768274,0.7195725904209349,2.4565867935928676,2.3738824873907447,1.3066073752814695,1.2984016541480614,2.0882939893329255,0.8387269401484813,1.3189214478493045,1.663471185030218,1.2965226276001076,1.020975793202661,1.3607408672477903,1.1032708102679658,0.4801450586467866,1.4636654087571064,1.9419439622964494,2.594758532542966,0.9602040435765176,1.7705682806899294,1.9198500501472346,2.2372790031033762,1.4877764542272431,2.2056405113981437,1.2465611365130043,0.5615216030210586,1.5311078273556284,0.8047072796450389,1.762516899504349,1.6920696711446335,1.8356953740139688,1.5935977558569356,1.1372499183026072,1.3316620687277396,1.2510247223279394,2.2493800119301737,1.5987575173691115,1.0825216739917876,1.6887313572521836,1.700892520359842,0.9262401778004963,1.9023491392858936,1.664419495271595,1.3478663280767957,1.2355063748507087,0.901113391397139,0.016032442855519833,1.5088343123311818,1.7012576410200275,1.3019535641852515,1.4220952004891658,1.3920083825573375,0.9124367325152967,0.8892599957674556,2.0602818872306505,1.1259815788114023,0.4759984265503179,1.2904696613712052,1.0946044852677377,1.304780656167813,1.0350295511937135,2.290894777619277,1.8818453603598564,0.9616350538373828,1.2685173176113371,1.4666373773900574,1.3814154574320798,0.960953823244522,1.5678372623525432,1.51147479408563,1.2148040579990325,1.0840355227652374,0.757181407255441,1.329781678644657,0.9739623507105319,1.0637461152254206,1.662739572758304,1.45969340091223,1.9028257827239692,2.75351422590705,1.4775320209782987,1.4737153806665821,0.37278179136180434,1.659092619691906,2.5848988624049882,1.1443859190878474,1.0010390619507408,1.6769243957263442,1.8367664389234521,1.5165647994119147,1.1128181234134038,1.4290142277243407,1.5421375180885804,1.0496773588188775,1.6572613354419494,1.1480811399053368,0.7812113987951561,2.2129694089138736,1.0423645605662961,1.893273934646685,1.3862664870574959,1.7059357710567231,1.3498411713320073,1.3923080531706549,1.391814621494866,0.9946308133374091,1.5487497062201876,1.841827958617237,1.0762201527268904,1.14832761218005,1.116059618152799,1.1129537549184159,1.046161880421782,1.7484899418200273,1.1885956303920522,0.7156527762962135,0.8911094793362808,1.5241009511579864,1.5402396569904595,0.8824712862786142,0.9847108653117755,0.813850746451045,0.6236065776918712,1.1753118285465876,2.2150116560671336,1.4045303901104131,0.5440239734755161,1.4768471281146824,0.9908483854942737,1.3398310239648041,1.4025892828449258,1.8597329178362165,1.6871366238531578,0.8625256511788454,1.7097502992848614,0.8292422463554961,1.8947399419829172,1.3690560301937817,1.766283534579404,0.583555761547469,1.7687801946326671,2.4911396645433626,1.184552758834995,1.2293606807913648,1.6431919839444773,1.6509612333663182,1.8527071550054202,0.9925019028265976,1.7095708133156444,1.4277099562339555,2.1562024975060052,1.7994503132537276,1.6505086233087312,0.7515217207756877,2.0096887252484916,2.239518081295709,0.6427464786137893,1.4298469361738908,2.09805260003939,1.4657665891462033,0.45410571878683315,1.7498421072399208,1.6542892305424113,0.8738887981318183,1.3892509234860135,0.988502827547591,1.6955147325691522,1.1039404969205957,1.4185476875572676,1.811008102916138,0.8229095923477139,1.3400589772540505,1.1004325737356346,1.1816414787232667,0.6795033724890833,1.1903463778111654,1.2534961010778125,1.4973923349440317,1.3617837067274583,0.7727175163749512,1.546928119182395,1.434024848037906,1.277397485332535,1.4909315331426054,2.713919821872839,1.7983156157505364,1.6184324230391622,1.317533349210488,1.3064089376573416,1.2677495725809214,1.0330679238170521,1.3480672276288885,1.7429672644992569,1.1960900248100754,1.0919212941221512,1.1517622460068613,1.058743855537807,1.7100337839699464,1.5432524470973903,0.7958589386026206,1.4267218149000909,0.8488510883851854,1.0742287954797676,1.5461405221585407,1.3738071503396225,2.033506941935814,1.323285012494149,1.6754414029880582,0.9572999640703144,0.6773295054760076,1.1540543643484682,0.8100478513360032,0.9538604117534695,1.379743271028079,2.2505699095954306,1.626327655435766,2.119537178193542,1.8662795905152163,1.9734159834427314,1.754249749012125,1.9236465891166583,1.3669567027278164,1.5399847192329257,0.7906174555381112,2.3192048784120867,0.8980238442367874,1.8647700410171222,1.0956289759375673,1.7284644131966038,1.5709365350443223,1.6238939064721158,0.7289951035115937,1.8066092843558164,1.4526488401292275,1.676530400668156,1.0079062085624446,0.5575182436758374,2.1057454690484247,0.9014522075038203,1.3432151474119927,1.4670550898793213,1.7606641802856597,2.038917336414894,1.387352931766787,1.377925906628327,0.9813231535191567,0.8477814963920626,1.3337666564933839,1.019038687287314,1.3845772718896436,1.0056488338504035,0.9300287618701746,1.4103931717011342,1.8299611950868044,1.3091207896378778,1.801292039097542,2.039306478139633,0.9770401608426299,0.8543246766660892,0.9139142371889326,1.5949749491776126,1.4864796532511944,1.7161963052147013,1.735249901888621,1.284455815393605,1.3551563546393348,1.705171670951323,1.1380599463492822,1.249685752610808,0.9723051282488367,1.4796086658229546,1.7454255899922693,1.8218429261913434,1.4783470506068097,2.4194176331071837,1.246417267939933,2.105015032922764,1.6244819033781783,1.122268009224301,1.5972389518056032,1.774699228686385,0.7999467105923422,1.2478263020326068,1.6642669338691685,1.9180823038499057,1.2700841779729197,0.9808058501231075,0.9172402785295828,2.0580787875812834,1.5172799414811302,0.7668766745609858,1.435171585284993,0.9925939021854123,2.0344977026731113,1.7161146285249007,2.063731510381128,1.843222949320905,1.2747351643197002,1.0964810213570375,1.6007701383170239,1.2844644967928769,1.0677066563406834,1.4202852330659543,1.5428060929365381,1.5146462681171933,1.7701176143697057,1.2237242805560842,0.5662063755092253,0.6958949374085417,0.9631794616999948,1.5168758527257777,2.3936363164850865,1.812673204175875,1.6796449459605223,1.2555883523377507,1.7931600730695672,1.0491381430276432,1.3584922354442912,1.324836972839417,0.7615218521659388,1.3438020149538277,1.257945989230112,1.2309469235535329,1.0902297167002684,0.9505118898428633,0.9694249360543334,1.744442634954392,1.4649717467876349,0.968704318934259,0.8354298906525146,1.0645886176806496,0.9693539695205458,1.302086353343252,1.5187501033724113,1.6402283920359664,1.9760380216972662,1.1293165983840934,1.1365658576108149,1.586984170637759,1.265252001092555,1.0307038297010724,1.1589535809776215,1.5364213108629188,1.0905358609915765,1.2794372034870845,0.7972369488465783,1.0208341023214338,0.8973181997561815,1.249163487482166,1.1152658259824642,1.495810158627173,1.8265217576864587,1.1289978922858572,1.593975757009406,1.5176217011923332,1.5067209115415277,2.2702006314614334,0.9431862688374939,1.9144768397213718,1.45478898324273,1.1935966331058734,1.1625562842842547,0.9710598609990343,0.73431417428572,1.2737209063026835,1.2078165813632369,1.240457888218741,1.1025978773724512,2.0662959226296733,2.072424125843032,2.641305983263487,1.620888495971967,2.4468073637178103,1.5530049053300314,1.4753814181972815,1.1310392528813797,1.3475707641325505,1.399737124600422,1.5501403608427513,1.81379686508572,1.4386098484840057,1.6544574878069924,2.307412555627966,1.2257319733316387,1.1474519878450247,1.289347458175514,0.7938463459884519,1.3644916201421493,2.0191689570050357,1.4221645964449803,1.201435745165955,1.734402723340925,1.3638756779063856,1.5316032598817242,1.100576061501222,2.332504569024851,1.5056578296042336,1.045332897857085,1.8471087905964088,1.2978251645464551,1.604453143010252,1.404199312435217,1.155802394277964,1.3480293108792352,0.3854523797527467,1.1293174872482807,1.1697192899520794,1.372359439404836,0.9348996835583422,2.60093676215821,1.942161156408065,1.878303559548678,1.003361351005877,1.2254394792783263,1.7070743570792872,1.6545045110859615,1.67890283172868,2.3749542122842677,1.2452318484388645,1.8688432922945886,1.3552873415355817,0.8507197585321526,1.8090712583683617,1.5037065063360775,0.9244920024045727,1.5260433665557436,1.142838410220611,1.0685361323264644,1.3513996451132566,1.3242537381459658,1.674754692667055,1.399190849012823,0.6613931116718834,0.9297957887627353,1.254155244646696,1.2763228611621027,1.5537126386214897,1.6484783740024431,1.5543017331557722,0.8620378955145844,1.5186265762961229,2.087779409765463,1.2645528518734048,1.6270664166228912,1.5202292315324606,1.0924087214698008,1.5068628231795165,1.4096558755642867,1.110123227162106,1.748918246674704,1.556796754341322,1.3316993322840647,1.7716836735943553,0.9626923079045946,0.8340046407130612,1.2913161589688364,2.0114123076499326,1.9268250695700069,1.041972021992303,1.0191562392187055,1.3237130839671996,1.3361265259289443,1.729221933515308,1.6989206939327233,1.541747117630612,1.5951191411903818,1.0718813991468679,1.0824586616810314,0.5811917449941173,1.2878637564617004,1.0785261521880432,1.5410571662339712,0.9937280557848456,1.3118017395593942,2.2034190911771847,1.348249065648207,1.3111676659469407,1.0244786890192552,1.8354906539117186,0.8012098427495696,0.7225748363154747,1.2899146746156338,1.9504818042477186,1.601105238304468,1.110589391182015,0.9387638587206504,2.290266383827647,1.6011437806191025,1.2648362536985214,1.4972399896866746,1.507885432448882,1.8408206908776772,0.865195281194506,0.969969470949672,1.5141984520057457,1.3422031230659384,1.244257625306627,1.486604089896359,1.4694873960013464,1.7777318434294131,1.156175444800667,1.498082108215053,1.4267533273122308,1.4172583882385434,1.098212901959272,1.1989917371786358,1.1645405729745573,0.9439389042436497,1.803671220092396,1.3282471483303269,1.0924530408669073,0.9740617912787686,1.0213300913033772,1.6771479286364142,1.1922374664719835,1.3255133527959229,1.4202515109696505,0.8252154450351961,1.5860409696819326,1.5433155081117744,1.8739918217666944,1.2025306688951587,1.1594785756185972,0.9348586225896713,1.6629010231753818,1.4510329751886188,0.7122048160209404,1.5129785552978636,1.3814687151592648,2.003439137139976,1.552183702836182,1.429191906641575,1.7019297799217297,1.7783008724466303,0.868075431950031,1.0025005840370576,0.9849158271975824,1.6943588688755435,0.8331206649824731,1.0696534130803144,1.8405816706684968,0.9072742850664127,1.3700605998865742,1.376334019103528,0.9761794840165547,1.5047517189003372,1.255571933947755,2.6167607547747918,1.814254532325882,1.6030371348990204,1.940706055801773,1.3282978134132224,1.149587447736395,1.5762589765102237,1.1844945973579741,1.9609470063368222,1.346758969051426,1.0834804522308308,1.0292705511560847,1.1350684109676605,1.5776330391861781,3.022606433796157,1.8200857684631737,1.4697231699509166,0.8410894908598843,1.6859066207202713,1.9284075826182687,1.3565890702387833,1.0471901845270069,1.6557040773897855,1.5528136998360584,1.1856857558705451,1.1909008592270305,0.6490117082741174,1.356698447234453,0.8366093854909085,2.3920091847990816,0.8332167841689606,1.4346210761133313,1.0267271278346017,1.4086500538708848,1.1072013861711496,1.559408451962363,0.8739305693480002,1.25172794771289,0.356478828453429,0.9169998654192977,1.0414791415326317,2.430857617379422,1.3039453137218062,1.2192475589454812,2.5861861947216616,0.8585632912351822,1.497431040849151,1.3057597579200317,1.075959891318656,1.5749641212536822,1.3306149187430112,0.9644124864705279,1.5832685319182982,1.6917207473175924,1.5406780341508994,1.0157255093825737,1.227810718676638,1.5834265227776005,1.3503205069551238,2.2911250308859286,1.9035617430981968,1.6368164699232515,1.581627085165533,1.6415399313523513,1.9417162702902608,1.1006016619133296,1.6900124367164755,0.7362893959282446,1.5679714466986117,1.8180862907953774,1.7870836495965126,0.76658177959048,1.333749751051616,1.274350934298496,0.992282367868822,1.5702892312983374,1.3661687495201909,1.3545324233521405,0.8806563342257738,1.0734705117942238,1.1328251587152016,1.4763782948281894,0.6872036192147526,1.0591789113513328,1.75203012353793,0.8261160006020306,1.6307567456093948,0.9972978180676348,1.0222259493434116,2.4833543070130615,1.5342968801395493,0.9855028112718198,1.306365302322329,1.4393363965478452,1.5127337295245016,1.2485602342119735,1.0266794987854206,0.984316374554435,0.7608984935964453,1.4527506441626645,1.4754208099237314,1.5299965387054748,1.4298887102691515,1.4231941514650848,1.6908795802429804,1.8086121880149513,1.0663656212381354,1.3705795175357687,0.9094548160488473,1.4070418194878378,0.4753511925370561,0.5149564399821254,1.807374684903369,1.2522491946438061,1.4319196763222886,2.932209107731795,1.2473652871227665,1.93763382776927,1.5994189270944028,1.7743916401653328,1.569356797920527,1.6321000146801035,1.2956974941958619,1.4313549255420859,1.267967786833124,1.408032939829372,0.6424079629036438,0.9465849671538134,1.0505973425869146,1.4524256039447931,1.6201496584435602,0.8173854995159722,1.4841694729963755,1.8305478373318667,1.036446736597287,1.8289960341518712,0.7007345444906096,1.327239818827454,1.8678496202673642,0.6120151142897887,1.4988662491435325,1.445180402970709,1.5846357172004106,2.1581760064670124,0.9096098448863921,1.4094814365195447,1.6778856041251395,2.4463166198375106,2.547955582234379,1.0052317924435434,1.7140350565626759,2.1971720789217475,0.9955193632034631,0.7242536678253372,1.1950354250081279,2.2057196477169048,1.7950123576999695,1.4666505097839657,1.61053566240445,1.259716705523687,2.231988038493834,0.7239957795383024,1.3963613924094354,1.1960499204338144,1.5857653306259714,1.2783442634012454,1.9615787223183445,0.9555670131830649,0.6066995349150541,1.5810671468552444,1.2865575512054273,1.68171529493254,1.3554091589653363,1.7954280310659914,1.5436788202612193,1.3747840532301518,1.4080004261002887,1.7127598476604324,0.9239684591537336,1.3698622239646863,1.3153544069887788,1.8150866831171606,1.0686627854112978,1.407340258895605,1.3642182845807742,0.8901907479417396,1.1266751569038531,1.007409623046157,1.1834791112278886,1.1593906443015372,1.005345733652316,0.9455461022254833,0.9835773971213922,1.1787580057955669,1.6248916988432414,1.448441663959895,1.5416379566640939,1.341619020097663,1.6690611339550978,0.8986972287090422,1.8625172646143495,1.2287996835342925,1.248417578463541,1.3410254832776451,0.7314479501523192,1.5819155996011338,1.7580826208225424,0.8589143368325723,1.7057696197854308,1.577250662950588,0.8838968095619624,1.8670022904754815,2.509683788424271,1.2007824167826642,1.1496707385623521,1.2861487476727627,1.7070940316530905,2.611440647107546,1.30671024517157,1.224134514080819,0.8256190958323893,1.6290144974297407,1.792248224971945,1.0697024625196756,0.7981911715444177,0.4646351353567527,1.1535193102185777,1.3083824315268069,1.5325935822985859,1.7298357437974872,1.3505217666548683,1.4053636661980355,1.814548623455825,1.8571484765326702,0.9953307176676126,1.1899489003033967,1.9465733642464988,0.832174115453308,1.1280675364856418,1.3395429985081875,1.5723059538285935,1.434094476197627,1.188515847391141,1.629422360105977,1.550088562848026,1.1464497034703238,1.5106757382353502,0.8527780676824847,0.7756290124641855,1.0348751621954055,1.5626077772169535,2.43295395923813,1.2328778957031512,1.2811146373742734,1.5056802468870714,1.0869855237915926,0.8591498831643511,1.2149887827289547,1.4124111866884304,1.0665194935190843,1.3852908264768904,0.7718201623937195,0.895502045464564,1.7876967645112223,1.8312695018220195,0.6730529688178003,0.8045975673162443,0.6821061218769713,1.0665694265478478,1.4403270336438876,1.0423421968491189,1.4889010670117415,1.618647559005408,1.4560994822525268,1.1840117759628805
21,1.9079561880733324,1.0263423645030265,1.7561702831414894,1.229766152044386,1.3044857026595853,1.2790897160561046,2.1376497749352237,1.3552483833505415,1.366429684005031,0.9868245593864431,1.0650134693143405,1.3930614450546672,1.5305700993987266,0.8177426043135535,1.6356757286549617,0.6157889526349101,1.7708411889137696,1.0215732720646251,1.7630527180075333,1.194061900673513,0.9616035163271982,1.14079815352054,1.0059154139700135,1.706880781955117,1.1496798165502344,1.6074565846771836,0.744622301043838,0.8987221778837364,1.562900492362791,1.398415854231355,1.8345595283250187,1.9245205888442483,0.8093808730750082,0.6504252414056497,1.8295968396429065,2.2198601020644118,0.965238759693446,1.629521049843494,2.0462294247503983,1.5917626676398142,1.5103156945096745,1.0442500261521195,1.038192540065936,2.2052050005128274,2.2147565735749297,0.9419669513183361,0.8809811955504644,1.6752902074626994,1.1703148712946339,0.6905539933836334,1.0811426407406066,0.9934258617716893,1.148567793527267,1.0134901879313691,1.740180850010303,0.6357046144740202,2.1791587117658455,1.2808201396780436,1.5244088379042422,1.5531977996495963,1.4424943263106935,2.0033078263506234,1.0896642464973942,0.8920360501972028,1.4489690688994201,0.7722538563772654,1.0586469159687992,1.114058419675642,1.382442695922176,0.9807553020909471,0.7779392848280275,1.757113082445432,2.8630814337770687,0.8005797520451606,0.7707785220443395,2.2804304199327134,1.1908285895095183,1.5776069036111082,0.5687893332083449,1.7645073829197224,1.9939181518922915,1.5329427102228972,1.990940040528755,1.199551166937041,0.6875279276376414,0.9968929705310627,1.2130850796031054,1.1209117747787412,0.9791033900824586,1.6547990934557693,1.0473811980039927,1.1741483907442145,1.0294311056627805,0.8894461884930958,2.644033725728044,1.3763761917724415,1.45453906745281,1.5131104031805727,1.5231120091234571,1.677790553268553,1.7115315516930714,0.8177932907972086,1.5727691383213611,1.7958564338255778,1.239786030976144,0.9120109533125826,1.1824145103347834,1.5621094989345616,0.9750719102276603,1.185570869416377,2.2210688436004014,1.496408613346624,1.6948928204863356,1.5504669613787554,2.1792911779148483,1.5350809813008095,1.2275857663446317,3.1745363911573152,1.2560140779641753,0.6508623695943214,1.5496227399325797,1.2846622431654882,2.1278712321216604,1.2559344318777161,0.5526640714876669,1.9154370210164102,2.124480723912673,0.5483308589184832,0.9966653162385161,1.1068976312391583,1.139443876569064,1.213102065359245,1.7351498358912947,1.4119887114498118,0.5441779739538781,1.2493778936523985,1.1112830666071363,1.3330213897043868,1.6992812173979934,1.3512890736444554,1.1045306994665745,1.6844682674384588,1.34725719537547,1.2992275761378158,0.901448272616103,1.3093889271177195,1.4328000898529214,1.3334534976047367,0.8074914598053664,2.049639663459447,1.19196596593369,1.8876559043123011,0.9426488466932448,2.0886093995625497,2.0295788947650206,1.0895835482460683,1.4511230921041878,1.3825459742848198,0.6996560807824436,1.4990845293473434,1.9636180243037198,0.5211098044504652,1.6194261222874726,0.8608138361375022,0.7360902829862356,0.8590096440836723,1.9665306914133365,0.8135872691923578,1.432020140634616,1.9466416936904123,1.556880828721785,2.2521749717824,1.0751131500813444,1.6852173835774302,1.2876199799165848,1.305507365331864,0.7484395493229423,1.3260591786855351,1.424178114832892,0.6477867816911455,2.316116143559093,2.356734302719709,1.245972212542506,1.331655317356094,2.062089944362773,0.9910828380592809,1.2880151255124008,1.4395501318569395,1.3284408300774158,0.9612278439330922,1.4526357946658557,1.4664409818291246,0.57134182457377,1.5518104311506855,1.8308888856131138,2.6177381900863215,1.0010908655019963,2.4611987461612705,1.5825780875354472,2.1515187749395137,1.6071542282518323,1.9058136186388728,1.3320357654882453,0.47132040008349435,1.4479501412069555,0.6956348312918853,1.9585113221230943,1.664728346135153,1.4001043141551879,1.4792731459635107,1.1027081809213093,1.245821599056635,1.29844756448502,2.4862600331043456,1.4839249662973537,1.0669235321204638,1.6620795040379948,1.7880701218389368,1.0870418452956376,1.693460177475183,1.5080910388749362,1.5013834231300587,1.1929853136048876,1.086863914149913,0.03206488476795485,1.5350047296058151,1.5950272839418402,1.1497902485855112,1.4545229988954147,1.3056278806620938,1.3589775266681166,0.9464786922084453,2.084885388929133,1.270365682708235,0.5784165694465645,1.3316646066704454,0.8867902167162094,1.1746282491359863,1.283645515552506,2.2855728498323824,2.0644520803563697,0.7874130107911557,1.3634071307096765,1.3428668174252039,1.2660825478373503,0.9953425709621242,1.9072890569730765,1.4843776604455123,1.2453185883605635,1.4100702777853766,0.946621869466915,1.3376327373020733,1.0083665402949258,1.1087216692680273,1.73874888305614,1.3989935429507157,1.8608964492273659,2.458806466849868,1.559608150168431,1.6762463707103836,0.6996965190228603,1.6717997689795836,2.399686406679815,1.1966970836853505,0.8573487303157517,1.6980699777770918,2.3314828674454664,1.6756183648218999,1.0022022906456272,1.4799795646311373,1.4647432445467257,1.2688722744364864,1.5208907948410735,1.1935450123250344,0.6868283874109227,2.2314695157678193,1.4205546060659084,1.9136143254831697,1.458818150838117,1.811755242765945,1.3963474451034514,1.4642972559915384,1.1998935041499315,1.5745254302010085,1.6907489445447983,1.8315339117481604,1.4392672570795564,1.2261412462063266,1.3803601586595688,1.0591829616251798,1.1759467275389153,1.7292059147016088,1.0387376463135558,0.539894498693601,0.9411618168315934,1.7191122516081558,1.6558731216268974,0.8081549517753108,1.0694953582111395,0.9977196813311386,1.0317379996294824,1.4868233739733983,1.8666608257018171,1.5106358663435469,0.7049114027074093,1.397878419780211,0.9076656198193912,1.5685634787401272,1.3138415765388944,1.6215349847785863,1.6334871424961015,0.9364167325229595,1.9134346472691375,0.9682850727839737,1.7484967701226855,1.4608567747449508,1.3490031661954427,0.552035161905929,1.6334510659968613,2.543702566010181,1.1605260986058483,1.1994331515693568,1.5776715881932755,1.600165183340768,1.559612069672569,1.0792179874882362,1.66785948080196,1.5626291808714106,2.120850466617137,1.6472386054454846,1.8501128677759435,0.8576832432089656,2.0947082256168787,2.5064665840616343,0.5657289304431432,1.4587155236526832,1.846271448971106,1.4965204098182001,0.4046136585949539,1.9590464983081868,1.5549621411029355,0.7559927101841306,1.1374723246903127,1.2302037036820832,1.5142758954068802,1.2408647029711897,1.6264035533226942,1.8057444906881601,0.7159235843640689,1.3115757866016677,1.1832478414445173,1.2420170526388863,0.8290849700604425,1.08458773618423,1.3279626609004351,1.4685144847053042,1.372040678816202,0.8841515169602447,1.4098452934451997,1.5758715355126443,1.5618187196974103,1.5237628239643968,2.5499840914787653,1.8113216447575697,1.9465453362362033,1.0699418202951934,1.5565976223585964,1.472997428162829,1.6302171542694734,1.5303343437282424,1.586225405265261,1.07565039473825,1.0989380381116542,1.1614924614086073,1.0895354809277937,1.58871220020296,1.6153671994309202,0.8173395893178155,1.2198086685596827,0.8692923173126961,0.7361868751112731,1.4412151284925527,1.4616821171722352,2.2380282283155974,1.5079079036268923,1.5571102333606772,0.8492368430927477,0.5338595713793963,1.4110560137243415,0.890047262525952,0.8816577643532373,1.330644702222354,2.2222919818745583,1.6196829148590415,2.2679985522824566,1.9160833046722539,1.8834238574572737,1.6586889963682936,2.092984634633197,1.5287000937163833,1.7526094465330964,1.0297067242440021,2.181486580971542,0.938930482533811,1.7808065959041455,1.2213047075702514,1.5428864011565262,1.4629520299687024,1.829538324983094,0.6127124908407072,1.8353717472037612,1.249305275535606,1.6688016390463376,1.0195319174458226,0.6747837598551518,2.3302409590417845,0.8517528372271559,1.3381121764786796,1.333641802719709,1.728410041271264,1.7045483378038564,1.4872670796248053,1.6563977665718275,1.0292279031995584,0.9053855838611944,1.32892550797762,1.010742668212853,1.3983804204214647,0.9555720812695813,0.940007667651806,1.8556062335223025,1.6342343534543564,1.1557274001615032,1.6581796043044086,1.7104186354965891,0.9104613606707912,0.934410466759884,1.2789446896050856,1.5507911665401322,1.3430291493594202,2.0113848966075545,1.6227923897911485,1.244921657844405,1.3037663089715394,1.5340688736546528,0.9691856420369227,1.117124596459048,1.268087426163103,1.3853470349451666,1.6458071079758914,2.3168890591530706,1.3474178272202468,2.231284401336234,1.2181768298637,2.239390270746423,1.6395292226893408,1.0800627577676056,1.5737788468345508,1.7406380819810985,0.827994339135637,1.1946425402116891,1.5930106275734612,1.7304125208701169,1.0450606223505579,1.221430721500396,0.9175876672685522,2.340417749891669,1.03896240131444,0.8942468754098686,1.4443656518343289,1.09008264418466,1.8189003971900535,1.6266304566469802,1.8592674866286543,1.9105358005185282,1.2969181965880794,1.276700484755915,1.6841417142671822,1.3870698967777533,1.306144881869015,1.2833117452940637,1.5619203244042672,2.1156012705400213,1.6742574854964616,1.0411003349476258,0.5954494234903761,0.7720471102829954,0.790189607310759,1.6787697073259134,2.0092361190760926,1.6901001555725221,1.7978686651622948,1.1926017891859348,1.8078995953817962,1.0451911955978461,1.4885261978259952,1.4890541281721927,0.7952319204866583,1.3577106116986566,1.4118346036117997,1.1127044924968152,1.4431776400659615,0.9763924344695074,1.0094736725748863,1.8282844584706668,1.2330404155703287,0.8918296382191468,0.804933333008118,0.9669896708493579,0.9645581422602427,1.2235195545575213,1.3235485934407785,1.3102219883256403,2.2311709622956424,1.3309072044082875,0.9855601378932798,1.5543127129003056,1.0703486715887691,1.0485114989843316,1.6362915328349024,1.5717339712490752,1.026777678171666,1.6565459356895866,0.9570639632420044,1.2506834524046408,0.8742813035431416,1.6726971219753985,1.084425293089905,1.5302478054268267,1.8289124611222023,1.0214056590364842,1.7189324743691825,1.66896245292781,1.276357834984885,2.06486952428827,0.9813883266957386,2.022467310041282,1.4182881222584514,1.3485414050414073,1.1799786916051724,1.2076806138910952,0.8848355553782965,1.3317790722724192,1.3753473396604048,1.2548834229862624,1.2179276828237038,2.1369687446171293,2.0956039898729077,2.4094487096673944,1.6568169217459647,2.837414765118396,1.8855812643941916,1.4876190520490862,1.2550934398022082,1.5717903802150757,1.5619998644940678,1.4098120569069446,1.86652755255885,1.531941594021567,1.6061906624326743,1.95356082727838,1.2128435476706798,1.4091397740950606,1.1909656248733667,1.055341805762561,1.7278475328230263,2.1105849426881327,1.4030414345286863,1.2395308915930292,1.366713592358578,1.4045739584158836,1.7190450952579246,1.2567447961747094,2.234751717473253,1.505871418317427,1.2925892481401449,1.7663337372712369,1.234852320202575,1.4979405923148463,1.252378610914285,1.4080786366716922,1.6266380903285893,0.19751930580326754,1.3810297916542893,1.3730735726077217,1.2656648122316079,0.9305051969212853,2.6451516206059074,2.014479032859618,1.9415210837558814,1.0959666097746652,1.1348369503545674,1.4291524064143224,1.6819158112617434,1.6653371853469376,2.2713171762010864,1.1931885474513382,1.9684553582473394,1.5753054369064472,0.9981863520439203,1.7681339474825966,1.7874286836377897,0.9058756258350273,1.5427978523665067,1.06322118075254,1.1929845712692861,1.3691048107718347,1.3133324277621181,1.4921506909824236,1.2504541322989946,0.9804264649696681,1.0192958514187958,1.1413648353493249,1.5783770490619662,1.6140823681672398,1.6541764926260312,1.5497396685062932,0.6700508673831018,1.853337463129545,2.2625938324109054,1.334425239868831,2.156135009951341,1.552528473905023,1.0363807003580494,1.4156161252856498,1.221148936912069,1.1008143725871828,2.123998657502049,1.4580207244264185,1.1883470044265936,1.8285281211876403,1.0767699537052637,0.9663753837693816,1.159981246395489,2.1442859416098825,2.065322960930207,0.9889415042440233,1.249798217078643,1.4459339312143786,1.3145942367341243,1.422713349544902,1.6717641126973484,1.3373913808255566,1.519699463464031,1.0393754811957023,0.9521580547568725,0.5200524630181839,1.5359151765372507,1.466458210284047,1.6152863175272882,1.0151478045624496,1.0673987037315882,2.110624311081432,1.7438144223046965,1.2441099776930185,1.0948585865170217,1.4093130283846738,0.9545959858252814,0.8594950262541233,1.271541389643316,1.6803073867461245,1.8044294654334159,1.1402365648229187,0.9049216497961251,1.8576660804533063,1.7659354567226861,1.57236536876781,1.5049126859668622,1.5651870731011988,1.8173285377170219,1.0741293301330874,0.9192637718397183,1.4030733536414999,1.325644894896536,1.3241785741827685,1.6430899301324193,1.4129155059859935,1.6058137027310218,1.1927518815802747,1.2973745946056403,1.7234630486203222,1.6627633204801149,0.9158883898428483,1.1274573641454548,1.1580617438250003,1.0622973353954754,1.6816502201809924,1.310863954486782,1.0489447401756173,0.9714745753143542,1.1307716174091391,1.4832169151143462,1.1722616084154343,1.3396904026299736,1.7223843490378457,0.8133813341119422,1.6070805958751988,1.7991920441307538,2.2468987087839185,1.0728306888458563,1.172770859026585,0.9897208278500256,1.5923130616224492,1.5158724047100878,0.7552355496179145,1.5516400137420296,1.3081864601923217,1.8380346944526207,1.8444769374591812,1.5208785264177602,1.6112840485604034,1.8777427635965767,0.9972479758564678,1.0017422278766168,1.1746872533083774,1.5156190845505106,0.7661964325181284,1.5063155001784831,1.794426190849804,0.9730783890754503,1.3870744334192793,1.3415863101619563,0.822637432034785,1.6040739445642296,1.2221186269179212,2.73852468771916,1.8988960621433597,1.5639457764449927,1.8279498870866968,1.2771506169642832,1.1558921854110575,1.664733302749467,1.6815980972680675,1.8578428972493817,1.5135670749310148,1.1722249277219703,0.9969429215135228,1.2231372991787537,1.5334934646862997,2.8382247930142155,1.6965044385868404,1.3217001421615762,0.8618073497829201,1.689299693410456,1.7718444672157956,1.459643287732176,0.9397589442507313,1.8981639011395028,1.635761794322728,1.1801800822359056,1.4098083788778488,0.7352352117139135,1.450549546403431,1.0406057822008186,2.0322967125494897,0.8127966258272208,1.5270261712999504,1.0123756085934827,1.40721131991244,1.151954051343382,1.4835263179526021,0.8507258084566671,1.3852186660653465,0.4925912894903858,0.9637183778321783,0.9163578290330451,2.1299875447406724,1.3982667094689099,1.1743359980515822,2.368215279789842,0.8010744556084983,1.7509151277759267,1.2525377771013706,0.996908006435989,1.283183463608904,1.148616011973101,0.9153995870634476,1.431149077919567,1.689673989552122,1.177645187831056,1.3920736052950415,1.311853596297469,1.5002826891495493,1.2337480936969774,2.0835801054461354,2.0444966737736943,1.5920689982599971,1.746551257201458,1.861511565678324,1.8780514420996057,1.0419465125296994,1.692632151966671,0.8912207993243337,1.478377281492944,1.2931152358321865,1.7341651756205132,0.8404699261532305,1.2748647344534434,1.1933651574530542,0.9232957151358387,1.5973029145943771,1.521183911092081,1.7968269916328068,0.9941439655989562,0.9839976669205326,1.2081483078137503,1.625578554174526,0.7889425592334943,1.3097332241314845,1.7963222734658317,0.8756438161964378,1.7930862509713967,1.3406000005537448,1.111538069986428,2.5139094906965767,1.459330628843024,1.1847892455918623,1.4002589945522224,1.5140809739010332,1.5419247331167263,1.328935203132068,1.0474880035591783,1.0675754807830742,0.8547040741666853,1.4422857425313318,1.3136521945774102,1.475131449321081,1.4651979696953945,1.6652196899231697,1.9536139089100453,1.4704300605050946,0.9852535191014783,1.5336285130627347,0.9177728221154571,1.2389362835333286,0.5773147415188531,1.036689400482702,1.7289637211764959,1.2410178984430529,1.3544931297639875,2.5341839636122043,1.2858980838059157,1.7963485131420536,1.5263614304222117,1.7727504916133645,1.6626358760605457,1.585518664001516,1.443822643571059,1.5036236532826142,1.2868054494976295,1.611232994762514,0.9067383528344996,1.4416599720345298,1.3387966008622882,1.2123578014540866,1.3521477507577826,0.879544340192661,1.364051483325928,1.8120314884239481,1.0387579140984173,1.861411984967321,0.7535288883834275,1.4539136572882423,2.137370108017525,0.6676464148055895,1.5305854232732403,1.4632660469954208,1.8072083302712123,2.0603696110617182,1.3674808793079576,1.245887126393771,1.6982686584700037,2.516392773410906,2.8174521037016875,1.0131782083505763,1.8203801993865771,2.2161394702924295,0.9672738422891594,0.8109887496520197,1.3870996752804192,1.900274619184187,1.6984477413540602,1.457010784452211,1.7505201748608301,1.1188388937174714,2.0294775618982057,0.6657459730495625,1.4953028408184434,1.1886009618119189,1.6767355960078842,1.2708735083548377,1.8447818257430928,1.1530835398070354,0.609709305260616,1.6494045521433727,1.3817172953060017,1.6327847262130781,1.0821597119810524,1.9036221818916326,1.192485565986545,1.3324315935740152,1.335379989708589,1.4282273991361258,1.082188032657729,1.5520532726550846,1.5276298930771446,1.739628784120486,0.9359628585018934,1.3987678497308798,1.4980092692525944,0.9051435235284158,1.1235288800657424,1.103597195251694,1.447358291901404,0.8954811927333737,0.9724504542422486,1.1485840072481297,0.7815877049153284,1.393871683269734,1.7278439534117813,1.603958019320182,1.607918027587796,1.4913559963190692,1.7128618450589959,0.9902453068484636,1.721276318305771,1.3786975522411509,1.2197902106798986,1.3329050146903696,0.7033067883779571,1.807083306044067,1.7753415876701917,0.8834533119473155,1.502558666270871,1.7340071770586747,0.9800420700606396,1.7760524417611552,2.5797378631891683,1.261725765052222,0.8385248808614022,1.4342677922151585,1.6829481021782877,2.516671341105705,1.149930564659422,1.0205317126711742,1.0191972524152726,1.3284557672774462,1.427321066971618,1.0771028181053648,1.08462225412292,0.5655960634867779,1.1196960823953965,1.0063303256288114,1.4545257530976199,1.8246702112244861,1.4804565441839932,1.3141580057137814,1.7943293372371738,1.9111277128377382,1.1696807295329268,1.1846662630820588,1.992266139008796,0.8745407965882649,1.1825186007214021,1.5488324364213018,1.3771844864226375,1.453889134004159,1.476430210248567,2.0166312425575263,1.7008674681025755,1.0518288620746734,1.6902767717409832,0.8974511548765767,0.781344875524683,1.323476633925523,1.763896888421493,2.3119439688966676,1.4057746073828776,1.3397354589759085,1.3358239339938565,1.1779062251525483,1.1524871865394748,1.1251525415638293,1.263809686859137,1.1563270991616772,1.4848549343036381,0.8082671878599473,1.0733940181439605,1.6562962087974902,1.9834998559324433,0.4865582798122139,0.6688026213758445,0.9582892614004486,1.1955742391444044,1.311473699742072,1.327345036362094,1.57727039996014,1.4343485233560598,1.6617255616958708,1.431875693111144
22,1.7187399498940674,1.1355953672211618,1.5504869256738933,1.2909158406030694,1.2260762729077488,1.4866683984345077,2.273356406216857,1.3668524231549224,1.2989759717135234,0.9771202292420571,1.1238037827917982,1.5639221941116324,1.5401578967479772,0.7313027207348041,1.5138118134980596,0.6139352501512874,1.8281301297902164,1.0480687686659211,1.4465983613947286,1.2243653907046148,1.1051987073270069,1.181791906727643,0.838553220540371,1.562794693564875,0.9524099402856718,1.5067949919860029,0.871924314592742,0.9979034465553349,1.5702649110645484,1.5267988957415588,1.866848195778917,1.7555537281544762,0.989832691744346,0.8624863514662023,1.5628964563175884,1.9182310401518199,1.1355970147876358,1.430929354024645,1.878170271947215,1.5431209977357008,1.423545519579347,1.197364661862674,1.1391263400247604,2.013902043097536,2.469096162901499,0.9383974684581041,0.9527484745496992,1.437673488943276,1.4496306232832414,0.7741735659939808,1.1368121015857304,1.067033872728752,1.1541550967126324,1.0817791396556107,1.7927854501421487,0.6009348561141408,2.051588464854412,1.4107358264782703,1.4747528543170716,1.7435657730478593,1.3960243903506686,1.6101216050836924,0.8382926464023441,1.0864484122023594,1.458475410862791,0.9453130176184553,1.1172815817413198,1.2662052144349782,1.335101323014529,1.173894482984184,0.9113364751903401,1.88961158706649,2.5542986817307325,0.981128417258849,0.6572659272711614,2.576599085119545,1.1029375637452201,1.9270410555859057,0.5245974698215553,1.5370243840167028,2.072516344371838,1.6264904735551542,2.327383553872079,1.2960133890930066,0.7823972051987689,1.127397868264256,1.2043725290750493,1.1864863688789504,0.8518886057222409,1.5613757692339743,0.9882020200101088,1.1783345697900565,1.0838128665354432,0.9350518537147008,2.67298836880195,1.510043788366913,1.270726301611282,1.6233456555964865,1.4816091282102763,1.9312378587838126,1.5420495650593788,1.0108449841728673,1.7029147431638545,2.1542387229197724,1.1954265313749035,0.9226839849309104,1.2667819539022247,1.8899366053784137,1.0662275352810204,1.5399962069986943,2.1279702989212987,1.5655772257526857,1.5932553408977796,1.3179431576422045,2.2123281781526583,1.475414927591142,1.3437537154156252,2.5840846466465814,1.1199011446207416,0.5627673486454259,1.5455325692153723,1.3485479750899707,2.2810766703492478,1.2597713921238056,0.8575064494594236,2.287399362414634,2.2272892726513813,0.6301171690396347,1.123662866003757,1.2308414540598296,1.3562071982549997,1.0342068500988004,1.4632566940458605,1.4613623861393417,0.8481917843512035,1.62066775549432,1.4241204481746585,1.427837311091401,1.5953968467748054,1.3429127333011552,1.1034477436452932,2.049430409621829,1.2656645461218412,1.2465888209618956,0.8340120389359014,1.337615279282473,1.1132509873813756,1.1747256007288824,0.8217356137923257,1.9512510724251533,1.035155179628095,2.0167573042225424,1.0126089367490092,2.0913155999648527,2.120241502519374,1.004610289146005,1.7260775649672135,1.296408680951603,0.553805328948768,1.4974195539053177,1.6097754779387152,0.521819653598947,1.7505221302846006,0.8907735046670662,0.9676228673410963,0.7701057016214581,1.9460255628053904,0.8517041564752611,1.7544510377259122,1.8828446740999736,1.6042518533548462,2.1609803254721123,1.2458177995433926,1.6385758408892115,1.489232292215228,1.222274184917787,0.7313317952339723,1.1913459310031045,1.3216273519180803,0.6586542257939307,2.2635354481948258,2.07165690799033,1.1015361908912453,1.3407159584443333,2.0125569254761464,1.4414311998597664,1.2805911453127825,1.2808866612540066,1.4214170513456588,0.900934144547654,1.562705242540648,1.790147177734772,0.690201981249236,1.4708688201453093,1.500477138739579,2.389301080497196,1.2020085889927208,2.780516832646667,1.5043091769626247,1.9050792112555333,1.7784674557204359,1.472097701650965,1.3628085683183377,0.4009706789400267,1.403678345999547,0.6335649493138422,2.0853757105842874,1.5657041731579444,1.229957653467829,1.2972765552877086,1.0601530921013609,1.1303885555074036,1.2179306652683382,2.80178483147769,1.4291206182973537,1.0430540915815174,1.5468755688108327,2.004940143591587,1.1871199781321637,1.5484646011904837,1.3687321090282112,1.5142325439741018,1.0942988236641933,1.3214717908160976,0.16232847901251796,1.7040824870712836,1.5725194028347558,0.9063916387163744,1.3750025644369062,1.3653026338525516,1.7346136482069867,1.0230133083059745,1.8921912004767785,1.5738297913629302,0.7484392420838544,1.3803520905515323,0.7985950823874078,1.1722878599392874,1.5392821684730418,2.0886198683001007,2.3527823102076746,0.7384640595598102,1.4099459722169447,1.2204605212266775,1.2696601424218021,1.1598699750477524,1.9485293400678638,1.499118334095919,1.1154624825357198,1.5524526548534137,1.215336333408855,1.3370558746138292,1.0108556123166954,1.3892887850675202,1.6920095164862252,1.331341467760723,1.7266032411187462,2.0732525929506833,1.6539447252238837,1.910906355948855,1.1106833097074222,1.6038023806625892,2.2478065751018175,1.3958367202706243,0.7574475939064723,1.8606496172460543,2.644012760889947,1.8507785983917393,0.8119103393696661,1.8022737701496458,1.390828871256998,1.3018810822286748,1.44908907344009,1.0963457992651573,0.6822640259591338,2.14755517232571,1.7753180792743837,1.6695068297776223,1.480028792226503,1.7148780745902146,1.7504713105410497,1.4771045727021739,1.0883903782415223,2.1008588372121704,1.9086814368586245,1.7493246330501926,1.9626645854410878,0.9983932487688683,1.4258757598983267,0.8956837956621149,1.2203371049517127,1.6321669050429541,1.1043020568365993,0.38310795657981533,1.0715901193391628,1.7654739728151894,1.6230159168601856,0.6904157394491544,1.3604317723073496,1.1386847035124459,1.3175166707244985,1.536849723173419,1.7109942524619097,1.3991256487678827,0.871451272998494,1.3223870795387183,0.9913720564642328,1.600162236832579,1.1934083564038545,1.402956894977622,1.631346116064658,1.1623935931727032,1.999678417688532,1.0560097484713427,1.6923879480046757,1.2738830239157517,1.0715069230058931,0.5370969561324084,1.5486277755417588,2.2856103725286334,1.1784740152978461,1.1819328824412842,1.6649813227598693,1.3198112005647178,1.2242309628476358,0.9752628764136086,1.7173487336160311,1.3939616186711834,1.9856997027946106,1.488338366868956,1.7959004403133092,1.1748635644768766,2.0635537218623092,2.52332802612903,0.616277298157923,1.4532107425014142,1.7515420616241641,1.7063282821638803,0.3859278635819141,1.9615087488868823,1.3066580864473685,0.853163532854925,0.8950860351570972,1.2532119862847395,1.278834789586556,1.333251542522555,1.728737868142031,1.7453907209430954,0.8286319798012879,1.2488446589650049,1.3090237003378753,1.3140233770572944,1.027246379341383,1.1130410970938476,1.468459508680758,1.4974068051348912,1.2176799690478413,0.837554718592374,1.2458317141725959,1.7441446785944246,1.6809572342912449,1.578901066596001,2.2052421537073945,1.7648199320045053,2.298297332188439,0.9480511386331836,1.8572049270565274,1.5870029199343814,1.9313368792407482,1.629680556052939,1.5170423455189472,0.8603173699283199,1.2100991557803351,1.2313347146787021,1.1706748707551173,1.5746473375824392,1.392710469551213,1.006776824626773,1.098205019065868,1.00205138999421,0.6783133842352502,1.500833627409113,1.893014524029028,2.062589922820126,1.5547150881271634,1.3162813670388323,0.8091837488762157,0.7770114775817749,1.8145894081215102,1.072788346410529,0.9470305785099468,1.3084907834806563,1.70238126427061,1.757148527200399,2.278301772015657,1.9429830191877389,1.787004766065105,1.6840236651987563,2.104602446264205,2.045546692244528,1.7806983456089203,1.2263531675083914,1.9393654646155087,0.9028485876717454,1.5386347923103298,1.4009315347133535,1.501144444006425,1.3106405686905394,1.950622025990282,0.5212168862666754,1.7291804336346184,1.1796911560176673,1.6023690662941783,1.0620943196994264,0.7091835981811204,2.4886473022336775,0.9652619538008329,1.4441802544279665,1.3348751287857876,1.8205049488203198,1.5685853987983513,1.678748823324471,1.9391401016132654,1.1604134578131704,0.8902230834443332,1.1520894129303374,1.0731310173256583,1.4586347557547763,0.9674832442803949,0.9713122706684307,2.3006088240949287,1.4559630040455385,1.283159161870107,1.347067482052764,1.5897434623516769,1.0490782703965025,1.4556167174695842,1.494102708550242,1.6264974835769048,1.2894124724929243,2.188120106569654,1.5443115220476784,1.3591955874902077,1.2993385633445347,1.292310038320444,0.9305499960121446,1.3561335194279511,1.8153217132286235,1.405256580888917,1.4408820110588092,2.740268549077192,1.204695331985761,1.9223353062938004,1.26924160114978,2.3315773667734367,1.656624773127454,1.2338783079071511,1.6126798007070138,1.7350755128492068,0.9129114211269284,1.2412638142755035,1.3498858688339954,1.5220157062838386,1.0674299556711158,1.583430225464646,1.0383792742988278,2.4543264205677886,0.7925243031399238,1.0002096951998376,1.432421863033336,1.2559839294896042,1.7396194458754226,1.5706355696983645,1.6531235596052496,1.8640153633892669,1.3692281187085265,1.4610951966896186,1.77991102312449,1.5894818978886616,1.5004112785628858,1.3760965350689311,1.3811780346765683,2.754001213325578,1.3639404152190604,1.0734970454421782,0.7281598041196332,0.9021767025326854,0.7264023745338755,1.784043016158627,1.7307425243230754,1.4913420402942443,1.8509809392117258,1.1242984871133528,1.68453409777598,1.0654900940712109,1.7778926351301583,1.6895291571051436,0.8163412803032449,1.408309081149766,1.2990461609202744,1.0270933102645192,1.6718239948026603,1.288621300760838,0.9579345313469606,1.701030143456029,0.9950720614029701,0.9607694359402998,0.9073975341385466,0.9853265401349277,0.9631021494481206,1.1429014187838265,1.2992266510989126,1.2108261330214236,2.10409245494557,1.4695085884935748,0.94732319368997,1.5524574140018335,0.9933210279436819,1.2190341689971118,2.0754051943995306,1.6790166170925607,1.179837217240132,2.0381877331913794,1.1187927456496278,1.746065449848326,0.9088099874140823,2.0210405919289145,1.1196743091001902,1.485021224958953,1.69506519331758,0.8857852948313418,1.6970104292114438,1.5831652775279015,1.6167402765153884,2.124297467652249,1.042515038962318,2.056412200452877,1.4050392440637416,1.3897600459550907,1.2598116149440248,1.3371087658270842,1.1741417322001149,1.3528110149280237,1.350615120891527,1.2208300955509774,1.3031256136489766,1.9620690895990311,1.9714346953971953,2.145273242370631,1.6935135038894717,2.931153707993054,2.066954130946371,1.3462340069194814,1.5311396906390844,1.8504696743502445,1.7805980545716862,1.2553651200050873,1.7872403955307448,1.3654926286931275,1.5096305050101697,1.854955673752566,1.1424503707359288,1.6411343680138497,1.379290043643854,1.3493637239219936,1.6117342844679234,1.941189805083046,1.4047741033706918,1.3286937515008663,1.441518953713922,1.6018684347019856,1.8922157863839844,1.3200630975333638,2.1097515518072734,1.386734877473806,1.4563930360243476,1.9360556294804803,1.2754881340174287,1.3560713097274626,1.192371458566056,1.9409885723907658,1.6960261902035234,0.08125047045276959,1.641508309777383,1.5347761944748677,1.2791677520352933,0.9568666384920044,2.5793131795576967,1.926852169800224,1.7902269757612086,1.0514910218808111,1.0820026453264193,1.1546047973144875,1.9815315977780228,1.5653130792046352,2.1486584563695295,1.0130810374719492,1.8392624990938278,1.6457894509794466,1.0943402892715186,1.5518285018119091,2.139740913612865,0.9736972010450811,1.4603107576823218,1.1800478709396989,1.2956065279750189,1.3693530827087173,1.2912217748494597,1.4996464045900924,1.1251377548049513,1.2399096016587179,1.0682069759913382,1.000844411301054,1.7848674565882439,1.5851912607075924,1.5964130222734985,1.5966499130439122,0.584263036006195,2.1326975616501462,1.9345393813737728,1.5564581856154098,2.446430786665199,1.5670140362953935,0.9825383678382789,1.3225893814688126,1.4514646929842256,1.1152380158557467,2.3475428379110572,1.3576356485305217,1.1533320965280334,1.9547460440973798,1.3001989100623204,1.0364703730733102,0.9508969635820197,2.2202447876337628,1.9629557863699882,1.0467946335460425,1.5183692264167579,1.4682972776674559,1.3074009215205682,1.2439160151541864,1.645069630695665,1.355128164590508,1.4594470333440168,0.9377153273118893,0.7980072390714104,0.44827563092148665,1.7310933112231623,1.622530504965313,1.6637638344023309,1.2473492250194222,1.0215838743008825,2.1062053567832373,1.9425001692701984,1.1944520158941718,1.163164660876208,1.0815759998078165,1.253427021625063,1.0485175652528655,1.3322989987834868,1.434187695531053,1.9459211041020512,1.2295512734195944,0.9820907694228247,1.6106173609136307,1.9965700780907305,1.7600311208927053,1.4497667605901263,1.563598566767098,1.8999153612173771,1.0157400519626232,0.8986228880919915,1.5411600315848877,1.2915931750584173,1.399174400882837,1.850312630876692,1.2443129527953476,1.5635072130671466,1.1583415873744052,1.1747869958319948,1.8427171487431797,1.8264870169124716,0.8420930255608233,1.0847170090075384,1.3257698956200303,1.1828234064584344,1.65459738911168,1.4250983250950167,0.9752784373174055,0.9141458284554818,1.2518594648373687,1.4380377463748206,1.1727700359380557,1.650762035523313,2.0032500315977106,0.9264718400631649,1.6173101132410834,1.9137457466682122,2.1950002253575582,0.9666113115206999,1.194510806916333,1.0578830348302655,1.6424571270719506,1.8463911408644367,0.8715405315083509,1.5233163724908547,1.3493540288218537,1.8117567235235494,1.9241687905878295,1.6942188430734386,1.5950029295154768,1.7445934767410112,1.014633118033642,0.8423895990749399,1.5422370096319087,1.4644432992458944,0.615070774860375,2.0642565796348746,1.7440806375878761,1.140999715573415,1.4025688348253236,1.3229889898158658,0.7176206161349904,1.6815741889655884,1.204094710548434,2.504008874233093,1.9434393962010268,1.5413946899037345,1.6152912488384887,1.3856877514977384,1.2621149440104475,1.6359380387678693,2.1705523754906677,1.759975684350621,1.5570642309126355,1.5215094802049003,0.9169675232899901,0.9817218599763876,1.562439613669331,2.4566898350052537,1.434574122959254,1.1600831057305183,0.9982411812034668,1.6533499667634326,1.4737856922009358,1.5163045057990705,0.8027988842463274,2.0730074275972985,1.7291664225956815,1.230426860852668,1.3614001653437708,0.7858651815854253,1.7153654908393756,1.1192127588850247,1.7878401605036258,0.802140070180706,1.6237055018635895,0.868920028189747,1.171330419558899,1.0570946562187968,1.5559787873347062,0.8039474409816585,1.402245702873661,0.5096036300427227,1.0852534537354517,0.887428490491893,1.9187250765978348,1.3103147426499904,1.0444251272288896,2.0517296288002864,1.0246970849023598,2.2278651221440207,1.2351812519107326,1.0120377209312692,1.063684686269783,1.128076177490087,1.1189812635895944,1.1403566304843773,1.600088377185378,1.1217692720010755,1.8142907544582445,1.623725877691617,1.5868154935306626,1.4152794274058524,1.8591286769837638,2.0669126414057124,1.393382638719304,1.8789878362028003,2.003968073295849,1.7747730674691735,1.012547235820648,1.5796803442193195,0.8675088100220179,1.5574647629044822,1.073992635699504,1.627195020287556,1.026447870686404,1.2326945373671865,1.0870214143663501,1.0502440331417313,1.5562771779973894,1.6603161776056914,2.0863116677825153,0.9998460669166838,0.8893744075619447,1.354866070180045,1.6887528323747603,0.719868420265732,1.4746480672840228,1.7031209103687364,0.9213114765284518,1.7854866519707868,1.651132673619486,1.0283433176143744,2.401041805954359,1.4258306071541327,1.4162510168710178,1.5405361769491432,1.6071360092106888,1.7697207300560072,1.2658646199718335,1.2117358921966495,1.3364993153084317,0.9265453952871157,1.4147265555657538,1.3478746553730985,1.5895688567875148,1.4242564028105922,1.6354055480557679,1.8140243712354374,1.3116385297454543,1.0220195797948666,1.7490524608149667,1.1094780855515132,1.1642641871258346,0.6060368670194626,1.7415954924004258,1.7378371782160893,1.390470523702277,1.2311140558002904,2.0730443665572804,1.2933135860768266,1.7183654392226484,1.4331905197297565,1.68259088837058,1.7453224225538835,1.5882438371136836,1.6503196519028638,1.626180871249462,1.2434310126766168,1.828509445836939,1.2783075441082645,2.1565681730999193,1.5516053650837947,1.17480786715737,1.279959135016585,0.934756822540495,1.1942668465451889,1.8023041421314505,1.217391281578358,1.7974956049823803,0.9006168173226643,1.647071985526377,2.2097921920323707,0.8973955155272673,1.6474801327972846,1.3588451235184233,1.9590146851829888,1.8982129500345004,1.8262204476833712,1.1509650644528606,1.6440007742946199,2.589518205083412,3.160880575730608,1.1955569767090317,1.8525627093225632,2.119790735637128,0.9168448349944175,0.8746685064342876,1.5966136983607848,1.8046419506960358,1.4201323069597847,1.550852243370961,1.5559621258008263,1.102943285494655,1.843564204219763,0.7266828946949635,1.4977369598744317,1.3721731453511454,1.5577832691624636,1.592687135830057,1.7374610236810213,1.409737423524644,0.7040565269120227,1.5723844917216545,1.5859080926952474,1.4351267745302643,0.8706989431589096,1.7374351951816784,1.204485158181173,1.2744891143377424,1.2184271499283739,1.164537585132046,1.2335893885853488,1.4778738126935522,1.6879912608983805,1.6292115733019277,0.7870685142588083,1.4512961750517668,1.6850118436272858,1.00431054820247,1.365293733575848,1.1803461588040802,1.737876002850791,0.7526188093784936,0.946715781522962,1.3141223362978953,0.6018180087434797,1.5665614743579863,1.6311302628549877,1.5942014901589434,1.7536632065803122,1.676030664937369,1.422154577277944,0.8785640221141625,1.6518985952481295,1.091138983647166,1.2564491435073644,1.2926818332514358,0.9362122113812436,2.017661052336247,1.9187726108239422,1.0440721317702217,1.529545975274832,1.7702815583206915,1.2433140612377929,1.557873635922991,2.141016953028106,1.5318728576621556,0.4211975661738156,1.6617290192777694,1.6752164950228319,2.243704867519786,1.139877475070486,0.8870123491253239,1.1766528116179054,1.182704336941833,1.2995355247618576,1.3280760572837047,1.3593640328138534,0.6868618384849056,1.210354594851575,0.7351761787532478,1.5415257439541343,1.7920740201895202,1.3655371915629138,1.228938675308008,1.796652025859961,1.8158764857383365,1.3375688566484287,1.1334969671871586,1.804760979039631,1.0900683085254088,1.2286814153648438,1.7319710240308064,1.224905252649637,1.6637011737302716,1.6913575467975692,2.291834233401982,1.7177474126991576,1.1577037619539086,1.7071897656767776,1.125410773238029,0.7344253045110221,1.5027412675551017,1.6510740010880303,2.114804553615663,1.3971208348808644,1.496633027006961,1.208260862102183,1.284076573095574,1.8026275615939162,1.1918029621376651,1.2166812554868183,1.1158430027478614,1.6817408550155502,0.6486956078871631,1.4983411073791832,1.681214077668654,2.0968899597737565,0.6619822827457933,0.5802947029982695,1.1383834210602002,1.579241453042321,1.1507593352926746,1.3639824061914116,1.7137180127536302,1.1675935757193674,1.7764638844745961,1.5679340768112258
23,1.5924156900519462,1.1796868583629776,1.5930676661717098,1.3068836647647313,1.2427786942422805,1.4955511599206321,2.1923238935191938,1.3944098382694254,1.35264591653134,0.8544376593717748,1.4377343535722846,1.5635203470535455,1.5859165364938648,0.8027207354707909,1.4969799392244683,0.7557351387543084,1.8830139435732227,1.2200401555111664,1.2531484121324201,1.2017400742386375,1.3740448458871986,1.3703504451455046,0.8471250659293845,1.5528737778350037,0.8652595095007196,1.3594123872255253,0.931965275702844,1.1347679984537613,1.4838516528517687,1.818423818840175,1.6413588856608539,1.5788698052249113,1.2208422348085959,1.1725888518577319,1.3579757911444117,1.8461396544907356,1.431194292135652,1.2348422957234553,2.0828982603761417,1.5740424243512878,1.41091140425444,1.259524844266056,1.341708612817066,1.8014304849272853,2.5682044857436326,1.0351229600557725,0.946650936812198,1.3336336987982573,1.5761470816912058,0.8893775341499917,1.3475210605749894,1.1888541295538873,1.2620934145817373,1.1146880709944775,1.7812976392949933,0.528187669563561,1.9244443214479834,1.5829007091226686,1.4448653089134753,1.8398145771463774,1.5556789496879428,1.4720298676473604,0.677740772872554,1.187862041178836,1.48712562498744,1.0372154685544985,1.1502278796505978,1.38360944083445,1.388307973057922,1.3072867670138477,1.025364863613168,1.6358244583174169,1.9777842438530226,1.1328604158670563,0.7058182123900618,2.7402590920888805,1.1476412567944232,2.2218105094043983,0.6309610488285438,1.4415236830361924,1.839192721135214,1.6033466307022994,2.4433009967846018,1.4663586136968008,0.8034292515024974,1.3091053833852744,1.222739999360377,1.195357864735057,0.94356226146318,1.441747410770075,0.9868167741780012,1.1572403096695023,1.167791660877151,0.9985225028458873,2.895921639448451,1.4763919455443455,1.3094105006467964,1.6736323331665315,1.5198782297185316,1.9221827804620883,1.414064529965387,1.1355169339852682,1.8960951945287583,2.1254925998375325,1.1769700634370701,1.221843407215021,1.1541288517411326,2.163178445328116,1.153584794015494,1.6336299996398187,2.123789995735068,1.718808657998571,1.3042361535127682,1.0368176065556318,2.10693059561478,1.4612710512651734,1.417874596927149,2.162459157844772,1.2582265224347684,0.7534305983613774,1.5212397370731034,1.4962559276636496,2.043274224077025,1.1556632434360326,1.2560862625268883,2.3504618297329856,2.1908537579010963,0.7587184767484192,1.3376974880323766,1.2098526225048492,1.5281266997170866,1.0326522500312572,1.2746776993537048,1.586724229070031,1.3339303710857595,2.0560565496991083,1.7796532635764875,1.447370323136651,1.601567252002135,1.2641525558829159,1.087776916157796,2.0589077752096823,1.2178263417190238,1.1224092772083538,1.0116871526917834,1.4247549546939209,0.9557246876349856,1.1700580761314543,0.9195837330864443,1.8363122753410857,0.9922647363306079,1.7785577330921132,1.1519857817453338,2.0301070617298698,1.90358856231072,1.0863595868831823,2.0185832490953417,1.3357329185066429,0.5481810089753167,1.5509050556269832,1.4286498089816464,0.6053776783107856,1.7912925209578188,1.0328726794692096,1.1039700704595328,0.6913723275609789,2.0171336970377047,0.8600014203364812,2.058152355872388,1.6141186456532846,1.5562466569586824,2.034172276305472,1.428911216800096,1.5291030231036853,1.571328837821075,1.205964491746997,0.6948333726831246,1.0424063806831159,1.2346272905364954,0.8854810068600629,2.222980731535215,1.752361131495167,0.978512260960928,1.2990212545883923,2.029947869079397,2.110633564291341,1.3625844107759828,1.1732193899443764,1.4831228602890916,0.9137515725890344,1.6531708300279175,1.7964536881280462,0.7051428580693431,1.493311728544341,1.1237523383098618,2.2644026427343107,1.4150000944270409,2.4647429327913914,1.5886598471174511,1.7953187604359657,1.8559843193903087,1.1542753507003762,1.5400559716448485,0.35281459796755504,1.652377967489232,0.7857564960478151,1.7998775083993181,1.3599182709300812,1.355551123207402,1.3275894878573193,1.0607698549983102,1.0893096861519422,1.1037613481642243,2.7778767768926516,1.3567226978817488,1.1219820952456796,1.616890040060002,2.1338665833802586,1.1787009580457273,1.522926113082872,1.3106739612289826,1.4237225292760631,0.976508907555039,1.5961371276567111,0.43768567572650635,1.779475065316119,1.5089094168584538,0.7897000816870745,1.369265097795434,1.4414810827241569,1.8395560675097253,0.9985212233936995,1.9979987985589598,1.7157508723776211,0.7970847971545485,1.4183726707169746,0.9593910165449993,1.2983588821324648,1.679852386142997,1.973407435141239,2.3895685242073936,0.8188100522459629,1.285097732227662,1.1666515290824657,1.254213400844852,1.450215357982001,1.7476712983393492,1.4510037673532936,1.0305748188512585,1.3067916287176757,1.2956861262864021,1.1565043034528295,1.0947417188817699,1.6556736821877722,1.4299284555390532,1.473224149668452,1.6452177928177198,1.8884074563893198,1.7346188950863577,2.0925393358210878,1.2635686776738688,1.52402662452527,2.208135111034119,1.3955690402633683,0.7306439595056713,1.9370028678530309,2.401387233189382,2.016093102995413,0.829648693975649,1.8648290759565844,1.3672645253076467,1.2331213589279484,1.6167521688016295,1.0622765365289164,0.7264048754611063,2.11956361739093,1.7976257536277511,1.423597924531915,1.43053015141801,1.6436298833815157,1.8640727155772985,1.3872224315641795,1.0933883479069748,2.3924462612859765,1.9828389388445977,1.487281796285517,2.1092056392318894,0.7285605465062412,1.2812855945690507,0.7411193427751299,1.1724336250106133,1.5583040225662592,1.4659361570960368,0.34410516727577733,1.1770630887610976,1.5697461248577587,1.4966918709202048,0.7643656923784519,1.6387550199424186,1.2899173341973356,1.2941552155634266,1.5245732609456173,1.8276695316957916,1.1676752593055433,0.8913665874081602,1.3393586372068196,1.2755149491104,1.3901913789368068,1.099624969478991,1.2779680170674133,1.4259458024887315,1.4708912013206468,2.0301046256228106,1.1200270202241152,1.9511575350859243,1.206441114345335,1.0832099642734834,0.5754971643588069,1.7189858723310079,1.8946790392935902,1.2389622869888886,1.2563643064731405,1.7224116500799855,1.1767064376363265,1.1297086430250824,0.7748326586543866,1.732213333371133,1.2475947768017766,1.8208677276257819,1.4675113848115093,1.637668160066055,1.3340709594834912,1.838107303996247,2.271674383773905,0.8552486055874706,1.3882405126313575,1.811266148312837,1.9453273994597575,0.48415670536513206,1.8049429454918438,1.130771661715483,1.1295526466411998,1.0522270166519387,1.3028167181841122,1.4119691148987705,1.3525767831059832,1.6503289077327807,1.6257914162901779,1.0813971285897739,1.3485060351872362,1.3292975093583996,1.362213270071063,1.3471689859446092,1.1415608909468582,1.4469073931843592,1.6425506661587117,1.141642481203926,0.7777643762800373,1.163820826573588,1.879006295084287,1.603001483930182,1.7041709998299939,2.018496582417754,1.5825271737870477,2.2286863836924296,0.9248455698252601,1.9378016365922424,1.5857009698639997,1.6257983965166283,1.6882218468727466,1.550654347262413,0.76654733804016,1.4280596059945998,1.1773574347611646,1.2204957707742525,1.769678855793523,1.2463631166369908,1.1710070267180281,1.0108453667609032,1.082423527403004,0.8329146021215711,1.5472318197665316,2.0397179506696355,1.774110210629172,1.4875608946355177,1.0970717809770365,0.8241208636069117,1.172537972592861,1.984152549862635,1.1442767335464337,1.186456895660365,1.3212597344412076,1.289988587198374,1.991046929182354,2.16905529851947,1.7761794636660482,1.7537049915062102,1.7754936061769027,1.9802343503348012,2.678556931318198,1.659418697920488,1.241415306440286,1.6515789451748493,0.9467960875163515,1.5018221178040143,1.4177347616368918,1.594257144346653,1.2810573084169259,1.9567507302842855,0.6291461153119012,1.5101599976206899,1.1729685054355155,1.5146883325651679,1.105359327358942,0.7436452032554468,2.4280050753409843,1.0392434145062088,1.4605621007560237,1.4270538041713492,1.8144480730809942,1.521299403286899,2.0341827351707,1.8876882556968604,1.365745001654147,0.8341274760779781,0.9557919573951721,1.1679428160346603,1.724174581632201,1.1299783798409386,0.9894680512147656,2.428773403386116,1.263092651051954,1.5952178371021493,1.2397641318243866,1.6062871570313915,1.360369139303372,1.841974842575643,1.477207574029877,1.7370637295848086,1.4804131929607438,2.1602669564650023,1.5860877825014252,1.54599332404334,1.309093602202907,1.1425850645258708,0.9530253526818383,1.722880179291437,2.0608116143859094,1.4619952865170593,1.3565211907643229,3.0444481352494535,1.211229542186351,1.8356840911731656,1.3754226920813455,2.313269034115547,1.7128926828827375,1.2931693701862492,1.4810972674515352,1.7936456985810634,0.9816308778374586,1.3341121829155418,1.0651629671456595,1.4888634019714373,1.2709883317984811,1.71183457189822,1.21737726244071,2.363303646723835,1.0036668180604635,0.9746229088784892,1.4506678512852824,1.3468210041093007,1.8516691190510721,1.4919212157879502,1.6540454152162285,1.8606841051020375,1.4026438076056547,1.4531168155640055,1.7402481255825508,1.6255483661109693,1.501767563633473,1.5389405394718367,1.2848209772170414,2.806085425814805,1.1812016099956815,1.2110090461145306,0.8222347407663397,1.0573696064294071,0.756606687940886,1.7807447307414392,1.6575165538092438,1.3484941676601765,1.776532577065622,1.0457172261470036,1.6690574560161398,0.8863194983689107,1.981436512503549,1.7492884800224335,0.8909937664575307,1.3516699740310714,1.1551574493903862,1.023690111321363,1.5829367334638693,1.4307763548934116,0.8556606522139991,1.5918323119428508,1.0269232486820323,1.1782791200127436,0.9897597952597524,1.0959854164450291,1.1148141114388732,1.1618366269370815,1.2486688569295639,1.0882269908907083,2.1062192196220937,1.3871350185254807,0.9960757667968607,1.5423571329757972,1.011668879239186,1.5039168957145166,2.1291894754176326,1.68068312825471,1.5154168385434235,2.428031992786407,1.146832121892963,1.9204909846759268,1.0453086410927934,2.0228942763403537,1.0812604252066391,1.5451788715451074,1.492008933171522,0.9896808588224227,1.7230306792790548,1.3467895698640127,2.1031314533076193,2.170404610702659,1.0876619030562629,1.959397993901817,1.4561517529947023,1.334312625184395,1.38225307259389,1.29833949822559,1.6708495456428873,1.306102470449107,1.464889344536796,1.3860143291273517,1.3548595398290875,1.5718853070640086,1.7795116305816936,1.895269403580388,1.85711049276846,2.7127068364209213,1.9631341775634419,1.1701085343122897,1.75672109438351,1.8320557744330488,1.9180637553993796,1.2299803465376433,1.617476434110152,1.0626341482725004,1.3149352604862867,1.8494648120432868,1.0743048392039118,1.7453544112015664,1.717456059811839,1.4719769198315389,1.2030171210295335,1.854604639545332,1.479096581910091,1.4537354831976377,1.6038091023996444,1.8608451371010064,1.7471522348837958,1.2569435279690726,2.0104521649147724,1.2463112437684392,1.3869777541022745,2.2483003494189058,1.374615559075249,1.5306962199981182,1.2582148944931255,2.1816016403517047,1.5210874760955226,0.1487296726730844,1.7590806913252033,1.5836756272450847,1.3612130536801672,1.0810545110050163,2.115797302212022,1.6991079902350592,1.551134420534615,0.9790922728457951,1.0559267701501676,1.1633470747663055,2.2475236653209336,1.501278317845625,2.020393627694921,0.9685416719122792,1.6152309320112386,1.4393093724462953,1.0058560520691784,1.253658262460871,2.25409668818649,1.0637272405808846,1.2381049545850762,1.3644834381133046,1.3158126520283842,1.3024049357017708,1.3169450814845645,1.5992814200501466,1.144370597417513,1.1163784175847116,1.1432202220775791,1.0149957405380925,1.8070696382587024,1.4166285951684947,1.6750839059090497,1.7245465868840624,0.6108402968452474,2.10859043062061,1.5072291923062677,1.7569236883492851,2.543721922632854,1.6888515416178094,1.0439830486149566,1.334402722808729,1.8621351081747592,1.1839563985094252,2.400746986481737,1.4219531304434192,1.2364912038951505,2.0062091987249273,1.609860438809334,1.0083510816174477,0.8881321557611003,2.349739837869666,1.6968722200763833,1.0402570209417155,1.6842521486184427,1.475373098941308,1.2336017519188103,1.2573058073338315,1.7358299601362845,1.5223329349070172,1.4967481199640915,0.8085204995035162,0.897076353012852,0.4492558553292506,1.7562560763450126,1.691446531891667,1.5677621271137392,1.4651061279056004,1.0835381485515363,2.062143318654182,1.7749737206789553,1.2108460056830461,1.0451223477650726,0.8694292901371508,1.5233134577129808,1.1710415752829773,1.393179041866341,1.445314645924228,1.788699125356568,1.277565480273193,1.191832949915518,1.531171391435773,1.8873290245109442,1.5678820889060496,1.5015082506112836,1.4204267248927214,1.864227378707244,0.7954544831066706,1.0032279572084521,1.854776116806796,1.4307877854112818,1.326088808126224,1.7874193780458365,1.1258453677221159,1.6348758298415351,1.0782802165901209,1.1557214711432848,1.661188650341554,1.8225929360501993,0.9296851576063659,1.1780264286109667,1.5819774360777572,1.3708785896793225,1.5887235217350868,1.54064441701479,0.9930370734211968,0.8302960929073759,1.340557105021882,1.5343621959334564,1.2812267783677962,2.0838053566888104,2.095877329811909,1.3012838115830598,1.487362083330741,2.014026072163125,1.9840496838503197,1.037696805053822,1.0985431494853342,1.1546334769244286,1.6626724313081458,2.4005725186085245,1.0901416902309373,1.627743604560366,1.4567748923479005,1.8215225786747566,1.8870614965390873,1.686814588909157,1.7573980639155675,1.5081101867123956,0.9603266849968669,0.6781698766794944,2.0345092118342554,1.4798548711598516,0.4408484007125185,2.2993586994457136,1.8915434340255421,1.2315945368138472,1.2089691118328556,1.3624658279342399,0.8075632128609176,1.4839671321317578,1.1192634914992357,2.3671731115833694,1.8588233131158778,1.6396363478856069,1.5500920684767037,1.2839849438865145,1.4475001114448316,1.3554779364424074,2.4149168464650623,1.689716383516021,1.5383869314943435,1.9078344549330482,0.8794122789309714,0.6302655165982987,1.6009205770139119,2.11179590975409,1.368260412548186,1.1137893572331707,1.1325675652695164,1.7315462206131795,1.401406695809973,1.4325393971768108,0.5910133158752651,2.103217173635307,1.869151405379723,1.4142116103231244,1.1991801290767459,0.8743708019698105,1.6417467645861372,1.0520310598099882,1.6988190041602802,0.8181032579332771,1.6377194103711654,0.8309858943250036,0.8775329060700834,0.9231861817968773,1.6906664109286234,0.8282110569526767,1.2214270070267754,0.4041288042153372,1.2804182861093836,1.0604559475064879,1.7444713897096706,1.222215070574379,0.9545257054811876,1.791402337208161,1.525720727045007,2.671871373278429,1.15578066360297,1.100168374085694,0.9600045944462374,1.2657761928049913,1.445919206611776,0.9619914145671677,1.5635849295587216,1.1797585380871591,1.9602563469253396,1.8788200868844251,1.6424090605140642,1.4356133160158924,1.8913379313881116,1.888577766705143,1.240205837927972,1.745730452191494,2.0011675086015184,1.693284927877261,1.051588959449174,1.4639465175030697,0.7436546860934288,1.4845875672328996,1.1353914640175429,1.6472398055704713,1.1598265875650369,1.3365128121194152,0.8593860886348639,1.4203013107050952,1.5446793942998802,1.847887738126341,1.982958375114409,1.1793295246691045,0.9527333834054451,1.5040695940278335,1.7296287901082408,0.6403332992082094,1.5313770295346925,1.5106257118556603,0.9217872107313634,1.8222956479641135,1.706143415813097,0.8824266131076126,2.304080565027154,1.476745295324586,1.586733149309559,1.5638857524113303,1.5388422368417838,1.9117364262836856,1.1107792656633506,1.2895596001409606,1.5601756878140605,0.9782831671874996,1.3971615728496136,1.3766810893293595,1.6837674644830378,1.4843660309278688,1.5489468118366883,1.6110028595463044,1.4935443836795417,1.1028561897721953,1.715593955873051,1.3840545198604035,1.1583312590497532,0.7503407900751216,1.9431600074480055,1.6858001794828934,1.6142263912562949,1.2653856984974825,1.8663076296350338,1.3262190695574745,1.6086936482720744,1.49058707790179,1.5660057321982408,1.9090118330257213,1.7373121932046367,1.7154522898163624,1.8684694750740292,1.2295430100268812,1.978876348537772,1.4499069078550675,2.5785497423710204,1.6732762250541175,1.3204485538215835,1.5242520262422574,1.0274578692202823,1.102114119616614,1.8726236053755827,1.4312267321987404,1.7894682849531915,1.1681334758478958,1.7932935978097877,2.2467771215454926,1.0459168007983624,1.7505629346630542,1.238616973679609,1.9849824984177133,1.7483948564913332,1.924131319516587,1.215623306048144,1.578978166785106,2.6385364310270902,3.165895514422739,1.527130876970368,1.6975261536821395,1.8464919958792083,0.8855967955588891,1.0090317657810297,1.5340246757957847,1.9870927184171268,1.167045169547819,1.5548978101788147,1.328641763657968,1.1789964596627276,1.7399367493973916,0.8312474729195798,1.6013651409437566,1.541614193562703,1.4071494768049755,1.774133520083502,1.613130247004945,1.5325839248680393,0.7193689586904533,1.4117953556640739,1.8787269903915997,1.2401794151959262,0.8240138743182892,1.4177455789954683,1.3946840480391398,1.173155639091498,1.1108601337053923,1.1067980059846747,1.4595919145336806,1.3450098739250411,1.6575034268595914,1.5023331148274037,0.8338695866018004,1.5864117240825184,1.7817941636410206,1.0466242420321634,1.4974146399913086,1.2846350522240653,1.6556101716585434,0.7758457663930535,0.8881234593073758,1.2834838870446479,0.6695304524983672,1.6238463531591265,1.5365466707745143,1.2908821243114226,1.8267823602857098,1.6993783602475385,1.2300428248824933,0.7698283194368065,1.8684844912752978,0.932949713323808,1.393633794744368,1.373009066113989,1.1350929737186282,2.041733607114227,2.022895607628053,1.3828427117316169,1.7501946484845088,1.6770715046337719,1.325746877534276,1.4291815997424646,1.418373629722706,1.7766928248904488,0.25745539729897077,2.056076315498675,1.8174611025990552,1.9637977879092245,1.2620168752124827,0.9327044038982015,1.1368890380044647,1.2476276880517243,1.3385944715493912,1.6014726551387026,1.696743002181831,0.8667966450178659,1.4272250271859703,0.7444641610517757,1.5900612612945881,1.6142356676742096,1.1800828118832853,1.2140449891330425,1.8426062291219851,1.7687958530273566,1.553401237790274,1.2301006795545335,1.6898712465148444,1.2860857313135552,1.1965954504229945,1.8323430484818815,1.2046393033510219,1.9923272336779583,1.5807200187848716,2.17484563640483,1.6714911276641107,1.420419973199094,1.6884992816209647,1.316010656733902,0.8357986655760972,1.4568654507026815,1.465287618069644,1.9004279154555639,1.3736639130265964,1.592655853809234,1.2188196003369234,1.3499483815974012,2.5015495687728233,1.3707587427907835,1.0691472032579883,1.0130111156607924,1.8040194379052161,0.5954314521593523,1.7711629300977618,1.6715115232360205,2.2515487704538413,1.1666455565691358,0.6699887462530071,1.2503534256152125,2.042211273190688,1.0865285916250955,1.2080524351884219,1.820789276577512,1.0018917631934894,1.7110000271359973,1.4577224110798606
24,1.4710624568152229,1.3289031305036394,1.6362643982176637,1.2410639202855804,1.373281215125418,1.4285508326676932,2.1693054456055574,1.3503573617133293,1.4952128910584834,0.8828998709019792,1.7185876822343826,1.696744562992914,1.5918847360490374,1.0088297630306733,1.5721077868819107,1.0496212186213492,1.8686842235799803,1.3820996264407464,1.318536265285228,1.163878081570486,1.3970627473960442,1.4252834214885672,1.05010731549394,1.6035323660166774,1.0249189008338573,1.2626916750835442,1.1161787391617808,1.1754141625561438,1.4267650063148518,2.1891727617128987,1.2713481068683827,1.3997242622847634,1.1103607230606756,1.3569502560678177,1.2848685654879943,1.7897647770659455,1.6875738109511011,1.1994324442940931,2.227285821646903,1.6645116649939327,1.4907151181680365,1.1931840209855307,1.5190800840595955,1.6645459337615391,2.435459644206088,1.094296691267419,0.9701831765022688,1.3832477393861384,1.481040765974571,1.0686445343167086,1.4651266420661935,1.5191010044429407,1.4732939489155201,1.1432730001982034,1.7870526206968491,0.4967150424733262,1.8219803941861237,1.7560493831831911,1.4607737817669513,1.714068174258012,1.6583245213009095,1.4134000575278165,0.748570539603375,1.0861679718838482,1.4313314264404189,0.9417862501353893,1.0948406337120633,1.3933937613803953,1.5231629481485254,1.2426568394290496,1.1571473890494213,1.414596978585129,1.5838500623600802,1.146658451101295,0.8427432217782428,2.5957408960564305,1.2812103137684356,2.2203130294333215,0.9159691220786532,1.4880334831530095,1.5057268163894375,1.5429323460628264,2.315999868052157,1.5833089172457075,0.787486136796747,1.3765359359039615,1.2155230895612357,1.2415331107266034,1.2500285040498835,1.4649405961685018,0.997592959683743,1.1140175956555154,1.1942493778312837,1.0534654173479554,2.9355561420717873,1.3104771255326872,1.4410018720143583,1.7134131483830701,1.5056424315920094,1.6865654035570352,1.282614153281477,1.090612117801751,2.082347224255513,2.0620119925423768,1.2197962948851138,1.501852300462443,0.9652851886346228,1.904980788311139,1.2216638122388528,1.461618153573406,2.0562582681544272,1.7912998482303,1.0965315488598089,0.8189390988940264,1.9084044987222093,1.4696500737431648,1.5402378167039918,1.998218280894991,1.5086464481466657,1.0823297081261742,1.5009442092784324,1.4363156310822391,1.654650391853192,1.0040320719992453,1.498958176538761,2.5016984796555626,1.9826494016884602,0.6956249222385615,1.3853279601218593,1.086404876654548,1.3974166401242605,1.2429367452736337,1.285887248327299,1.7014865476667418,1.639514083085286,2.046647399485209,1.9806172214018756,1.3860185436055175,1.5282227187325677,1.3805749586470568,1.2480525837372007,1.7854020176950822,1.2056213078286468,1.0595782230457815,1.2068948566035762,1.5623183211370666,1.0839888193408473,1.2858400745844585,1.118951258493024,1.6836992018862513,1.1613330530407404,1.5926814865049983,1.2476151006452845,2.0465563338819233,1.6283121044771383,1.301104273340979,2.0649015370892525,1.5409120673931482,0.8017172310313732,1.459823653923059,1.3249995648801818,0.7466041865708508,1.8277215128672566,1.2870836199395463,0.9445170525004747,0.7106331236450936,2.1660377079003306,0.8667110352872347,2.2192986314447696,1.4622238409238972,1.5224062342258209,1.9164975750549313,1.6509669227620936,1.5587493899989453,1.623654500677092,1.191731119566661,0.7059463955153796,0.8841299779028465,1.153453248140062,1.0390628105627693,2.1730200097198122,1.5629602171427865,0.9442205701128938,1.08689465669041,2.034505763557274,2.733190859678862,1.4678798000914868,1.1966757755832313,1.4029527777724793,0.9955157465686802,1.716305255010618,1.5561035546478605,0.6059177182212417,1.6284741686615907,0.9722414784789668,2.3568970778955465,1.460797994142396,1.900594520223738,1.700325288423733,1.692895719228546,1.7705111466665555,0.9951297464347966,1.7019464880398218,0.4069053938169268,1.817119896591316,0.9695791612263824,1.5294131561154114,1.1845376570323878,1.6357733866441424,1.4791009522783616,1.0700809510934457,1.2220000297020375,1.0037330609762334,2.4369261320478106,1.344869568783519,1.265081419645118,1.8676268545073809,2.0327989346942963,1.1749934245938625,1.5610567922115106,1.352618687380301,1.469356749500487,0.932280333370304,1.7999653778403513,0.7687556081399427,1.75054800192318,1.3895382118568576,0.8317653024509452,1.4908466531546876,1.536846430828725,1.7159405051389776,1.1053001428640572,2.526601375801723,1.7926144645831883,0.7719205970119316,1.4806006416363375,1.152323503329833,1.450336399117072,1.5136670964408485,1.937794872916528,2.166096980737609,0.8445032099300642,1.2545584691259912,1.1987056789544193,1.233748617336209,1.6119157865751554,1.6657472980270345,1.4147132465654244,0.9792078551394442,1.034634330673491,1.3095440055922403,0.8885263497087926,1.3532463443087142,1.5839120032278777,1.2126496948235852,1.7476273666851803,1.5270813275773527,1.8205509174147547,1.8444981340332252,2.10020676519291,1.173110198825302,1.4477760302404108,2.1754991017902805,1.1629451013849932,0.6882241934280426,1.9379962832509228,2.0282518611585507,2.042711423257982,1.0259442739815188,1.719011478508138,1.4134757417606345,1.2977692746470832,1.815064908519084,1.1561145764441456,1.0048684351147772,2.1546862582306385,1.5924963193098822,1.422960317616652,1.3599790832673675,1.8083342043111545,1.5806591090454432,1.3583687170400196,1.1188803379703123,2.6895795586303897,1.9168036162313307,1.2132209850068387,1.9462134514910792,0.6880014027664332,1.3057831219668283,0.7776826659244951,1.2075707065085481,1.5253007962520149,1.7197492938911412,0.40319729278521427,1.257552679652096,1.2935573802982132,1.4393252088968584,1.0454876309313204,1.7317423124327114,1.3074581343751832,1.1763273263399883,1.672074249551069,1.8445744828547241,1.1898746379247866,0.8170212665895682,1.3317292702191352,1.5764786297474167,1.2703230599466298,1.0267374438052128,1.242716990661397,1.2909655635751798,1.7949286647926659,1.8181687681576706,1.178157471432106,2.177903931910435,1.4317156447173183,1.2394316212736514,0.7686358670307198,2.0009919951030706,1.7847719348923323,1.3080898361719016,1.3295424509374616,1.7314558657986174,1.2458778428282844,1.2094670285886613,0.7189907467682453,1.5793060089548543,1.3372587499558874,1.7595197557143591,1.5122780325049434,1.5511397737986177,1.2734821399415623,1.6288615829900266,2.0264558719769594,1.146647041164456,1.2904816884456025,1.7923493573995009,2.035322421334979,0.6559372780416816,1.674257605523996,0.9891535848551669,1.2227253246849161,1.5430947527601557,1.6634181839301974,1.635214712920169,1.3149093487046948,1.5085010780052168,1.5269362324840678,1.2988655849140116,1.414859644309142,1.2765390863501023,1.4867522730674585,1.5862058758045752,1.1382594672843684,1.2778265966662672,1.7015362219164736,1.2307370781532216,0.8505328621616941,1.2096950696072404,1.803820058383904,1.5127993581992156,1.9437917421173585,1.959336470296412,1.3506042079489373,1.8292150179303575,0.9101098225825573,1.8042634873796137,1.616070024329932,1.2216700278465724,1.8449732182000878,1.5360080422481461,0.8700551138208783,1.618267912343871,1.0545462811968989,1.210592109543853,1.7891112032603282,1.3392057006840252,1.3428620597351835,0.9621723033661562,1.0141247794142678,1.017097772448028,1.5219431056885555,1.7167563816891125,1.5862421770319721,1.3927465805940138,0.9653065254718173,0.7805835057135099,1.289476691913741,1.7531273664593652,1.084648482837713,1.428319359464905,1.1827964559675093,1.1745339240444257,2.205423335964673,1.9436138837017105,1.5409706539532462,1.8360151896891197,2.0083489842785998,1.792521995737133,3.118806297079267,1.479966351554077,1.2858043786622162,1.491009348680755,1.0154208955682396,1.775466616903083,1.3356796483976308,1.6296631476336199,1.5207522299602112,1.823034985454598,0.8666242228117791,1.3721652382977871,1.1410981805496054,1.3725821756900087,1.089890217529006,0.9859479888006291,1.9715213431468173,1.1259987600657666,1.5509800652261054,1.4959706365238632,1.6342817701899945,1.3637433059319262,2.500352803089271,1.7202799521956356,1.5486231557346273,0.838741478774498,0.9109942376201454,1.3039841033856852,2.1044609114605026,1.2639654709454884,1.0529832649244881,2.36662735462508,1.1860871396711725,1.789409149936022,1.3931663936774379,1.6425429855118439,1.4272560005379393,1.7440140784345826,1.2816680020407492,1.6945737340905715,1.8242536894023953,2.053645015183693,1.6284898702656274,1.6001464146833073,1.5176708639139862,1.2630839137948593,1.1799667727694594,1.5279064826711017,1.5887342102211923,1.4518417704528406,1.4759922817695097,2.9297811630868162,1.2967853617534193,1.8622859652958381,1.5491626284523186,2.2081364807329296,1.8501983911015918,1.3058201809963204,1.2073209473907007,1.8169831556815264,1.0625762937111303,1.429127761192202,0.9689226587540614,1.5284666866916838,1.4908004202505198,1.4730200806015987,1.2429466331218804,2.2266990245477816,1.388747104247198,0.8656953648929462,1.5180891052307817,1.338084606155336,1.9187368363836723,1.468056111705669,1.668813004650606,1.9726556249335134,1.4036283776152647,1.4297419996208882,1.6334799796554103,1.4711256393749377,1.3449758308640278,1.4870137777697519,1.3560503322187314,2.480573058165875,1.2365755079320637,1.2324470430313856,0.7092331739667497,1.2281519697440475,0.8848160229370696,1.6254467942024884,1.612869446211096,1.2742629059701338,1.6588699622280427,1.0887250683893233,1.8020117877620612,0.7244236255462995,1.9083844175776854,1.6221593072453762,1.1040629614286428,1.3423720446882719,1.199859629439707,1.0909872094196897,1.2863123388411402,1.4347435638982093,0.7580031036500524,1.6199414696317398,1.1361454306366878,1.3373003615738468,0.8300490189778843,1.1114823065923631,1.3244716106312486,1.185105519390433,1.185395223405067,1.0235122115874962,2.285268741424408,1.235848674200985,1.0980825102489113,1.4825089732170706,1.0592735805192124,1.6425038539706067,2.0448864186707816,1.5236608823824527,1.6286570073689988,2.7900136389224315,1.1477412128307305,1.7309037681459518,1.1426968290492272,1.8442730115798274,1.0245728857661363,1.6162899311360002,1.359644604045901,1.2226992070879468,1.878779992884482,1.2968134468597272,2.1369308242014178,1.9627915431648846,1.0557151597973546,1.7663263472752453,1.5421826698904093,1.2478980149578192,1.5157681857875274,1.2550796114531828,2.1314781971613526,1.3262743209803096,1.7754964104505313,1.650922967520105,1.327989377556641,1.2012127142400435,1.618730978004557,1.8489104309613065,1.9388108549635696,2.329274616252531,1.8353095866432787,1.2414628106235621,1.726584825887077,1.5578273747418268,1.9545751877379536,1.2204858474034523,1.4657276140432192,0.8896741726015951,1.2301036457744996,1.8873392246071856,1.0749078279405884,1.8234145803986583,1.8917072733016704,1.5524469370254286,1.0482462182871397,2.1730112497029004,1.572200876821816,1.5690754606206774,1.5038695689513046,1.8200333359669205,1.5880734567007728,1.156476183051597,1.9111459685690875,1.1718108558900975,1.1183710194434786,2.3896069475822133,1.5232311716863192,1.9244598696355182,1.3666413831372004,1.8476999301194112,1.4051728693169883,0.30241700077142797,1.7065585442641407,1.5691772315639958,1.5165974697168765,1.3000412395824874,1.6546297030017483,1.582250345577768,1.4538303942984745,1.0257207079149233,1.0373152936071894,1.3038565344641913,2.3028088850763875,1.6062012746016348,1.808625423507058,1.0533736461298837,1.5512321025031048,1.207114931123746,0.8617902597543577,1.0838197866368977,2.033010165140899,1.2551031350411672,1.152238234409581,1.4959284960684631,1.2806630668786574,1.2341619940170734,1.4639728573755117,1.6467088342978102,1.301557063995431,0.8605265073053193,1.2890152688737486,1.159780516723887,1.9015282586630027,1.388400508288076,1.7572003784048125,1.9841781835616759,0.6902181010173323,1.9229803737025357,1.39474552476614,1.7711134048478758,2.512562442559402,1.8068455672397048,1.2683098000881485,1.4103219434995993,2.079800152676251,1.2820882165544982,2.3990578970289462,1.7680192910938421,1.3108193328127329,1.912664458507074,1.7549620289577563,0.9509436467733432,0.9933066311984406,2.5019985825859514,1.495207810908843,0.9563846141041836,1.6271778351520447,1.5530435255076183,1.0737541123764296,1.4054670276052703,1.792117091945131,1.6428405372933135,1.5553369917656616,0.7350926451802815,1.2568673503370267,0.5717559919345991,1.7466849382761234,2.0797950574293007,1.4866679113119547,1.5230904336550326,1.091010918850153,1.9268187847940657,1.5305357652023717,1.2109577956814992,0.8762759158692712,0.8668846852751297,1.6440712896089877,1.1134953322974541,1.352018879756137,1.6183599478306085,1.5834634747545848,1.2517088941035164,1.2398999243288866,1.4755449063012334,1.6312573238794732,1.2814585646513847,1.7496254043687345,1.2378333711833505,1.614652154956817,0.7492352687870947,1.091184869656583,2.014694289895899,1.560627369748969,1.256459578340543,1.5306510966534697,1.1717695638633012,1.6295119803070324,1.090459944238248,1.0905184105678518,1.4071868453882073,1.8049541368646018,0.8900293012054786,1.4110568471733504,1.6643989012381661,1.6256051038465777,1.4404476536711908,1.4651047980236631,1.0214955855598298,0.9053224945437935,1.3221065254686795,1.602082790987361,1.2931531774237301,2.417307270375617,1.887749629754,1.736537292377362,1.3098940235823475,2.030569380901315,1.9124757766857567,1.3096502931028315,1.0244081867873502,1.2557374182166932,1.5855009231488117,2.889812460143829,1.3550354200131998,1.7215469571839492,1.4968756740448668,1.7307807486835771,1.8125787568267435,1.6018712225008898,1.8538343246199176,1.3230685840059002,1.0063337549701163,0.5428292208178894,2.317256535335628,1.6037184995672509,0.3307051350383592,2.2113128105739626,2.057503970958862,1.3136947085048771,0.9734508186441098,1.2877213960433054,1.19008412358841,1.2625782474485379,0.9763021998127862,2.328916899122314,1.7377093970139421,1.7807169687946485,1.6408169831273223,1.0206117303348305,1.3539376487077077,1.0798270978082898,2.3725009619873116,1.6878073077846625,1.6166129234092832,2.0435316798817422,0.8962952449493038,0.5487253813438904,1.5024079316270227,1.9440090167569932,1.416960194896001,1.1768689254447402,1.2855189797809818,1.8721440115538686,1.7208280191469987,1.3351524671703476,0.42394299318084705,2.0053759515633414,1.9603510735632552,1.7428646268475676,1.1812894261264117,1.0336605402753307,1.4914038741457056,1.1343273780708842,1.7008313770497583,0.8371626009986444,1.5378980007969378,0.9620697041941352,0.7749772117019655,0.8363393802275615,1.8598690596946001,0.9322865070997047,1.064620684061707,0.5600350241036405,1.208355546034213,1.2573277768388254,1.5986681963805873,1.245906563387907,1.0163032511984498,1.5901802123778968,1.7299444248875064,2.8819719381711897,1.0581808759089069,1.197172127177916,1.076383903320811,1.4178290282273431,1.6807119755911173,1.0579273977403212,1.5706755635626,1.13643332089603,1.9365369714740965,2.111097397042985,1.5792328406576899,1.1618900767534033,1.9549157151301106,1.650012665460427,1.2655080510526964,1.5076560707127091,1.8996977327733473,1.6272480408747436,1.1335214294188427,1.395619651929248,0.6755631802001857,1.3165026809340887,1.1504430621913448,1.7133345011573948,1.1945246205839646,1.4589858696667335,0.6141727404187569,1.6618500394807545,1.4622181263629748,1.98545328897534,1.872707914110699,1.5435508470861428,1.2400674218924126,1.4270981241502447,1.7299069935392075,0.6982205777086286,1.5799473908553192,1.3241516601965784,0.9184518999495643,1.8868077169137814,1.5989733610302963,0.9462804742169513,2.1581427203040637,1.525020490378531,1.7271944784767141,1.4567716179651786,1.555672717355062,1.6841856674488844,0.969709619836282,1.213065253191469,1.4963012568650336,1.0310843237980796,1.4805600476962255,1.276577420956959,1.6685499644373913,1.6524133698285002,1.6443407525043259,1.5790359134058736,1.9347080106732963,1.1551375456144202,1.5703701885642651,1.602589423383939,1.2050085162024393,0.9118284686350255,1.5906295399234307,1.558244636424788,1.6286439964128379,1.4579540339329253,1.7548699705072675,1.331997334582319,1.4952438237654966,1.6160309465368035,1.489502200502137,2.05657774537311,1.7788424063989394,1.6567133916860024,2.1519052889180825,1.2780258655881687,1.9899038048432758,1.300296082010239,2.442676689286053,1.8135331420302512,1.4578239793103618,1.804944103802502,1.2422320931066502,1.1267965620636833,2.0539569973905363,1.713739281339735,1.6622955554511485,1.2077583998159886,1.779220537194767,2.344788628378413,1.0105006614833567,1.7058870779626683,1.3530289827723108,1.8737414120725526,1.6327490776850202,1.5314570769760907,1.2903586919820207,1.605430964154432,2.555908695189029,2.896215227314906,1.765154346078563,1.4343454263782576,1.5553892178389086,0.9184856323196117,1.2850005705582843,1.4323833458860085,2.0976761528840955,1.0165579525883341,1.3417967701963753,1.3063843354928442,1.170252418990596,1.6911265919733856,0.8604484290754614,1.7689149651496,1.585470901954573,1.4026377765025906,1.6420962738166867,1.5439980281306087,1.5138810357161103,0.6642196603328946,1.2504961419705518,1.989450925844544,1.2159505912955875,0.8612093395338399,1.3616280235929925,1.4890560583007615,1.1279317156997686,1.053270758010361,1.2222145434153189,1.6501411104719563,1.4352106790965777,1.7186911611010918,1.2735852071076976,1.1345160974128674,1.586597800877412,1.7165156800213892,1.0407938213520813,1.4236335337379098,1.4596090269357753,1.3205671922747175,0.9585633218761683,0.7656998648679378,1.089589727085515,0.8126970227322563,1.896757309543714,1.4925304892440199,1.0596838621583986,1.7474273435215457,1.5457536510870051,1.3916284585216263,0.9558628574376893,2.1935426377815648,1.0799301887672104,1.438951522334107,1.345859890471753,1.0700590635365301,1.8461376879147227,1.7815572545961547,1.6494164079550915,2.032614634675551,1.6585223492527206,1.1767192541499156,1.3673343191523213,0.914787036998254,1.8989532069911157,0.4361398159758698,2.3084351264333556,1.8828363200333735,1.711468089884628,1.3264832891328118,1.0746179553653294,0.9294629216394632,1.424957096312263,1.388859097873002,1.7700006861035855,1.8518536509369419,1.3377052124135487,1.540686322112124,0.9513177438269174,1.5587710359672462,1.505805540872907,1.1649201088714356,1.2055083749042026,1.921985761861924,1.7285991491916566,1.6970122856999077,1.476665001181332,1.7869912776974008,1.3297741381409385,1.1908279744074781,1.8753080987939565,1.2232339335133542,2.1042689672377413,1.3674263477476978,1.934728891289796,1.6029933652244868,1.493619026748889,1.7403414380827802,1.2861357590984848,1.1157948826811253,1.3700517155547753,1.515638093847544,1.7529368242398387,1.5384801720552654,1.4626780572635438,1.344042286924616,1.365116637322798,2.680840199940566,1.6232044539411938,0.8702244075419767,1.0628881872048277,1.6839475467336416,0.6481827712765573,1.6403209384085573,1.4786964063664418,2.347616417352974,1.5575357284508449,0.896897476984554,1.5172145455358532,2.267852702831103,1.2380297325890988,1.077427094045951,1.9114741001087772,0.9040602570696648,1.554429103537973,1.4537765842613934
25,1.3032770024900073,1.591663219950398,1.5089765484292221,1.193598979989671,1.5033804469702357,1.4902926363629387,2.135529374350824,1.1298629345712616,1.5576568745233428,1.171170974625908,1.8301207077962127,1.9355449534507252,1.5332529462222588,1.24997111392403,1.5897909770827225,1.2506630064170745,1.8201825239377376,1.475632215415328,1.4348112960591983,1.1969878037119006,1.3322513619988445,1.4400334792485343,1.1361150009559062,1.5853795261800179,1.168514955819096,1.3023315590614302,1.4373172578397848,1.0156176870756775,1.4211799536013232,2.257150597862667,1.172505729468173,1.2628879981684924,0.8271678754637093,1.3512216023424943,1.2408737141999686,1.7096037099843189,1.7470928719863406,1.2885248640131275,2.1307686323993,1.7597660001681301,1.557527762029463,1.3506610391770624,1.5618786945193908,1.4512578232202327,2.4233835762233515,1.0490388781553297,1.089606620014528,1.3848652152760503,1.3541054222925641,1.3748048757834475,1.4869081952425225,1.6838942031511699,1.5857163663048404,1.1708526387885168,1.7380441788552958,0.525657678724149,1.6809685618365093,1.8476892402326555,1.4784033326663468,1.6169861880084724,1.5263917027926506,1.3783582655172684,0.9730123066325892,1.0103175204037131,1.3637333803301606,0.7463961548976396,0.9784290408124239,1.3438570233188274,1.734357207358446,1.143657724305157,1.2768097121714768,1.4171465682434419,1.4758090642074668,1.124953473341462,0.92274787483497,2.3230302632392514,1.3824603003930793,1.9976937227259448,1.1414934194619741,1.4707703618321006,1.3080066860825268,1.6052730436605176,2.2196880547188735,1.4906894443274956,0.8672497439000768,1.3220012573396738,1.1957286185361717,1.2012505051398366,1.4204692670400194,1.659465324681747,0.9818713900171294,1.1687606933837136,1.265520730935297,1.011842277349172,2.6950243294550376,1.192037875835028,1.4355483481104443,1.7874860385011875,1.4584572173122194,1.5022007556697554,1.138247094863811,1.0228682194026426,2.114066597333586,2.322188885075199,1.2483224246428448,1.5426486133889246,0.8676864394871184,1.4041324721344215,1.2634943816958482,1.409285455920891,1.8195885586408163,1.6987487148696707,0.9986762147516174,0.6902642261377469,1.7685603374900976,1.5961092480045949,1.6904814574797895,2.035034982586498,1.630345893279449,1.44296066840429,1.3826231766064039,1.3149025763524262,1.4751775035766759,0.9329462803505115,1.456328578783099,2.722827642890736,1.6756711849521948,0.511349111884024,1.2179926715585963,1.0319170835951574,1.039786672050811,1.2798249863543973,1.470388983595142,1.704232916688805,1.4561866632212592,1.5433668250716577,1.9066132165321559,1.3747170620030287,1.4120075116441804,1.674332303758923,1.4744413071591835,1.5963096051191366,1.1725496779834912,1.0055168061426718,1.2140329956659708,1.6638628014293562,1.3089116945148913,1.3244626117867002,1.3389815110934973,1.557670891293725,1.3737927622127235,1.6756702935523904,1.300986488882169,2.1138156532514234,1.4799577016420598,1.5776988786835813,1.878670790679267,1.791588613283064,1.1268096101389964,1.2908003774369465,1.1214444057086446,1.0871639190608278,1.994621245910832,1.5109845991235387,0.705848834982731,0.9198979995665466,2.349156473376902,0.9591083673209458,2.0648889220507054,1.3456589075343661,1.5230926946854686,1.8848593907530502,1.9258790312121685,1.6240561276357874,1.738810281001249,1.172269267242442,0.6851640874152095,0.823560326325454,1.0957183398105343,0.893508517668443,2.14431694750884,1.4141353412953963,0.9544759989155136,0.8622457296075177,1.9730443064270964,2.745828663297202,1.5343800628082143,1.2752036762974137,1.2200510903232598,1.089178117452192,1.762450057715891,1.371725643174674,0.5352925254466503,1.6628051359098401,1.0657106257296656,2.1976653536067694,1.479195846306685,1.5156429749136646,1.8439271022156758,1.5342573970213884,1.5456524891648713,0.9233057972271794,1.6828454541711624,0.4760467425918494,1.6290141747891664,0.8204595621915649,1.6196913561435697,1.1254518106842388,1.937360371180978,1.4382105900549325,1.1557664553365157,1.37637918463546,0.9622148434002376,2.105692945915655,1.4125104343488593,1.3354358884587347,1.9609385264507857,2.004160110330973,1.2165815861546312,1.6038796174172285,1.3892928210475184,1.6470534336778848,0.9925972360022062,1.7746776259508317,0.8224642886666469,1.862631702211397,1.437672230879796,0.8968852260517602,1.5885247708762953,1.6995483448821402,1.6027366874878626,1.4247778847448151,3.045530622109357,1.9546417503647229,0.8025051651415924,1.5000310348992425,1.1912232249708703,1.4711715080745917,1.265854706529114,1.791102018973285,1.9602018012179967,0.7955799438983284,1.6390302355047932,1.2515548639842338,1.20019358041665,1.703091629247639,1.6758118250509668,1.4457924594256955,0.8466468046929758,0.9810056926538114,1.3391348581932072,0.8508627716471537,1.6046844689420623,1.3453839763233177,1.1624922414420937,1.8797425821532616,1.3646497355304228,1.7130266629412656,1.9288625661479948,1.9071973147316497,0.9316289953588375,1.5870256993232394,2.042695544694425,1.038781032057674,0.6015502507498635,1.9381808511195628,2.0130600134805787,1.9143836736158635,1.2284205511396344,1.6171397823445561,1.5129731726013385,1.395201445845403,1.8095082612403988,1.5072347416045506,1.4004969629563842,2.0230833193011186,1.5933893585552406,1.6085798020969693,1.349442551651551,2.1240302706727148,1.3393808696672043,1.5473263620568676,1.021082440971167,2.7750587647675236,1.9685951741607943,1.057263317674412,1.8786705868964182,0.8501560595430481,1.5276354707262882,0.9670041535135419,1.4187345713076778,1.5014932587201881,1.6831957781065152,0.5255045783106308,1.246372287107931,1.1449067640874833,1.5037481892511897,1.2592117808175585,1.6928849422241952,1.1550535571757112,1.1224070847236294,1.893432153471489,1.6688059453595752,1.5754100402199707,0.8634439412441486,1.3468409705591093,1.617445501565181,1.4997469847151015,0.9392441039401553,1.3022183893764159,1.374035093127872,1.9763754595005274,1.3845613989657841,1.1519242675208838,2.088824953210255,1.6173772271677136,1.3673399367984902,1.3154145779462842,1.986740575124466,1.9976919628212537,1.3349133233182462,1.3119441363700788,1.6227762926657205,1.3273860238279787,1.2866852066332832,0.7921499324969223,1.355154736336237,1.4808287053409839,1.7278981058036509,1.4751999779704548,1.4820159185408004,1.2192740784011444,1.5969405505746408,2.076941715773426,1.3256490762906619,1.3062654135080431,1.7649363037397214,1.9816301857434007,0.6386315885174848,1.5450555910811135,0.8005594365180934,1.0692696791438152,1.9251877097590588,2.069578408058048,1.4643472717003752,1.402720523365407,1.4708235825732068,1.5153588920707801,1.417518631367396,1.3496276736500743,1.216985119265006,1.6553540334919015,1.684008321877822,1.0857787241897459,1.2350114636662728,1.6273442207315671,1.326914575254638,1.0273865735530785,1.2833200335133097,1.5440017932797927,1.4293045955207624,2.132736832084502,1.8717821386238085,1.1404841115480608,1.6194528390854914,1.0051454337641537,1.6075654741396075,1.6242547479981693,1.2367086433002115,1.9872550261482107,1.4489847221682948,0.9052763914268589,1.6501482171883808,1.0429624279551826,1.3360441763662492,1.532526142702805,1.4200553697538862,1.615051770930771,1.0015920522785127,0.9049259184162448,1.1345649835896738,1.6033173413697357,1.3679991041399244,1.5388406479993977,1.3264627339839956,1.0069650896488147,0.6552760900427683,1.1300587828245885,1.5490989139372344,1.002448859549639,1.4986673523012075,0.9561267144874386,1.0885432499199554,2.297731009736366,1.711163230935349,1.3888979892851125,1.8969384110673149,2.2780220058877787,1.761542933456414,3.136086571927108,1.3221591394288041,1.5078255199471058,1.45598390612551,0.878926797858677,2.1291398063173506,1.3430196520213054,1.5028972081818344,1.8428555600080376,1.6027566308643517,1.0588135423769596,1.4365952472039438,1.1457831287118574,1.2380924733432697,1.1310617524374944,1.2611234324782736,1.6152641559105216,1.2577984146901997,1.8106782861467052,1.4730128687183508,1.4964233983492736,1.1615449552589714,2.700135758799934,1.594019920181364,1.6732334070029666,1.0678536829456542,1.0731308218028461,1.5770852423933386,2.307047079915848,1.239938992838117,1.130303783721586,2.289435013262949,1.3143812401080868,1.7167292530466551,1.486420201451559,1.5815226950991088,1.1792972900535645,1.5445003316701293,1.0167228447327306,1.5762522268946835,1.9962377964352482,1.9165652141714309,1.634630745221,1.571033156932708,1.7072411467493445,1.4808686773036053,1.4532530852031318,0.8641485804122873,0.958247709601237,1.359077675155897,1.6524348746361999,2.5639838620925635,1.4086033799106337,1.7932461795688601,1.7224277060544535,2.0653064888821815,1.9948258273508865,1.4593928420100408,1.082296121641743,1.7914049136293841,1.1320440797767264,1.3885284006771066,1.043627277365966,1.4168050215205392,1.7035291331232338,1.3040155221032181,1.2278662855889075,2.1168021783501287,1.6176596892348147,0.7806382120437693,1.5952418125695873,1.3471541261839413,1.8930742400030216,1.5453985235102077,1.552613912667936,1.9090963230146034,1.4136258791151717,1.5711866069991514,1.5857108327534184,1.2132481015948025,1.1850658898900601,1.3182486535519993,1.5108725906966516,2.1593837313588216,1.4181287595709464,1.1418214325883669,0.6231494397102668,1.3417571908808408,1.0565541205886742,1.465250810397238,1.6333700745851039,1.1921571083688534,1.5495287747175859,1.2813069111434636,1.8219059377054285,0.784912505904118,1.6434279490675532,1.4653531699341806,1.3415718396337815,1.4513028359553917,1.3867556696225036,1.110725451907277,1.0270975376988394,1.4683378678051795,0.6474176087059575,1.642447035439561,1.1278840452534897,1.4541191862175302,0.677286865474585,1.124767761001683,1.4467429285857247,1.1346887590293937,1.230163451324052,1.215887130268706,2.516980043230161,1.158531329720999,1.2622817118707848,1.4136728245301697,1.0634557033460523,1.5475742580683924,2.1592005667500755,1.4097971001720735,1.3731033005724609,3.0445395938468987,1.2328659942564422,1.5175012061625743,1.1091797799107437,1.7545527884698737,1.059987784562755,1.5361222724410102,1.5125511699853378,1.3075394466800145,2.038522245233321,1.47482948125677,1.7492448874052158,1.621281232178265,0.9415279052651027,1.622282129241563,1.6197994662735706,1.1733162513435014,1.5812368131974086,1.2510952705166434,2.274500989232266,1.3193907161280674,1.9687993254139697,1.8727139914221982,1.3029668156671501,1.009656055264522,1.5215683241109357,2.042779019525916,1.8673537194478085,1.9601774081095535,1.86563332898124,1.4086217571153625,1.4560714447747667,1.3702046140606143,1.906305773320825,1.3064473825531744,1.3900701046257553,0.9453574176783908,1.3194443740298398,2.011333788474758,1.104920057365115,1.8150743258223416,1.8098139176080845,1.799167194172127,1.046902974955599,2.475215775679397,1.5021980642907193,1.561278616310859,1.4235141898599613,1.585106366374355,1.5925892144831035,1.158472156955663,1.873898613060927,1.2701448990263349,0.9326263975923277,2.331190156383568,1.5329585251951325,2.1678925561699915,1.4622079740924672,1.3560442400897645,1.4261979916218004,0.5453421314820911,1.8143305744368425,1.5592153169119083,1.6893099565571272,1.4392050610684197,1.4924680241952284,1.6648200892628935,1.4076489320858845,1.0535852349303279,1.0095710834501497,1.3138376247988783,2.2198140815166205,1.7059822798814765,1.5291138642282427,1.0321163107349747,1.7061202087251313,1.0805909623231458,0.9393005259435313,1.0822019677156645,1.7397083149884782,1.488534292369322,1.2244957624927353,1.526185557595435,1.2071423239188497,1.3450795375815627,1.7564323152105241,1.6418252773653217,1.4944038639834467,0.8413053566849629,1.3862407878178027,1.297287527365313,2.107498794459811,1.43996876101818,1.8283691722848294,2.1487023347223033,0.7728927840251074,1.8080961221197183,1.4464027614975112,1.7082072907072994,2.3385299476015904,1.849518624530383,1.4153739639531366,1.32803723541231,1.9798748850803674,1.3440460132551393,2.326564778524424,2.256537485088248,1.2841202167747352,1.7541395081075386,1.7428346484479877,0.9486500734548661,1.0666863666567397,2.5301864091403092,1.3677684214440697,0.9763451503581864,1.606359135931676,1.6439682990306372,1.0024212623965008,1.4934441441376893,1.6968771885677607,1.5945976798022605,1.521261985038,0.735537436292974,1.6396068569025843,0.7755542426950337,1.7937128002179743,2.582511063542935,1.5278618830038884,1.5555564269286937,1.051790906586196,1.8112844052900667,1.47225086769726,1.1343895831160133,0.8800617017997394,1.0785858542660267,1.5732012520937062,1.10716517546983,1.2545106017794776,1.7008975326828608,1.5300268123582133,1.2979232353292895,1.0915358299654834,1.3913818256215926,1.5369018158617624,1.3085391845732397,1.9475411350143292,1.143099352984448,1.3080549554972447,0.9594529734042475,1.0832228902683945,1.8910992777296918,1.5263247519214653,1.2872830850092893,1.452335929886441,1.2973738670463868,1.4663325591953245,1.2608216113167248,1.0744686034774902,1.3903964781367701,1.823514277114966,0.7330702685876944,1.74930617004813,1.4654863930359023,1.8439522593354813,1.3979202318945785,1.320092644478552,1.033292301508476,1.1592954799937312,1.2336174967229172,1.6185796304649198,1.0670962754038544,2.5962039137262005,1.4960473899182558,1.8917748027035874,1.1868906565929302,1.9287049198422197,1.865152263873953,1.5104830770872344,1.0229859548023588,1.2436390533853268,1.5773144372752887,3.1125038628413373,1.430438954985497,1.6622861341817194,1.409887336017476,1.6625491875668006,1.680466684044998,1.5571926459886272,1.7097742961359517,1.2593920832246033,1.2876770970006943,0.4201629654778329,2.240895535779013,1.7582471506791468,0.32297151465841484,2.3053923376459884,2.1839708958513064,1.4162225233172943,0.9062118239090772,1.1209461118336392,1.5564544589113722,1.2195317790845086,0.9232173111413039,2.198685637947557,1.5914125151371192,1.841032270335846,1.7223803362369232,0.9713601617557419,1.0877091847291354,0.990554876845215,2.205326230142052,1.6812342802233289,1.7121987213851013,1.997121120118891,0.9205383475119666,0.6862692931099359,1.3645983694637984,1.8627574396374385,1.444158965399756,1.1949658013531326,1.4294837041994888,1.9078305144523178,2.094413411421179,1.237877376904128,0.3989603189392399,1.9188716981050031,1.9317372429539765,2.103617262236817,1.2479727169669386,0.9725572659450007,1.9423879569875706,1.303083921425829,1.7259833092119523,0.8927627425199907,1.4689582493797557,1.12492172448225,0.8209519781615905,0.8936761319813178,1.918173357266044,1.0525922963685086,1.1486886374510439,1.0279172443627251,1.0123630936109433,1.345958748138406,1.4952515741946824,1.253469770557106,1.1823391718254517,1.4072387760269702,1.4249378340666037,2.883197536921161,1.0660509231399358,1.3061226265491905,1.3071988350248442,1.510505448868992,1.7388657801204594,1.3690132460118118,1.4853878081001861,0.9692873601613206,1.9531442265341792,2.3113914077736752,1.5531958157252657,0.9216077731887189,1.989741324898003,1.5317124088157126,1.4815754899033369,1.4193653366564691,1.777817130098002,1.5510900133574623,1.1949771790140251,1.3388681342153659,0.7140389749707376,1.2310443273727092,1.1043004654882418,1.5914530314512696,1.1561393643649602,1.3921308192154789,0.5672108525539792,1.5800779625843115,1.3836901325935886,2.0367701742819033,2.0015727672715626,1.6946929881632105,1.4320122751430433,1.1713829988478062,1.667766157287805,0.7406748110595045,1.7851818515155113,1.3134706779293444,0.989686938098687,1.8736774014135507,1.5125931311653626,1.2729057226078766,1.9656404971569459,1.505643011725173,1.7837730378528995,1.6280145109105477,1.6640193230907356,1.3678615610853357,0.8875746461564973,1.0184977044569972,1.2333861636876002,1.1980548479458561,1.7482042233165678,1.1787657045840598,1.6951687629450203,2.011200236471529,1.7540837949208026,1.532016898566814,2.328068298009992,1.2399645725631094,1.5734794255190816,1.693213541888912,1.3024314133599173,0.8256125682544315,1.1766028380716391,1.471512943507319,1.4461653680980326,1.5811954327194675,1.5895861850382567,1.2918395944304908,1.4722605752255256,1.6669117266416045,1.4021493005744603,2.0508735885484417,1.6036233090403098,1.6038814624065445,2.134215123268704,1.3090899885784477,1.8150145356118772,1.1209642225234038,2.1222973845466258,1.929617088690435,1.4327774285870811,1.7629809397851273,1.4490838188489186,1.2571973015783895,2.1720286488841145,1.9138610618224474,1.4943366893960797,1.0256771088961172,1.7415507198980187,2.269165132976462,0.9614253639711581,1.6392319907017407,1.6253077672470626,1.7407384478521557,1.470240494389179,1.0293602491216003,1.300833871263806,1.6399872537598528,2.327413374970012,2.7077771752811817,1.709935160624122,1.299940647284287,1.410407307374392,0.9923534211244607,1.5826761245776686,1.4571208257696942,1.9558454791823534,0.8848575720580523,1.1415906370049949,1.4495333761046498,1.1009801266124373,1.6838558961302499,0.8077264289261565,1.7019756826921908,1.5908746981135327,1.6367377578461346,1.489260718641154,1.622894059274559,1.4708049227652507,0.5913111264985572,1.2400573377343451,1.8103762457620411,1.349144951646216,0.8956730863870954,1.613377023827448,1.5643237907362337,1.2005633107445695,1.0165029472629925,1.2480182728311462,1.6352182589403566,1.6692144435789344,1.9182686257506314,1.0894182093905989,1.3706046384557125,1.4441036680287755,1.573747031305335,1.0932799224447192,1.478817598221788,1.7217674407750139,1.016124228876271,1.1918282631836377,0.7350139825186822,0.9514651997317946,0.9421223293009374,2.273131087101068,1.554186337028347,1.2262706781137638,1.6526419750773014,1.5528827889816923,1.6698415673341687,1.3570984202094363,2.294968613065185,1.1855439072192344,1.3442741960583426,1.226177389065021,0.9896722330173551,1.7022901151526217,1.3945497162450287,1.6239918900126167,2.1613284330268048,1.6645312572681066,1.073131991750607,1.279598462171466,0.8669964645115291,1.990061121669787,0.6141198324979446,2.3646400868068422,1.7209163688161024,1.516653374628516,1.2092404776280392,1.1410957809115605,0.8037089186407819,1.5519598379934603,1.2854324115804951,1.9427034225223143,1.7363302555145073,1.9770025596691665,1.3736474625974144,1.0989283024327947,1.5387573868366369,1.5864549117407845,1.1703430195770765,1.1666582668010497,1.9345413253620518,1.6171436284774903,1.6854159569969682,1.5268356781678274,1.9563208500842082,1.305950419610473,1.2826312549384604,1.9344312300686886,1.2481631559217885,1.8759185554437725,1.3785729937263176,1.9562428146077508,1.4932879182511203,1.3805357698530032,1.7632672105888605,1.161751290934542,1.2638154576059546,1.4498544439325391,1.706582410729417,1.6290459083898334,1.743446276549251,1.2007323423841605,1.347602596835456,1.2832843643188232,2.337822327325391,1.7860495718524607,0.7953776362583918,1.2981091598426058,1.4963936089602745,0.5366712116421026,1.24762989140836,1.3191704221697738,2.138664541541754,1.5320000287733564,1.0109864297806124,1.8074813413528008,2.194925740383753,1.6458944435468683,1.0745126930743871,1.8782318332453334,0.8903693783849117,1.470124968981501,1.617010466714903
26,1.1532923069701113,1.7013546428455855,1.3243757776702751,1.2845884971026613,1.5276484555300902,1.5873337209484384,2.133262531087277,0.8658283944834241,1.4706297472151726,1.398550089354972,1.8737183859126016,1.9782671114724333,1.4098825099726742,1.4337783226385947,1.4878506563979434,1.2666998919001444,1.8547766487975919,1.5241153330196928,1.4178392448526167,1.2978163599930308,1.288143676332325,1.6090798025278816,1.0857168412015796,1.470347841000656,1.1297514531629163,1.4126012945163584,1.7113039107038537,0.8710094582452135,1.405394748347981,1.9695929837242874,1.3057287806496456,1.3037749036919575,0.8432846267088301,1.3848539386799354,1.1846695214548866,1.6791202938508287,1.6385509016385935,1.3619612223175634,1.912332909385709,1.715181930002312,1.5274633072844406,1.669357815572134,1.4398920349745512,1.2349437653699482,2.6603136508196252,1.060601019016385,1.111563919937939,1.2922876045539395,1.2911787553254563,2.0052457521596043,1.5609241553017306,1.446133390089325,1.5200884252375997,1.1907863149937896,1.6016972541679626,0.6012963560333037,1.4891892094208865,1.7446030744998118,1.4583302857145382,1.5096660505788106,1.4140396665609234,1.411145846014783,1.0907102254012955,1.0267365956441692,1.3393539918938664,0.699252598285811,0.9021581697892878,1.2904267438232921,1.928943876019153,1.188856373399895,1.1855669901076928,1.530854986460583,1.4204130288130972,1.2028744308722454,1.0225335609360051,2.025669388728976,1.2630803414311336,1.708151641619318,1.1317460044679124,1.3481942708390835,1.3291263723050863,1.6621381509525677,2.086270869629318,1.2751628415031946,0.9836995919346014,1.2239705910194807,1.1855232919488767,0.916665260062683,1.350409828347963,1.8479758851785575,1.0333909978850175,1.3107297094593846,1.3489423382748098,0.9567634646224902,2.3227525163906177,1.1751807960346827,1.3568036274579907,1.829237568176063,1.4502116226428854,1.262812362054795,1.1240674913671287,1.119818142915284,1.846138632983088,2.678142899255028,1.129125162710517,1.4351193932901705,0.9015703229918676,1.1704017485649854,1.2918579852864789,1.6171563772655777,1.50709875980185,1.5767271879815328,0.9138280454767963,0.6933960249651121,1.7091510476396072,1.7283508711159319,1.7660897588718538,2.18966504992872,1.6593195606655686,1.7899409179678474,1.2490297876675607,1.4864777248946375,1.6544040738923111,0.980194295659032,1.307175046539573,2.6172391022537056,1.4072341424385528,0.48330292255358587,1.0315147777217701,1.0833691745236966,0.8946038400510978,1.0219510617016148,1.623890677217835,1.6369755085321986,1.2421758807921095,1.1793327063284673,1.6279020795927202,1.5768439654753557,1.3952050872640438,1.907939231909709,1.5062345357725255,1.823689080071926,1.177643868987875,0.9711896167766838,1.0661459991111801,1.676629970502911,1.4078632132288664,1.2476371177693069,1.3786205424570581,1.5196287701398377,1.4692333568519538,1.6709957972392706,1.4044185559361886,2.0633311223588215,1.5808083372801913,1.831716366690814,1.6208571081599876,1.899680270195841,1.3412530649849597,1.195512178219711,1.0015691076910398,1.5612981852397558,2.1788783720622185,1.4925199575715493,0.5668860479432607,1.1419089785031242,2.4044307194388415,1.0212940454089594,1.7653725517221064,1.2839388423811782,1.5786815935585616,1.8981698645237053,2.0569438501748167,1.603735558071538,1.7997171945056913,1.218383530627483,0.7011350464649082,0.9296063327306385,1.1050074402365158,0.7268092517534669,2.145887663640086,1.2899684533478109,0.9615966160429451,0.8493207055935412,1.8645947361402306,2.289771026704644,1.5484207132599384,1.2671157300914926,1.1342094275735226,1.1156461084260316,1.8559926722481621,1.2539404793121427,0.5435962016323223,1.6753500340169034,1.1926589501299285,1.7171190216545988,1.617034154448841,1.3925520898600419,1.906114001664871,1.475055755867042,1.3035351656475234,1.0810666402554452,1.712540030887527,0.5310312074618704,1.3888940925177091,0.5475895756107244,1.7530624357144982,1.07781384110691,2.0990183635718833,1.2329298333207828,1.2245373362039484,1.3841885538155536,0.9733298171896528,1.9232111742965747,1.510064039295334,1.3210288277191677,1.9153493291803756,2.2193910823263847,1.2360123917363937,1.565628642873796,1.326609396253863,1.6832109037794645,1.1703044710035675,1.6167137286068574,0.4701513693646304,2.0507924715621213,1.67232814953992,0.9296261665158962,1.5867239940181481,1.8323303360987653,1.7339429766845882,1.5998944132513675,3.078259466564406,2.2061399909697785,0.899970410269883,1.4643026870909004,1.1834627082487272,1.4781674062135894,1.3059288117838008,1.5621782218314735,1.9053525477924527,0.8612004137764795,2.2047376536981926,1.2751848270397454,1.1530461369841896,1.7889503868525631,1.650889926346371,1.428336143434819,0.8082689625914894,1.1271614093217037,1.2195591883733183,1.0055916878119184,1.5833587653589967,1.1923700651178093,1.1547934451288553,1.7724451314720753,1.2695362043921885,1.6269911261842225,1.8556381217729248,1.7717071411233827,0.7562787770549683,1.9689956898038687,1.894492768353329,1.1297870437917115,0.6409764929795061,1.921051215912935,2.1434737897321265,1.786383654156592,1.344021082671928,1.6431667415256563,1.6230969517833735,1.4481933798792528,1.6268921618891095,2.0502067109394133,1.6581821857689956,1.6939101899048727,1.8805424393279573,1.7340074304788358,1.3632580489325512,2.3211141006255462,1.3177606507769317,1.8521014573274945,0.7944664498170421,2.400085810782427,2.1209443172635947,1.03946301156794,1.9071955803208542,0.9815852094484936,1.6463945976552878,1.159496849225659,1.6963493696590581,1.5093365585463612,1.695565078163235,0.582742524553576,1.1327968670575224,1.1593999314233057,1.5791889258587481,1.2086171464228854,1.606929577749046,1.0540657382774836,1.1989065565780457,2.171708873185239,1.5224139399453755,1.8076723246360067,0.9876666006440871,1.4060405795064725,1.4341122255131282,1.7935211761045509,0.9096830298099944,1.4073436201624132,1.3853018515908695,2.0211262131015606,1.2186519862916023,1.0683248793058464,1.9408232114738238,1.5836676928230078,1.4318648182483256,2.1273842464301005,1.6555796487078962,2.0950503671821394,1.30872166726996,1.3244774555426204,1.38875736998368,1.353308349939224,1.2915790707804438,0.9072816355976916,1.2313955227555016,1.4654310990230293,1.6318481853321065,1.381537477775956,1.3929404481421321,1.1152193481490709,1.6129673689806492,2.3611544092929506,1.3355650025523615,1.5477159858078358,1.7489694338295323,1.936740329616565,0.4609668383257472,1.398059629684809,0.6929023991007669,1.0306332924806776,1.8818910595310085,2.229895330854216,1.0272277646888868,1.7449041419674902,1.5423945609583838,1.5833999521163888,1.4433187339503353,1.3559260158715376,1.1083282893390471,1.5860983518117733,1.782626468905342,1.0423084582585993,1.321960800435139,1.6941018671062444,1.3269651309655819,1.1230115118562731,1.2964264472057312,1.2528459542042814,1.3135578865259887,2.251898604595409,1.7572974020721088,1.0222172072236746,1.763415845170699,1.196694358477671,1.431146820117927,1.497637757631178,1.4351202115221475,1.9887268206588589,1.5816423132548494,0.7964047616136163,1.6141453956729168,1.170565723064498,1.6023873121295085,1.3056433825225573,1.3123141103185239,1.7112324242804258,1.0786947281314663,0.9741374702555203,1.0542853185566514,1.7193365138709389,1.2881330593374765,1.562393772248758,1.3035487577455012,1.1525906713771397,0.6727435490492983,0.9276761470867942,1.6914651329225299,1.0628034722699684,1.4553845215278405,0.9077484203203161,1.0014378850002783,2.2341267494815553,1.6011391132031485,1.3798621713845285,1.874737313872448,2.2117984882030717,1.8882138997375582,2.804997903185771,1.3639038583350616,1.5674891053032871,1.5208993556089299,0.6917197938797625,2.3027801352032413,1.3535552963852553,1.390286240059545,1.870315689821698,1.3902917981546072,1.172090076371703,1.5930512266118486,1.2163955640326534,1.2358230591194963,1.395961806759035,1.2784421863803854,1.7152705184517059,1.2485187822702657,1.8957074929841222,1.4614344680235356,1.6094279716282178,1.0582022780299447,2.4688763798993936,1.429600589231908,1.8352715401075332,1.4206613898596476,1.204578874135803,1.5894732220602616,2.0750260384245136,1.2091274079657168,1.1775982207336486,2.208654428298355,1.513493843798979,1.5327006072856197,1.3699736123659645,1.4191174610494708,1.0372611692332292,1.56217767740808,0.938496404977994,1.6172663714282853,1.9569100358824334,1.7372125677758619,1.6134144395110745,1.6066310797394634,1.606910012440616,1.5959894415338225,1.349447542289039,0.43478043282618184,0.8583080979805825,1.2884554386184124,1.7283800611681333,2.3548478863911475,1.4574680637833102,1.634044087004694,1.8291674796661936,1.9103328222201994,2.0365461514975256,1.6239687809500016,1.1361813553674815,1.668657867260792,1.1637929151321527,1.2871569076328022,1.1042091065281847,1.2073041760753334,1.809283374655905,1.4239187832288103,1.3861409990406655,2.0235900756823426,1.6304469288843624,0.7335516462224057,1.6362327813530786,1.3459474553410158,1.8393316296180597,1.555605771650525,1.4286690426426576,1.6588361952030644,1.4863078764253108,1.746177842716056,1.6067139590108628,1.0843331483387502,1.037983224832258,1.289146449928257,1.7374068362333208,1.9298053467454306,1.6120795173429616,1.1020449524760139,0.8082415850377682,1.3720562911623473,1.1624831643240938,1.4303955192607076,1.6047728308393494,1.05711703551157,1.4881534788422202,1.3756658232661303,1.7184779785013113,0.8913843783538954,1.4143017204836137,1.4591098714380837,1.3811222637415266,1.5366705806895393,1.5853641069058944,1.011491673351276,0.9489527487701026,1.4931767680132544,0.5482202304228403,1.6129671742795368,1.1389047629291904,1.6371310267945591,0.7749547039714049,1.36247242641479,1.513686291200982,1.0635082850713302,1.3319784669165573,1.424594857329984,2.84454212292169,1.1235509554955088,1.4955007502619062,1.4610420944711011,1.0277965021077935,1.2500881628917164,2.240480520428229,1.3335285857837145,1.1314752461351023,3.009893104396302,1.3434318815866702,1.4670547462560777,1.0324255605859058,1.720332907341282,1.1445557499969445,1.46560446368819,1.9216131444982398,1.3776637258530893,2.0966107647921994,1.6353422604089536,1.335206040501502,1.4330200043028434,0.9160043917043498,1.6103599853140662,1.6167404735497246,1.223384001839872,1.5277195594568713,1.26878170252592,2.169858385974966,1.1964337197528678,2.065507614004553,1.9821014131701853,1.393329439056529,1.0147989415960086,1.450184671129233,2.0734467161963392,1.9208846511819258,1.7333426918340709,1.8845575610541798,1.3598801043829212,1.155570342429787,1.3345261655827467,1.792164476156112,1.536280169258317,1.318299373454736,1.0585681290654487,1.3386668178228893,2.147741379840917,1.069803158258143,1.6978683623498234,1.6281372640782013,1.9784718782784632,0.8987764208367099,2.264589072590596,1.2951818489929177,1.4930867605871836,1.649996528629171,1.5068571025685664,1.5122834436675003,1.233465616928625,1.934162166779803,1.4886743094854467,1.0528031542234737,2.1927998096303467,1.3422315620161904,2.226658021510671,1.4697505313423975,1.1226007175179404,1.3100162063117022,0.8304073357862845,2.1592874009061926,1.5963737601103136,1.7403474967616197,1.4692398287163768,1.3589132511445756,1.7836521225358077,1.3171829988183719,0.9392201003801314,1.0301027589337652,1.2317202459166048,1.9743390193562171,1.6952107200554531,1.3339279929157442,0.9378530195371461,1.7772435299505116,1.0820161661804448,1.1524194945495085,1.1836645075566556,1.4896877330665625,1.5539964291389277,1.2200373770753399,1.4728837724791692,1.0752753407843203,1.6176723457500894,2.0161131267384587,1.6733656189168378,1.7019141436732645,0.8874611601954225,1.3907181613250439,1.3672860982455997,2.163296246572291,1.4334285178218371,1.8360812543054914,2.1217933874935193,0.8675852208293645,1.6651769681309658,1.343821883289312,1.781316785551764,2.1147187984457156,1.9443246096369329,1.3996348073837468,1.0573598559442186,1.847487108860397,1.4451988086341938,2.1730247433181584,2.5287922875814925,1.190834786426044,1.67434007349561,1.908400980122871,0.9326789109945611,1.0310812849048356,2.477518165754333,1.20203333423995,1.1622682607241455,1.9295862167384206,1.7006210947352096,1.119506085397227,1.39124903904179,1.5667676217423585,1.416161376210568,1.5011972222614216,0.7333548551548805,1.8583408293736514,0.8971660783050714,1.862533268603036,2.5153187703196083,1.5847160100753062,1.597691206066926,1.0420567470890303,1.7146535508547247,1.4459375731494815,1.0515734378825918,1.0211325613382538,1.2164481926908226,1.5037152413328028,1.3386658755094563,1.1764620223591145,1.5684213439927412,1.4712596329087546,1.4521703332250855,1.008529775884156,1.393878508608982,1.6039711447513376,1.5054069183718606,1.7831077451903348,1.1167536418118722,1.1057096019768275,1.3088731284737025,1.110141108129724,1.731975712410155,1.4008133779156922,1.339699406220634,1.6380572512168703,1.458934423414775,1.3765804965625064,1.4847149352915938,1.2611238293497213,1.5256498175164328,1.8622392177680165,0.7869050188019011,2.057578053633386,1.149738807662058,1.9138099661159478,1.4842687444201337,1.2574274139634163,1.0764441422612285,1.3109430957384174,1.1605776038494078,1.5758096521154896,0.853869476452939,2.5790243091191924,1.2121724575168074,1.7724897758000728,1.0683821883236182,1.9130665229583643,1.7153823650849427,1.4046888443290997,0.9768937885394064,1.0838292910825953,1.6379594375082795,3.1052752986993095,1.2789837979972116,1.6292869451116245,1.3176588400001554,1.7567526201313788,1.5543636280335493,1.457087810391394,1.4277138283051976,1.2935312652496753,1.5958489360460315,0.3879210608554128,1.9428758265293007,1.8865181428298659,0.4309103028431082,2.5210402595796824,2.2509329107177027,1.490723046679954,1.0343033986342856,1.1096272549778186,1.5569191822651338,1.3151380372210142,1.0830459917333415,1.9912619741349675,1.4739235623481184,1.716584897478832,1.7275019766468054,1.2320496790733098,1.2042523434480676,1.0878782904095055,2.18977165601983,1.614357845985488,1.7069489732829646,1.9345954418704905,0.9888894008233093,0.8306990324440982,1.2963306045926444,1.7655879053205639,1.4960788937623142,1.0741126238878795,1.497022882902258,1.8358224099275333,2.1587132933440976,1.054779879490324,0.490531551189772,1.8831164281639774,2.0359948337706695,2.147694715883598,1.1939652083114098,0.7495409286669543,2.6877541940131113,1.2713366792902,1.8104568978866669,0.9786507561146635,1.5762913145409887,1.2660677974750538,0.8131523648357374,1.1455413754649655,1.7987543106600228,1.1663561748782179,1.3147527667605694,1.4815184676634239,1.3505956420222613,1.4855376601099202,1.3700064333201254,1.2976506013803353,1.4125742865428683,1.253294477513378,1.1052515956808064,2.52792873256878,1.1409812920668851,1.371698405973164,1.4315567296620075,1.6381098261805276,1.6175324097712016,1.5817644713869192,1.304391907021472,0.7687515083267049,1.7717429632860298,2.268179598362022,1.6385810918329504,0.9542679153758143,2.115863344778061,1.4966046445804073,1.694998086397458,1.4547785244960207,1.7055142648118293,1.4160291759318155,1.174456429149768,1.266354025833513,0.8656670065454737,1.2891524737684734,1.0853451187585448,1.3226081153324911,1.132733349915241,1.188466964467931,0.6794916953908361,1.4286773227958742,1.558940907933821,2.0428258853324786,2.02233183128327,1.3711220667805224,1.3056416724308144,1.0164552507099227,1.6750145421106937,0.8004229835647781,2.1519665067678244,1.4636811000923633,1.10335314882138,1.8774583194029746,1.5061637624585904,1.663804505759851,1.7275865765010279,1.4230757300623742,1.7455987456452067,2.140431507092605,1.6254976441184688,1.2496563405529355,0.8619286224331217,0.7934162720199994,1.083871244515882,1.477237460530619,2.0383209140854532,1.173676443274688,1.7566093625559156,2.4062995342172067,1.856649685632633,1.3429922018830085,2.316845759572019,1.364825311184682,1.6873682276007398,1.6162555877994345,1.3633286780265021,0.596603131280624,1.0138199279075502,1.4983994013599247,1.3156774577085635,1.6144962169464716,1.3375187338543304,1.3072812372540086,1.5267602647952314,1.6311819633515496,1.2858610695857564,1.9121643305736975,1.4561490102683394,1.50837142624714,1.7605422074236978,1.2536812314290873,1.63003049616268,1.0745080094839672,1.961307292534252,1.9743335882551294,1.3019417712375931,1.5170151636238542,1.5828516643192165,1.3638025874828004,2.1479416874785713,1.8456579099545067,1.4589087567547612,1.0421421756138407,1.7856415391613154,1.9904670496771946,1.0073337504024795,1.6566208151971635,1.7907465523533301,1.8258444247345134,1.302054842768153,1.015491003694787,1.2861291724037152,1.6254878159694715,2.0156949169689846,2.5149832905333733,1.4353841547310842,1.4349806677245214,1.3620833909230876,1.0999158829426454,1.5994602806929636,1.3763306822993258,1.7229862277965338,0.7198762850813233,1.21622808246576,1.6435041714630376,1.0201860670707783,1.637734664265933,0.9211588115331526,1.393108098105011,1.5139130349681769,2.0872067071044396,1.4017244955540895,1.6903334369971188,1.486465582004423,0.519286609931019,1.4291492725225736,1.6183569985285957,1.5833241841624117,0.8784991438072756,1.7008387650010375,1.5852993261582382,1.2734615033682841,0.9398109886523571,1.1152455170036646,1.5023456229452266,1.7305454505392683,1.9292974039037958,1.1605165562213786,1.3977712000139377,1.39564212752011,1.377347313585473,1.1353094274054703,1.7038279568333983,1.9125729369838893,0.9031886279625753,1.281270380653152,0.7883892023322713,1.0174965615711886,0.9834910442534595,2.3141823763835547,1.643563631222004,1.3790980742035868,1.6309307296033826,1.7628329033078542,1.7515705657254896,1.546779542596442,2.0831473337870348,1.2812240008028828,1.3160736066282643,1.2127271607673271,1.2209522650351634,1.7226496275970247,1.2377160141255517,1.4514306154203906,2.0885121799762554,1.5358970808069148,1.0900908182801494,1.2869424779877614,0.9840979491796779,2.0527215634003104,0.5630754977899493,2.4845096967760725,1.5478773015572376,1.4332426992947342,1.114577726213871,1.147635830865454,0.8800192576200041,1.5766917516019108,1.111043486360863,2.1125753568753094,1.6390090777725517,2.1207541741612697,1.1377150283163608,1.129106420824117,1.5344967749850542,1.6558309855482947,1.0620134455699395,1.1557015208303458,1.883160297739232,1.3941230354757423,1.6446854552584014,1.37657998390637,2.0523662920987626,1.3348845020063829,1.4152294741186622,1.93237212649399,1.352389081524352,1.6399924191974402,1.524171741344409,2.148605067261332,1.3378561195673973,1.3498182824416052,1.7054439618560437,1.1187498338146398,1.1398071165454768,1.5730437938984512,1.7653205093223447,1.4218123638216593,1.8040800031416224,1.0530119264668159,1.1532960596983424,1.2366682575780676,2.0277635038810455,1.7900172086664585,0.8491338629453116,1.4669976108311729,1.3639159679871913,0.3545823887029448,1.0247373625769751,1.3574638494715068,1.7131340853135453,1.3347136325708617,0.9153601222424027,1.9334325783585622,2.0624970300941428,2.086029783484785,1.2179118884109512,1.5879797990166538,1.069166149332385,1.4230442016014546,1.5853096965017421
27,1.1501778787833992,1.5984502544024912,1.239700943804499,1.3426241226541946,1.4170068378463705,1.5887067068935299,2.308461416508236,0.904443475123466,1.416926120791434,1.3483896952993046,1.8161013006317313,1.8212591834242344,1.3248265183974652,1.4955644475537773,1.3295853562564568,1.2361198695959985,1.882869441074164,1.5062936970517875,1.3252622304277903,1.3829887775676069,1.2133513577410597,1.7145190840844553,1.0610589815578653,1.3511808691303875,1.097298699543082,1.4586585274660617,1.8192568884476066,0.9560081298220018,1.4366366913251518,1.7863630525481529,1.3884871910310088,1.4438583176997297,1.15515810062598,1.5875784076068422,1.1467601390092925,1.6587409277325853,1.6057008520466927,1.4349826704632034,1.687868182640345,1.4537641372612562,1.4580905014312509,1.8094079311711817,1.2339368197993643,1.1538994400837161,2.745138825940375,1.1941070464334866,0.9686958209600045,1.2397541673463235,1.2790038679925844,2.663478457961582,1.720333248546408,1.1228285805839529,1.4839124737307687,1.1963545662890123,1.4072974892588124,0.7173868924327168,1.378310678159503,1.5023618572545212,1.398802559448583,1.3086804681181747,1.4487316137737853,1.386840587438657,1.1105861474479002,1.0584063402382542,1.2596300115873087,0.7847581479348963,0.9213923234092478,1.244202956313738,1.988468253916952,1.3688315798388282,1.0177198855839655,1.502930368545986,1.3290909087689866,1.2677192901278698,1.1944302758003773,1.7980792559880987,1.022999833797524,1.4741118635082922,0.9827672806518484,1.2562540671898916,1.5021606706802206,1.6328303295342081,1.792908888818189,1.129144333919075,0.9880083370102203,1.2115989580566204,1.1789122936916052,0.7687886151443586,1.2569988909390826,1.8289566844245166,1.2126260449677724,1.3456534337953387,1.3148750525196289,0.912729075618371,1.9503433931015532,1.2317815461482953,1.3387572485276804,1.6801918918754022,1.4103066797008708,1.0263314874102611,1.2687352517729802,1.398162555224344,1.565794042877899,2.6543281027110077,0.9883818904259984,1.3141415930253308,1.0261943013676336,1.2227792616114401,1.2839176972380995,1.736694030011357,1.413236237383745,1.568376686524896,0.8713647442643955,0.7718192266788897,1.6889974330753856,1.7231247780093253,1.7245403066930771,2.310273390280371,1.7840152685360269,1.9005738091045807,1.2900997930652083,1.7987167866884308,2.026696574253672,1.022417411646169,1.2711152446662413,2.2082487886172757,1.2112406160380087,0.579338574301369,0.9878181072801319,1.1906959779752804,1.1498897543724456,0.7863576097093227,1.523748225341288,1.5497537074503542,1.4681743188305072,1.4028519736071572,1.3994062141411672,1.8214753792901384,1.4674711178657216,2.0196561217529116,1.3803902652667572,2.3756288268550994,1.3317403535742633,1.043386217766649,1.023910355385687,1.6833409550711622,1.3782843601045296,1.1795849800772207,1.202290310128694,1.5434609724733255,1.4534937717810426,1.4362298393238904,1.498292996556651,1.869170274170285,1.9068892645196733,2.028647760432419,1.5677644136869868,1.7838124238489677,1.4673675284592256,1.188351198842465,1.1278112996268612,1.7630798235049885,2.1895869470998877,1.3495500032604029,0.5110418006148016,1.3180946918776746,2.2576836944942373,1.0079360289412684,1.6057556739059513,1.3902132812952936,1.7553719177414104,1.8461941373731996,2.020755253699159,1.4129754132329344,1.6905935681436162,1.3070767733011317,0.9432310590149245,1.1234679217913057,1.1228562050537816,0.6888883038581912,2.1629892821232657,1.2888046703099767,0.9319552940472748,0.96537351688427,1.7913844724605286,2.1935080849811697,1.5564183004166399,1.2407747558654783,1.1519411619264464,1.0319383987251303,1.997500640793115,1.096615815089682,0.6122526540160739,1.8102289793798882,1.2111673741982676,1.444642950635096,1.691031630031489,1.3438061653338815,1.7911477557911089,1.503508997809962,1.167027473917322,1.373682223757654,1.7950127657274524,0.5867798496963115,1.3658845569890414,0.4850229003258508,1.7560869942545279,0.964406876803263,2.1925374253767034,1.0450463920667996,1.1430987926161926,1.341034960459334,0.9739938024387237,1.8112223091232822,1.5539871958503806,1.291648329732599,1.9254110733492564,2.3481148587186653,1.2442125963026536,1.5029147529938673,1.2664026216829978,1.4679894565570435,1.4042928494439657,1.4960303451460704,0.1635309092169645,2.123956181104039,1.8122373538108647,1.027241219127478,1.4377290456243168,1.8738765218913322,2.009695901845955,1.4914286292705976,2.787480662915062,2.492131343575582,1.0098031102613474,1.466934741530248,1.1975092188289902,1.5816429047961091,1.6318686479848235,1.4179397464687293,1.9082062993064721,1.098768262777393,2.3704212699377347,1.3166526307764292,1.1894870741236898,1.6356861456527765,1.6536262225833565,1.3055136227438475,0.9198300338516112,1.4679411707045988,1.0422580570460218,1.0766350945441325,1.4301285877322152,1.122283282408725,1.141865562179861,1.5723780877786608,1.2506658027831152,1.6314441385456102,1.6422971107648736,1.8125011495746688,0.9226642361227729,2.231933668386357,1.9348951577303601,1.2624100324769159,0.872332959470672,1.8765352027361604,2.2289261965326936,1.7944975806850976,1.386303270658611,1.7671352145139718,1.7109681665093102,1.4774967494760296,1.4440792854513989,2.3127458524106532,1.9170823521978186,1.4700339590051004,2.016007531917283,1.7120951697796802,1.3100475900649353,2.24932649512633,1.3906674111437123,2.0385295137965627,0.5700694014190246,2.023710760373957,2.1816853240629204,1.0953290929861883,1.9222193438650363,0.9670846785176884,1.669595927997502,1.2112748130156148,1.7627664861235823,1.510377191400967,1.8992130818268915,0.49901881258800346,1.18417649958969,1.2312057959545109,1.470921532402349,0.9528336506650699,1.5271497987015032,1.0804693590352639,1.4785438366212853,2.5264752541344326,1.5107863151311993,1.4793579221410833,1.0132644626459395,1.3719786442416537,1.3372470969573427,1.7643556369118738,0.9398225831920853,1.4309728066575595,1.190297726879591,2.0235223690821385,1.3970561308076026,1.0459261578316756,1.885068785441105,1.6082868779554351,1.4305100414888139,2.5668584307367985,1.4335826961237026,1.8525888618836155,1.2737409587544308,1.3716154532343903,1.3169864815805863,1.411819064579202,1.2818642436760974,1.2628458382684062,1.1846695228373638,1.2772610923461523,1.5409122595088967,1.2645005333818897,1.4134093792997382,0.9689923623983533,1.4792763971511338,2.648752855936282,1.2209994399452797,1.8433774535854879,1.594882268386876,1.9121902218750966,0.4043862357825062,1.378904889575844,0.8131619805118714,1.1988907695309055,1.6579592461708823,2.314139836340386,0.8569486198001564,2.0595798616632317,1.5965656645784514,1.6293363843529238,1.418043817337001,1.58702672965075,0.988622575042023,1.3399602972261273,1.8401850391842984,1.1237199560217084,1.2849676881532017,1.9139012408450164,1.2404144447346206,1.0844322074924582,1.2254798357858803,0.9747213588679766,1.197229869310327,2.342211031097908,1.642292016953385,1.0140878130812476,1.88821973662672,1.2323517601952574,1.3599250927351572,1.392774085893961,1.4880307793398186,1.8338420752330706,1.8749373734478127,0.6944446977223491,1.708085314175983,1.5123607881790988,1.599607823899652,1.26369545877255,1.1046562828722013,1.5526740938809516,1.133314780746748,1.1044738581326845,0.8114853968598306,1.6022876670864934,1.3548205777492646,1.7910625983328383,1.304236294810362,1.1961008393631474,0.9938291215236084,0.7844802329815174,2.1329102714776003,1.333150809171387,1.4852283109222129,1.1584435396434918,0.9555159566638884,1.9846168221284681,1.563592374376545,1.5099409867482596,1.7929397422832856,1.8074290971197051,1.8615198536752242,2.512545089392396,1.6010617958119888,1.3355131353510727,1.6467887389282858,0.6842838095032006,2.2366798547823388,1.2213973478756364,1.3752745275257316,1.542773558045337,1.3556014864335415,1.3581164234134218,1.7013230104064947,1.2940126016296631,1.3377650414646545,1.7051181822027486,1.1511072571404237,1.916190634749951,1.0940157815409184,1.6659143062558592,1.590870631075261,1.8455156654113958,1.0364103743147197,2.1087388532372913,1.3430973346278,1.968069436149866,1.5033284990105509,1.1266842910084953,1.1347801567007683,1.5751481329892647,1.258402036767143,1.1591815876627105,2.069018549503819,1.6158146658835681,1.4557795104973459,1.2452130480297434,1.3454720961911053,1.1278503090435577,1.6206368638080355,1.2214317531077565,1.7995525874264966,1.906548870119091,1.516456298637094,1.5510527117661463,1.6440928527863763,1.3888578984888342,1.5747838849409819,1.0471691636503282,0.369072462142055,1.247395369239553,1.3690700458683616,1.6834313934157699,2.2811797873940125,1.401551615802814,1.5232944815264882,1.8155335982698786,1.7489754222129474,1.9304403598778204,1.5462009349136825,1.1194860778623104,1.4720553338837017,1.1648515803434738,1.3145864366418665,1.063898332962431,1.1695794707640819,1.6992646644091933,1.5082344027377192,1.5671639831614268,1.9327315959416433,1.523727533831206,0.6811041649383414,1.5621069619259775,1.2672146997231306,1.8658184373214761,1.4340375177186648,1.3769393980693112,1.5264646498861838,1.594085739115229,1.8145372237167288,1.699173892664133,1.157775956740037,0.8609990050437332,1.3915609948313121,2.027041159157374,1.8128501972508502,1.7527549498688089,1.1583628176362415,1.0697861572823164,1.341994272665321,1.2475984572235068,1.5039269000247155,1.4548458469356427,0.9340613116189544,1.4476079844054808,1.3196959490552609,1.7076054433703187,0.8549726632057852,1.436923134718283,1.5152077578030705,1.2722919298190536,1.552412938780037,1.6651009839221347,0.9330547720801281,1.0633445872481309,1.4284233728580966,0.5934573883835808,1.681720454238909,1.1727276381578053,1.7310953090920629,0.9846861680961394,1.6689073833001775,1.596006213621425,0.9915581947329531,1.3767119157070755,1.4017877717183367,3.126704082198045,1.087219740961975,1.6413034417447705,1.6964736446601765,0.9602692246138465,0.9067707329854309,2.0453736049930145,1.2095737406349105,1.293622362624682,2.6145028526570213,1.4070617823640055,1.5557851974976642,1.0186077609560715,1.7136597014829518,1.2846194747481277,1.5332170919239765,2.261660470215449,1.5714149974505998,2.087058432308049,1.6540358350754856,1.1227611495644632,1.4614500833728523,1.0748142586891185,1.6920796687680484,1.617117372972657,1.3897684965813022,1.5018788553428037,1.3966413790136663,2.0074445707717508,1.091769815031224,2.204645312443235,1.8529223805450452,1.5042293486857656,1.2014624967445844,1.3886017741291554,1.745051380234037,2.125644705760822,1.7301123919905743,1.8029185723058363,1.188791588356112,1.057791694006378,1.322166263331568,1.766973293152907,1.6927817616069083,1.183592005321504,1.0446987400602388,1.2537229673014223,2.150402211217582,1.0105184169958419,1.579811449129332,1.4713823098914107,1.8707501296560562,0.8636942776654286,1.7765879185754452,1.1475139038914794,1.4606933691828567,1.9821617612134905,1.5369406786528654,1.254866237640954,1.2414943823831932,1.9657511579899074,1.5878062064704,1.2497852908508662,2.0309284635380145,1.1699735185051494,2.393695672860857,1.3672465395715565,1.0946036506229655,1.0690358561690367,0.9013919492164207,2.303578775004626,1.7126929778147284,1.7419505483546198,1.5148946785195112,1.224127296564722,1.775679057184322,1.2850061410445917,0.875626383966398,1.071594357209799,1.1951757247865926,1.6541536582134073,1.7591819672634252,1.2724366418660544,0.9382449965161035,1.5441626558837964,1.0445148220901046,1.1897889755119,1.3049855380823105,1.240107985604281,1.3959194308299192,1.1539432813549138,1.4970721507797653,0.9897058393206235,1.7740299462260125,1.9960016935547298,1.7614705287811048,1.9278868752459308,0.8150467395625016,1.347097043545916,1.369515328111747,1.9760612513010756,1.6154268581277293,1.6691097863001634,2.129843867065818,0.9338104920747498,1.5220246371573443,1.1809132676696648,1.938420060505548,1.8674635579864227,2.039703559974946,1.236730789570851,0.8706445341222995,1.8022128984490586,1.5734799442491856,2.1252606641666154,2.3120818131547383,1.1452592150347725,1.667589555468687,2.140935500788257,0.8742251966463044,1.0799170164223995,2.4424084192336206,1.188750912769933,1.2686075592189985,2.3373086761265056,1.7095430072326745,1.2096910682288504,1.1530814299390344,1.4751651431773267,1.2786862844872704,1.5542817687217494,0.793597525653051,1.880417073962417,0.9332001488325872,2.0211311766450444,1.947261267832271,1.5069307941767078,1.5431245209815503,1.1311678118754163,1.5949611230273586,1.32170746732454,1.03034168395351,1.0856244090414897,1.1577987240097238,1.5695480541630382,1.5393006854966702,1.154269247738608,1.3486079803278397,1.350156355159736,1.579945844388062,1.018250948166588,1.4621026361190594,1.7104567059048437,1.543145051689834,1.4246296792761777,1.0698930617447113,0.9913131563574665,1.5997956153746178,1.1390639522770813,1.7013310946531868,1.2709535137226013,1.4200123009223806,1.8200467806551281,1.7444622013837956,1.4910624729964057,1.5758404785310087,1.4836176752078643,1.5953226669112548,2.0078513574903876,0.992741099772513,2.096048865975885,0.9305119578674823,1.9454599786112572,1.5643802231952657,1.1721353955088978,1.0799667011525407,1.2857439305330796,1.1386398382894636,1.4890966803510266,0.8034899256645265,2.2707785771134783,1.1344103997999848,1.6147908260877948,0.9564192290794593,2.0240531251493663,1.5108474032391235,1.153399933670039,0.8941683501904303,0.8438930597650218,1.64301685936959,2.82081058703813,1.1758959495793042,1.7235335984004387,1.3220004987898804,1.881242043299209,1.4930013103024895,1.4015082855667593,1.2460608756837392,1.3128359213134473,1.5903741487186684,0.4898387053036648,1.6628763092769052,2.032856288807641,0.5198286498574896,2.4462744032375334,2.0168800496146875,1.4227210080020904,1.283702541997577,1.178595408468393,1.4218003679130131,1.4277507626239114,1.3284429174944345,1.8116481640218227,1.4395983422043104,1.506355736213569,1.7097948119442825,1.4425096468471899,1.7743766637027398,1.4462868790504433,2.3601426737360343,1.50030929389808,1.679097103798588,1.919342822048517,1.0775106490006372,0.9242351223705081,1.2672394389203423,1.6913882931802098,1.4764188981772526,0.9160841330824613,1.548495533196639,1.690124830704348,1.9410316510194994,0.9373251153604987,0.5610025749846114,1.7681820232808227,2.237098969618471,1.8096764838945132,1.0760644127692511,0.7168583138411526,2.8557508644863656,1.1420392285030014,1.8926698374025352,1.0820699710832353,1.7201752130955603,1.3326897077453503,0.7383555600318742,1.3870800185797212,1.7952630622059476,1.2086402740791435,1.3844241413399805,1.9435801487991817,2.0930995919681554,1.7545371316174228,1.3081539678734104,1.4832489667536741,1.597867497680729,1.1924587331465588,1.1449509524669825,1.9361904956127276,1.20728611440756,1.3342297919597716,1.4063709340564958,1.8328442356509032,1.4714982023976573,1.568165115283203,1.1845167969896886,0.7028045934539673,1.4506254571669923,2.052214561341049,1.8011627785138304,1.1481182214095291,2.132793699155234,1.423150620533542,1.6710005855868124,1.5228786371303236,1.6928883648337665,1.3199488629938274,1.146977299730363,1.1732548974541008,1.1023512387706873,1.426460661900508,1.0001798055733786,1.0965481660047576,1.345727333332977,1.0565754777575054,0.8455580205029484,1.3258943303455661,1.9672801462462686,1.935916124106794,1.6799305721187405,0.9157721585277934,1.069151434301856,1.1054493237210694,1.700081014027384,1.0868015760904954,2.467376088759633,1.5649042688727697,1.1583527710203976,1.7729879954228882,1.4892878249289279,1.9562708749351998,1.4529297277901798,1.3117058362475682,1.7400768797593116,2.3323114052174785,1.5512680488656612,1.2216373472676971,0.8320187599376713,0.7185228710720759,1.1617435597310168,1.5645378940669552,2.047546605975416,1.1849626144502534,1.6995299242682913,2.430757124909194,2.0881022227518184,1.1413439755412873,2.0254777059953133,1.4019218910014521,1.7145661710189344,1.4661411825606363,1.3672197529414047,0.5362013791707309,1.1417601107783928,1.519204672691673,1.269276540252045,1.7232175330579873,1.121311266492253,1.41170432586604,1.5852494305569043,1.6223136332341022,1.1724071810404213,1.8334447184077947,1.5352889254930753,1.3976260427433231,1.4476140397606414,1.10256424494261,1.6515828819602114,1.070151854753509,1.9178029132108636,1.9860323522730725,1.225259915588973,1.4245668559951714,1.8066263113750973,1.4927138656724914,2.067523895835147,1.709467257069254,1.430314731207079,1.297435410683409,1.7838591818188816,1.7162923310070526,1.078159352263178,1.69434477296563,1.797793466489011,2.0657184845761747,1.3234944466956735,1.5223976132504653,1.2811906442783907,1.6336816500203097,1.7604210752538156,2.123250261159867,1.2494696544335993,1.6924507523714107,1.2592304461042325,1.2017645082765438,1.3366669826533308,1.174180521874129,1.5980732693133852,0.5989712514230641,1.405016921880312,1.724375967116156,0.9023099357985153,1.5120090599410438,1.337509220134395,1.1594187828721156,1.331673124019519,2.4631784682719413,1.2851901271502175,1.53855981688277,1.5575896967387826,0.4715844899615669,1.5473558487480026,1.6628424024476034,1.8005982302334882,0.9336026693975145,1.5314475573347595,1.357758819042579,1.3449581366916101,0.861573065526085,1.0417091190439223,1.4047783584590046,1.4738004088977865,1.6887330357741508,1.3363017294442827,1.5759301160729287,1.5307821666005585,1.1783479681472246,1.0805119989636753,1.8007616599495568,1.8438113153781344,1.02025076089738,1.2099200313900578,0.7631153743337606,1.1362847251420112,0.9483351332944181,2.2318784239228258,1.5402462785938007,1.1700709617066665,1.643506585453999,1.8067480295291953,1.7107561701153826,1.4150112558754677,1.762497022389804,1.4532071535297222,1.3963479031145232,1.1813681248760404,1.5807788548986963,1.78780404003309,1.331718904537063,1.3470200942040658,2.016663318953403,1.3975381366125552,1.1751660094334064,1.4358868792997328,1.01181440468284,2.035093492663928,0.6298946480415235,2.5647573958094316,1.4774013017256702,1.4022903246822542,1.1369208626432767,1.2133039318743006,0.9325931828524949,1.604866811627013,1.1245607866527525,2.186245269944046,1.6213396425270314,1.6938993879281892,1.1631942853930086,1.1123264571519478,1.5106776331798362,1.6565142683203735,0.993054727351262,1.1138533965276252,1.863733667295178,1.2070629754879532,1.518690249154016,1.4794876625420117,2.0470730194067928,1.4305789024351023,1.550359815061054,1.7676544038661397,1.4357527888514854,1.533928903178316,1.5546682574560935,2.203641222548354,1.167049898764083,1.4412430296237153,1.5653949298085346,1.1432816224638414,1.0343828623789295,1.5188809657592555,1.7235372577054413,1.2115642854936919,1.7987855410670437,1.104178435260917,1.0034209655775284,1.4066719888873727,1.977331414568063,1.7835559286055933,0.9368874272941237,1.4854415203694202,1.247374601989873,0.34818174997735196,1.1432293746167366,1.4971572685880843,1.5232233566729168,1.3402845744145795,0.8985407359902182,1.9401003854778422,2.0472117317143264,2.215877326675606,1.3741697253307494,1.1753230859692345,1.1858375717462168,1.2557607849988943,1.3942503740264742
28,1.3619345085781915,1.5334006085899743,1.2400948499379303,1.1681613593163507,1.258731042910547,1.5223938580057326,2.5814452465439626,1.2339608395905146,1.5611342667623402,1.2579728501545862,1.5503524044040788,1.6221226860052684,1.4117555766053163,1.46770780535448,1.1764531943913152,1.2670879611068937,1.797955243362761,1.4465321352041354,1.2159473310780755,1.343999240222231,1.1821315044449137,1.6222476323011668,1.0146474169981625,1.3513971416224924,1.1965865553517032,1.3394275543239993,1.7714371491952825,1.0317745324380119,1.5014168136314114,1.8740942635496327,1.4705735988764017,1.4871365163713597,1.267790465920677,1.8150456458119373,1.162773113108643,1.627104468851332,1.7664858830286518,1.3890886620765004,1.6277246572018955,1.2021488631654493,1.3554017979175474,1.7823271671276664,1.1261434264087342,1.1764764751901429,2.4624696287473635,1.3036610649961482,0.8651937134162273,1.2669867690946,1.3631416578291573,2.6319754035091147,1.9142831657910295,0.9658926207604815,1.5563625790487148,1.1820451902139966,1.2420419569109105,0.8209962996449414,1.4394390131102521,1.3185642761323173,1.336748229724547,1.3260442748710712,1.4950735937652802,1.2302091126165,1.2937534219180231,1.0719400855087509,1.1499495642699729,0.8080870529599384,0.9481976649281452,1.2005732955461879,1.884869599794949,1.4747359613943751,0.9972038376505918,1.1867155916544867,1.3385314138612439,1.2219740282851406,1.3342801970551026,1.6728403354737507,0.8966434262578167,1.3473957387645341,1.0026367416421604,1.2362801903434437,1.5966972408450824,1.6442447474789401,1.5885128496524341,1.0732135742191873,0.9065655698702687,1.3133827818125425,1.2869797555806883,1.0559830734999052,1.2575086523804584,1.6298499855517081,1.4101984270429526,1.2512765393529288,1.2036516642612787,0.8441384426721901,1.6768138003078827,1.3853716806974308,1.2886600138082294,1.3675691947098998,1.423843539610239,0.9594256908616234,1.375331609256695,1.6539725215402261,1.5815780522859575,2.268701708992682,1.0741397433802446,1.2506442470527142,1.1762135183678581,1.212869965216112,1.2010786316034456,1.5897258806750156,1.542432493894197,1.6507526709046765,0.9498721243162334,0.7554590542143069,1.7639151319621453,1.676704519292083,1.6155841730741596,2.2515362548363282,1.9132345976789027,1.734976828784716,1.3906762083576754,1.909885732684333,2.344595246435579,0.9643529471085879,1.4506488313659256,1.8604217419646096,1.1202503283895824,0.6499828477110299,0.9991581920538124,1.2877200325681601,1.516169861106427,0.83602608812764,1.298296888921983,1.4924279518318504,1.8347931384636313,1.852551584770883,1.4057475914261008,1.8950796839066597,1.5144840171458793,1.9554863767261512,1.3307687180253822,2.7511340031525853,1.544009013558783,1.1586645286715411,1.2702773050058143,1.6907907891773928,1.281671557526284,1.1515046924572694,1.0305672066324936,1.588206465140998,1.4258547502285972,1.3171479318777097,1.5491521161676554,1.7033870574392567,2.1209216822066526,2.1153744955785183,1.8397037124999427,1.6158364292430303,1.5246532365704306,1.2420710403846391,1.3445928321768439,1.4883495079151152,2.0259821863900678,1.392445215205457,0.6535332544863427,1.5349919623271202,2.0268350800313653,1.0293183737218488,1.5803855671533387,1.5589867713738887,1.9748229647843418,1.7207875461763187,2.010388006097396,1.127513597295845,1.478737955119496,1.3073661514200103,1.3187939547316885,1.2940601455145395,1.1009281562792528,0.5566481098140338,2.2764458903877367,1.348273091738309,0.8707377756730301,1.0866212245973614,1.8240010587708515,2.4383325023696285,1.4995803063066249,1.3124451481123192,1.1433016527057853,0.9234200566559159,2.056183145035323,1.028448136672766,0.7698356752329573,1.8833250114598692,1.1406396416395839,1.5300844654152232,1.617954355962281,1.2370717917852732,1.5951129077711985,1.4562430626183966,1.1392734772253412,1.4519498610322743,1.6840047652478107,0.5958401245874282,1.5191944256538275,0.5436443614839095,1.7235640493689186,0.9127653946576616,2.24574868349841,0.8856165938573676,1.0722411445492361,1.3971536534033342,0.9810750163060221,1.6749749411339463,1.4355623701432236,1.241530941030108,1.9520832985133105,2.163378862411343,1.2448547150300633,1.5082997497057984,1.2567889507413694,1.392538940094481,1.513054787220792,1.3773615828362729,0.21804120744392616,2.080644159155456,1.77408990063056,1.1488102075853992,1.190491692926071,1.8697421025643441,2.096085929329286,1.3384560122411235,2.5625606278109383,2.596934243076632,1.0603277865226268,1.4912007632105522,1.1967983759078593,1.5519722365690154,2.031100285093353,1.3971452623956628,1.9166288123868824,1.3956301725530955,2.00198875505604,1.4647270975870932,1.2808064643526957,1.3210457318299316,1.6847891735199694,1.2506137954952417,1.003579921041989,1.74852626158826,1.0143942114842688,1.0532140347133936,1.4369693640600816,1.1076352833445045,1.168288430597872,1.4198218355914496,1.2965153697760345,1.5502566041906456,1.3839880962839328,1.8048127395206794,1.2055501205401753,2.082197925249297,2.1018873612471074,1.3722909941638908,1.107912288269936,1.7409689929109047,2.3839309771160146,1.9123525793207388,1.4664947220300162,1.8514359383464256,1.7247669119517892,1.3684556077875851,1.3681800695560336,2.131352905975638,2.075666414164495,1.5164592606766942,1.6979163144070697,1.6639472961732693,1.2183617823309028,1.9888940714683754,1.5101642939185136,1.9967738400404467,0.4797151563967985,1.9654741260820896,2.085859665276175,1.1868227385877816,2.0358148983065187,0.9635306674766986,1.8396909506065873,1.0852895522454316,1.6211105474082412,1.444112615667486,2.0218448970633864,0.4113569381862316,1.5502041182795447,1.376680350295055,1.2505998375458003,0.7978818155658973,1.4979650234752486,1.1834029398714105,1.7817299175811532,2.681559040026597,1.5539905320246465,0.8722194122086642,0.9956666974139716,1.2937145414046074,1.3276573178239266,1.492278237026918,0.9406782700368055,1.4100580343364888,0.9643191108545792,2.0149667815218253,1.4583882512741826,1.148960031882802,1.7875445873444842,1.848429205758105,1.3561906922076608,2.362933506139195,1.449603056604076,1.5549138291337024,1.2761040051315868,1.3632593194366345,1.5794406389927171,1.4513487727514995,1.2680906517470896,1.6706460497792595,1.1479006366888833,1.0840043395149694,1.4873957664249533,1.180889080024457,1.6029945399893188,1.0472205975489217,1.2941708065579627,2.7760712355112207,1.1433089722282879,1.9619346917572533,1.3847457301994084,1.8861439045029846,0.4969849005428169,1.4547891606838843,1.144983169195215,1.3046705704861254,1.522226150327323,2.406676596511348,1.1357568845082886,1.9781542705858004,1.6122143847157768,1.5519144769491648,1.4445268606049524,1.9168928932884601,1.0082912628341147,1.2210224422842335,1.8574327232395915,1.2446856455893405,1.1700670939924558,1.9417102777976525,1.1583312740502305,1.0199238581338839,1.171001890021216,0.7843052267623413,1.0876335578743495,2.227134491712871,1.5534590007591285,0.9996539247226068,1.8344955741585562,1.0957054983131722,1.4468596192408425,1.4381915609974083,1.5592679804170892,1.6187751277662599,1.930553181196939,0.6872330317952201,1.917171417920919,1.9433084902987037,1.2519421935284254,1.2982396207184617,0.9906451998485978,1.5646699957779375,1.1774986840761879,1.0615232378821549,0.6411360766558345,1.3016583430838846,1.3582830769306116,2.1187682628248323,1.2942621523500053,1.1686144261607994,1.3006238811728725,0.6656527716825371,2.52765058196261,1.551021600530835,1.6205536381210544,1.508089434690293,0.9699123582259289,1.5814282886551583,1.5078675645617312,1.6258016447854307,1.6913477627247522,1.4950993528236323,1.7165966822790644,2.5437998522821013,1.751449117694575,1.2403047337719655,1.6573039567437113,0.8184467004141709,2.1164705338784424,1.0861494079240588,1.3482050171444118,1.263407050286141,1.4699183119292165,1.6919413832215557,1.657136611353128,1.3851739282675972,1.4011611168313136,1.7604236418092714,1.1307348122618501,1.991072553491161,0.9629104412603622,1.3800612837699069,1.8137714433684853,1.9077905442419771,0.9687630771008438,1.953308930368757,1.3211464530462207,1.8184377636517657,1.305657733638383,1.0085393388411397,0.7841353077847114,1.2394775902646833,1.3608496996193078,1.0930079769332328,1.8566274035870165,1.5813470637432652,1.4612285090100265,1.2510007496284712,1.4349313517067723,1.172088874874589,1.484044837899746,1.6512337170995572,1.8730214178240903,1.8687914829640553,1.2810942762460273,1.4644841364397188,1.6531488620038763,1.3456238031754013,1.4520386932815759,1.0892283327387,0.34909095135315743,1.7506269751712256,1.5236157727357516,1.6701676592711885,2.1020953729984524,1.385328208702779,1.5225452423341646,1.637645681378493,1.5215057658033415,1.7527468912899562,1.2751020776172246,1.0485208271786874,1.3800056025927612,1.0866616487187488,1.364484867502719,0.9634454139608637,1.3217384085389756,1.5115138154174401,1.3472048230772122,1.5373933796606813,1.7957088699768886,1.297312979127836,0.6458626928174636,1.439561770479056,1.2429310185734805,2.088010254836082,1.3794633683018107,1.3413518346301379,1.5284210138405074,1.7166201185780638,1.8613193448477865,1.7748046079879627,1.1492728987109202,0.7986641094930437,1.4343546508779064,2.3155049688866907,1.701338645488955,1.8564131074351788,1.2405626708712736,1.1377529427520534,1.2639047541700736,1.3869662120893518,1.5736252821172454,1.3583985624793378,0.8883241683350698,1.3617046736363643,1.3886235150049386,1.7859986146551765,0.7473043993435209,1.6777499030951366,1.4653533349045242,1.2751361329602753,1.5852021324343681,1.5553838960592887,1.0062421304719589,1.2731268874645287,1.382289786885832,0.8568898967249502,1.837451169128,1.0790667499541284,1.6797766433794368,1.178030837178003,1.799378697970077,1.6928538822646717,1.0078800425343775,1.3957269088701174,1.2809833406062057,3.186079541502266,1.096443872550835,1.5753700385525558,1.8520954213896121,0.8968140323328578,0.7903433282369149,1.7275442592667576,1.1269036490059867,1.6729810845473467,2.1325238999946703,1.5147665211788666,1.5711544879078407,1.100000321086714,1.8249916959128243,1.4715759477442172,1.5764776724139147,2.331975249571058,1.6171621726829921,2.005508642709704,1.5898979195500669,1.0989141398868265,1.5560901717054052,1.2668130860126927,1.7841045657636119,1.7768109126848861,1.3795769337754895,1.641122798228157,1.6430582411287347,1.7386876750538127,1.146931244036939,2.3379973140072234,1.698336992237492,1.603598024746645,1.4569020762883726,1.3524615459851035,1.4388198590869397,2.119838726104203,1.8586667284525935,1.7433298681679807,1.2004718144805824,1.2214380364209774,1.3269877847729274,1.9053457085798946,1.664042635804437,1.0248158885142726,0.8778294705249865,1.3519177620513756,1.9845572572761712,1.0292928502964818,1.5337882789013773,1.4071008350573535,1.7342218727894192,1.0706399091999412,1.398904468852948,1.076590598131688,1.3941956846423655,2.047098250101385,1.4219771153833856,1.063111822362404,1.177871936890072,1.8812286274446053,1.5393912548328694,1.202202363298204,1.8525305807493275,1.1914495560321658,2.727128584553575,1.274861782286951,1.134202288762559,0.9897742646321075,0.8833641010018395,2.1339205318812735,1.7022879292810202,1.8377540901960232,1.579056996835407,1.2833722147692255,1.6211257341248013,1.2836403001962036,0.9881948307998781,1.0001878874549661,1.181765470212842,1.5613620472071412,1.885321013343768,1.2343767818042346,1.022430858102476,1.1868113750243916,0.8019944595135955,1.1666020754985387,1.3040153628652362,1.0108909621000681,1.1988412291771933,1.140164837470302,1.7026810193706376,0.9944483863027904,1.6386430204773137,1.7751174353608277,1.7803262996941611,2.0798347363656164,0.7921189390819703,1.2009146273968678,1.3345421617673376,1.6598048976342838,1.867083848722774,1.4913808899761278,2.164737952087264,0.8638261499184803,1.5728996489944809,1.1733865170160391,1.9023249129082893,1.588706936819709,1.9141007683073523,1.008500237774708,0.9204868089372112,1.7417515845207467,1.5387320626536432,2.147162973200163,1.8707133482692062,1.17515250350335,1.6391777688757467,2.1656054411679833,0.9274198183188038,1.2448666076974877,2.378134254447934,1.4063490390400246,1.18932892078291,2.4396582694287554,1.6207330348485067,1.1092603635181735,0.9388184360223433,1.4165153374888741,1.2822351424627982,1.5940733282060848,0.9169357154436872,1.7634638877748114,0.9945965436707297,2.1927420042058436,1.59243530791016,1.4251758636638774,1.4077620643067335,1.3030112670341016,1.4310740034214913,1.1861855308346967,1.0580343493917588,1.0479793622940186,1.113047659177242,1.623828694304867,1.5471481901963693,1.1930783086422805,1.2738338657506805,1.2669742235040717,1.6973574246711238,0.999580813554418,1.4370774946053095,1.6980922633528435,1.455996523586276,1.1870394092223977,1.0769228251168963,0.9348355850962073,1.5408879562143196,1.0826880038694384,1.670253456521238,1.1589375919354374,1.5496353015250948,1.8406700383904544,1.978296102506426,1.575506919312453,1.423431277218654,1.5432186419786031,1.6377820942931822,2.159358186363491,1.1785139760021672,1.8972069516379022,0.8853521560813249,2.086645749131634,1.6725310482795088,1.0136248421477323,1.0436712059026787,1.3049593238740798,1.1896509480661466,1.4256639569300291,0.8289069298947764,1.7708393749973987,1.1360613958263404,1.4525611090474913,0.9366637946838338,2.06167821883534,1.4289757371752059,1.0983380673600358,0.8491009063012392,0.6264112735126623,1.6382450062231473,2.3406231611758384,1.2424113704240325,1.7513851786999985,1.3433180781679135,1.9306106190118295,1.5577430997648796,1.521961519626024,1.2855570212231777,1.2981406249938476,1.4023611705655221,0.6358344754883004,1.6030968366024658,2.1211724927802913,0.5438466257244027,2.18421508711078,1.6194975252747958,1.2219316490935683,1.4141367135126655,1.1481850491111838,1.547351751596073,1.4460819448079694,1.3700118026013135,1.7350848513686121,1.4484211895218961,1.4756305769548659,1.720166079123986,1.4070171287928925,2.2251092015960325,1.918679026563449,2.4511176662899374,1.3915789524585627,1.703149025529769,2.0664299528045835,1.0978819220217126,0.9558752972626763,1.3359214980003618,1.6543099327144482,1.3723301711886422,0.837643487601553,1.5960181198914976,1.4665457334678578,1.7121956886190444,1.017952798388385,0.5953091808351438,1.5826123855163317,2.182740593736645,1.6082016696436474,1.0511599557274505,0.9892257728495121,2.4332365666606046,1.1122590647837298,1.8632853204962017,1.2632344151162218,1.6933662606321,1.2862259262850906,0.7080409204946673,1.499095658479074,1.8742105951678403,1.2172450038096736,1.4123152842022457,2.3987339318429965,2.4641114134521303,1.8754824291338263,1.4161447671787237,1.627660412398419,1.6130293265116045,1.2391876252413667,1.4222177166383454,1.6212727295242644,1.2871085305762702,1.239537801172756,1.4616416991270251,1.995892427740093,1.6180998844587553,1.5800241118382754,1.2457411010681256,0.8695742904002216,1.4399521811631375,1.8172568723010964,1.9121261667422127,1.2241743936647298,1.8528966837558145,1.3687629852658598,1.4759475379939544,1.5980799817063263,1.6621518698838493,1.3529618724940649,1.13555159279974,1.1370164837965204,1.4099772849044367,1.4772185362226478,0.8219934639471216,1.056924851058545,1.682289110127382,1.0444831409137967,1.0201839411353792,1.217684281284743,2.2956630834494236,1.691312860590178,1.2443796523364625,0.7149830140562837,0.9231937212392647,1.3173296440681126,1.5997628318806847,1.2849753550420875,2.6477029954572195,1.5655436926650967,1.220150883298437,1.5232845788944827,1.3216530010620602,2.138817538290554,1.2859383347751683,1.2624730585908703,1.7374294399779875,2.0178943715738926,1.6160166441284125,1.198434262527478,0.8678491049095214,0.9020060375782848,1.3602572442844538,1.3141831971967968,1.7586589489024913,1.2282715793052215,1.6094925208657433,2.2666861840370394,2.2598167225087997,1.0624698477836707,1.7409760186482064,1.2936345507881002,1.5865162729271325,1.4496396496714041,1.38892481746238,0.9917111899413564,1.3582830316684138,1.4191928410626615,1.272455751570456,1.7991769196330365,1.1661732089356722,1.5748518852869304,1.6020315554245113,1.7059598832304204,1.1329844852166664,1.933427914583607,1.716559422080611,1.3774964567508303,1.3488255598442782,0.9470932178833819,1.7750282005183944,1.1329069673996255,1.8650336958842464,1.8885646494824844,1.2504544541956215,1.5429307501085927,2.142994398671304,1.7848621014346642,1.9689367436446517,1.6909996171660926,1.332938485625288,1.438638242173135,1.6916337575142122,1.603696442636603,1.1542093251766838,1.7087830698544544,1.7843452923792678,2.131610645971922,1.4758184557007064,1.9725310045773081,1.2882222694686891,1.6464453178625362,1.737047816616283,1.7096856080778904,1.3884445736926543,1.7471986789691538,1.162229760885118,1.2289077964950703,1.1493244835387624,1.0751473048022397,1.5834821485197068,0.5637318903470037,1.4404992387651483,1.6533691100462846,0.887452228248419,1.3764755519693572,1.7276161115705677,1.0922007679379635,1.2569995664245068,2.5091215262858633,1.2222782903409248,1.2964175327319314,1.66940081003694,0.45273549616128284,1.3484232529684115,1.8224653148746506,1.9142089042131902,1.167152551409158,1.483748470154907,0.9738217330459251,1.5935444910278715,0.9242102184970931,1.1580325553291213,1.464495947052915,1.1756996599124245,1.4483867901491356,1.3705317968240505,1.9311635124558675,1.8084314694222385,1.0302152271162919,1.0563013365863883,1.7083764664569456,1.6208444186325068,1.3457271742402512,1.1211044147654845,0.7843502502623954,1.0986526973034954,1.064445412535072,2.3309216418421723,1.3402134966241435,1.0054471788278743,1.6698990275730075,1.633303789929373,1.7008142060541545,1.4487508835126688,1.616391141329381,1.5621606886096067,1.4665025655850945,1.1284959601744926,1.7467417013129682,1.876650849664274,1.4391761982284441,1.3283121716756794,2.031681319515296,1.347060154215776,1.255481356786144,1.5589095738700975,1.0024574940559206,1.944911827927225,0.9450660200384884,2.366903493286318,1.4255842932715528,1.3854318078506758,1.1758929353887706,1.2650227184642104,0.8730610537944578,1.650030470530834,1.2860395269304705,2.150552795897454,1.5905167687966677,1.4134387596676938,1.3928295792370553,1.1310745826553923,1.5203701798887206,1.8070564410886716,1.0434991757068568,1.0957787481864498,1.813938646182097,1.2695420301863756,1.2610691417400828,1.8340309645151207,2.0222708130592166,1.5203382968764558,1.6686723973802553,1.5723062220425024,1.4004130465775337,1.4132180369214424,1.535743364855475,2.1596482730512037,1.116683328762202,1.5846916051879352,1.3644146568798416,1.139512562933521,1.2169908988088651,1.4022911295192968,1.6879554689907217,1.1611019089072703,1.8550042161722784,1.2026846761844177,1.0555722158873129,1.6813388428353437,1.9212924908501363,1.7556196188123525,1.0148768254499316,1.509663339315657,1.2172872293981363,0.42231052175933037,1.4221174492523607,1.6211834542095014,1.675076320017119,1.485477732182985,1.0463525951634063,1.7987096084502086,2.075361488943633,2.0783344162793878,1.3814617949177008,0.8802281884214832,0.9817688617182946,1.0643774600738152,1.3380305980691336
29,1.6139811766730445,1.6038623874559894,1.2500364554170535,0.9845165450487141,1.1502743437702636,1.4690253273880312,2.614532778475941,1.4258613793363137,1.7782582516121732,1.271906647679216,1.2071584448055785,1.413135269033964,1.5632378308468722,1.4661301025906186,1.1269312040737893,1.399208000293334,1.604100680275243,1.4076832974910138,1.1074081282766381,1.2296784894319663,1.1997843543087365,1.5838476164021302,0.9412278802147627,1.4334765504364313,1.306814146006778,1.1127095182703497,1.6595675595922994,0.9141645599436463,1.4891970409231536,1.9630396736159428,1.538948297196488,1.4491772179365394,1.0707086090698998,1.9042148978158662,1.2349132519096173,1.6288345867754974,1.9136422370797601,1.1058781055134475,1.7424012883203772,1.154951144198829,1.2379593566949547,1.5902170011240457,1.1324835015820383,1.2167131912249576,2.0386631189711886,1.360189826397198,0.8617232319899095,1.2928954421270138,1.463568740732399,1.9671889006999679,1.9887586752501145,1.0551838420808237,1.6298548467609977,1.181342906475506,1.1732450713445535,0.8467477749486417,1.5802262168669667,1.2702331007993166,1.2916402624510113,1.6074350459132092,1.523927144406386,1.0604369037945371,1.595289478139538,0.9998022574955574,1.0980223809703458,0.9061760019069431,0.9000753721764139,1.105020137937361,1.7183662093156136,1.3318827344871451,0.9985957254436055,0.8513362634994522,1.3840607152989857,1.2729443816228596,1.4330909939939989,1.5546268222740436,0.9107698096622846,1.2885529129849818,1.3535074996345595,1.2137396856226477,1.504262857701276,1.7330324058005453,1.670719969678765,1.0584357097202761,0.9865413744790765,1.3557525981216583,1.6587459780875786,1.3692539204824061,1.2421789511359167,1.4445836402011594,1.458041033062464,1.2261127785708184,1.0840343489965771,0.8257142121170449,1.5607170288939582,1.5953601543180738,1.140132530072525,1.1391627042932098,1.5856161462513008,0.9367726543353111,1.3319799266215846,1.689363019750846,1.720189251626116,1.9264755616930125,1.3691554602972564,1.297435766748007,1.2334956969711985,1.0194891293173172,1.1554317291851004,1.446700645137219,1.564022958420911,1.627713491289095,1.0980089775635404,0.651933328855419,1.8961959930691843,1.7022278297016376,1.567974517612985,2.0146595547478077,1.8393741806019834,1.5563908595915332,1.3366940106774774,1.843144870877093,2.545874305922175,0.8986965791966895,1.6120379047522684,1.7832054652203113,1.1379378917695082,0.684851693621478,0.9957912829589215,1.320434274389643,1.6460817714397638,1.0920198378095964,1.214614179235928,1.5386858329060416,1.887288845206275,1.9916642420238713,1.5060988313381913,1.946081788791192,1.5164387700384734,1.7178223142278979,1.3864743816080938,2.6513338933774167,1.6045826094290705,1.2601103485619132,1.5600168966420545,1.6188977006060057,1.1315376306328262,1.2116689224676895,1.0131530029774218,1.5810559449004624,1.4374234240268384,1.502411477375205,1.6403722177892026,1.6670700070109272,2.0980790883908536,2.065995387056913,2.058303532941866,1.5946018612511397,1.5311583804265454,1.3652610845448687,1.4916589300509815,1.2031796175353455,1.7990320741068766,1.4785869485600012,0.929877778149431,1.6170391387373355,1.794190322040885,1.0838995920594257,1.5500126772260512,1.6416666515873586,2.096008304721419,1.549690261190991,1.9804648961174693,1.0130522142777647,1.3686017251255307,1.149252179601192,1.5658125597706454,1.3484952214825296,1.1634652093276205,0.3507888335043893,2.4474399795037245,1.3540487304889264,0.9236950001856212,1.2209385968210213,1.8452629536416616,2.40412263236611,1.3228382636013585,1.4189274978236601,1.1579950666755021,0.9147628626181308,1.8975662705446905,1.145771711189534,0.7969042695885772,1.7409581751122123,1.0633618105971454,1.676766444869174,1.6611624961284162,1.1090029870352862,1.5195000723530074,1.323155946301393,1.23211563995446,1.3326621378906074,1.5039844564173919,0.6340448356572863,1.7346042831180246,0.6022359910817298,1.6953680107022047,1.0165409803198693,2.0643423929000666,0.7906038880556439,1.2289557856834423,1.5470320965280817,1.0314914884728776,1.5476385651901685,1.2761950029047644,1.2911629608481223,1.963895576361487,1.8958175000725184,1.1905079190244559,1.5112821740712932,1.2096970414839838,1.7207640842663325,1.4525239702978199,1.32078684161962,0.3270618111658892,1.9464411225867726,1.709477835015736,1.195211953050512,1.1321891432476048,1.8779635161020647,1.8274060095060598,1.2945219740643978,2.4199574901413343,2.4285350277526505,0.9406965613070187,1.4687177863129155,1.2463129509209865,1.3654129337236398,2.247868247648552,1.3673363968853651,1.9449034075682539,1.5975192992052691,1.6540875116964346,1.640879972799643,1.3139217762250976,1.214028721608277,1.6407540269723686,1.3288519881104075,1.0414079132116574,1.6995955231364355,1.1413843213502948,1.0419922720494517,1.5454954450562068,1.1783733324981966,1.2607798961548804,1.4094919313819605,1.3810131972080404,1.2834916216822618,1.2206112127693498,1.6066741665709658,1.277501373469602,1.6931036555616694,2.122518988333753,1.438600718360759,1.1667715888991004,1.5304346939106392,2.4509447940165257,2.0037996865660483,1.6041062408819007,1.8253498759353497,1.6592320251718002,1.1937458972981227,1.4499970607946568,1.8832385082419483,1.9168490870578028,1.6348426173889359,1.2841692134362643,1.6638789200786674,1.1599410641038426,1.7003227116504545,1.6130178903958186,1.8025916613508064,0.5682531174386918,1.9835626279149676,1.8144299560586972,1.3340292129075122,2.265830472332647,1.0374996966645655,2.062299110970814,0.9900514045980562,1.5779448775235676,1.3588553821195335,1.9330093101696089,0.37307792724210004,1.9061558617293868,1.670063794141217,1.142202163756128,1.0786580942754962,1.4551962193680186,1.3371249171286506,1.8294819748666267,2.380211871478292,1.4913622281693457,0.47212964674949265,0.9910634050625893,1.274182558645377,1.2179052566959054,1.251873613931908,0.9218457130200222,1.4416026455925235,0.9573008197057485,2.0527590338196147,1.226732826890002,1.3247962128243675,1.617126520897078,2.035297745964902,1.3316084781612982,2.009360421306881,1.4736045780243265,1.5034606715555685,1.322219977581878,1.3011071232617017,1.9667411174128904,1.3620874847919433,1.226466791933752,1.6277362603812635,1.1976142524024354,1.0183969557783226,1.4566794672463923,1.1533097732886848,1.7175368719343573,1.2615097400758324,1.2727682896840142,2.6591224844512986,1.1124948476186276,1.8526491195232289,1.2420506189203726,2.056326909637323,0.5306970624596558,1.4405406848724154,1.5038950611082962,1.3057575309883833,1.4808794805819812,2.269242153190434,1.5183031718657654,1.6774313116549942,1.6627990772892847,1.4310139782310856,1.547268190685069,2.0354031506551373,1.2817848930866291,1.2465896811265882,1.832029083093278,1.2942568002347943,1.1736304974349054,1.728542615010586,1.1737607103321341,0.9313362442874101,1.2291604159706568,0.7605653171838798,1.0292317880204238,1.9499609322623925,1.5412801602176103,0.9103401426665199,1.8196939024354664,1.0658089632729946,1.57207359718867,1.506641451692588,1.6774402910349786,1.526023811691006,1.7384174014817102,0.7733908281480364,2.01545891771736,2.0833430766056176,1.0408016062213534,1.2829461625906342,0.999835931393804,1.8404267906429006,1.2034579720247038,1.025508622806225,0.7897412140673823,1.1440412786620513,1.3293063956664515,2.26013068485814,1.2998989873310753,1.203965697044914,1.238396386808569,0.6560106886639884,2.413368039519009,1.471539400397866,1.690088425889059,1.6464930405801663,1.0707750217869894,1.2345014270212804,1.4878157860662877,1.5857802698641423,1.6257180832222962,1.4952662402466497,1.7529208686424793,2.647114277605338,1.6510913553645623,1.5059312377001215,1.5598541395357157,1.066703319949491,2.071558191387829,1.0915406058515889,1.3059584697371434,1.3888857023754961,1.4354873771465504,1.9894586216901406,1.5814907211741156,1.4845417201138362,1.3784729837583407,1.6151324186662817,1.1648806106533693,1.990031385626685,0.9945056881511622,1.1681628015771663,1.9698344251408098,1.7367598788807863,0.9057280761744331,1.9660206888639207,1.265264108726413,1.5778587725294968,1.3392987682813593,1.0784818369130844,0.8797421313651971,1.3365549432213117,1.4480763233758913,1.1041886780246617,1.6922960200031387,1.434341687830794,1.3985573792688704,1.3314248460950664,1.5152927810095627,1.1472047384326127,1.3081528900959913,1.732424092591982,1.8392628493998302,1.852531109003572,1.1446621113595246,1.375078741399698,1.7091313168844324,1.5556099374007115,1.335188569340298,1.4534382838224154,0.3462597886199065,2.021440007536517,1.6014516024931782,1.7988745775880046,1.8042716231066183,1.4314955828030207,1.521768560524306,1.44155968544541,1.2787411198960477,1.6213642879403072,1.1059182089077173,1.1381094728545569,1.4132134918631822,0.9649726496229339,1.3087241203594404,0.91781575470006,1.4937163531946334,1.464775822142458,1.1710552104554863,1.4115084854325777,1.5805087663147503,1.06509074802097,0.6928792759592273,1.3863933143823326,1.393096271129253,2.3325365120003063,1.489797058661555,1.3394567842201777,1.4484610217965113,1.9081761196843612,1.8948314613518664,1.7245456400963834,0.9572335051633671,0.7778400122586611,1.2986432382197122,2.5122042429256064,1.5490785126993003,1.9036872517606733,1.3812060040394378,1.2115745399223563,1.2932797249108883,1.5471350921596694,1.5863980416004937,1.344156111293186,0.8850177563983977,1.314164840520826,1.5280039762357398,1.7777234708389202,0.7139379666360929,1.801688263737757,1.434729157649749,1.412589117184405,1.5900903494054652,1.4176881835556265,1.0826017028185875,1.4097175682336769,1.4827355059165699,1.1812828834571611,1.9092836630538903,0.9641094829249195,1.651195068176207,1.2557197997301808,1.7622381769288582,1.7207353887543473,1.2261200264258272,1.3787052631199208,1.2079293823900976,2.9812834435423117,1.160039433518711,1.4935427504075556,1.7138490672619202,0.9626510751411951,0.8555733153225539,1.5222638747213866,1.0740131195303129,1.804302756084025,1.7892867042778247,1.7242173777810013,1.5082330651159301,1.164105810076205,1.8192957203425668,1.6100850286262633,1.4836270859856922,2.3489968601294593,1.3710882518929794,1.8402993007562305,1.562598913220559,1.120648677974297,1.6562805372584297,1.3850868243860508,1.7729059084069057,1.897983254856341,1.1555564428447536,1.8841969404878591,1.9698405814116877,1.4448297491220015,1.3063735022300529,2.4713512066028516,1.8224698212330863,1.8618639175891458,1.6314820671714845,1.3234689230396923,1.3596835301611556,1.8916590636039574,1.8425222560830024,1.7000462214006151,1.4405463658732174,1.5383791609179136,1.3352235638356282,1.985515689842427,1.5755117132853091,0.9795081215803114,0.7516242802937827,1.5887011050324322,1.8000690444166312,1.147538478201359,1.5825133128631361,1.3886142131942054,1.7114031099646243,1.2913612968624535,1.2677674409728286,1.0203368441756584,1.2441559568877523,1.7450582740487783,1.2101917755179887,1.0850683303368558,1.1640204073179832,1.7352569757619558,1.530982460885974,1.0328043666461992,1.6163896946560738,1.3929030330489591,2.791702391485095,1.2659096715501912,1.2208208762209543,1.1051630313225584,0.9446587445490597,2.0278484179355702,1.4504152270429898,1.9506691342638063,1.5586893480189987,1.3823591088970772,1.5029609016116718,1.2369197652779669,1.0769255756110587,0.8979173398961517,1.1447000341601343,1.661944014920063,1.8728729836213893,1.2100918769835523,1.0883315345969378,1.0912762731779848,0.55030812194152,1.3265769738403907,1.1967801019594984,0.8364422175127655,1.0761110366773419,1.1334013968294006,1.8571852389162045,0.945815643574982,1.3514111593003348,1.577466201576463,1.7039681986025976,2.0796632940154254,0.8249181947419153,1.0251171048971628,1.3219644918518885,1.3700310424827673,1.727977253152173,1.4654370951477764,2.010441488482805,0.7564877538128045,1.7163500985579423,1.258227739164416,1.6215211390534692,1.3794945694914964,1.6817364517478555,1.0079350362078647,1.0138664310643986,1.7530799174124911,1.4844137834616657,2.02220295036514,1.7107431962113704,1.182548200077635,1.5963323473264475,2.083053962673797,1.1213061152030455,1.335868251390203,2.2397380539060707,1.48850590071448,1.0649130226501597,2.2960662333941593,1.5164664472043694,0.964134932215692,0.8461472701133802,1.3796136913396473,1.349030287034682,1.6123012246225543,0.9013777703580266,1.560755809957861,0.9240878869040714,2.325192945044109,1.6122024392042786,1.5460291223237106,1.2948330536526638,1.430256142659016,1.2356214524964708,1.0881588463076197,1.0748148439322958,1.0992210149078248,1.111660380553368,1.6256089342241813,1.493989185307516,1.3065852489289278,1.3790697349538683,1.1984621921232215,1.8064755175180167,0.9799521794499734,1.3103706273666815,1.5847724674864412,1.3792107106090565,1.0290393593506408,1.2283090606417126,1.0224216604264207,1.1560478989640806,1.0291539356794432,1.576165053806416,1.1957871872681556,1.5974900411059267,1.8348317419431175,1.913710470706251,1.5236211156736603,1.140272584507887,1.5105713852384635,1.75493365501254,2.2362092286236366,1.3659801571927592,1.677113717077765,1.0006693274315424,2.2141890278889718,1.7655101607230348,0.9665319184362194,1.1153244602685861,1.4025041829792135,1.2577427982021117,1.4143795361360616,0.987494079149338,1.4125600144847374,1.1207488414670628,1.2137682843144153,1.0438253838678861,1.9680216371869153,1.556490083861437,1.2748733951257738,0.8394414792060658,0.5595170943111603,1.6877820676185662,2.1004545999595483,1.3675928239090058,1.633817363006937,1.316987283542392,1.9927644104248374,1.6971950962355866,1.6334854533967984,1.409462088263502,1.2992812781520797,1.3564086948975187,0.7746175573826025,1.6872445074906424,2.0951408926367625,0.8145322589670234,1.983013737857538,1.4441531144328827,1.1259706152836393,1.4727188319251519,1.119423534964135,1.862472279110769,1.3866316488840296,1.2135375266195183,1.7245284478502991,1.4453171516724592,1.6448953750946602,1.7225082425349147,1.298219934244192,2.155512101463578,2.0483242130818606,2.4198848320630404,1.4033472026272278,1.712365249532384,2.254825873752666,1.0811017374707224,0.9259409877309694,1.4714854193725198,1.5727618724329069,1.3414293371518125,0.8494186618402375,1.5299641254322855,1.3640368751690928,1.6421145077445292,1.1921478902888798,0.6903145288094616,1.4774562597937795,1.9633951295125431,1.7926442701232304,1.0570845806202187,1.4130113538730988,2.0916884779399645,1.1739799317626813,1.7214697334344597,1.4666820527050248,1.6099037921639896,1.2490575801247683,0.6684267424354504,1.5700839255317902,1.7012368476693496,1.2983898234262332,1.4621390592071077,2.4266541654770286,2.2628029136087866,1.7278474651077402,1.5873809242938557,1.615105352776419,1.5519303730959706,1.2572970293522847,1.6088683738961618,1.6814466059355375,1.411673779269445,1.17973359107741,1.711968440192617,2.0568364420580387,2.0724397513273063,1.7325427948993195,1.4560602951977772,1.16721500027035,1.6955241100429101,1.6031089704247206,1.7798392784907788,1.1692468625647743,1.4893043285361331,1.397534937840081,1.2802518154090567,1.6521226574688654,1.596976380284466,1.4163025528419633,1.118368814575822,1.2869540271495183,1.816144128673792,1.3115323653926092,0.7511421880365375,1.1431269842017593,1.7603350828981248,1.0763966201171151,1.1809710012821975,1.2095405560336188,2.351437947594501,1.5240266017380526,1.0683450317486964,0.6528329986123949,0.934458668939618,1.4249303175671715,1.5065654204681196,1.0231335127871204,2.7709394308413633,1.5526961891123023,1.3589507268605971,1.5015323026799623,1.1579547408116266,2.1364179118625826,1.2044858841905541,1.3429483034477305,1.6195887639946052,1.7286581670528431,1.7400071751602135,1.1712477816740792,0.967027021328543,1.3073861357521972,1.5857193746021903,1.0216972791797363,1.4608530707269045,1.3236509851424085,1.6093187300949094,2.3044010816179963,2.1638437152948744,1.041472692860123,1.5926833484929346,1.1232519522846256,1.435079451771366,1.6548590235687957,1.4191329262975907,1.8178712342767693,1.400789567534464,1.305572116761668,1.35559031987156,1.6511932747254563,1.3750163909837734,1.811449319266107,1.6186647678304293,1.8359221132150987,1.1904829459118658,2.013735908805821,1.802872806427729,1.409596061256369,1.3422157609524177,0.9046477946988588,1.8387898152052347,1.2737816666138464,1.8365360778872377,1.684426918690944,1.286470289998322,1.7112990454589316,2.3738160869961495,2.080051376952079,1.90891269014673,1.7369034073896394,1.2667903116382382,1.2427442683858199,1.6032994640201998,1.7402714865873454,1.2939780728473464,1.6767858988687327,1.842435164112906,1.989856829182466,1.5658498425812704,2.0115112114813223,1.3008494932525003,1.5633418874564753,1.9041199546122483,1.502261827375599,1.703231773661146,1.5721895990718655,1.2123321487106822,1.208799226617052,1.130991907524853,1.1043619306397439,1.560127049801748,0.5654465211105366,1.3760569798236484,1.5213022940246261,1.050050914872507,1.3049099536433397,1.886527749697367,1.0831852322132656,1.3991479019603439,2.3398469658744667,1.2710751214951137,1.136084785290545,1.7413612904828784,0.5035147921317541,1.0813992709223954,1.7915399662348768,2.03482546525926,1.4143146991998397,1.668730241417263,0.7503081448671085,1.8578690144537302,1.1164249967442175,1.4139702443325923,1.7951352342027738,1.0865033940885704,1.298303539877257,1.3637699909063135,1.9481787675168947,2.041448499538261,0.87704129220433,1.195822033244593,1.5707951863663008,1.430480506033227,1.6493618035536228,1.1415539844882834,1.0057872302160156,0.9435256367122107,1.2581100610932459,2.4171992483771874,1.2807455318912968,1.2236790618307054,1.645587419964672,1.5089797196128316,1.6898930843073021,1.7361282860956477,1.563675998119436,1.660210500266422,1.5424079136543913,1.2244683205846663,1.7255182598321606,1.9806523601465145,1.4198917566925575,1.3434810877132253,2.036684846050149,1.3255873138144343,1.186129141657502,1.5630493223238242,0.9605095089664495,1.8428118782290086,0.9707821238430265,2.0427147496880877,1.350615954371094,1.4544318754506063,1.1950674929097658,1.145023904363037,0.8859929550974968,1.6563024780311286,1.339250890704696,2.055785551432608,1.5886301275193828,1.6121276157049482,1.52869123851236,1.2337272323699011,1.5129085949779362,2.0689708448387916,1.0867854335807081,1.207486657091365,1.6461832813248511,1.506150217402584,1.2321385902075375,1.982992704626103,1.9804807139554983,1.5144292423368773,1.7799142752517034,1.4515555338292947,1.3696641812700021,1.3142219367391705,1.5146843313981977,2.2042789603920343,1.251105011255334,1.7377014299662874,1.2448687482749619,1.1510731823952045,1.5308534394474482,1.4465486381640005,1.675402711198192,1.2355179528177325,1.9693145045751719,1.239146481987002,1.1887141362796572,1.7765148951495071,1.7354457392467428,1.7042070847768864,1.0767037844289977,1.537123709629435,1.2302401822716518,0.4029717249758291,1.5901759602284915,1.612652501861417,1.8285672768066887,1.4406963218666844,1.112853947794719,1.5703047404629,1.9855802252650803,2.046540411038545,1.296790398332221,0.7974257628537387,0.7201230553881321,1.0812781600450196,1.3792607045339238
30,1.6418005044149528,1.5929503637928288,1.2302999871099283,1.0250203708129613,1.1127370020487666,1.3919458852542475,2.2392653060183023,1.3449038843339431,1.842357820199601,1.2524923948140252,1.0062810638031323,1.201375390831072,1.6193436167397932,1.51583885915387,1.1891387656663572,1.5033176688988261,1.3305724990860206,1.4475748566922064,1.0487334499575363,1.220244754824745,1.1748143648618223,1.6404376914723215,0.9348303119692148,1.5135599723872153,1.2767608737044276,1.0018913287073572,1.567971231522099,0.7935839311928544,1.4487462047458934,1.856017280729298,1.450087374862838,1.389581335683592,0.9763870648217541,1.9386890764001348,1.3160180939660935,1.658370705697858,1.8607351647471952,0.9017301634738112,1.8559017927080297,1.2099341236207195,1.2334009009576115,1.288691277153625,1.1782973820115843,1.1974672879471377,1.7759248048788931,1.4079129582958387,0.8762464893845084,1.2914368460150423,1.3994054386261259,1.2561318631240779,1.8909232918043364,1.3970692394935718,1.6991318204635073,1.1287726816105677,1.1583225353741526,0.7892700568084736,1.7068573284406678,1.218521805691691,1.2676454803987625,1.756450976314449,1.6041465691937407,1.021722128858693,1.7517890756639287,0.8838231109139744,1.0952673344889123,1.177003722215923,0.8676385444684397,0.9639841566683875,1.6511902257392195,1.2079717889315242,0.8680679429333596,0.8693214016818852,1.3933740092692597,1.524548768262667,1.4599893118178002,1.479330702143457,0.9663884080431161,1.3216994194541487,1.8309213473310735,1.176467543434129,1.4079459209175145,1.7459552832726306,1.808736053332995,0.9902898237006242,1.2165692350094028,1.3410798599822753,2.129580020646471,1.258428260977043,1.1747127988189474,1.4275446588867728,1.3587856768500957,1.3405993977684567,1.0048714231743008,0.9321183281647222,1.5827891872119069,1.751018064218401,1.0794151652384216,1.1331351283063453,1.6667289751273417,0.8893940111653745,1.2711374194595115,1.5327512418963583,1.7406028486125593,1.803648328128056,1.5845362610600253,1.3860289137669763,1.1944891952993681,0.8704951955846185,1.2730151466189323,1.5167890197739098,1.3998884805542309,1.4703774605435291,1.1220873711304091,0.6289926312319775,1.9029756230486576,1.803010200947555,1.68127537593675,1.7335365663383402,1.7478723119491428,1.5353557387202657,1.2120452480379063,1.6762166309826023,2.563484153897464,0.8330775995215485,1.4769084845370977,2.0063101711320632,1.1462760747315741,0.5919379827667597,1.0896362522058767,1.2540127107606707,1.5068376709075801,1.362435104913248,1.2178347649496497,1.6224441477432816,1.7621741343055868,1.857203299056326,1.48937635621576,1.9721335304165424,1.5449117929594645,1.5427337552869005,1.4176465668472833,2.3191765553857926,1.503605617645718,1.3196986881136556,1.5713958226077407,1.4599961693309174,1.0088899529181035,1.3405916671940599,1.0753135278489407,1.4740992749875317,1.399633975151492,1.853172484967412,1.8361098784285819,1.687518295270197,2.0152195208598624,1.9009550377924063,1.887086170058851,1.7601327699520253,1.534041862127142,1.5034927452162072,1.5037667167747646,1.2753388511905324,1.6226291215579085,1.3118417099223247,1.0095965730888568,1.5885174103055595,1.5889859711494492,1.1551738189930718,1.4494577648385223,1.6413156237305677,2.1267646299321217,1.4151534349112729,1.8534512645534946,1.094752924678176,1.4517811936788176,0.9710436816672425,1.5645978773779041,1.305162627916741,1.2642666792685229,0.3364692924408065,2.4070688214887364,1.3352024006056886,1.1418839130998744,1.3139245208004278,1.740018841881303,2.0853551492931315,1.217564184828805,1.3959537846282162,1.2417516581640085,1.0741125403634357,1.6265628944638009,1.348053868354648,0.58419959265233,1.532321988634779,1.0422557483678216,1.696895976177861,1.9120308922126383,1.0651755400321972,1.6333791132507915,1.259273631183315,1.3952169372565695,1.1394109493843882,1.4498183285539423,0.7465299996381941,1.825997652060526,0.620726857758956,1.8690782990059818,1.0900522884296202,1.6629084869810606,0.806014867732317,1.4758126294057692,1.62146473033284,1.078682994507508,1.5330862415736535,1.216896675808082,1.4822547814942078,2.044899591744969,1.7367914433555383,1.0740001093692844,1.4459720670980785,1.185138688692914,2.071152925969877,1.39718033618033,1.450932190177205,0.21804120744392616,1.8521482010899202,1.6647755765465042,1.2421603114151618,1.3137555684925233,1.925654043844159,1.4730357272107228,1.3049882570015405,2.380057950251031,2.004059219504278,0.7379060136704956,1.4309234405790048,1.3334362560149493,1.3091160137129174,2.208202796252755,1.3019985458194774,1.9485218607028862,1.6479722536209638,1.654877613217251,1.7332671297130742,1.2383631414531486,1.3477831552156367,1.5477887974728486,1.3194906664158526,1.0406193199564497,1.5283295677108242,1.3142634379572282,0.9900311528169383,1.586205683193221,1.3214445318269097,1.3843925411037863,1.5770623799593049,1.4693752892557184,1.1459593621689015,1.2187626688091426,1.3698155547263264,1.194433389617791,1.520172216566967,1.9237082457428694,1.4467401389901715,1.0621627551125914,1.3880248370011263,2.3669384900578443,1.9561788144327177,1.6458777211075526,1.7520043709948592,1.607005024709257,1.1456335793431547,1.7058952978552315,1.674245134793571,1.7051025456368492,1.6193321561321556,1.1438771741673484,1.6487169838792264,1.072414847725224,1.50476843860709,1.5702995944700446,1.6452086979136729,0.7638891915329886,1.8585099351584113,1.536432870591221,1.4912118859320462,2.3437652921586625,1.0498675426424373,2.198299380620111,1.1042718493828414,1.6837432665507959,1.3401388509321586,1.8162162850053862,0.32477971435872693,1.9887507556909276,1.8665215726088453,1.1146572633429257,1.504812073407124,1.3280234768519579,1.487169630004435,1.5911912316319898,1.8348290274169086,1.2993110865846216,0.41103210328161155,0.8766529849025441,1.2550631912443366,1.2028349246897498,1.1067496769244038,0.9209263656053621,1.4732179366254954,1.2030137778130359,2.0402678409183457,0.9810178704231961,1.4636662197926138,1.492746243447612,2.0487546029460675,1.4485527019294033,1.8317636970021522,1.3829358468566082,1.646809712229932,1.3577117397723173,1.1981595530633005,2.204176267808905,1.1984895108314713,1.2925413183238925,1.325568784865218,1.2808216215600932,1.0035802604203554,1.4227922506189983,1.047486334159567,1.6326106909858917,1.359538455132959,1.3494364277016948,2.5161324499614093,1.0171736306827588,1.6334539629794238,1.1476972119564786,2.326038743188987,0.46696768825592444,1.3995526818894448,1.6829731436737174,1.3625383245257796,1.5839589685478885,1.9354517517344243,1.623003823472441,1.747467704742964,1.679723096628419,1.3669031605269122,1.6088814561095997,1.8571342565556752,1.6391805136038096,1.355030683922414,1.697927071156336,1.3497116170046985,1.3139109569924554,1.5331161465545278,1.275292513882131,0.8029935469964575,1.3310312417955528,0.7894854511999118,1.0806141579872914,1.7500623043379422,1.5656170526543853,0.7747097253434208,1.9420641250668749,1.2318293764104862,1.6452730595935958,1.5510583456702087,1.563856086604097,1.5786886366584927,1.587591053301202,0.868722800947459,1.9152737993281084,1.8874742156242164,1.1855955360776513,1.267000249789307,0.9777621651126003,1.9812446780438244,1.2262468240311555,1.1169186534933064,1.2356672243847466,1.2145718082456434,1.379843092844931,2.2660740198238125,1.3727945789349199,1.3157515158494195,0.9637935106573319,0.8691999010858678,1.953029693357009,1.1987908340710556,1.6970946294105516,1.5258838587948251,1.195899190891507,1.1540115477620216,1.5597360431893752,1.4452183774485827,1.5587285686081729,1.666373680093952,2.0171173980444226,2.390019072253523,1.4788182379112107,1.8293739718127642,1.5631511238809317,1.4551011311787008,1.9984725942432933,1.249409651630832,1.3536652408620689,1.7052986401566577,1.2158425023768142,2.020856625569791,1.61967993115598,1.4541647835013243,1.2870634603287814,1.5158806730023568,1.085539007541961,1.9639713271439985,1.2029739598263531,1.0956249147929211,2.1102692567401364,1.5752188960535667,0.9679599533495923,1.9530111320223122,1.1988393282216898,1.6131697024984342,1.7595222355270228,1.3358965434922685,1.2857769627772577,1.6734547425963242,1.4447667951522398,1.2215126513082515,1.7184244113527258,1.2951475613915004,1.2208526894220648,1.4373716363214002,1.4976603842200724,1.3110376280102152,1.3747325142286804,1.3678575866756426,1.902636525744021,1.9059447911285652,1.1536950573056564,1.323961194052406,1.731714949925116,1.788433789554235,1.3330940100782378,1.627555308367058,0.35323540401293274,1.9355164023465208,1.533391575153481,1.911725874451635,1.5179715440557926,1.4092906480690646,1.5042819712964013,1.4360475764490115,1.1986605483902697,1.4979382170658768,1.147376148846529,1.36344418644709,1.4181273601381594,0.8776410175292164,1.2466571548109329,0.9997994961943918,1.5982060340396358,1.5485492990014476,1.1505191178221208,1.40746037471853,1.392070362511015,1.0101279376837478,0.8004086326686439,1.2879208512097082,1.5727998916500336,2.3228883278711963,1.6001654271310963,1.4530554372363262,1.2715210736618512,2.0421015701579766,1.8589036009330386,1.614073608984697,0.8581298127615918,0.6105541940396767,1.0996878996658828,2.569264269483008,1.4059429615342758,1.8580136084150183,1.6263871113661597,1.645649531383632,1.5412395652890827,1.6222350365883533,1.7193567235959648,1.3559852741425575,0.8712937684683848,1.3760093427919289,1.4685232837204167,1.626167168561564,0.8096624843666578,1.6393934714554428,1.4952987986955117,1.4746005307611285,1.4652602564977402,1.45386826633123,1.0062463287120313,1.3428259554986754,1.6138007611492493,1.3098397767656773,1.884341494957615,1.063323625820897,1.637545561031737,1.1382212551226747,1.6352253715261962,1.6412198357261265,1.5465508559805778,1.3358372430314085,1.2047152621414798,2.517333199860567,1.221609469940371,1.5267754508016533,1.4733910784123898,1.1668914214875434,0.8734089533464408,1.5002206012599333,0.9967159421863023,1.6630832443472743,1.626512985370271,1.890690128378001,1.5969847203929748,1.1497602658181694,1.61215997187628,1.7102005222441796,1.4000644110412428,2.3404009879916847,1.0983516744924324,1.756272258789226,1.6607555392723727,1.1053427893100736,1.7126523147757613,1.5217168604006828,1.6805594630218361,1.7893898593018351,1.0780329395088493,2.0150875257759555,2.1842477627009123,1.4303061070064451,1.4150280482815272,2.4962749484822817,1.9940316558610744,2.1841046780663556,1.6566351504839338,1.3207179961616284,1.2957155072200588,1.799132457321327,1.5998781800591937,1.6291256482546523,1.7044060381627906,1.777679231280648,1.3067778302352009,1.8050051197219035,1.5499757460149295,1.0991467271505697,0.8555686195045273,1.613024863853318,1.681559115531147,1.288722691267857,1.6523490040537168,1.3089063413283377,1.727165875086571,1.4390330630274706,1.3843663491421452,0.9959978492896835,1.1080157428108204,1.3150599053355747,1.1189185470326635,1.24041407877012,1.229877329761006,1.6216057134688455,1.5672286150246917,1.0561759428688133,1.3705564565138681,1.6453059534875223,2.401601142868187,1.3215049989986465,1.287781647692979,1.1966970207195127,0.8761529548654289,2.0755296242400134,1.3040806885015304,2.0344185954645857,1.4979094511658724,1.3469261188247819,1.5613298685429964,1.205566903518118,1.024616765785432,0.9420571859096901,1.1089235467578233,1.6817298611432654,1.7269787581833722,1.3132916493501003,1.0727906765534385,1.4133828994729278,0.540188909871643,1.5885002772554326,1.140297755073777,0.7675602516730144,0.9934642821705804,1.1153902915173992,1.7564248043883608,0.813025886026033,1.225659812743199,1.4325808322788576,1.6788900785054706,1.9681033872992582,0.8726466402897612,0.9196546633370154,1.4076976510784054,1.2202174662264111,1.3997552842820316,1.5218040589383572,1.7401551363004724,0.852920326855696,1.7823908321741104,1.3068456390573338,1.3958859677759585,1.2441395487601696,1.5538621367442054,1.2335302326766784,0.9456758477723385,1.805039206808194,1.6226174324485783,1.790252676387229,1.8487328514250945,1.16208657236736,1.5608016556641933,2.1253973301309856,1.2318177881297334,1.343768579277684,2.0666117643707453,1.3768511881824543,0.9136276189075303,2.15285920900335,1.502948245998555,0.9331151041529686,0.8414753083931823,1.3644166100949537,1.3788199151135054,1.6004950835706029,0.7866548238668761,1.4091708949570083,0.628558236800859,2.5395993077645906,1.7183047211896405,1.7088501393697246,1.3404276911410937,1.466371069849643,1.1328549666292793,0.9859735881811045,1.0627398686747584,1.2478201446570472,1.0050956744538755,1.6463290045638144,1.3685455142780178,1.467848729799674,1.5012041821724988,1.1309905334705992,1.841658904398005,0.9534417396586754,1.186977968067144,1.4455608864053453,1.3385476482608927,0.8874224018264689,1.3472130128169613,1.2012281138198948,0.9964136769022913,1.0847952975724544,1.5275430241204861,1.3947727402753458,1.5384149539871559,1.8702379292301625,1.7177305215685696,1.5015845988698047,0.9720347511870907,1.5283651388286743,1.8908921102736507,2.2845035453647737,1.3966804974699385,1.5172707289283112,1.2124985158843749,2.178362802844381,1.7656375128122646,1.0916576558743072,1.1894641107724397,1.486770027690909,1.3216739252047287,1.4588126929453502,1.2197559813964742,1.3320006306984353,1.0659927183210776,0.9747092040385533,1.211960790090623,1.891388617123289,1.8172032798254396,1.4722988729116058,0.8118506316256277,0.7557373072840657,1.7102834224266386,2.2819657339022856,1.480902141023137,1.564929100580358,1.2929949657079716,2.0804083889320424,1.755914123785396,1.6346463180464572,1.4387776760364288,1.2388663347105973,1.4413188067765992,0.8680588843594662,1.6850911392486645,2.093740380318308,1.4605082407371608,1.8315369095097034,1.4231976853297645,1.2388877753915,1.6892280094597105,1.2057878314112156,2.0047441141241773,1.3450764669169086,1.088396563485718,1.706090335798927,1.3639708582665833,1.7832729634730415,1.6104365221858603,1.2574840792053623,1.7397615787569993,1.819315917403378,2.598510613140347,1.4645019968642474,1.6948244791715126,2.147186328936554,1.1269640165397838,0.8860131108787915,1.4711130104281014,1.4778679622170252,1.3650903772329102,0.9566650702752444,1.4100942415889126,1.5998489666701834,1.6563487323766486,1.373087787672914,0.7889126714408179,1.4703073802088242,1.8576090022396796,2.068554315095946,0.9652333545460597,1.5753179287152363,1.972872763527855,1.2379178606869876,1.56192015342846,1.7061029173628888,1.5751868468689532,1.3433701822262607,0.5496575242932042,1.4762596725671,1.4164070387572627,1.3978593417485516,1.5543176119395574,2.0920694823411474,1.9967707804813024,1.6245453797696434,1.6144065657429134,1.5205284306598412,1.483553006261018,1.1561628975050549,1.539513060371294,1.7899695051145108,1.5428939368113657,1.182548618659109,1.849569660185367,2.050228396312815,2.349357273716682,1.9308770554559147,1.662073848715771,1.3691320801820717,1.788517716335229,1.5434296187868557,1.5038635978081363,1.1745411843729126,1.3271426877247277,1.4137980398616103,1.16560177363227,1.6000484825513248,1.5578870600916903,1.4257164716042634,1.2098338873014485,1.5326444145951403,2.114864296638092,1.0742148150902349,0.8690066735940968,1.1346382887576711,1.661509401428237,1.1540795319165393,1.2791844573935705,1.286504949332092,2.1529114553749604,1.5875977833048105,1.1598060509243306,0.6263253644361522,1.063343394919205,1.3233086213861227,1.5610375895705646,0.6566379264608865,2.7136110600842818,1.5045573646528756,1.4925259426847584,1.7725825338370385,1.2011976680612992,1.863149599282468,1.0467836959308188,1.4834436904512303,1.4527514812342566,1.6241584319084938,1.8534283470021773,1.0862410313697402,1.0095028322590305,1.665529058315128,1.7705156810477851,0.9515463104582593,1.3737599442980266,1.3166504470129916,1.6519810566937898,2.3153471370707575,1.9217558349740496,1.032972112039505,1.649525941902696,1.111605392990464,1.362592097539616,1.9364042478740207,1.4028797318842692,2.5606573256376004,1.243853559017191,1.2218407847371542,1.4332948053771633,1.4197923079038715,1.535244869428828,1.9411950250543186,1.6661873013377655,1.8901033696787524,1.2747888028138896,1.8746641712127137,1.7406504604871633,1.4155547379847804,1.4152212777143225,0.9348169531185575,1.944609368780923,1.2379206893732388,1.8248867333155467,1.4939762420175904,1.2532256538880202,1.7466041400604164,2.279601487736633,2.141541981679123,1.9633371417709282,1.7626910576706978,1.301492301335779,0.8094071699029582,1.5433206787412423,2.01688406768937,1.4908616515057915,1.6028100563724592,1.9666879619472986,1.9149235330243193,1.625393922147688,1.8986721800443316,1.386195781879338,1.4553185032943459,1.9900972831524597,1.4728379100612108,1.8260633543334692,1.3977932541962943,1.3190036035795096,1.2069704200495384,1.1093808707001576,1.158962461413308,1.5111921187088755,0.5673707682226256,1.3821783614187688,1.3690741351350755,1.1658211577063335,1.3425387006509726,1.9089200813185085,1.1103800598165317,1.5257002734794054,2.1222801579090977,1.3269318116878313,1.1001696974772188,1.648257444412946,0.587955812078518,1.1082627893167225,1.6248560922884185,2.278146136816561,1.5081379051474442,1.9346634027482073,0.8566782053640115,1.8326917595487633,1.200287665504921,1.6378189580767388,2.236397738234898,1.1602312243711315,1.1611453389741155,1.4140488243481837,1.5295053379197818,2.0393695750139966,0.7928831802049021,1.4452050341248999,1.41890938571414,1.3346012454717968,1.6197919375955123,1.2178733255246377,1.2190713558222057,0.8073571705350507,1.3356204109914953,2.418751712194221,1.3313069380824767,1.5347689327774598,1.5529032154019147,1.506863364743261,1.6687986798311258,1.824581808330165,1.3606415150422535,1.8158807127631165,1.5944452842554262,1.3594296308673406,1.6111440135069097,1.9804657989968044,1.3837811889863532,1.3435194228434186,2.0236123730041338,1.3230323679838696,0.9615364380835371,1.5670888116754953,0.795089123524644,1.8065245778582817,0.5237054428785493,1.890346173607346,1.2682382861549233,1.578108691096435,1.1442382667048814,0.9616139641439845,0.9806428814353305,1.6392108290421894,1.2283398603033273,1.942873357969441,1.6320639076171515,1.8792740690305392,1.5129636009510485,1.3739420733862582,1.3849186134703757,2.140587483651141,1.019559231891221,1.3738100388836643,1.5174516091607593,1.6449374765575364,1.568627885292306,1.8399418881516998,1.8623192038485792,1.4302171504662784,1.8803541598115252,1.3388370367973335,1.4435675101777403,1.2760916353280753,1.4182745179761382,2.272543760194993,1.3917976763650985,1.8327779414235725,1.2738144538173362,1.2926605499885657,1.666094703010958,1.601373305196892,1.771488025301092,1.2731158943111764,2.0298210404195087,1.2424799467866319,1.2656430959584257,1.6329872484619805,1.517945256222638,1.7551231347771592,1.1026888418042238,1.463241645528566,1.1868075770242568,0.38570505055304516,1.548374502541217,1.4341368670261752,1.789125785971665,1.2266984143744173,1.0754336473166588,1.4699611453524914,1.7812900539328655,2.191637958290846,1.2833094991869416,0.8713943278623612,0.6958834554921527,1.249515818874036,1.3266788076959222
31,1.5005665797835448,1.476753540576498,1.1411548975943246,1.1773777347313426,1.138820950156028,1.233137552959629,1.924693585050054,1.289738961282068,1.749112765345063,1.2188457354085447,1.0382278760374026,1.05276066919932,1.5957666872226939,1.6182068291000888,1.3048335711010082,1.4814998625819689,1.064692056188411,1.50854341468894,1.0614324745271115,1.3225896444291867,1.117207149712029,1.5996652759161196,0.995709708193738,1.5712901415838993,1.1213773941295908,1.0803715230060247,1.4470321812710316,0.8197429017525977,1.420864735917442,1.5775343235468857,1.3372157387716994,1.2881921397306422,1.0842890395725575,2.0782640449613274,1.3926544476820124,1.6376122117638316,1.774556705623185,0.9746976206737372,1.956943908692555,1.2473559865634738,1.355412827012355,1.2258896041812206,1.2292453131556575,1.1672411608207616,1.8320151917915406,1.3475847702866175,1.0000858528576408,1.315085411554445,1.2855230349281146,0.7691565353511216,1.6889302655965166,1.8068198775573219,1.7411330824472182,0.9892562923662834,1.1441102212689893,0.6696770906248494,1.7566466276968606,1.0520332428194898,1.2410179069420226,1.6508023823734863,1.7261830042060748,1.0481390422675128,1.852465084978811,0.8772747586020445,1.1802045312157485,1.2975628183747252,0.9078151020619364,0.9042360174355346,1.658222788923307,1.488558388542383,0.7125994097008596,1.150687013903548,1.4633485880883632,1.7927704999743197,1.3652272055566779,1.5210864565336109,1.0134727190915638,1.5081570353078575,2.057402168928761,1.151107834161809,1.4883018757628772,1.584053792421571,1.7607461649702012,0.8278269479579525,1.2372723823657077,1.4347366778279969,2.424011077331096,1.0681587185060253,1.0879348018320714,1.664513446691593,1.231473376896283,1.4812205021484646,1.0690118829685886,1.1100217350242119,1.6369050573339137,1.7770139596273102,1.2478632899683286,1.27364739031501,1.4785167465131313,0.9821123609668113,1.2279252953341044,1.3993424622788204,1.635645631039123,1.719025687872267,1.4822595645470058,1.3694370702404202,1.1557728263757943,0.8316999264412529,1.4230577646009943,1.7117327022288444,1.2486579966790279,1.356970476458429,1.04750065922661,0.7234522367611499,1.7732238219019374,1.9058390876062827,1.817648315105312,1.5573113987289957,1.8568293222171404,1.5548294820289894,1.242514301318769,1.452558910351205,2.2658634719451185,0.7541947333365104,1.2927008566463392,2.2140834177780078,1.1052464416247259,0.4053383615700898,1.208465142904161,1.1217293768473526,1.3761066414402272,1.5665073813485553,1.1759642691006293,1.5976736488476404,1.6990568475249734,1.7435517260385867,1.4309252206003824,1.7420271159931398,1.5793059576196555,1.4414154896209412,1.3937317378559047,2.0370604688076104,1.3940685678055726,1.35040421678297,1.5518431457999093,1.33632474543704,0.9855206628247843,1.3911533174895419,1.1179971037139556,1.33787030058085,1.1828746221321913,2.160658434946826,2.0013890476924083,1.722130749611844,1.976407684972034,1.6302199315807786,1.5640902042649762,1.9139846606558568,1.5257486691687623,1.5626066976199655,1.3440409877315684,1.3121661927387556,1.6007312694743099,1.0895885736028268,0.9330011743227148,1.734141548164335,1.4382475188225219,1.288618870790784,1.2641276544488136,1.6738848146794962,2.0602459186823086,1.3615659258816943,1.7414707837101449,1.1693787609776236,1.5464282447791822,0.9788943751825744,1.4353636851643992,1.372643694356296,1.2653750217359445,0.4957824157013113,2.1479454014360284,1.3422238993417046,1.3137429978170851,1.2624344582652338,1.5769435700044336,1.922623507431911,1.2802225513392098,1.2214262629909398,1.2974682139313567,1.3877426695484805,1.4783941304781483,1.4904167056305844,0.495074280730087,1.4081755118273767,1.1785016533006922,1.6369302892614472,2.0884771419777426,1.1264926759582647,1.7385282737296113,1.2905792826402065,1.443819686707737,0.8874958895261654,1.4727340970694556,0.8505579689009142,1.7197992411922853,0.6020039224590308,2.1870011263746507,0.9936303617640283,1.296807651218455,0.8790337051019673,1.4604166783855979,1.459727938443006,1.1137788623207068,1.6245281155327917,1.1919814662307853,1.5320902094133804,2.176186303098634,1.6948972935161435,0.9193368629629364,1.3385067322723379,1.2937589796177797,2.0886817968869527,1.478558756625064,1.6066179473943396,0.05451030186098154,1.8890676323411464,1.6413358023021927,1.3394455129132532,1.5218079507536668,1.917510276815506,1.3477812754466252,1.346648613152087,2.487850894167449,1.4839469030025612,0.6251740826555833,1.4052776318940565,1.3236449013268201,1.4280686142341974,2.1531537464394663,1.2853494279417288,1.9432471472399007,1.6760375996411536,1.6498764758793774,1.8635793136829848,1.160555013537628,1.4376679782173727,1.4651153404275021,1.1618246634817715,0.9565809516404034,1.6464169613692112,1.4294804043109637,0.9424394718613358,1.5412796548020962,1.3687710919142804,1.4487575298305546,1.7260012973894832,1.5652377147306642,1.3518030647266321,1.2782830780041246,1.2714788705197553,1.1263815013212228,1.626506138997963,1.7380097011096407,1.4866849339624428,0.9397135697609695,1.3742649796573456,2.294250797122119,1.7521934856221715,1.6433159715000443,1.6875236605078685,1.587402506420996,1.1724337983217006,1.928540638542288,1.341953616007889,1.5571866917512438,1.549782829167162,1.1024156933883351,1.5179799678727246,0.9038535863825572,1.4168884389792007,1.409618848982407,1.6688999370030408,0.9243654358048687,1.621674368694159,1.4321882227277767,1.671063993551881,2.1746239241248304,1.0311988478761527,2.3800034138197357,1.3286580672436747,1.740956892930113,1.3726204712156895,1.8324487256645356,0.36950483736448614,1.9199537689553423,1.7689078881999354,1.075357668086542,1.4460507806222085,1.2134408150672957,1.5411992054478947,1.2510775683169681,1.433734913738402,1.1942036944426455,0.5102029064093127,0.6670520312926904,1.2290569638257143,1.447605146807022,1.0770814380200304,0.9411784274879156,1.527607163335034,1.4144145525459328,1.8491208735954172,0.9518284044979826,1.5135727691236744,1.473269976159868,2.087105662377091,1.5744280892113809,1.7553655703505373,1.2534837272563906,1.7844571899556092,1.3818713891182262,1.1068211430609889,2.158991354735547,1.0353135539121356,1.406737531828166,1.2547544204743066,1.2741745343336344,0.916553619964674,1.3391085484881933,0.8819713545743547,1.5666857385969422,1.400328654900664,1.3570634500199654,2.5740296497952335,0.9796766188036514,1.505051751424792,1.0920358387924978,2.312177852427217,0.49074270305676726,1.481912320096949,1.6916323960979516,1.3548426659166828,1.766119538522299,1.6906180050793747,1.4515417138967681,2.2642220889474682,1.5383126551642505,1.3660339760920843,1.5356715607546496,1.7298209056401361,1.718526750265919,1.4439560628960135,1.5797732340207766,1.4713644419713412,1.4775753233403695,1.5233527493242955,1.4152683702231417,0.7134225141738065,1.3882835279700039,0.7918229914084047,1.1232614261122054,1.7627991247908912,1.5327970103531303,0.6367550779673552,2.092974349508113,1.366841610035218,1.720982369324757,1.6429618751110524,1.3523022847050385,1.6205529878110354,1.669853312143083,0.9418644152468959,1.758608876335023,1.6383511988460757,1.3583972919401917,1.4192962185807738,0.9180915950538068,1.9129649111955944,1.2788914074333433,1.2441641219858748,1.5450715074918835,1.315938613997158,1.4176433782504474,2.2628718444714737,1.6163586261207117,1.5243126833459324,0.7204022951141766,1.0835664405069214,1.8079337438322516,0.9391083800268785,1.8330206688829582,1.3924715591866705,1.2544645396870981,1.2837106072741404,1.6369721604840417,1.3719045259099831,1.5022401452768661,1.7166755381227128,2.2491476312947785,1.9136749190970859,1.4645814381105549,1.9209905824700573,1.6349281613870914,1.859893883571683,1.8423578879836144,1.4930990286746393,1.5039540252545862,1.789854344406549,1.032834860317907,1.7371903603728582,1.6475854050112684,1.2624759912231691,1.2421531745320635,1.5766111029145389,0.9175892948915934,1.913618052406965,1.3341480872882292,1.2107733945981314,2.3437550286504094,1.6555896701377786,1.0925882214966562,1.9516479882097773,1.1344654575920452,1.763102930362546,2.076321435517095,1.549871891994565,1.8486954480510973,1.7769424715677824,1.436029092375987,1.2927127018116837,1.8551339520523205,1.3184010141371827,1.0582614597953348,1.550463047622468,1.4232629126888718,1.602289918115272,1.5370044436440444,1.0239005389178026,2.0379705266795036,1.9124278265025594,1.1989167845586601,1.3146101165708315,1.627015157759465,1.7761711614088516,1.4663955194304168,1.4204349952478557,0.27721975940889676,1.8379499626326505,1.3332626061166288,1.826045273319206,1.2962466100389545,1.3692653784446127,1.5763188767531984,1.5108422799578465,1.2722678154306515,1.2996259462912472,1.2932195501914827,1.4971731665432353,1.3799128643792582,0.8338387562110339,1.2795688848452338,1.1929946044512527,1.608248010777676,1.5616730838080395,1.245961053132819,1.5201898461149246,1.3111984757375827,1.0798815663116006,0.8389404145498056,1.106662630564755,1.5380403043346815,2.102505304744582,1.5644780915014587,1.623026563171189,1.2382510266240896,1.932381148396706,1.852270415295441,1.574112181970519,1.0331356691058586,0.5722877057433193,1.0260146107414918,2.492598906560331,1.3078122378023433,1.9011024526792175,1.8289016443008985,2.215432759629914,1.7736078913074964,1.5747629002399133,2.006521255022368,1.4656409573919138,0.8821135798589008,1.3931278191020264,1.3671802078054394,1.4375778977797726,1.0912878097686884,1.3670476018984898,1.5132795785614277,1.3865897389315258,1.308741937914232,1.5248034662763468,0.8766416130324112,1.1337623464852609,1.613172953173728,1.3930352801735317,1.827489556308056,1.3154039010078353,1.553419522134459,1.0225040835013344,1.4558126092517456,1.5763342594817198,1.7675167997932784,1.3364197187279034,1.2712669739481801,1.9989292313343774,1.244879854829416,1.5195034275966552,1.3119690354905669,1.3352884926219135,0.8430019909257024,1.5086029989058698,0.9387044249224655,1.4732801229219477,1.7318890947121826,2.0097477531971126,1.7898780178058282,1.126973991763263,1.5159792306292053,1.8277204798995073,1.4659742755451446,2.0771163423040413,1.027185567253544,1.8198036321834017,1.7832898332987686,1.1500383159021812,1.6837386179186846,1.678418215693087,1.666727139955093,1.7167294569211873,1.2891336996732092,1.895603993295128,2.0180159971081144,1.561610802951305,1.3871416688840683,2.2557281170828576,2.0314546375653806,2.2127469177259846,1.5663903874198148,1.4145515263908461,1.1935854029124893,1.8996273373437396,1.3353442598383356,1.5773868654756114,1.8284461445095364,1.7720734010977552,1.3065582181831186,1.5132719598855944,1.6292928628852785,1.2495266054158052,1.1148431599911859,1.4501034221355276,1.5948501131244766,1.323293630333832,1.6820685481496336,1.2137204271436703,1.7547468729501512,1.4786392365925063,1.5510666885598081,1.0491937453375233,1.0574208573837265,1.0549416478889393,1.2463798736835239,1.4354421625751517,1.2823665341072288,1.5630994783957348,1.6302097653678036,1.2867415194856724,1.25285735784995,1.770176728969545,2.0491862998272734,1.409499036609671,1.2925017231202236,1.1932291960445376,0.949165699076083,2.0429063023302882,1.4541971169540202,2.141397552479303,1.4569286952597014,1.275915791107833,1.670337524777807,1.2333356884462154,1.0162409381543664,1.0367113878319156,1.086569139377466,1.7050086894476473,1.63263741442552,1.5106730563083461,0.9833466367899691,1.7586317070598914,0.682314046304443,2.012411900353877,1.1390779896939343,0.8181545594342361,0.990677119517914,1.172337826428945,1.5403135998906095,0.7739642635029886,1.3594616945975582,1.2987905937582545,1.685264601415922,1.8766268450575234,1.0767487339627362,0.8421451766407233,1.5731837437639107,1.200653151734811,1.3378952033255698,1.5797641829807707,1.5467672155495689,1.0940374242681998,1.8005249513720367,1.3457359937286524,1.405448694519552,1.0971841249095786,1.4604870118063968,1.3321704521574036,0.8259798919569586,1.6484894214889196,1.7328738065477345,1.5966944421141442,2.0174596017411126,1.23804846715357,1.4776753059400922,2.31690853084156,1.113903200896552,1.2738112286171386,1.8930351563101677,1.449825494831312,0.7871764561194531,2.071667715411606,1.4977464777791132,1.0258948648928556,0.8920660653032171,1.4238695251018565,1.3720555166356057,1.6036742901296979,0.8342731030928567,1.4075330696305177,0.40622521909670894,2.61240157475787,1.7985375190432267,1.6929129803638754,1.5728779485923532,1.455854313671887,1.128806821887385,0.8797488417195076,1.0828890609653228,1.394968352587052,0.9394473556280986,1.6980828614181225,1.1275407467439682,1.5937231099913918,1.5160237882618846,1.0638314551548167,1.849601448379056,0.9043803084866553,1.1281684387729707,1.2973326252976656,1.3760985648978878,0.8071862572904188,1.2712600454222929,1.251910550886826,1.3706674435953439,1.2570746465583524,1.6376858896230924,1.4204493505942621,1.4975257304230376,1.8885040817393297,1.6837307844943998,1.4965039579230912,0.9558325583058557,1.5837106202769433,1.91054966406683,2.215437161788202,1.2567821960360188,1.463577082599067,1.3520488037256164,2.060107008677414,1.781375419042679,1.2053560916167065,1.1377948649014855,1.5448594958785262,1.4583870851005631,1.491818650038887,1.2418686534876293,1.3623578963918381,0.9931902945817377,0.8543334527008531,1.3237531427673872,1.8041852854700793,2.146120580848714,1.552130863110504,0.765616262667308,1.0571218417745225,1.6069235320267157,2.493426344317794,1.5885669726652987,1.6283992244160184,1.3099370524738463,2.1074298264238807,1.700799369093501,1.6507819071119774,1.3449310880530403,1.1154995893696928,1.502908235705196,0.9121462255150085,1.5975729990324257,2.1176407329682565,2.156674609871115,1.6917497557236476,1.3958575369677562,1.3843155447162143,1.895856857294897,1.4212299880265618,1.8727374551986806,1.4022914622109757,1.0410273767413711,1.6453226141339732,1.200172435650927,1.7132928110220247,1.4034829815519516,1.304751356696053,1.3574535762718618,1.6994862867358838,2.902848481672498,1.39163397840759,1.7907632933562336,1.7475774907322064,1.238794147890459,0.8831812225859652,1.343066086769762,1.4596212655139305,1.3839755724135197,1.088867487734603,1.392466376738622,1.9442158710589994,1.6513752553850638,1.568232343238203,0.7667269368255856,1.4438661370987806,1.815722387216129,2.171424935411973,0.854138101912856,1.3259941224543768,1.7752009927393775,1.164762071124518,1.4855339071684281,1.9262015445418081,1.509059493943218,1.4444333799058047,0.5748182141812056,1.165032890231544,1.2792676506742942,1.4947944218402491,1.6361401855333806,1.840614210789591,2.1239599189842604,1.750464276270073,1.5013599982515726,1.3282561859112016,1.3597128269643912,1.0685547396638848,1.3848504605744014,1.7183217469050347,1.5543909290070923,1.1897803897564114,1.60755879834218,1.9508502721132515,2.275434206251216,2.1144758375712955,1.7830377633169776,1.4158272391697793,1.5961613155251304,1.6766666221237978,1.3649516959799388,1.2064180634331239,1.4071062407722081,1.3725293560454066,1.0911630646321122,1.4625122283842777,1.5181457976901545,1.3943590734751137,1.4573976788309468,1.5975140613339063,2.084954322908666,1.037323373291264,1.00539566433732,1.0273569308707187,1.646371665982047,1.3661742052368129,1.2423509551372698,1.2255845501155749,1.8398771413687314,1.7213556005364532,1.413122295109483,0.849459059457685,1.1562490202511664,1.0996659584752346,1.634306756509411,0.5434001878942002,2.4484849522425374,1.4208793208695603,1.6345978127526322,1.9371776938620446,1.3200046484704555,1.4379472733375323,0.8059698564098315,1.5444483225097527,1.3504822324076025,1.4730299705487206,1.9685068279980158,0.9672334300399351,1.0754990007724885,1.6527046661128213,1.9208383945650072,1.012437736063568,1.4454509473926802,1.1853664891874958,1.6624621508389295,2.05865368280476,1.6826690597875298,1.1412541424223244,1.778383589648795,1.29842506171467,1.3748759143867586,2.0499261306673824,1.39285835387036,3.1525308418690434,1.048686881965809,1.115725700428655,1.3709532654225778,1.3248656472975828,1.5676559140270263,1.7276966458946044,1.6873615603674355,1.7773465428472506,1.338055729217234,1.6405256664871737,1.5585428274971795,1.370257254620355,1.4847171038790055,0.8916650905950847,2.175750166303666,0.9252879340341467,1.63610900714785,1.285951217798581,1.182188662895522,1.524740650746283,1.914663515485734,2.059147287389356,2.0140925994591994,1.6577510699656632,1.4496848971733787,0.454409185168756,1.50081233882333,2.1197881881058445,1.6318322087855195,1.4796193992651032,2.105577162743762,1.9730405185989792,1.7284485300153851,1.8947855188092932,1.496409587800628,1.4555588152184313,1.8507080002223812,1.5155718947882386,1.733310973423264,1.2918501430156806,1.2785470190242778,1.2354165807717252,0.9942309658087084,1.2172802606491198,1.4802713378465424,0.5459436157076258,1.4537948634064461,1.2247302156289988,1.1192051886593886,1.4568479207898386,1.6306037312828625,1.1702689084896143,1.4639143591414956,1.8385575243727543,1.334697730215834,1.0863699158714337,1.458438912809661,0.5782061093277392,1.2923807286035622,1.6396386577334228,2.4712055365613654,1.6033717496232234,2.0763349390439627,1.1522290429343394,1.732386197898,1.1017254357153758,1.669496774266436,2.453836016515223,1.2895857602416698,1.0336462383064868,1.396250865865594,1.2281244316726834,1.8955432986437901,0.9233812130575637,1.6399993390352765,1.2705711724024589,1.4307511590454662,1.408936789291393,1.1611382495479163,1.2581799716486568,0.7171156357437334,1.3964972203920176,2.4129062508311656,1.335668988843849,1.6381916506593392,1.5011129143708135,1.4818060068374814,1.6170513759763936,1.6973208292169824,1.2045948633165535,1.9025539939045144,1.500482510244139,1.3947571327313395,1.4446861708592855,1.8435463156260468,1.4228760575569614,1.2398747725133088,2.0550415703907436,1.3335573223062585,0.7600046370702067,1.6370415812068992,0.6247358576293425,1.847240111299668,0.18304220279843425,1.901595627444477,1.2515707890452163,1.5968149225514552,1.1176827009538983,0.9632592638068062,1.0068645986339129,1.6208335517477674,1.12945187854287,1.7864258374000084,1.6195388970435212,1.7075197291223194,1.3904869615726985,1.4545922186261018,1.2287290268276374,1.9011515560426504,0.9098581254361473,1.5625528398658177,1.5466075736431577,1.557168735475699,1.883564302387409,1.677300668832304,1.6790488382910964,1.3976192150548,1.892716839743387,1.230294767484459,1.5426088738495736,1.2620866746711399,1.3624694073933117,2.236848709192206,1.398937508987085,1.8842329958685229,1.3287348651631592,1.530530827810833,1.611972441767762,1.6648742173801554,1.966223049509214,1.2799080156453362,1.9924889797221548,1.1980934781116424,1.290526422918296,1.5338900471449066,1.2916907193877907,1.76758306871436,1.1349256594685775,1.3889034451858138,1.1320845510216175,0.4746505603703943,1.5233148753797414,1.298779432028569,1.6465095294087078,1.0678806775743885,1.0680191365678582,1.4687126769562446,1.6118927698698904,2.2967814277608554,1.4356092955707076,1.0089914417547614,0.8402941967889805,1.3220952453749208,1.1790695094560397
32,1.4947688124973584,1.4676127510592936,1.013947342715939,1.3430669558558437,1.1800981248245415,1.0971611748846057,1.9663516679220376,1.401424735804798,1.663495094298746,1.3069162490845176,1.2017839100166623,1.0534036040704315,1.541824799410655,1.8377311446522036,1.533465714873902,1.5732105534923013,0.9608785815444205,1.4905256360203687,1.0745574371441409,1.3812490555423624,1.1308834602002127,1.5012817408054564,1.109326736238644,1.567113822106374,1.0255163425235567,1.2504501107952604,1.2051257589391562,0.9052605866906733,1.3933439034310746,1.2317714066958843,1.3737367487809944,1.1721543995994557,1.119656794554107,2.201872846863366,1.4734192381762181,1.5149968079556841,1.8506556580445432,1.0992216204783578,2.031818024770873,1.299633216735997,1.4736905053777987,1.4247973488505297,1.2201654075445227,1.2794765463659084,2.0363884267354493,1.1037963362020815,1.2641020752464018,1.3427585973367124,1.3343763491872065,0.5633272836558318,1.427960178871627,1.9716242230494303,1.6944096264757933,0.9398636314914844,1.153975839002056,0.5946878925647776,1.7039393007028543,0.8659246815479622,1.1834012462427472,1.5736663075171795,1.8397010092139203,1.0436583482678763,2.0423342554341772,0.965390343486416,1.3520283085216818,1.1862857415525405,0.945393780884034,0.9363872799814306,1.5481567029388037,1.9989397420508968,0.7100368236690957,1.3328075644972568,1.6108108004976598,1.8724235600599752,1.2917490421140418,1.525753168681561,1.054849346723492,1.683937521945206,1.9704495799280948,1.1272928695340905,1.7299897745270767,1.3959795097214958,1.6011925017755004,0.7179787100715471,1.0942571354098296,1.5852013926027624,2.6098945877766266,1.411981288103548,0.9867671473918249,1.924720520880157,1.1450529431705503,1.5759486182623428,1.17950423230629,1.2112320619676922,1.6384596056233964,1.6904930158470741,1.4730492653548768,1.375757268486291,1.241121813063778,1.2040313930518756,1.134401999335473,1.3672095683242824,1.5139578690185256,1.6416767913678372,1.2119325912037742,1.3212415555264716,1.1416698986548626,0.8200575559164723,1.4522602927982597,1.9397734096304502,1.156181197402633,1.3393603006961319,1.1174466264663132,0.8015262962527796,1.6654701853784126,1.9093685736517596,1.7949452021206591,1.5067767756264168,1.9813612242185452,1.4841684060291205,1.41561964135142,1.3625649464309637,1.8282587647942155,0.7927734889591224,1.350074931480027,2.0758674740689793,1.0625656924183164,0.3225062427311583,1.1517760526250604,1.0455413312210362,1.4325466542027114,1.657475372179314,1.157568251925564,1.4703875401373567,1.600749645524019,1.7016169717094143,1.442365898771795,1.40380544897811,1.4977067524526824,1.265438445087263,1.3631728659143922,1.8148347732351773,1.3163780404150556,1.4881901461929754,1.813390692307826,1.3741911631352601,0.9722409561303558,1.377339312218811,1.1704485207314361,1.2887474828916332,0.8754538593637113,2.275145526209601,1.8984827864513216,1.8215959250914742,2.04396395515641,1.4104088837239765,1.4870305100882875,1.8207664446618348,1.4958597249570862,1.5870824228627765,1.222032533672369,1.1033862457554662,1.7075035431830619,1.123435616734179,0.9251238074363236,1.8659033411483423,1.3592669664086408,1.42379564858329,1.087774072201658,1.7756620040449065,1.87908764521641,1.3243809624669305,1.679005938888178,1.152233623399833,1.573670785877173,1.0462593429196905,1.3698456800702061,1.5809697665688431,1.3433682113892638,0.5601264953536063,1.9452976961039543,1.351415491524955,1.275157566255381,1.1192764677006197,1.4353862620548647,2.1540688340553134,1.3316111361490985,1.0566814718720203,1.3411455069943463,1.6723225243992361,1.4601147813721223,1.469109336476072,0.6908232389458192,1.3655884680412156,1.4078168568787361,1.5876623277471784,1.9350663738316105,1.1294122103498339,1.6653614867822384,1.306939375414943,1.3702375701490568,0.8184518779917043,1.5150996286561607,0.9081469330813996,1.7073254556492974,0.6733858923589973,2.289917530974109,0.8997579552218983,1.1207257227359835,0.9867414601027487,1.190899296033255,1.1808022799902664,1.197793464583565,1.6967217562832455,1.206001535882994,1.490630128266414,2.2002332682456776,1.792015516318998,0.8533224620350371,1.231018453262927,1.4636002974102982,1.9410278670162202,1.6667649821929609,1.5416600721898124,0.0,1.9369251311119668,1.6276756421324896,1.4116845345750935,1.6914945115295001,1.7728234635955036,1.3300124700419194,1.3999611549846276,2.480953097440167,1.251450590374666,0.5589419572939021,1.4039068456151285,1.1958668900997766,1.5463621722418646,2.1256291509768457,1.3095193201086635,1.975468426941893,1.774884871111235,1.4620413642902461,2.075696097617983,1.246845030836386,1.3845031191855637,1.3132251540226576,1.0436036358489775,0.8537830962015291,2.1039586327597064,1.4595808838122033,1.0650911058823473,1.4851923003801917,1.2363718834329418,1.4164546501725752,1.6014962164745112,1.6052968510337675,1.5989396707850416,1.4038720646771259,1.2654312204452722,1.1450923090858007,1.6943308422569396,1.7565986882575322,1.5902931177937283,0.9390813974816422,1.4505530640771966,2.1591852176350272,1.4669197796672022,1.8827498099107993,1.6345106248020769,1.5477416265724742,1.2237072808344163,1.8678786619918863,1.0320348985365775,1.465089329051562,1.5979789070350479,0.9427653076896456,1.2757426437575918,0.7736211180923221,1.359308165977928,1.3646554657785148,1.7761894737646875,0.977827104257454,1.370831055658806,1.4198874405661717,1.8255147137382195,2.0368433672013646,1.0873676871526163,2.5063351457567484,1.5072933559622625,1.6421990690434993,1.3817858048178095,1.878702079729641,0.581874851395554,1.8328442489364507,1.620402865641003,1.0488776293444437,1.0273195771432613,1.1462957164850622,1.4857768107174736,1.0716404482085637,1.233880993484862,1.3255706604966986,0.5447685643638918,0.592357536923319,1.2441462090030209,1.7207945130942988,1.1742280516555839,0.9811761638212568,1.6129697643509537,1.375786156817338,1.6809970422924916,1.0194071257697395,1.6251262604316983,1.4808648056065694,2.103563550097407,1.6051020068968336,1.7505053417347565,1.2769711104631312,1.8792371759921167,1.5369095578926593,1.1048635123533534,2.031162841518904,0.8918577270040956,1.3605242984990409,1.515208742582252,1.2745549328194914,0.7808006395542528,1.2537611590744038,0.8223161599529303,1.5799251568225707,1.493629656599282,1.3263215601012974,2.647591419182559,0.998268401020858,1.481399982855313,1.072091353989425,2.074902197185934,0.6736828194651197,1.5535490576491857,1.5522214793356333,1.2036499048051084,1.8312082723884633,1.5849796201897468,1.2926459076137289,2.562035121969737,1.3915545348380296,1.434025907701409,1.4125736295485631,1.8231397201219028,1.5307584515237187,1.3742815972244697,1.498197915367025,1.529090537983894,1.5291850802607014,1.6075573996961798,1.5886929187191559,0.7175403316359036,1.379465879231514,0.8759345273715649,1.003002970299361,1.9650634089647414,1.4424971122712047,0.5831473976691612,2.088772201406378,1.3577181041514228,1.7465040606341735,1.6675602496825521,1.3791934005843824,1.6507261972897842,1.9041697012501442,1.091269049417511,1.6158326889078811,1.4675795212251772,1.309402851939939,1.7160155538449335,0.9553023232334372,1.845217081886067,1.3374133957115844,1.5509502121842371,1.4111246927108676,1.3258519075678192,1.3779157617454245,2.2721077393736526,1.9755398882807353,1.7470215167065635,0.607032967590612,1.0796063542251582,2.084040678600239,0.8026639058832433,1.9619061179505892,1.3627587036145365,1.2497060030328198,1.4042009705928287,1.7177993649194292,1.4208861391526886,1.485354529749186,1.5631303945449717,2.2213985280688227,1.5600822723023224,1.6223621143048228,1.8306797002464585,1.6981193538151282,2.07478133622069,1.7347134202680619,1.6252285385050715,1.646986751421644,1.6578514685010244,0.9775774345663941,1.293453003717385,1.611049469546274,1.118955689046195,1.3816422335876788,1.6995780137178549,0.7747832554685458,1.7456358345401797,1.2098760912655662,1.3880747493310155,2.519927151752382,1.8782639359512994,1.2135267518187278,2.0075479411415738,1.1509064927421722,1.7222176018615354,2.0011123259498906,1.534624325119801,2.184735862214384,1.5837205389025961,1.4655708148991469,1.2494554740320645,1.879292527075527,1.4745239901255913,1.026325474756801,1.599014830082977,1.305270929695583,1.7430970552613816,1.4711616542534138,1.0195997130058474,2.229238704842598,1.7678585334073253,1.2173250374906965,1.2891771410333703,1.4633141124082172,1.6421176395498738,1.7121069681414118,1.199510603197643,0.2207666991839466,2.0625451014441016,1.1696524484914799,1.6426701873363625,1.2362242442490603,1.3872574431963436,1.6915145346017746,1.4984686936351532,1.3701455150655084,1.1179855940468533,1.4792914790445284,1.4412641077567894,1.4256719154388433,0.8978045967033847,1.3521242115177845,1.3909413253004144,1.6064038365668893,1.4539343594253151,1.3564687393518269,1.6094843520883968,1.2660656340065217,1.182983134640662,0.7729309170431002,1.0475930670197324,1.3217554913284273,1.8775646764814495,1.4118187623617893,1.7231909414184825,1.43791232953839,1.6814021696741897,1.8371015896499006,1.6002098748161067,1.3041051543454096,0.8455209662846634,1.0584854488228397,2.2696616374561973,1.3019796346805006,2.297293765661065,1.8374848401399873,2.350550336169889,1.7285421738252953,1.5600096343597034,2.119060212645134,1.6163913681424442,0.9896594612572225,1.2833970534140113,1.4409862580255752,1.3621011330128334,1.4023044060827172,1.1912359474557268,1.4604800001221443,1.2795081318711623,1.2079544101395676,1.4440937173036525,0.8840573536515787,1.0293401132947708,1.6097888298602483,1.9726217603093747,1.7119255527048343,1.4610789331298102,1.3821822590509436,1.0442511426805432,1.2696143233773958,1.6049357537343485,1.76934512075816,1.282454400031927,1.3374943110704025,1.7251755092716525,1.1694078310188067,1.409470443501176,1.2919237366439198,1.335281652017155,0.9045626058595826,1.4594239926848327,0.8982737383961529,1.269972974371088,2.01762276779986,2.2030138313512677,1.8298552009074542,1.1076397689374045,1.4887532869244817,1.9508147956035962,1.5766470069819234,1.7465775435340867,1.0871793939330656,1.8933366880745033,1.7831216542207038,1.312868769871716,1.681412183705192,1.7145267724068767,1.72913451601639,1.7903489175638845,1.5037323715446738,1.6578153474136825,1.6841846450543794,1.466126496535189,1.308200471472654,1.9072726865589353,2.0960971235046473,1.8454421101522396,1.5220443469060008,1.5465244570239602,1.2009387709891381,2.0075809653498604,1.1734322226260598,1.5630029893290707,1.734590825426971,1.694575242190914,1.37483753880553,1.3521447693232436,1.6598517334612823,1.2714049457812333,1.3250596146248481,1.3995096410556722,1.5620658506961387,1.2658219979351872,1.6249408855789618,1.23443016918456,1.69469779752927,1.362331284902191,1.5833829761700573,1.2003036899329906,1.0543136060942748,1.05226197883457,1.5315969082440286,1.5489656473579776,1.2592929944566351,1.506045505585695,1.7896023825609901,1.4377046430344305,1.3031643501179713,1.6993242323257882,2.000023135430621,1.5469122987975648,1.236316954461578,1.2006071728183774,1.4169881119560737,1.8725993770186387,1.758325080221998,2.1251995602681886,1.4891013459843183,1.2817560114550162,1.7057571246661292,1.2912805157704925,1.1152636779070144,1.0531229492893117,1.0785625236769767,1.8795257464443136,1.6891220515730887,1.611166184440383,0.960422837490132,1.7280245832337884,0.7672578497768971,2.6311209359614764,1.1170863552180208,0.9175692047380521,1.0747282292166114,1.2801531747361965,1.3994167046179897,0.9051329815279954,1.522893517939619,1.2260963756471424,1.633729563563512,1.920974107331213,1.339240135398472,0.7714361971767278,1.6609735454866668,1.2032167963786278,1.371526747263986,1.6456413367197689,1.4465698661621493,1.223362485842007,1.686590609288673,1.4874283325963504,1.4962538041188975,1.0257580949603518,1.350722438098496,1.1793139370272285,0.8388564918696018,1.4106071804085105,1.71073812891513,1.4718567256055277,2.126000526993831,1.433359362026551,1.3311998423803528,2.3468978468293504,0.9240215072289883,1.1347420152990977,1.7354394776333928,1.7710128583630065,0.8124468390698664,1.9438958608182708,1.4708475654497073,1.2514821652631045,0.9687977054429949,1.588238592938565,1.3235005350455733,1.7345793930287094,1.1146494443281592,1.417737266823255,0.44758982794653157,2.345445242934155,1.7634915195659584,1.5901979820682897,1.679207371504834,1.4402050369849335,1.0932360491120925,0.8168749265354877,1.1437184493619057,1.5451437661925003,1.0886280810270395,1.7001928219091411,0.9873966487589909,1.6969381307675067,1.4132789076387202,1.0102297835007983,1.9508577808555079,0.9675831334731213,1.1991320297349368,1.3217763980207216,1.4645084456900395,0.7957331426293186,1.140782280198312,1.1863483287515144,1.9069716724537313,1.4266794433448184,1.8722199517506122,1.1602170624054609,1.4828197474003553,1.9007563840317956,1.7879031284110454,1.3918013646251148,0.9626210951233305,1.506074009472472,1.7712581791112816,2.082100297238631,1.1528153878218388,1.5526653220925146,1.3598820275891668,2.026341011489299,1.7955519289039952,1.1941727162360452,1.190005888504864,1.521444215206461,1.5623756435857195,1.4806564293844149,1.067110572731089,1.3542458220860465,0.98142715132516,0.855860198989308,1.3610118681294865,1.6519131916146557,2.4947869866451553,1.5047953929503397,0.8359902000726922,1.1126247196254309,1.4040926072151956,2.3279554244090557,1.7279622016889267,1.754408107941674,1.3657772068944496,2.0492804485911535,1.5435777494211416,1.620735593045328,1.1993073961497704,1.1316985433585924,1.4759988521234746,0.9856352181674177,1.5409285060086755,1.977856618807762,2.7832043865528355,1.6485101359665888,1.3748247349058271,1.402236595575381,1.7718999312167372,1.6115783607562153,1.7460359216226693,1.511210612322349,1.0477264464483937,1.5613720550918513,1.0766502034355088,1.516547272886085,1.233928602834514,1.3595401477135354,1.1971036609130934,1.7879860623044637,2.931935465432387,1.2763718544692622,1.9988862045647182,1.3842731820486671,1.386344491764416,0.9431420533037383,1.2475695230385044,1.4740884144705473,1.4118696244182019,1.116573619714608,1.3999382470349166,2.0220608922090086,1.6176605671230173,1.7119814959821584,0.6908327916986436,1.3183651061270323,1.7246511240662072,2.016457792844582,0.8993436740567308,1.098076784758749,1.66108694157648,1.0202349609581294,1.5133337298297376,1.88367151078104,1.4918382687118448,1.3825531003343705,0.8122093226896469,0.8491150478638609,1.2404216076401657,1.6429115465965445,1.5566043116409203,1.5862820423227872,2.4777222685284426,1.8685161823848866,1.471005955743113,1.0395711681595223,1.247261732840753,1.0821962418128388,1.3795727218472833,1.5140614089481266,1.3988348795568109,1.2134316287597446,1.245583278230933,1.6932464431299685,2.291376991246748,2.227970676863993,1.8557497998156358,1.5290888147701462,1.3337887729738873,1.7484870707501132,1.4151831478968504,1.1912044301746496,1.5432775686437412,1.300359731823903,0.98115293308758,1.376319014313204,1.4311270551454376,1.3687400779337695,1.6973490303514374,1.4037988515555844,1.8691558648189488,1.138161317394046,1.1384168339299325,0.97624258176592,1.6466577067638604,1.6672721654272074,1.1773691927522443,1.0849404650683043,1.5918288677750296,1.7270651714820404,1.7083322196264736,1.3597426862992377,1.2219761972232397,0.9518673100396764,1.6157514665338877,0.5290892403053085,2.223328490519023,1.3940279508409648,1.8119084865512656,1.8197820254495745,1.3799011024664398,1.1042394886204787,0.616347614903427,1.463249702750021,1.3456909858797728,1.371107173934001,2.0389660782510965,0.8837646278880917,1.1626789307489174,1.4691273216856704,2.1012035837840273,1.0561394833842044,1.4805436342468359,1.1037795293109918,1.6397127738369215,1.7139742919911176,1.4909710938923602,1.2952273228502849,1.7645624837317373,1.3668402501773733,1.5162065575129207,1.8747997292600704,1.4176130248718994,3.4685089152735173,1.0103928852901225,1.0943387161785354,1.2050170399857012,1.2916274164608659,1.434009044740177,1.3843919233810014,1.669066180925418,1.620583843286401,1.3169140887496673,1.5002115019463491,1.3636800214700702,1.3313206374728628,1.4161099952353466,0.7909906039872246,2.4358799233380513,0.6390537334477435,1.357656262049509,1.0276737408934056,1.11229119507174,1.194159470478792,1.537395641977709,2.022604974415883,1.8974547244338544,1.3947978469819629,1.6066593435085694,0.4351254797231631,1.4555729310939767,1.909348332445453,1.6039283709784269,1.3016113762494492,2.1583210762600347,1.955085333181356,1.799978554442234,1.8265392767371842,1.445356125840024,1.5270796683220151,1.5787768361007068,1.5664496427977328,1.718616963312734,1.2493265805604477,1.0956255305312126,1.3116155540443017,0.7852875798167025,1.3001674007608672,1.4548051689923156,0.5275361106670359,1.5528921436658791,1.1345614781847662,1.1340790991015945,1.5217741489610517,1.1304747750604305,1.1868486128258275,1.3607553949936348,1.515294796410481,1.4093731369442613,0.9226113080865739,1.4500855019085714,0.493227182879042,1.2813345249311079,1.8372992317168306,2.3675429215029262,1.8781285513540587,1.9132336447461582,1.33737319346784,1.831298722991849,0.963899525785982,1.622114416996697,2.4089707745876763,1.35662831670049,0.9812909216812861,1.3243729579171895,1.3549137964172795,1.8374388255786152,1.1112758968686154,1.7149315001228205,1.1915647933020337,1.6533623727312323,1.3477290830886284,0.9383086126804014,1.2890765644597884,0.6976225970444818,1.4847182853380585,2.3099013160456665,1.269844283477089,1.5630816229831506,1.5252749582679495,1.3370280574941673,1.5365449268567424,1.6367442329658934,1.3164838804020556,2.0552557109151435,1.343843541496908,1.410327642783926,1.4030199827548506,1.7068371588463713,1.4472391234940398,1.065064494507872,2.051373094361892,1.3348393609027416,0.766402166403459,1.6692642595464395,0.632503897990194,1.8538448717144829,0.29842523953043815,1.8639080065127929,1.2751804531224937,1.4967046613953405,1.3466082763954912,1.1582297237798966,0.9752368204797464,1.6135533924182464,1.1562057604447826,1.6529001953583695,1.5375281137919812,1.1284173867470704,1.2971054158960866,1.4311299865485603,1.1007047114330775,1.5396361452205012,0.8579876840640688,1.7871007528029998,1.563569920946572,1.3453900329788553,1.9019778200436628,1.5981500243279871,1.4895861185966046,1.4889969132213117,1.8427683276244253,1.1835809029678934,1.565736227916776,1.3406268646231467,1.4224394646269252,2.1892480703580928,1.3444363003639692,1.9546065086766737,1.2686361966924924,1.7301347885427276,1.5886325513717043,1.6054736568526113,2.0439203769024514,1.3564336751775956,1.9185974815766524,1.1241542083401823,1.3699145993668411,1.7346756934436367,1.1391355972209607,1.551744299053287,1.20929714593605,1.4576062490431285,1.0389950694131103,0.6021617239973547,1.5588459969927109,1.3796069683392538,1.5498461926681464,0.9827189502791492,1.13129326789859,1.425386957770416,1.4898285605586894,2.231299019923721,1.6793980587783406,1.1938712370494997,0.8976023387531521,1.3002064215745983,1.058367917591512
33,1.657517405989267,1.519656985796524,1.003955065711676,1.5536711416253113,1.1588725164803098,1.1147538735257483,2.030008693804068,1.5665959387430102,1.6966578124456375,1.4960783227318912,1.2624165676307428,1.2163428391607904,1.4880544009527559,2.0631415793510612,1.7861097317672519,1.7640626248738536,1.0764794903206096,1.477377757573852,1.0359296608526662,1.4031791969083631,1.2690969844758317,1.4314681677209347,1.2434131355818812,1.5187587139314358,1.031019625126201,1.4313658367159627,1.0351685901506558,1.0012149118396088,1.4576599237819392,0.9516947756318606,1.5313051877297073,1.0974881091411688,1.0427617576278019,2.156329300001886,1.4749450514874272,1.3540648794305858,1.916385977491438,1.2303577207131022,1.9680326531564831,1.3816929262810318,1.5156529931500597,1.5586796301450847,1.2275388685136701,1.5460169451800478,1.9961506010866994,0.8094682269969944,1.4174754460304655,1.3028596690170209,1.488887974734767,0.6087210317673436,1.2008183755504187,1.9032243023765294,1.5724063244539628,1.090108365389598,1.2023396302424494,0.6548832379329689,1.703046618536219,0.8220449209280961,1.162330704437417,1.6817090381271993,1.9147725218250482,1.09478067076202,2.1481528115204336,0.9955034651703804,1.4331278432807872,1.1427046377294336,0.9954562107269129,0.9564918286475178,1.3305087917782967,2.234321987649056,0.9173073663852844,1.3302819686431204,1.7683469120951887,1.6708219962109214,1.2944571669083516,1.3475457614919217,1.1014875606590748,1.6092167678073046,1.815894916590636,1.1476634210535732,1.924486436791538,1.3322631156543963,1.4224220633893068,0.7316501714656329,1.1504835156559958,1.6266148515055323,2.710784700039673,2.195314358019192,0.9695441516505386,1.811413338945198,1.1422264570029497,1.62582735783842,1.1747583532552255,1.2650547882780296,1.5899831696093019,1.5854965479240508,1.5119024553729723,1.3051737289160288,1.1885652825858002,1.3077376837635348,1.020173165164341,1.3510438741802973,1.5541479543047187,1.6365987681548781,1.0853477864379928,1.4615693591088925,1.167514782351709,0.8849349406737854,1.4587364225052695,2.0916129547133293,1.0771050863150624,1.3855558833770067,1.275475564599265,0.794584272231275,1.655859957804851,1.8082255017735647,1.7295542070227605,1.4576236599575083,1.9608753357648552,1.5276245252910527,1.5510516138351644,1.4496962380916,1.560182386657843,0.8699556173182239,1.5079522684529056,1.7948516225103999,1.056193157513005,0.39011942113364495,0.9985434923361969,1.0484226209613563,1.5607156886947147,1.651366250888233,1.2410238318888802,1.3722161099741021,1.515874773795651,1.6459666465507796,1.3715943163494706,1.256528328114575,1.310137987791556,1.1671653597759675,1.3687668141510854,1.5971536519771665,1.2423597659150127,1.6327137514016217,2.0368588023247938,1.4898955550208675,0.9312470031652816,1.3694281419379737,1.22929628710412,1.3471225760700116,0.7033968607611008,2.259007720412737,1.621292939668695,1.9548355420096257,2.1048447223412974,1.3976973249034463,1.6011576240666494,1.58592337352199,1.4144413716597743,1.6423103661684837,1.3804990791928295,0.9767603957041637,1.8107499065908013,1.4267614338534285,0.9638696677936488,1.7249706682205015,1.3394454860119638,1.3744983922019294,1.1471791127888185,1.878033318421655,1.751025062095935,1.2797701958090186,1.6187640265138055,1.0596457350126187,1.616211479304165,0.9230686652659882,1.37166647006738,1.6753554731280509,1.5691583974945436,0.4620513989152035,1.8475473203930817,1.3108715577976804,1.155834535705987,1.049211767433901,1.3330598901909032,2.4677839213327246,1.2795788664640473,0.985339561334865,1.4993649687029504,1.790609494706382,1.541465569753235,1.2883071974556262,1.0219593584037328,1.4325887914193263,1.4353425911682787,1.5637926319643212,1.6019969619023624,1.0926611573067118,1.552807821894946,1.298639354551832,1.3356806341905836,1.160080800199915,1.5220051091768072,0.9048421765537219,1.9808880146417045,0.8068106319476926,2.1715870007934193,0.9273354425452518,1.1007133934242637,1.0953945285359898,0.9569886530522903,1.0339985024892395,1.2977334122432405,1.6830874924325054,1.2979042047657376,1.7130727431095132,2.133673587296299,1.9203223698341179,0.9712632223832837,1.1803131233642037,1.5181934867601659,1.8568461959325142,1.807861796938768,1.3019395104394023,0.0,1.9615079556561965,1.5614815932506467,1.3621988761491486,1.8814204661174083,1.6659066220241203,1.2284228771530388,1.424183229363349,2.243971198160793,1.3582890274745951,0.49849867240400497,1.436350853642005,1.0120294075534404,1.580487612698076,1.895247869727537,1.3554295282073539,2.008353534134661,1.7799470401890163,1.3312006166825614,2.200946817055211,1.4665920903970928,1.397353044934718,1.1184090459244014,1.0436916548409785,0.8266914866146255,2.5116307297594034,1.480257175627334,1.267889502053367,1.5077067428239965,1.1077264368130306,1.3373292408948583,1.3180913073740137,1.5715394303512658,1.5850748782820463,1.5156102015209432,1.2585735038847679,1.126537988948409,1.6832569553017367,1.839984432367216,1.6609123780119934,1.0472472780908775,1.5112514475017251,1.955613162836546,1.268544750090443,2.258796315367097,1.5939120414663321,1.5224741010611822,1.3243450870229074,1.6151913223941843,0.9473615625800265,1.6411697977725348,1.6892435638706425,0.7771391360589553,1.0796734473875986,0.8249699818134774,1.26387970312785,1.5309245796766815,1.7830790423945495,0.9254735106637468,1.1751330076310464,1.4162254136439345,1.760089660449006,1.967709838296041,1.123329253458842,2.3685558548899848,1.5264709434453807,1.4569747337122958,1.3590299107366972,1.8323396772132998,0.7531343455673857,1.7718041835936096,1.6332562794586403,1.013572517677446,0.725270819764336,1.0902021928944592,1.3939653482961403,1.2057513656872358,1.1083316991659171,1.5190559748143897,0.4624857347911555,0.7055070478187779,1.2886676564993822,1.8163565363549832,1.2272060670335943,0.9584543060354437,1.6166437191459522,1.2157304729974912,1.7778182075269329,1.0148434064663878,2.0303789447273326,1.40092512436127,1.897825746759057,1.5878797432935174,1.8968935518684704,1.4736100671129868,1.9177918514555197,1.7907373537950129,1.1375363952154385,2.127895634782304,0.8203895625252948,1.2737106465188157,1.825048701243769,1.394029918141984,0.6903146522994635,1.2254047625250348,0.878683271909758,1.6113547021097758,1.5587238121880997,1.3644347115878186,2.603193795644078,0.8915604294582947,1.4357303165745783,1.123492908350092,1.977952679538719,0.9238078270504074,1.4430445568826262,1.3074155744408071,1.0960534394925512,1.7644990456446656,1.6214944672829124,1.2550528487660768,2.363673501706862,1.4436359549326092,1.5376314844054924,1.4048536267961982,1.7958734724231464,1.3874257767386085,1.2431441187156782,1.316397362728049,1.3707266800991404,1.5088097359802644,1.5796883785588494,1.7518902634570188,0.8100642443512208,1.3493410862407205,1.0257877495536325,0.8763679358292251,2.1210404861586953,1.3693036568368175,0.6709680781518748,1.9743262326833295,1.2756525815325137,1.6202702129294835,1.523455256955209,1.4325962837268178,1.7614969794556565,1.9709516440449517,1.3814560283490045,1.4758401345498617,1.420742678207782,1.2233761977549868,1.8565811289006373,1.0861436396916444,1.7788563981999628,1.3970275847417346,1.815376061683225,1.0448164341138892,1.314791705508506,1.395026743452147,2.236609112795868,2.116958515736819,1.775474618549837,0.7474751206816063,1.0268535716141012,2.285176999745619,0.7316987667375044,1.801862743005592,1.333324271954752,1.2735400381803017,1.4203242454868148,1.8711080640169482,1.4651465445656764,1.4469540003317722,1.5059300017861295,2.0200168964864416,1.388126397996583,1.8228259281687185,1.67833505008605,1.7889293527684775,2.1786022102617713,1.72134349357366,1.5866371676449815,1.6997460345067865,1.5780122533070002,0.9854338789504319,1.0346580365440503,1.5788739964794396,1.201607952281448,1.5330432290951226,1.6746407895932507,0.7609130497001686,1.5534277792330544,0.9937316335486921,1.4765982936064401,2.4832448177339557,1.9860475327977298,1.285543346886005,1.9746323281065603,1.2414028283983167,1.497413906153586,1.7143669670609656,1.4477190943998433,1.941141771080743,1.5567237393008162,1.4280768355120093,1.2277490450544533,1.7518587060815107,1.5761518722721166,1.094836484196363,1.5259606718608842,1.23627057328136,1.750696066616893,1.1801577437671398,1.3168514611009758,2.4975620385196136,1.5807515984565994,1.2281950366712742,1.3053475170199487,1.3624251179375444,1.6173539725041057,1.9365727502237295,1.2880722271623024,0.2468840241477735,2.4128045325247442,1.1641784011790173,1.5226692245490443,1.3157050547957758,1.4058222203259585,1.7035324359386668,1.5456942291679727,1.454507256372044,1.0696437567953572,1.639857653336753,1.3296502979808134,1.5222640788412765,1.0910456312174595,1.3578890218360282,1.4925867597937668,1.6726621136614517,1.4363520951420938,1.3373530016858506,1.5932784784157528,1.266028033292595,1.234898644917664,0.6609403361935273,1.1362310374130962,1.1621256925551755,1.7491341672811733,1.2420812019378613,1.730608054926142,1.6403571693538666,1.4913343407263677,1.6495338944669524,1.6107727003885952,1.4265038290805565,1.092323839242659,1.0691433364161262,2.0258470152916277,1.2905417771847092,2.797884163515673,1.6690480343595275,2.000577402870826,1.5770459093936418,1.6733233242070484,1.8702174529857878,1.5720818640751768,1.0828086410795268,1.1727352397949293,1.569273913689245,1.419591082738061,1.4093801661863692,1.162303965096604,1.4190486305476429,1.2474833818985869,1.1177542878520899,1.2994155925559339,1.062698466020573,1.1449432983520802,1.7199822417701076,2.8977310422456584,1.598927535892896,1.4612381415932616,1.140978554295498,1.0591318496814808,1.1891073864126527,1.675971945718991,1.6391448174893335,1.1869343113292958,1.3755209893734754,1.7713030307525357,1.1186441105413203,1.3369745629054373,1.3951247362482793,1.206286937584118,1.1034303411705295,1.4257017372483622,0.8603318857403547,1.1432463245702758,2.1371060835487965,2.3336515114168774,1.716840309105347,1.1183817638850588,1.3775039639064266,2.049784987468513,1.5400430990295022,1.6230863873048325,1.1829358139843162,1.9027302551848977,1.7128349957830966,1.4076068037673204,1.7269428296838463,1.6524113835317407,1.7218297171567056,1.8307410078709985,1.4814057204027768,1.4510057793581057,1.5645838709473885,1.2679143040751495,1.349890501600992,1.6267059932929042,2.089523646824579,1.3821514535945743,1.6412967121612438,1.5527283614955851,1.31020134841332,1.9939541399595817,1.0963016023132108,1.6063962288288236,1.5224258284212089,1.7501734890210305,1.4005966662523448,1.344762228187356,1.4666950334880413,1.1564436624049084,1.3835286170775976,1.5158790775295532,1.580860563197563,1.2677451506325133,1.4520837324568339,1.3838604587969765,1.5096243846671764,1.170491712139072,1.5063814465270537,1.3457992602617166,0.9974312206708802,1.15024239163914,1.752134619258919,1.6390961388052125,1.2082444572351712,1.4339991302213595,1.8589622578222476,1.3984287413444938,1.4190337204577104,1.5720285472255244,2.0244437062956178,1.7265913743175187,1.1343736097893913,1.2253057170157104,1.6928140469488322,1.6668247058857657,2.032920961610885,1.8571839888298405,1.6450238145932703,1.3394371655083113,1.764022727149212,1.3057326434148906,1.1305367673888151,1.1171491534255036,1.1253272452816763,2.027718370127989,1.7648050266359003,1.5518723793749096,1.06618862983211,1.501490281063452,0.800580274613765,2.922850948573945,1.0654290432589315,0.9510485510850952,1.041509660470294,1.2797992156173001,1.4222592122715951,1.0961160068882065,1.5330987462890318,1.299541144791173,1.5796411928733889,2.0177335374461416,1.3056056232580957,0.7476302940384598,1.642724628119769,1.174964556077649,1.3211435764275354,1.7119127705588153,1.356113788156848,1.1689298491778166,1.4060780981355752,1.7410934193484788,1.4620605301624858,1.13268803335322,1.2451853692995165,0.9796041933521775,0.9242964344636362,1.4482711807454987,1.7469954753853443,1.4458168742888993,2.1054717402984933,1.5223538167476551,1.2201973116213978,2.03688823057767,0.8774183848815843,1.0817556567789257,1.6150697002783763,2.0360017762350378,0.8501883252162623,1.759704734936347,1.4772378712969765,1.5450534411944026,0.9949579002541946,1.8270935820832477,1.1993798543703986,1.8585143921720964,1.4826060209141327,1.3852902646836096,0.5600825655154492,2.061366185856916,1.5709849865945007,1.5251055571389298,1.4841168975826284,1.5049827920099563,1.0215086907695523,0.7709408488372889,1.2085928641831998,1.636894661699376,1.302189725959368,1.555494189218976,1.1056337489980674,1.80383569008414,1.2814352696380416,1.0681632512317119,2.136007661981199,1.052028112421604,1.4261447838826637,1.5336152920806871,1.476689423387846,0.8579338615463572,1.1009545810021728,1.1902102410447344,2.0604702205296004,1.4656915192210604,2.02658877122941,1.013449655469178,1.4325225694643569,1.8801229058659479,1.8624817990881803,1.3229297696266222,1.010476671176109,1.2621194338966397,1.6035714962445151,2.03275731758451,1.0699114465140873,1.626442726947452,1.3726803694256238,2.069667609366138,1.7415588247940614,1.1635439860022097,1.3059305242148203,1.3976418323033883,1.4611061150863998,1.504901147684477,0.901065418236167,1.2260946905541794,1.0688010835271171,0.8670948764930282,1.4200083068594342,1.5676410944811792,2.6701776964100765,1.4386139114396561,1.1203626763864625,0.8937937697583016,1.2831072902131886,1.8922931958996208,1.8988121968433975,1.8977303140996333,1.419076357585816,1.913244118324201,1.3547029343810326,1.4111471788926493,1.1107634407087021,1.362186904989774,1.396180044751838,0.9670115524947122,1.4528094182361344,1.6791315332993513,3.28264312859415,1.746152171739729,1.3529894812455492,1.360130200507077,1.4450391909287177,1.501409883773115,1.6988983811385863,1.5128653876363585,1.144802579449578,1.5081185727823936,1.102202996827597,1.527445336130936,1.206763435073916,1.3960068434267043,1.2066900333982222,1.8651973332543799,2.7436858145664553,1.2534955299662844,2.084755956286944,1.200045836009242,1.5619067457300728,1.0913058865244412,1.1906281173211728,1.5067252000287779,1.4114760744314532,1.1024396284091686,1.313309399629318,1.8938453987328026,1.5713435170476537,1.6402147689574762,0.7129289916965253,1.1714211053428394,1.6560544026101347,1.9091078266295654,1.0900938622294332,1.1775237590144452,1.9837235827682278,1.1130652679448454,1.5887138641792464,1.799577635434024,1.590392290336566,1.2788229518414418,0.9715093855080239,0.6630535992727812,1.2183388906774866,1.7399826472171842,1.3065157940389414,1.2902801338012218,2.543854425592567,1.7410521411423714,1.5973801563919334,0.8549410130049266,1.2140700342363142,1.0715856450036545,1.63497295471416,1.4216904965001258,1.2067399777715084,1.315615854129774,1.1826264109794886,1.3882161642318531,2.4391690879356487,2.2258379553510563,1.8833501791752953,1.7699641688326848,1.1722627861920234,1.6140528339886173,1.5104757435192893,1.2535213922836193,1.5124993696959244,1.2165477052596008,0.9420368314413421,1.4195520215598254,1.3602181461854412,1.3665029244469709,1.7623838789362711,1.1754651610946605,1.655126290648404,1.1219742114399747,1.254840052952313,1.0232758947785525,1.5624182599934637,1.8717115808170033,1.3016654297723076,1.0846930053976271,1.4738288808334423,1.5677892243964766,1.8555735800483186,1.8026169879126526,1.3213506998320899,1.016207546775414,1.5828786432902713,0.4966977414477082,2.0073249885676434,1.4432300822106177,1.9250181970411209,1.5967057850182582,1.448492915642678,1.113514735065045,0.5667488465844395,1.3244769099929956,1.3897861618718887,1.5058358173050335,2.0290120238974847,0.9244992662098703,1.175217921584575,1.488490208381102,2.2105657067940268,1.1210789808748371,1.4201550731812942,1.1568367077349673,1.6497599938201104,1.464888171617676,1.4422763499519307,1.3445766328948587,1.6323754646314128,1.2626658979025336,1.7482061513117635,1.5726223285810286,1.3984789618170375,3.5304175936818045,1.1264449752344754,1.2465490547412494,1.1329507635425031,1.1868751231650223,1.2684469427641645,1.2631956141398382,1.6756465458530598,1.5528354638643642,1.1877297225454961,1.4784065917030893,1.2556135429337987,1.3594000727666844,1.2992993637422618,0.7343490276471292,2.6065943554916635,0.6168767860270575,1.2718130861501171,0.8272295846459933,1.0733918804614226,1.0535714333631372,1.2643220569114022,1.9791713626765395,1.6949805032309069,1.1639439842452257,1.6401979465064822,0.6276178943650668,1.4237401327269428,1.585304084556445,1.4016905893668228,1.2090090669295728,2.0277608651478554,1.7685608766711465,1.745517505318844,1.5845565122336187,1.3640080240508072,1.6093157636032103,1.331653325486277,1.5851073417133197,1.7840045878607214,1.2654130638124885,0.9616266654607964,1.4234721376699802,0.566890296763367,1.3741258239386465,1.4042188033067418,0.5667924634526462,1.6416449861438294,1.1052588281687368,1.2785433650263751,1.4936093024764956,0.9736062327580959,1.1675183516953556,1.3358846606237313,1.327039818246567,1.5095341035116476,0.753701592566196,1.744339599912009,0.4394475005825727,1.0980635413321995,1.9056215776828667,2.050845583124307,2.1789047039964515,1.6373857976659187,1.3202082082334576,1.9434920260180433,0.8649198377986691,1.6833261346721398,2.2531210034271862,1.2600266018851132,1.038887973801284,1.3434573505118939,1.5229893850754477,1.9030062988072505,1.2169299503308801,1.747047705228681,1.1562926715167938,1.6777231297364135,1.4345740531956706,0.6998876987303683,1.4287238309827037,0.8706533833237484,1.4780992286505894,2.0495929226419616,1.241675287998163,1.4328953899105286,1.5437332110724735,1.2553771537512544,1.4828713922388097,1.7440420744216074,1.4244567792002456,2.431985225178167,1.2847149327365537,1.4371584183973722,1.5469167117155997,1.6513871728221934,1.4201850194279153,1.0225238278896802,1.9268498932300804,1.2917291214297233,1.0577757750325787,1.648939773931267,0.6955040564016297,1.722025589674801,0.5546118296265742,1.7741235968580218,1.2449771008112533,1.4359954709315705,1.6777193910022106,1.3772186135174598,0.9806165734777543,1.600169493306912,1.248364673020665,1.6049668142401896,1.5018406085428058,0.708943342262206,1.492427726419653,1.3970633530410466,0.9962505542640212,1.3290448465170448,0.943007560441571,1.9586596304655735,1.4751964500588786,1.132578348143415,1.7006498810739488,1.518838298902156,1.4358646931314598,1.662922318581012,1.8476175907237768,1.1656429365032825,1.516542643680566,1.519832811735122,1.4855000008791965,2.2568543932156153,1.2947861432214247,2.016400655462983,1.187643613890228,1.7675938807591771,1.590160602328798,1.6106074038990845,1.822392935961724,1.4638813111528755,1.767425856413734,1.1286366524855114,1.5472333968950556,2.0778583808787894,1.2351266452778242,1.2514405806704962,1.2776533316184093,1.571843934195563,0.9200882083999891,0.6591394846906479,1.4027841179632088,1.5087034267775772,1.5652752644620782,0.9783509796373479,1.3006640207417108,1.4107632143894318,1.3598615798590448,2.09408970397362,1.7817318188817841,1.4147877289010533,0.7711206584897957,1.3592132154797736,1.026290442330939
34,1.8335510793871248,1.519753182037181,1.1704273575963167,1.7040549237126474,1.1068985181916677,1.3222134115715112,1.8413157187815616,1.7246891543477334,1.7865492196460568,1.726555872194583,1.1839590902139059,1.3778243869996136,1.4701884487522738,2.070107870435071,1.9198913106413027,1.739013087467903,1.3163565388733673,1.5554608490112543,1.0291648192041656,1.4742474378235397,1.431178928969547,1.298812827186302,1.3040891210709555,1.5404726003455553,1.0538717195570597,1.5169329300774534,1.1996901562491933,1.1748332588559856,1.6117780342912909,0.8858965352991222,1.7314306474645638,1.0649613152013424,1.0411429668133474,2.190153837876614,1.4041238617453176,1.2776937285083614,1.775981721596601,1.5374745381033599,1.8345947213893496,1.500482729178202,1.5143560406734502,1.5502508933161865,1.3435383976695585,1.7979021966327888,1.6673894817293784,0.6718864937853575,1.374010701381357,1.2185849752125562,1.6801097596764916,0.8099038312658906,1.0787457446005615,2.0187627836494135,1.4600159239674282,1.287044979316107,1.2497900897130179,0.725217078283093,1.8338533845551916,0.9581177623426855,1.1931238539303566,1.7571042982790155,1.8807613192916,1.2035599382093196,2.0728504107466663,0.9735323113169694,1.3705496299198257,1.1734791908336835,1.0936413172984296,0.9543158823842811,1.1832206053254424,2.069918912457132,1.2038662462072942,1.2243120798564586,1.8193047846140993,1.3664252657018063,1.2582740516646882,1.1797010043755543,1.1947709857014486,1.3475361046145702,1.7080229267072446,1.2779231664255895,1.8686841267637702,1.319005094935357,1.2623391497039496,0.7842099432269746,1.3374281840731264,1.4955171563369039,2.548811908407098,2.8523920293192253,1.0258132250560694,1.4436608185851796,1.1398335135540543,1.6231281121385877,1.1208202410693393,1.4947238793836413,1.4834378542991595,1.5230680038985906,1.3698099542932785,1.144540864161939,1.2163353011013096,1.295338677621936,0.8763804989609707,1.3571473136647874,1.7601989977901582,1.5206371313330194,1.1676694626090387,1.6877869518602135,1.2451306559054933,1.1410406159669995,1.5921057741961417,1.9460859927543774,1.0727516940232582,1.458150488826024,1.3492685752474698,0.8082773240533865,1.701444791518711,1.7130010333161065,1.715602198857297,1.3607659133728214,1.8837235418633296,1.8084443503423167,1.5694070866134653,1.5528691806865809,1.478589453778723,0.7691003916914388,1.5195056588699274,1.618622507325074,1.0839588598886987,0.48534685400487776,0.9588016654683933,1.053622987134332,1.6964324979798782,1.6322686436364902,1.4154131540513801,1.3965955708478277,1.519654887004861,1.573159514044228,1.2152205801679075,1.2824244857338152,1.2562161543429855,1.2261610942258294,1.3356897464390975,1.386647905717527,1.2211990656900198,1.5895271943571494,1.9105823390470262,1.4876237813337099,0.9664805086988533,1.3266595139305284,1.1472013211026801,1.4267329155459918,0.7465275743409059,2.2647357149586824,1.4536285940907732,2.0016910640124905,1.9442212227734101,1.4280712179101989,1.6178372607076683,1.433406029737599,1.2963600616166913,1.6723567557020822,1.6092662604551229,1.0100842091699533,1.8508567348900058,1.712960538097128,1.1106461285569722,1.5253304090457729,1.3566877313507857,1.1358649819537843,1.478175466948849,1.9628781604871102,1.73635269542671,1.2617605393785896,1.5906998369434482,0.977041875229965,1.5688951677550271,0.7098350120235495,1.4029160434630814,1.6075664387193496,1.7699555108250151,0.4190761674295896,1.7448653580972326,1.2364361252437748,1.177844855704644,1.0414921282666363,1.286723831739331,2.4135104160611114,1.1981286839557825,0.9359824373015146,1.6854135470721956,1.8729827877684762,1.804912278618545,1.1046518541858534,1.6394253501794718,1.5802206674778625,1.2513299680500058,1.524369339845383,1.4874924720226816,1.2588054008779692,1.5634500966765692,1.3035710508313267,1.4014828334940743,1.5914396798384192,1.4665135653206733,0.8565927387939126,2.279199470757418,0.835238468546071,1.9468988753444498,0.9768519030673866,1.0730728096798117,1.1632262365884753,0.8353701584171898,1.0723472101673217,1.3690427282931914,1.6459645751669756,1.3632766226722552,2.0122936446275257,2.079587318540615,1.9746069972302984,1.1188192006645137,1.1950756449494464,1.4047185381205072,1.8025574996963847,1.7739469598338276,1.0729263843324486,0.0,2.0061052859262802,1.4857101949293585,1.21842242859546,2.0456630336773687,1.726162870219032,1.1167639497623363,1.5420741368617565,2.06905354608741,1.534650354154995,0.5219799700302948,1.4298510093556112,0.8983082651760925,1.5521861817405038,1.5775903450836093,1.3837130438255991,1.930570272791159,1.5681159631497412,1.253198086286505,2.2358939817781964,1.6942337712077327,1.5308268205821831,1.0116956525052707,1.103886439205461,0.8468778145695001,2.5579850825262804,1.534272367569077,1.3233905546056386,1.5850314608827791,1.1444921792550273,1.3105223278789624,1.2432422446209184,1.5761621577731995,1.545037133925293,1.398980680281464,1.3034739156652144,0.9454445075080588,1.7728120037206057,1.8359358243774224,1.6427359153754906,1.0385526142029449,1.5052523413993093,1.7618417580824486,1.3051560462436866,2.3656720195257526,1.5585733208587649,1.5345615267632644,1.345857807920214,1.3849882248259053,1.06102891954337,1.954634481342809,1.6538935523944684,0.7375420137117675,1.0406413683476332,1.0457510899980225,1.1519705548213637,1.6809373489384278,1.6589638792688566,0.9362004499288739,1.0708287981952966,1.407139016805838,1.5547162789927493,1.775099721770386,1.062577561573412,2.1338863915902526,1.369019711409124,1.3291537987148787,1.326827373521012,1.78943639350002,0.7343477210712547,1.7899060152244683,1.84931276777565,0.9935075748944001,0.6137733481709837,1.1822969102467518,1.3155569524056425,1.5433315155218428,1.0905749544499297,1.5462824271467324,0.44532637259901175,0.8213874542245703,1.3117402380693404,1.6943315228032547,1.143948064898177,0.8356841052473017,1.5412950216983816,1.1867467839541237,1.9249943217813619,0.9699306365567032,2.514523150777143,1.2385297737664942,1.6673393982031046,1.5293489646764542,2.086524243572794,1.5287408916610952,1.84158745009516,1.9057897710243679,1.0787811994701353,2.24892486951442,0.8319101738394801,1.2466668986479423,1.7132903263298873,1.5794053447655974,0.7215955744870974,1.2304998539542737,0.9500120254506592,1.6960391752801391,1.570752712965024,1.4494531383326095,2.5038338170879033,0.8534866673951383,1.431827140846005,1.2580684752123161,2.067674120302741,1.156965018330617,1.2660982128603522,1.192851598977896,1.0249680882926968,1.7002481639465654,1.8868053246582508,1.1679788929534247,2.088837668877556,1.5738042209709882,1.6125449366575615,1.5491873715172315,1.5896989678612046,1.351793470038844,1.1707329689510495,1.1290553475808478,1.1676283052276188,1.4816792198104523,1.4323262413299132,1.8087158359152768,0.8745929938908574,1.392828524937891,1.0823612863477416,1.0542209025049676,2.149045502557347,1.349778222998067,0.8537796818172697,1.9743551605950356,1.1370349079357056,1.4080625335654608,1.4208072387500488,1.2766851441880074,1.7424163330740428,1.8527665260508743,1.7248963007302516,1.4096349447493501,1.4927290698851574,1.3089755938100818,1.6661481071617246,1.240668836411277,1.6684043772871209,1.4156073627879584,1.6999883052937925,0.774546089163487,1.4672802237385785,1.5230946757088246,2.055800739855477,1.9936700869195558,1.7323092118953263,1.0959456036559034,0.9804723730309515,2.2026257052820983,0.6113056349767805,1.4689667931116959,1.3630866881358261,1.3833510131865947,1.3866957520078915,1.999391683446934,1.4088113513340443,1.4295280286582925,1.693747445884606,1.8747676440951844,1.4091134776717786,1.9118022296420842,1.511909602710976,1.8835673513104634,2.5286945712006155,1.6869811972289235,1.579605908856844,1.6597657283024483,1.5345210370318443,0.9647367114962823,1.1125532896972996,1.497771763700651,1.449722680752452,1.4637596859386517,1.4758668173573446,0.85871679350797,1.5438181143609409,0.9637885481241418,1.4839395323608735,2.241258587796371,1.8736767686534443,1.1948260211411421,1.7977456041871582,1.3099905498765492,1.2672225264461592,1.2961520770943906,1.4931630425512306,1.522558603674367,2.0586249164657633,1.3085567201038897,1.3463441129454867,1.6193567086239316,1.5635490924957103,1.2162280710583846,1.4514488240384942,1.3204274013734278,1.703014811033126,0.8760889823620723,1.6437433325402853,2.6220462610863073,1.5258497397993889,1.232008951490485,1.4363415610418455,1.3684932398772407,1.688142760724939,1.9201335380514148,1.5309149569330032,0.26255210808260937,2.4600628654040033,1.2404668824565253,1.5745650562798525,1.300362485452259,1.4514205107711664,1.6287082928249772,1.721923629491813,1.4574883455181518,1.1251871433053526,1.7321949683544893,1.3089927207685261,1.484946068700624,1.3048221409303102,1.2749478161772814,1.528235802545736,1.6735192485201402,1.5736554399571439,1.2495048040712957,1.529035428260297,1.4047419304872952,1.1175594518035894,0.5249588370680217,1.1526924614867529,1.1875358308417423,1.6877511339725686,1.123728910703423,1.6927788919665905,1.686439955797976,1.4496025687155534,1.3572952945860786,1.568017679120112,1.4396394819783167,1.1222326457075584,1.0473227968342531,1.950792317017943,1.1361187587533863,2.770233576865836,1.489526249697606,1.698765645372154,1.6823139417797603,1.7745887208849644,1.4848757807543618,1.3256902134915727,1.0730907224338324,1.1473539988191301,1.6243724894518827,1.4800162751921726,1.2162885362492206,1.1681090954245346,1.4227528934642435,1.2392144720953384,1.0352583815729655,1.197203508487073,1.21976457008557,1.340893746593476,1.7586495062575302,3.3433982506303783,1.628180804252512,1.404626562011504,0.9966628377664889,1.112957842458454,1.2276000758251409,1.7046523487817475,1.5446766713730824,1.185526409300485,1.4282794805487198,1.953592773167347,1.3235391604984157,1.3342496538004385,1.5153825262797047,1.0884898725620464,1.2950059949040718,1.395159399548756,0.8456542968594234,1.2300695343846628,2.0444669755754874,2.2258321420597498,1.6895710133613386,1.1982233705842846,1.3978773405212614,2.063349622485746,1.367420075774918,1.5985229678567845,1.33906696769283,1.8269112948866812,1.6795630672408246,1.310582136207773,1.713519490429476,1.6682072500142222,1.6692263453582388,1.8039035876421905,1.394086812488057,1.2816967975434643,1.6668317922904494,1.29640810898387,1.5026623462736923,1.4089541652101867,1.9214320862454106,1.2364717879192926,1.7913007644375711,1.4785314851068565,1.3950456837864773,1.8231152761118645,1.0987688080489855,1.6295706727694228,1.443217461988013,1.838501045490049,1.3164677407431846,1.3757771723962544,1.1952133325428165,1.04446999208663,1.362512540180697,1.638844309165363,1.5528574383450513,1.2835261306628252,1.3435811161209892,1.576572677075188,1.302536083719516,1.0621519448090004,1.3841689399487387,1.3320866669624705,0.913176798676388,1.217736817892825,1.7634798478689537,1.9454735704197645,1.2518465123485476,1.366899048975843,1.6407495143200879,1.4745806378594226,1.4488105670756666,1.534430531857967,1.9977911309769234,1.7494637746059523,1.0589843484870682,1.1947988171658481,1.570224746213328,1.50102290387097,2.0372224471128715,1.5965045042946184,1.7262138705157402,1.349390147521584,1.8317589864447044,1.2583617006664882,1.081902447782098,1.2613628715453635,1.2294489520200458,2.065657982299276,1.6855328193716186,1.4522063260443518,1.1294381548904417,1.4318437188789659,0.8438365870640081,2.6662014457097127,0.9805268815751698,0.9161421228692486,0.8446457644083631,1.17927780053929,1.6008566815364897,1.3161962589798832,1.4302706272846453,1.491750055726902,1.521278206458747,2.0061176224925252,0.9224323051504668,0.8527800541934376,1.621069954198592,1.18284932985762,1.429841549222755,1.724728029501589,1.2852737924675108,1.0443020308391737,1.2695620805078458,1.8669693900545805,1.2791223165870984,1.3058856745640062,1.139643201450408,0.9695186968931065,0.9355508620079378,1.617307958529316,1.7936980390288675,1.5186775448953849,1.9152772203968,1.362023716474525,1.1932855530352304,1.6927346424257452,0.987701545216501,1.0884885863462048,1.5190095979698177,2.1487204898713106,0.7404201119873404,1.6788028853369352,1.46872741395478,1.6995879652982553,0.9828586050602512,1.9703606939841087,1.1088301427799248,1.7973867456941424,1.8139746017478873,1.4649610095956414,0.5499899287789092,1.9566961128412235,1.4517689385848476,1.4518853908842826,1.319345618773831,1.672080477272003,0.986723247319974,0.7323472463672734,1.3134782530831008,1.6659870089157014,1.4245688492101283,1.4202745802041554,1.2855588596206047,1.9275176151539957,1.2478145690114473,1.1408102816477936,2.2248563771114798,1.0002332472114641,1.664777208838199,1.6970082465565173,1.3749180552684144,0.9269781708761764,1.0972682055017635,1.2788855710065938,1.700320833462888,1.3971528003244025,1.9399880258145348,1.22215272343258,1.3417437184438727,1.7954727606395697,1.8848654014524984,1.381985643748127,1.1526213724221575,1.1169378860722912,1.589919024599414,1.9832328713208032,0.9995813537556195,1.5151955150171792,1.4450745938684402,2.022250127123319,1.7367783347217258,1.2690805026237668,1.2655751372415003,1.3459037526492856,1.2817512592396176,1.5573033652623254,0.7916861893354672,1.0057805752833937,1.19525712935519,0.8501802278492512,1.510900423007659,1.612148978155686,2.5008280858208236,1.476482256128415,1.4655668410975011,0.6614173012331401,1.3685690746661452,1.5652837361844059,1.947326397119896,1.891807347097481,1.3939488741548065,1.7454537175543514,1.2941884741278784,1.1820036919998844,1.1668944661183802,1.5685860102920126,1.401696266617173,0.7984634286206003,1.3054084734642428,1.4037317323459295,3.1460230625347236,1.8064206762930333,1.3851044777991415,1.3802352555791395,1.338758028539121,1.1798891077902987,1.517537400490166,1.4243753818602107,1.3273629708056531,1.4777755444441638,1.2021588976510726,1.7889186073675791,1.301610386057436,1.5785575524652913,1.3538180889678841,1.89033012654685,2.492635596069289,1.2569767572911388,2.0140499842400095,1.1398827092686048,1.6310393650659742,1.246335246209862,1.1332471887947075,1.5507409425923422,1.3676712206022041,1.129770844900936,1.2008247351260983,1.7221397852829654,1.586773588474073,1.380601242051899,0.8352703968420878,1.1167511532421814,1.6789598123675455,2.1031557646688084,1.2318799383449899,1.314684656415768,2.3696060298983745,1.4439212902585723,1.5902591031329294,1.9535705413144107,1.6700759908291265,1.2631359258421746,0.9128686313660652,0.6469466894501663,1.2182657830436998,1.6562110844090556,1.0425532634143642,1.445736329168933,2.12956483612073,1.5111764036595408,1.6935216441035763,0.960554289042983,1.2197640979594173,1.0105550596123591,1.9869007790897943,1.4529109884022025,1.0776404121665117,1.418978860650248,1.3662302363065915,1.2237449763018222,2.280412109796229,2.108914319498903,1.87484156826306,2.0067310295483085,1.1966668133944043,1.4977536846921917,1.5494336301613227,1.4334140049233417,1.312240277118016,1.2193395323219542,1.0102399827329531,1.5841335033826178,1.34514412936625,1.3381677286966545,1.7549673431153423,1.1211621112130814,1.5146657023305454,1.0036797185949555,1.1645251224578366,1.200578263037641,1.4830503630945748,1.8836279524387267,1.5396429327121046,1.1275307669324621,1.4301314043896545,1.3283847002333349,1.8793756649212128,1.8055915578437578,1.3768743114372564,1.1973868121927316,1.5794134987069506,0.5990918891228858,1.710875443231732,1.5360838986898269,1.9309087382150705,1.4386401945796639,1.4686383297109764,1.4124349006805312,0.608259357401047,1.233680378776985,1.3743637375367794,1.5736121785790238,1.9835708760282387,1.1000376798364586,1.204541221369962,1.5211509853761311,2.1194697443520893,1.2454829761836352,1.3405308088304988,1.3131727480015443,1.6489820640785797,1.4103527699444172,1.5475375609809414,1.336577626113961,1.5362611936126311,1.2498642963689535,1.8878077539718203,1.4473049520281098,1.3328866100370034,3.756208904238256,1.2070763611752646,1.4372941215471093,1.2215881134812738,1.1495007028686883,1.259375201144913,1.3483326108926041,1.704491879459119,1.5357460499388993,1.0979292020616214,1.518469428438412,1.2516505642643296,1.426703460346643,1.3264094967144264,0.7165932031411475,2.5559017024020676,0.8150302890948959,1.365320751620152,0.8259619009788899,1.1288207348817472,1.170233329329657,1.1020972020889857,1.8664557699175524,1.57022832247999,1.1419465801375133,1.6490241904800695,0.7078617773097449,1.4634022869660992,1.4188057640160319,1.1062986840524616,1.2629566833028338,1.8393331043751693,1.5619625022414543,1.6027449451425357,1.4278299091189788,1.5194252892816746,1.6677754671483203,1.181123238671469,1.593650450859498,1.701589499806805,1.1699242374676238,0.9424377093270608,1.5345402497264173,0.44742267107946804,1.3730408360942201,1.3204247033000498,0.6475988807665831,1.6481729593275702,1.1378195875343322,1.3296292734900004,1.4340240341081705,1.1246374560954846,1.2148903918286886,1.4083938272871734,1.4188270483186196,1.4133169908003196,0.7598540648424803,2.028141460376771,0.4155712303208041,1.065844844616484,1.7152137648471495,1.7617869503161465,2.335382769298787,1.5913372882729244,1.3081334327678709,1.8798851202194884,0.845592481211352,1.7660494504786206,2.081966022273818,1.051743179809819,1.1335101081310206,1.476527226953368,1.4092721293729995,1.9006910487871826,1.3990543175646095,1.72585722996903,1.1610426636283182,1.4341649570072557,1.499940732116724,0.5277668886327329,1.6646234527091979,1.234905542825891,1.3358993608586158,1.7916506570125128,1.3047301860785705,1.4389389305830496,1.4894514052070587,1.3785635356975208,1.4263438288240664,2.0548269706815376,1.281289977169898,2.755860587431823,1.2789877246049701,1.331122147115928,1.5607303644581305,1.6299903532709397,1.3999110091648734,1.1158345560291842,1.8086447935987828,1.220481750311688,1.4025118619788017,1.611831114316991,0.7555214169266812,1.520667872537966,0.6384902809525053,1.7917632090324553,1.251374298370969,1.4886669332893767,1.7615584733514695,1.5392844743101999,1.0050913451258905,1.5776784509484347,1.3574896350075858,1.54311955051474,1.485137556671795,0.7695592809275404,1.7360695889088293,1.4803173902035998,1.0442869463916193,1.3405780086160088,1.163384629250716,2.0128952653499903,1.4383721458966638,1.0337439347507726,1.4711951974921749,1.4577849876243805,1.5316115143776212,1.8123599290339656,1.8814212392210456,1.2001101274610981,1.425388133141068,1.608780375872146,1.5197435713872531,2.278718291346978,1.295398610220565,1.9748963466110387,1.2344039766241028,1.6804398930737823,1.390038905980815,1.6977643619006704,1.4100665039787623,1.5184392974913528,1.5018467176085704,1.2121835453693248,1.660106685504665,2.225880616774791,1.5775084027663575,1.096591266148026,1.3212923567434638,1.5735935376780161,0.9333319600786749,0.5810711133248743,1.1442835628576262,1.5135771778039007,1.6352778998227144,1.0262803476669613,1.4648861124242094,1.42628931395629,1.312152318966783,2.1198221555525607,1.5680009392323706,1.559514236487567,0.6924158452530305,1.4856054448894678,1.11800471135242
35,1.9254520052791404,1.5127368621211796,1.3184531452483013,1.6232569666348475,1.1223699110141014,1.5532345728966108,1.4863710590648356,1.8241869057887339,1.7953226677232084,1.9376788055464846,1.199697754177391,1.3863695581577447,1.4496077696816734,1.9087546964015802,2.0167623638267247,1.7034141236809983,1.5339892300931257,1.6522010323427376,1.1211730688198145,1.519064283191184,1.5203908085934952,1.1147622955312217,1.3021825580431106,1.6259934481648368,1.141892067690656,1.4809255358913838,1.5380967611220306,1.3223104540499016,1.7001134323378526,1.0034928734515418,1.878627326087819,1.044209674777819,1.0965627681894012,2.4532327987118316,1.4627449423183636,1.3424686372403636,1.5594523496868076,1.9607229128464252,1.7071359886924067,1.6414165880406812,1.4845760332477949,1.560121831951777,1.4195410270163493,1.8343670746069267,1.3984394712416586,0.7598578970764485,1.303045848995799,1.1868519135660884,1.8563175403532104,1.0842687474859232,1.0630062214058327,2.1389457678603363,1.4350294825780145,1.3538922482201359,1.3093143093508668,0.7676657896952537,1.8442729083092804,1.1429725902013355,1.2049845673269335,1.618459209777362,1.6842466489302304,1.3252657874073412,2.014874784135582,0.9677433344948743,1.324167841948199,1.154420614842874,1.1695848890306406,1.0003320718989805,1.1682103594884268,1.8051678361913996,1.404330090534865,1.0137232604301845,1.7188066238621742,1.1767144071511537,1.2341553391036943,1.2276305715586555,1.394181862844761,1.1468121495917876,1.5817432888450775,1.3994012707595358,1.6580354675593934,1.2384123584441113,1.235755024281352,0.8241220855233335,1.4996297264216054,1.270758338530857,2.290600807905439,3.1890896374109103,0.9734850851447339,1.2682635502792952,1.0389050401318398,1.555496516683151,1.1057654754372068,1.8685015880858191,1.3654062001118703,1.4939164339845972,1.224200060452164,1.0662492760880111,1.2466529151871102,1.3814564109034881,0.7470870426672442,1.406130716467446,1.9268092219347643,1.2696936640767813,1.3348448010361833,1.7212987126532782,1.276938940744333,1.4548683479856326,1.756941550834136,1.6345460391193005,1.151076433064557,1.4656437332614383,1.3879031303118485,0.931085584427885,1.6774996574418382,1.701988477159746,1.6093785861036172,1.2977876435567044,1.8128050785674994,2.024809903055526,1.5054172542797497,1.546040722236449,1.4265060761625188,0.6208338737594024,1.4023614609705068,1.5040180708190736,1.0790392579967816,0.43815080446443505,1.0410891820926533,1.0679936099027758,1.8679518414709846,1.5904857789695823,1.5583788158949679,1.4952494460133063,1.558828751714977,1.569864412412576,1.2260150339481237,1.3278919426908131,1.4258467827829684,1.271798356220378,1.2033148079255689,1.2945023864976628,1.28100533681364,1.5811675751782557,1.7190426708237052,1.3763368633073747,1.0571007266837733,1.288599456067248,0.9698943868857999,1.4198869382329276,0.8535190310794887,2.23639220737397,1.4515357747838973,1.965731063214831,1.7234677384566157,1.3064540193023617,1.5520081929840914,1.3863321844725445,1.3084863695713933,1.6478499298190445,1.6183384777149208,1.0120108109951564,1.8935422738702605,1.6925334891347847,1.5157969184687268,1.4261448990580123,1.4077997960694517,1.0498424708040774,1.7584509821414325,2.000860492606326,1.7219530680775392,1.306553935006915,1.631127362767821,1.0463652672358497,1.4150631259007342,0.6637644476234582,1.5331578962942842,1.5740837879980545,1.9477449988632611,0.5482166253855957,1.6786838292575734,1.162921129768302,1.3178000363880793,0.8966304575039195,1.3010610181246622,2.0265513398007764,1.1360045215277208,0.8756091332271776,1.6876771880887298,1.950178780536429,2.0088499649278013,1.1707923221665788,2.5096092417360643,1.623786761781088,1.11702937554699,1.401620060359079,1.5808778666160221,1.47747021511808,1.59530843981809,1.2853100593189553,1.4373182074202038,1.6349193243907765,1.4335130486195293,0.7155538480300654,2.338353464653628,0.8126287886323728,1.6700960833508853,1.0517312337978124,0.9915488818907408,1.1806920482669785,0.8115518257927312,1.1690871256659037,1.4074712115600976,1.6061589384067378,1.3230062208931443,2.098521510776759,1.9545839368494438,1.972065498962166,1.1292572758420338,1.179903560338523,1.239692256182647,1.7690209359460478,1.5990447434237387,0.9396445014532708,0.0,2.016557413413796,1.4697955607913866,1.1494893510693194,2.05300394667888,1.8184082716659862,1.1283958649676986,1.7061477013060369,2.1150084877030686,1.6407340761362612,0.6694679626842748,1.378951878771327,0.9985932230882432,1.501364975736789,1.4960888764057971,1.3641263890888125,1.7209636910808788,1.3280829561435783,1.0745099809568561,2.2433511066372134,1.8813097779914374,1.63305841700071,0.9697274781208808,1.1406748676273923,0.8301995830803512,2.199351674469616,1.5389219639421121,1.3067897825239587,1.6212414328374505,1.3404196973363485,1.439330256516059,1.4205389542289486,1.6444969852829348,1.7235804308908627,1.275123575356874,1.3807195897644702,0.6831190947082091,1.9036738921022736,1.7986048314814904,1.6128584951371274,0.8708663173078081,1.5288574719374466,1.529418968703857,1.4841739666540645,2.204595240150006,1.553154333610803,1.5226393066991781,1.2747765203512262,1.2278890038647614,1.2862155880249957,2.0416089009392255,1.5632090392692428,0.7190597950532575,1.0951769596083243,1.2685345603831548,1.1035406350589976,1.6487736831340623,1.4836977484612317,1.2294297799555285,1.0546490689400765,1.3746115517731623,1.4804148219156148,1.558699974887627,0.9684481766187554,1.9748481902941748,1.2526466872084598,1.3584828912543887,1.273589598590312,1.789275839867996,0.6159318821338728,1.8299542430119082,2.107332599834718,1.1109709409372024,0.7131037517434089,1.4178971933363709,1.2726420669124967,1.8063636671111587,1.2441120556787952,1.463666370940366,0.6173995200143122,0.9135240883492204,1.2385882194381193,1.4880661804924702,1.091992710199428,0.764705962399781,1.4669257937655984,1.4181809874700197,1.8372527197682906,0.9856626658997087,2.533459113053352,1.1741401759825492,1.6310133188999136,1.4504062429027453,2.074224392407601,1.3103240035380173,1.7234381061450754,1.8333078469033735,0.9775887173050286,2.1512420972256714,0.8582260161417674,1.1469594797803453,1.2197586612077842,1.6967170790804489,0.843162316451105,1.2229511403077251,0.9627784514866855,1.773785648546115,1.7185914100078106,1.4371166257977541,2.255092644822699,1.0942068381436192,1.5836987491363212,1.360684576030613,2.0913885693903618,1.2279445420167974,1.1723591291736697,1.2299266162815923,0.9247343177401481,1.6567215701045355,2.1478593496280958,0.9620248487990087,1.904725698648064,1.57591045376628,1.6461298458821723,1.694144582874253,1.4665023827966328,1.317382545984659,1.1591653959590575,1.1204056210585494,1.1968365822597276,1.37757255290036,1.264906167268982,1.7108013799565551,0.8300826028204445,1.4451440640029733,1.0385932692021718,1.4161833045113306,2.158438825499118,1.3135947036136044,1.0744787798710198,2.031593054567847,1.01001872535022,1.2447999401007777,1.506765421527092,1.1430929592654784,1.5101099606423116,1.85926940565946,1.8949225489463943,1.4246055385286627,1.5198031541215582,1.4623495816267016,1.445773729857223,1.3224867793779527,1.5232282091043094,1.3917548605314476,1.687702617858504,0.6956413468795043,1.7531571820756513,1.6193873417367723,1.8247580583841414,1.9369118966008718,1.935238174466373,1.369278823152066,0.7959170488696512,2.059203395865595,0.5119864374793732,1.260999712932386,1.4922758627330197,1.5661561255080871,1.3909949794677132,2.0165427854672338,1.2652484566974547,1.4663528846215506,1.890635833016383,1.8642445801083731,1.551126485813311,1.8205016120023063,1.3991919929671917,1.9857787459599223,3.193270315048057,1.7030677452155776,1.6513232791162311,1.5524553499994342,1.3898341690572271,0.8707725201998665,1.2916444518455132,1.3918829604436547,1.6445480537761443,1.3565587732028044,1.3192518474077186,0.8860814792661704,1.611421399697336,1.270471197811608,1.5804692016623072,1.9683134817647465,1.6803484800452435,1.0359624115108628,1.6298163581864662,1.3521837518752724,1.1517262084338822,0.8962128383963148,1.5654183050975516,1.511006158181234,2.7554018397723996,1.1710952949955893,1.5276944722642365,1.6403323248459316,1.5546837148353951,1.309574514685638,1.5460215680433054,1.4742050727849518,1.5944731888312034,0.8136540617887663,1.6302639565349093,2.5919971327671276,1.5982494486982357,1.3104000473993833,1.5384942715791594,1.3879508119110158,1.738331484357873,1.6758497818726301,1.6371174786162417,0.20305421352439074,2.295294765994691,1.2992343620861,1.8233781732208814,1.1869601896217135,1.5659531955468324,1.6148607635607624,1.824185736307706,1.3491274650722171,1.190296142585123,1.7887847052721098,1.401713873011511,1.325276820185635,1.421542243727318,1.195669922474855,1.5575991679696877,1.5233430442726354,1.6686211355053855,1.1897806640149797,1.5190403416422864,1.6179303647034833,1.0099229841083148,0.4673132327914902,1.0343516642476005,1.3685415212455407,1.5966745259533717,1.0829600730465068,1.6409829058209011,1.6487314787872385,1.5408809564975527,1.1335091201691194,1.46618130421981,1.5185536366454715,1.1485613890446142,1.0466836926667171,1.9753274280156,0.9589000960806848,2.3580645657924895,1.4681908318063972,1.7139028373813718,1.9685414601377083,1.8050039165124478,1.2827307165391713,1.1796234005084039,1.1425364390707187,1.1327480963402097,1.6304320516638333,1.4909607390654298,1.2166239328546167,1.1519631759729416,1.372310774566901,1.182336108830379,0.9764789440647403,1.195503044790023,1.3052831820832993,1.4799107518361192,1.6613668324513655,3.198115574240578,1.7453441776702918,1.359758127854069,1.0554135902995967,1.3188280490310662,1.2356999097024206,1.5941223131744326,1.4927731985985901,1.1757604082283621,1.4593698798951555,1.981029250827232,1.6356878115443152,1.2634680967639254,1.6692957047922081,1.082236608544957,1.4048923745803124,1.4118110371986905,0.8017671552913456,1.3997116590534848,1.969158651449186,1.9510043792518208,1.7784012242720015,1.31772137388994,1.6018748542742343,2.0149088151246697,1.2534403635761187,1.490029362234273,1.5019988726142417,1.6561684675368624,1.6526934544705143,1.1462102889934944,1.6812398935756971,1.773650925246325,1.6818168653593628,1.6910481191665179,1.4429567653290338,1.196724438056706,1.8318337059922611,1.4913656024298247,1.5874032217168004,1.3215691700770846,1.7983512473478507,1.3928207683253642,1.7398310037822111,1.507075138654224,1.4122407932998269,1.6562568098200672,1.1785849238963575,1.507857763398347,1.5202685272393726,1.84363494334054,1.2368226576091947,1.3777647441538534,1.0648809797388243,1.0186992950976843,1.3436217517872149,1.6604311201516542,1.4404180098941732,1.133433617158527,1.405734227293158,1.7126146488799618,1.1770894474679747,1.1011398817760978,1.3052124015387268,1.1732714208342843,0.9511874576316497,1.2912328415038852,1.725816926205307,2.2865264719917984,1.3833168383585335,1.3359064555656655,1.326371976343784,1.7873251023048349,1.3713159599458653,1.5362818531838909,1.9096341654670344,1.545830257969813,1.034906525107387,1.152847671044923,1.6394932522959078,1.433228562222317,1.7752369443205323,1.606004385539801,1.5255256813842044,1.283390478023974,1.7511869169248184,1.2184082880891152,1.1235739214764777,1.3477194060074593,1.3137783947680142,2.1293908158278656,1.4869159735026556,1.4186229301412208,1.0790668707997983,1.5976855266495293,0.8314418419895435,2.3611808958548055,0.9267341424310055,0.989673629701435,0.8190650284529967,1.1625819727801818,1.7681968721129304,1.600896215745099,1.3769832561114046,1.5749534580234799,1.4403068632285834,1.9022566795812086,0.5829488236525272,1.010819587166187,1.5573874265000014,1.2471872385487157,1.6458739702644127,1.7060337254719389,1.3179050081589576,0.9322715129429482,1.4035731692219395,1.693433306295719,1.1042713758543403,1.426964121673218,1.1015690536631813,1.1720739202072266,0.8756663475038746,1.530445519040943,1.6711610940101032,1.584658022609656,1.7002951140204403,1.18116934403234,1.2243194428464004,1.5146998800444504,1.186508004849478,1.1351270015377204,1.4634771282466652,2.3049154498820714,0.6438388149597857,1.7293022501930295,1.4607017441641517,1.6387599017302672,1.0245757009562693,1.8332999703856792,1.1779233268618188,1.653281115621285,1.9707239470820843,1.6522487000442747,0.4717707975447891,1.8895031990752167,1.5668628645054192,1.304491555697089,1.3573755550975823,1.7584751732548514,1.028365370713691,0.7607326536766588,1.4358777908046174,1.7455225586342455,1.4749040377816844,1.4511856196214574,1.2532261238374076,2.101917912041845,1.3130180856853404,1.0670356834416908,2.164486059205747,0.9845464995080264,1.755632292226217,1.707956338100658,1.233745342566446,0.9677641008444252,1.0765212059912737,1.406113057200248,1.2528562130025311,1.331206692408036,1.671039540521393,1.501895232064632,1.279940523759095,1.6895453301751022,1.8897260709225137,1.382104083360977,1.2699790847236947,1.2094954820719364,1.7051219100904345,1.8383120699107658,0.9813899124975773,1.3768415083803545,1.5659569668628008,1.846924555512109,1.763586914197807,1.4634380981046649,1.2638969246331913,1.4606212319808896,1.2004655671516449,1.6677383103061494,0.7639413513959503,0.8464021626892108,1.3600272610668616,0.9029145345354923,1.5340784768199782,1.7173513359058066,2.155960961335948,1.5598226509621302,1.591735746412023,0.5298076348251912,1.5216464598220711,1.4631354227307725,1.7519709593487118,1.6853025086410325,1.3288125796764296,1.6184849147670204,1.3854579386314265,1.1309356838732023,1.323800207147242,1.5426522078333873,1.4582268879123903,0.7311158537679912,1.3004583794921292,1.288794988740807,2.5265660540818917,1.6673106177095482,1.455054450308188,1.4609390357390308,1.3757110180801853,1.0106083253445652,1.2655082208801427,1.4274618908867338,1.4848838331744791,1.4784472998028633,1.2365057097070897,1.9236097158091066,1.3222209851725713,1.8658973622088029,1.5618017394521098,1.9693060296904612,2.1737789414558057,1.2775486293308163,1.9645301320698767,1.1476439038405823,1.516284580694296,1.3413385310964507,1.1109052518669236,1.4843739392174362,1.283395710075975,1.1198889540762855,1.1212596158523054,1.5208271613298872,1.7139496950552982,1.2667139233987592,0.945585748824258,1.1237676972254875,1.6871049094204231,2.1686702317970497,1.1944630890530232,1.2454137127923972,2.2113534130847743,1.6053777965150506,1.4855382100073262,2.152445392191125,1.6929651739360894,1.2508618577271662,0.74925628012028,0.7338716512706582,1.2846368328046085,1.4233926883687524,0.923414268386265,1.967832749250087,1.5925802311373174,1.4549375055933114,1.6042699385791683,1.2809946605200326,1.2105003701283836,1.042647106868123,2.070029520767946,1.3693007850307515,0.9985836025858101,1.425718447105993,1.5337931763876695,1.2282934165331065,1.900408182721923,1.9071195249477242,1.8627482781604607,2.1562880070958252,1.335910120460654,1.5186883420684167,1.5584281128147415,1.5901105978770838,1.1647083385217096,1.3278561488755085,1.0697863131989285,1.6760363897456836,1.3209193276760187,1.268179702633911,1.873168348693796,1.1610803656747102,1.4311072301365066,0.978598758028544,1.0812560631228,1.4742030121186027,1.5500726176608624,1.74708797991301,1.5992530141006032,1.0632191476480426,1.375877710546461,1.169346321608208,1.8731001569013355,1.4455640525692353,1.4083023871592606,1.3621748832454068,1.563728017193991,0.9558184521587756,1.5521185000922695,1.6149971332359683,1.8553474514054853,1.3981687009737742,1.324391535612127,1.64743487893668,0.6999887829364886,1.2038924645541313,1.3038422310208502,1.3395683678724382,1.9067519090823688,1.2920086663500094,1.3055671921728853,1.337890262173607,1.9282548134756659,1.317526647592317,1.259705974108059,1.4640721423307603,1.4855751859222703,1.4934955763100342,1.6259028867561685,1.3211598703292249,1.513658824075688,1.4298054264843554,1.789026173205764,1.580672045310711,1.3048442548205295,4.1471298524235785,1.281838514570367,1.5004110239445825,1.3354645320160428,1.2886244367133186,1.38114945600221,1.4839631293988487,1.665108452065716,1.5428131280989243,1.153495014012075,1.5596625621559441,1.3242432781005329,1.5412413276271377,1.4692540306408843,0.7705927158038063,2.3038670002166217,1.0539843150359784,1.5248556174541115,0.9946939563813625,1.2552373932187992,1.323065317360699,1.095592475551061,1.8670735363850608,1.5646658811675758,1.231170311182215,1.7506497016852767,0.6769614245603709,1.5005335606402734,1.4309950057549996,0.8880502554627131,1.3359882207420362,1.8347666220325687,1.4703463088282172,1.5202970038649504,1.5185224252378022,1.7069153933209817,1.6507505226722412,1.0943286635579297,1.5934891125447612,1.5632068670641204,0.8784857311051776,0.9563663182368697,1.609831524252698,0.4635323770353833,1.3099403289443519,1.2472557801332382,0.7945690417759503,1.6895224060974838,1.159754437001856,1.2703256476175229,1.3536697649709186,1.1020820181927513,1.282483862057237,1.618613138144827,1.6642252265137762,1.1834045288148531,0.8073246985587483,1.9913481994823237,0.4556802126424194,1.244782213823258,1.509969081604675,1.578362958019632,2.342211444152958,1.744343029468776,1.4235624672411704,1.6957777781648573,0.9078988191789191,1.732079669037519,2.012295293508532,0.9296886118821426,1.1727019501129208,1.6549088463759696,1.1962634151354985,1.7687422527121859,1.6209544402840121,1.6266559659823663,1.2303532182730013,1.2033291226810525,1.4138161359971373,0.4391092189345468,2.0028781869366865,1.5565488088826762,1.1716554033084585,1.7193206342684493,1.3537096518992124,1.6312167863579765,1.3996611808484793,1.4783782528575933,1.3435113230834006,2.4996856596777235,1.0497507777497255,2.8310866879484022,1.2182532763098368,1.1106917032515677,1.3107622150263452,1.5731101844367739,1.396707014747931,1.1181349038424622,1.838600132676895,1.2291270006958355,1.3969507149565599,1.5679812160842013,1.0314209537167003,1.3671251341669348,0.5659899142533497,1.9110287495943163,1.3637104598629692,1.5349052777771832,1.6754234076469574,1.5981249940466666,0.9685166863703185,1.5732771088837483,1.4257957794443321,1.4373646139163818,1.4490258444618698,0.9943209844918165,1.6126077421124008,1.6441526255145231,1.2327542539162077,1.3989530375870953,1.3233699846725766,1.9872199031470865,1.5144376652305402,1.1351913146589212,1.3989964370842753,1.441785097508285,1.610215960208357,1.8375838382314016,1.866828068149431,1.3355144407996606,1.3107004760315493,1.4560274362133467,1.6118910406995055,2.1294637622496815,1.418264345467443,1.7843315718805055,1.3201682600593698,1.8142871717575981,1.043626550259256,1.7014826878398446,1.0955741823172245,1.5190960090518044,1.2391193817399515,1.310891360086693,1.5667727157245368,2.1010973376813893,1.8626281204683823,1.2214132389482073,1.3548908391391077,1.5057448140940186,1.0507012016100885,0.4871904898980728,1.0367885461340989,1.5049286849172856,1.669259764808894,1.0065569511525303,1.3957174854347594,1.2891237502612989,1.3264441742653181,2.1974384207805007,1.1749640938543582,1.5264845858451384,0.8727255186813772,1.491720809344934,1.3243021242910886
36,1.8336261257420077,1.503018156971469,1.289414663615828,1.5108934332628332,1.1738288875247977,1.59465925152958,1.2509507724800442,1.7720054024467613,1.7463912713253182,2.092120309250989,1.3389045449407435,1.3166933178138143,1.3678837689389738,1.8422254385657326,2.0234103825373966,1.9244439074837987,1.6048646210253885,1.6598846505762472,1.1976684411317344,1.4493372892081362,1.6169179864057046,1.0329570744953167,1.3762780025810013,1.6566089506596051,1.2754397666520445,1.4076965926464378,1.6995181418973004,1.304025195247743,1.6394739102337426,1.0611030131426173,1.8707500768039993,1.0485450107188838,1.0878123718249442,2.5375281984434377,1.6745804792828307,1.4762869833635768,1.4269152867395023,2.180688164567439,1.5956431469208572,1.6771343144375757,1.4450528206451105,1.8012167735113738,1.3861453182489911,1.6283553976734109,1.3586377797537186,0.9332450133708694,1.224583224427264,1.2810247443608944,1.934578744337072,1.2825087995316191,1.1527302041222531,1.771985629071191,1.4423290530212454,1.3415395791622895,1.3962047418203682,0.956020429616507,1.603246462617852,1.2057922503747602,1.2519117993645046,1.4594575431429113,1.506084475790426,1.5132588396757827,2.1207418340181006,0.927383198636387,1.3294358727138762,1.1460828680927206,1.2196893917666491,1.1235868171839756,1.2120574844465672,1.6736965686491243,1.4691338592191345,0.831755712334979,1.5981094867476675,1.0785177356287285,1.326147449722391,1.345899316729937,1.6673525587008835,1.0703364901736883,1.3401628974530782,1.37124567965584,1.5774555016576952,1.1678308132187842,1.3284231926436805,0.8479729133936006,1.7538336167423858,1.1242037361896653,2.2308015574179887,3.1804942660239277,0.7592865977861837,1.343559650890509,0.9595628892599973,1.4421297308040661,1.1992142326931337,2.1164590261845646,1.3417954195053583,1.4373707104037654,1.1854014818843992,1.083818291199457,1.3392102546927065,1.4974781350785504,0.7355901075737754,1.4153923985318912,2.034215134995412,1.1367360793998047,1.4452865486928643,1.6481546585670677,1.226774344071844,1.4694127742818903,1.7596423621991555,1.5256553605794934,1.1793031199694766,1.414729446549111,1.4393130608825369,1.0884726048810613,1.5649046505994142,1.7506844672445574,1.4332282647333576,1.2904611799359462,1.6793920334757693,2.001951412944087,1.4584995235561502,1.484672685758522,1.273988967313499,0.670018457449042,1.4896474258673662,1.4166834396858097,1.0522415486969428,0.31693134831272507,1.0834885765070954,1.1367580164523914,2.0505386156305354,1.5490273663979683,1.5775257880054763,1.559014713197335,1.7218055118287352,1.6691540454971836,1.3858539113557011,1.3065502698419849,1.5742582015002426,1.2624537767929775,1.1314597356328353,1.3235480773200472,1.3686813737938504,1.8117395261374947,1.7359147359477716,1.3017913053657955,1.1055156379932272,1.333171416944222,0.9823178908221886,1.3058836618300176,0.9206795403274795,2.111771125340696,1.4693722376518283,1.8780110612972742,1.722074160805216,1.1382471328448336,1.528988559703021,1.396439961084765,1.4504896043818603,1.5841804281552334,1.5396937506355823,0.8571704918827054,1.9781096842296484,1.5312330101758485,2.0043538195657997,1.3760171651354494,1.44513586177366,1.2221010727683694,1.771622526805932,1.9084015598150241,1.6948527960007511,1.4280106474516543,1.713845735845155,1.1971511997931517,1.3645340764334122,0.8444353851833508,1.7185224942046584,1.6672356378046291,2.07351641184221,0.685762426864011,1.6617109926868858,1.0885465185639565,1.4034731805729384,0.7080098672867671,1.3182703897190804,1.5683946892103964,1.1248231639257753,0.9031165545541602,1.5181442052805516,1.8926595411281038,1.820721803898735,1.5137847613015571,3.034911108204094,1.5430420315258015,1.0765112010788915,1.2199974455530502,1.544057203247863,1.4001468095138339,1.5410673810273652,1.2397036468764875,1.3127468259245352,1.3799365518366848,1.5045874424094112,0.5323235794079526,2.2168996233673344,0.7927838798812987,1.5646766017225302,1.229985361601628,1.0484466216318296,1.1143792991260304,0.8783321867677775,1.183400325220648,1.3841386828606033,1.5428651627112042,1.2221961502022003,2.1222174551930886,1.7574990132486585,1.8357563907212326,1.063295881806118,1.1030612305655005,1.097679930615268,1.829028340854994,1.3938527684122288,0.9843865443364113,0.0,1.9524005998002443,1.4639783402512494,1.1881036283534394,1.9181953667573517,1.8345069718098743,1.3123386146707938,1.6608601750330507,2.2114169077858454,1.606998515552628,0.8693362669451381,1.3842505428952334,1.2221869647968417,1.4324374332579655,1.7179668140370687,1.3640090669012483,1.5914675467691475,1.2750707330879638,0.9303586214478919,2.133837688226512,2.0219863769540525,1.6673982031505692,0.9649769660529405,1.109671612516712,0.8049092026192579,1.6007222184331023,1.5087682399663065,1.4235672671680295,1.5995365629574827,1.5095692717150895,1.720236396479351,1.5205396927820298,1.767250209444553,1.8810179837106933,1.514143176728256,1.3635325170680117,0.4996889670630694,1.9194815054097096,1.7500615321829311,1.6148803612054898,0.8403198325684189,1.5953485294046077,1.3483442852501262,1.5266670854500721,2.06686070274232,1.6118006022256366,1.4982997675887446,1.2967422829047741,1.1853307991687712,1.4900914107501946,1.904689556486534,1.5522426535267004,0.6178783114063744,1.1575516825988734,1.3940079185843517,1.0952576629486799,1.5964631474774413,1.3697568499013542,1.4862982300644652,1.1751791213574432,1.3400326344445705,1.5319402350798923,1.4444760535838521,0.891749395532554,1.7954360886496006,1.338360931398112,1.525040207212866,1.2411666957911311,1.7187919048729987,0.44088965278568176,1.8087153048422997,2.031756431391911,1.3530883263505873,0.9246396233153811,1.4701221799487514,1.2464193996559576,1.845287350053164,1.5027792534087312,1.4537880680844262,0.8436314941781878,1.127564047118795,1.1024412436223083,1.3927384232964732,1.1842066629195596,0.8137559714927847,1.4509142180473384,1.7598629234517604,1.6301862902345996,1.1439867413139992,2.1315209337730283,1.3321629480850319,1.6174887362649728,1.4476292389895127,1.9408278571039532,1.1250950601874656,1.6206861980947809,1.6470791381574896,0.9593625683529914,1.9814713929787988,0.9275118113656589,0.9807350343243877,0.9457054009911015,1.6770479450205173,0.9357941749769273,1.1999947009211156,0.9073611385777791,1.782473744325733,1.9813245070388836,1.291973111208573,1.8872809710180893,1.3759938630347295,1.7931643535534114,1.3325225866355672,1.9412455692739645,1.0612033971963684,1.1087043952351456,1.3188949439841724,0.882782871030705,1.5435883059026998,2.078003385724317,0.7880938754305805,1.7176342069440103,1.4476881460209654,1.6650198684209536,1.6467697543251991,1.4300567297775109,1.2774416278284977,1.218469485562561,1.1950056905044515,1.3619072731595394,1.2596624922055368,1.1499204854959428,1.5074810075504383,0.7921962132396285,1.3728672250690415,1.0580489892727867,1.534129488478218,2.06384327409707,1.2243868837625378,1.3315220339376945,1.9943993785904603,0.9762996463684452,1.144077675276614,1.616225644417956,1.1007566035095675,1.3877818760824467,1.9740075124865584,1.8088484181383853,1.4324331056601807,1.4096606311707234,1.576083497779163,1.5559142569408069,1.2511576213766178,1.3768852275163657,1.4809771288417093,1.949692676920772,0.7186722877141815,1.870781067393669,1.5622939520882446,1.7074120797446213,2.0245422333433716,2.237603391080719,1.3778218543196084,0.6782396049697668,1.938460802403001,0.5970926585924196,1.2288802709173674,1.506345103643059,1.6630024506531123,1.48123978981058,1.9187719787893958,1.109971006204914,1.4827221930020626,1.9683570157089456,1.8444917167162402,1.6562158878767446,1.651752478323417,1.3506149818170308,2.01451279510541,3.7262641196943136,1.9123362826344033,1.617916162824546,1.4277689097262831,1.2861453240793854,0.7569653726754053,1.4999373644863772,1.4086073454280716,1.6699245663600735,1.4261672560700922,1.3687405480881036,0.8252745689899793,1.5837317518109923,1.6012164660315105,1.7573846154112087,1.9240284216925554,1.6368974958534377,1.0093765097023846,1.6097749148614067,1.3112953109991499,1.1038287307584895,0.8750159227617212,1.5023864656190662,1.759650475170673,2.9713132642676685,1.0021753521283987,1.5486239119489047,1.9011355439107587,1.5528751130745144,1.2809344760335701,1.7517797951739253,1.5429628469854042,1.552240604477014,1.0816043256824366,1.3780062097937653,2.602754371013689,1.638109418489255,1.473290025056023,1.4603724721880036,1.3542555551106636,1.6878247973668254,1.4974932809851405,1.6483746247784654,0.09532342342292731,2.3740894620345863,1.2826354490594056,2.084457156523187,1.1758344226419015,1.6928443310192034,1.6752949865736224,1.7744634848649918,1.2850460678894227,1.2015739878803917,1.8011460119768634,1.5052275150695649,1.219226604903463,1.410239252198541,1.240570334734058,1.5652953046139464,1.3721908678807944,1.632827452831683,1.0724951896954482,1.5785461761233328,1.688869903625667,1.1686778996427138,0.5129325291767142,0.9811585507720633,1.5474955169059184,1.4528312846835973,1.142903607800101,1.5298456344212132,1.6465646965137275,1.6302270866084565,1.0746778390885368,1.3502045171782164,1.63877366308128,1.274027146391443,1.071553682518433,1.932292539676889,0.8848999785964207,2.2871444064224677,1.5604091509907776,1.7332105439125218,2.100393214091502,1.9326372973123822,1.3192072291506813,1.260295879548464,1.205468981306154,1.005646036917248,1.6282025806991316,1.5251168484947555,1.507605001588215,1.2375813802444382,1.2409785674725793,1.0539512458441256,0.9291368605878405,1.2848590923453354,1.518263514813996,1.5338392145062467,1.6113873019372298,2.964718149939788,1.7829779258808964,1.4270866023640012,1.1394106864470868,1.4140079163387567,1.1950742951252327,1.324224200545175,1.4333183583032263,1.1108997402970628,1.4724868698908609,1.755606348274911,1.7917792513601083,1.1431027766389386,1.7749759289231948,1.200711722472274,1.5486223176428995,1.5607614236481178,0.6849578928040748,1.4779370221956671,1.8932802553293806,1.7353016421014837,1.738408855579611,1.533572970870538,1.7742260044976543,1.99896112161569,1.247321598023331,1.3363867521385095,1.5712622635979976,1.4619240499506074,1.5998961144202493,1.0548536606216699,1.6841327686676175,1.7488594474967107,1.6960486037429774,1.517989252161041,1.4917964552823306,1.278276247943857,1.88374509123565,1.6216398606316518,1.5536914710416698,1.4164303644238356,1.7787964621003196,1.484395237282403,1.502615093519823,1.5690081157016262,1.3862076273268578,1.695107912283468,1.3373998640645566,1.3756310765864839,1.6076167313348524,1.8107983859316923,1.2134351064015336,1.4148017859197366,1.1048579923394728,1.0706822265037896,1.317285276068374,1.6045856141449928,1.3564872443524518,0.8763732371577938,1.45488227712642,1.7119400107771694,1.2071529026284937,1.1865832644355336,1.366307705441548,1.0213913535163017,1.0739143963289757,1.3463415909991414,1.7861556121860611,2.313704904551251,1.4673575384030417,1.3314310823031856,1.1656079300791702,1.9743095963455028,1.3110012709408696,1.5048436039908344,1.7471914280729213,1.372213149044053,1.0293361885860732,1.1749085479034265,2.244812614056482,1.4438350925071757,1.6040460410400572,1.7296509817886132,1.1368270680138535,1.223472919415626,1.6038448768307656,1.2013039622601775,1.1866433401362135,1.377739961358857,1.3307005935949578,2.260152775171223,1.321973871615752,1.4636013393339515,1.042847231440781,1.7746103967255689,0.7943212796083168,2.2059114009983496,1.021814939329788,1.186652991833016,1.0648919204794618,1.2314755128904586,1.7568074717443836,1.803228300506747,1.488154994917059,1.4290448695260431,1.389015367700152,1.7523510083224343,0.6693400226362187,1.110141347679038,1.439800227855934,1.301260106539666,1.6108710101172141,1.7162626801989205,1.3744112567916134,0.8237592324402823,1.5712406552493272,1.4328447273142721,1.0692869287039382,1.4597313476342046,1.1350655411795307,1.322544938216558,0.8474850184672211,1.2588550789059223,1.448788586697386,1.5690071790320073,1.6324771852605353,1.1929996826130889,1.3417588918198982,1.35439860163259,1.3873504433588821,1.3754406199455569,1.5054633787827947,2.4789450633381622,0.6818794924873384,1.7538205978418984,1.485405934774481,1.5445398191663506,1.0535530595155107,1.537208471769246,1.2632363076157278,1.5310221596022413,1.7259817146476433,1.8286138310943725,0.443085215549762,1.7901239111076284,1.7563736005064485,1.11814510166811,1.3632552221575311,1.6276906594109335,1.1199436344026217,0.8169725290817986,1.4524034440304832,1.847212378968024,1.5050728497024481,1.4951189618435254,1.021595757335969,2.201086273075866,1.3657283743773816,0.977804402841822,2.0637065983374523,1.036282480181474,1.7192892642647972,1.5493822603313483,1.0986535970308131,1.0672867436162796,1.0626727303583086,1.5416969388420447,1.1051328971727548,1.3295797984792288,1.4020796931078419,1.5176205824289857,1.2844386089821105,1.5894973983968197,1.8767960327845157,1.2571355939883202,1.3086376766124945,1.3271979099868874,1.760262802289568,1.6426372531861575,0.9144952277261996,1.4147569516502334,1.773011547045023,1.6541111323555278,1.6870085260377308,1.511705644199565,1.3905308014889433,1.5237851734854184,1.1255940826170943,1.7915951965007246,0.8658702956168893,0.798513491370237,1.6140044123159527,0.9895650554115368,1.4259766982374011,1.786406267035835,1.8907473867131963,1.5110147397727938,1.458533348459632,0.4666477979003629,1.548548799450907,1.457043104040105,1.4858542226886167,1.5549717362360895,1.3357797060246235,1.5207985712115937,1.5331699968241423,1.2048073393663064,1.469370371648432,1.3722003215562535,1.4051411023256748,0.8555347993569355,1.47877202143639,1.2949247642622017,2.2896981937645897,1.447181883751028,1.4397606077256477,1.5348766839702292,1.2348543689421327,1.0258255995856704,1.1839301165057692,1.5068762439185899,1.4367116613005821,1.5203175264838598,1.2230151030677636,1.82870764291284,1.225463678610348,1.9178239334270484,1.5519673341080293,2.1300995883174387,1.9237648312642688,1.3660347862892315,1.9134355556110287,1.1225370269360313,1.362986025668227,1.510379027509761,1.137512124159068,1.3220900724550484,1.232626355414828,1.1041492968033277,1.0452016209404693,1.4359348771783003,1.9001358861062885,1.4297553734888955,0.9776609728832673,1.143988172209611,1.5615256760723843,1.8655872435593457,1.1457818278647391,1.1149343637014761,1.6879094939688548,1.4671982206934444,1.3989165644670085,2.2791176739163377,1.7104846216660639,1.254187194830588,0.632100700356691,0.7487493723703107,1.3807646143097863,1.2289516105178528,1.0483386561703831,2.1456679333098116,1.4010145288028593,1.5416468433183397,1.4174791487515905,1.526890045182227,1.1365704897791304,1.1399736441897712,1.9585696956142962,1.1511840730619123,0.9873004249244817,1.3524157249418227,1.6823985880296197,1.264408729096321,1.696453414852047,1.6894485062948383,1.774806275496525,2.0198478330748757,1.3105894086571048,1.511478823761459,1.5848137662692907,1.5981018818549928,1.209913061688425,1.4571147914986065,1.181060271089943,1.55366389273969,1.2775716935825603,1.2397774516832514,1.9790633961749977,1.1711640776974077,1.2523891303986556,1.107834510376605,1.401811812169659,1.6399736697255898,1.8231851447017622,1.665007254706034,1.4393286624536001,0.9959955480898371,1.3175333415780217,1.1595068511170723,1.7429111343216492,1.2417135570867317,1.448924647034449,1.5834067772982605,1.5055332504243288,1.2931166720250977,1.5684610305741336,1.6146826095647344,1.8485632495496778,1.3701242976016839,1.1858134954761823,1.6684366210902,0.8556376289362748,1.2391629269756974,1.2326065639709616,1.1559076399967445,1.8168628347185827,1.4567315115119799,1.4241040496414854,1.1861702591214947,1.7528850797708158,1.283092337730816,1.206498667107696,1.546846801588158,1.2325027257103893,1.4778214708287203,1.6243239986444382,1.2699538444962197,1.5034182412170112,1.7594897788120945,1.5593068398153656,1.8185260675748602,1.3353761827740107,4.40605152440313,1.3818953542232735,1.4547954284562885,1.3700945894069307,1.4514098327862441,1.4289959662400031,1.6263246336573243,1.5757106434569983,1.5578375332502281,1.335089454880525,1.5685130741372832,1.3956593558250743,1.7306408729412919,1.5636114180050231,0.8778413131252807,2.0469591833875307,1.0632236933588615,1.64335706260941,1.065212222587634,1.3111826388765726,1.3512435622676906,1.2184035175332268,2.0888979320275167,1.6392839389456426,1.2821243897314076,1.7979231772008124,0.7504068381646449,1.4415272418884717,1.4607425300415713,0.849583990670669,1.3918168104392787,1.9584996975772129,1.502638481851768,1.5767618243500237,1.7051198081919376,1.6105624508923144,1.6040345513918939,1.045185015560913,1.5264889375057127,1.578649433688976,0.6542985598854563,0.9734070269529048,1.574187013475096,0.5474316044989386,1.1946551400250935,1.21458687158339,1.0298870403979918,1.8037808019148351,1.0531921008373626,1.2749401359511268,1.3009743892850487,1.0781276195385507,1.2580176670143095,1.8261709300497175,1.782131734448598,1.0590532304497704,0.8357673036809197,1.783867528769636,0.6723511551184358,1.329784988755398,1.4590629963156188,1.5225954698550235,2.283797864702812,1.8683036117228589,1.6125752052937896,1.5227856230724905,0.9924757620629312,1.5802574705077492,2.0173722777425067,1.0564899036578317,1.2135009820729086,1.7772251630270852,1.0979541884050124,1.719052575538923,1.6676463895071842,1.5513138272934421,1.2617005786054432,1.164154521464509,1.2537582333009145,0.4498104174720934,2.270212275861252,1.6376758231365405,1.076923451096377,1.7100862849124794,1.3109439270180785,1.729149435077265,1.3797282234785575,1.420604092406883,1.3431055037278075,2.7825136511695674,0.9868882613570832,2.7191391389928334,1.1404757018644278,1.1329525070199622,1.0641941241892474,1.4592156554200368,1.4095541387583785,1.003336082648518,1.9300929725646867,1.3186450971601524,1.0945361125826856,1.5645497718073225,1.3709708934495886,1.281897839371681,0.3829823826940024,1.9906043491441747,1.4499590432368157,1.4966910777703533,1.642584885777413,1.5454544056139192,0.8883511668729496,1.5452299733293253,1.3219416439152045,1.3604619029586056,1.4563618734438064,1.092901206350215,1.3535129098663965,1.7375299304971856,1.3148490406045483,1.382641783681299,1.3793554537575183,2.0233776753622275,1.6054921885106972,1.2793087761411623,1.4880945846473579,1.3568344839266242,1.6231411787620815,1.7807975983669597,1.7982601876138098,1.435976564441499,1.2534193205450945,1.1922811315736914,1.8016923526155255,2.006717804244727,1.5818831069960297,1.5863968770450632,1.3545245500469472,2.169785480641459,0.9034681345523159,1.6867727581701868,1.027240984780549,1.4759050683923876,1.1196264370974562,1.3984842390249492,1.4029972535684216,1.924130935347064,1.7618445895995207,1.486957966273492,1.4011487090506587,1.4461196677595727,1.0902219193491987,0.6198095341782599,1.0477232944355463,1.5622813676770495,1.6564916992323016,0.9628618746683826,1.1390427412652713,1.0307783082713684,1.2449990789868148,2.040442927708778,0.8323458626332896,1.3763591324371225,1.1731603266932795,1.3129371975428719,1.4942478147745941
37,1.6387169210408912,1.4567039864770701,1.1694499715172089,1.6962607794309221,1.1849055412394924,1.5650502882544959,1.261747998659541,1.6032025361127178,1.715767480392934,2.270584694901964,1.4197962200802308,1.278146334778256,1.250307970682823,1.92154146429764,1.8585873527634598,2.10081500846391,1.6218085836455844,1.5953488229646686,1.166102994062221,1.3101589874655795,1.8205366172624213,1.076629055483422,1.4927139757883179,1.5967966084205043,1.3098720975549558,1.3333609323519262,1.6249789883410404,1.2404910955107156,1.4996071314707322,1.0025552991712956,1.7790149117513554,1.1313783942821953,1.138738188791488,2.2871554961107896,1.8004226253709592,1.5542283532357626,1.4020032316789495,1.9478330060556037,1.5869634954946963,1.6361672708808337,1.4065746588588517,2.315274709884098,1.3899231959328038,1.3702099080108356,1.4079781317100803,1.0325541662326272,1.1259781442560688,1.4465337253023192,1.9537040231860971,1.274611718035798,1.2843644130332477,1.3048614981122348,1.442894708199331,1.3745137453059002,1.4294653316441335,1.1578670193994438,1.3841877213001237,1.132848901093238,1.340849537026318,1.3903111337787353,1.5686472994105314,1.6436278760450977,2.2306297302064286,0.9374216364842063,1.2938878145388124,1.1898923757698274,1.401504158645305,1.2381941671768435,1.2440006977154965,1.685177718918937,1.4228917335985334,0.809991590345552,1.5813136469586153,1.050809524132474,1.3648201700376688,1.3351175515110363,1.8389859680383769,1.0598853424449715,1.1062099225381918,1.3125011525011958,1.6781296800128978,1.2373401834939992,1.4036541047719506,0.900956485966518,1.9740154890229173,1.1128007566379159,2.2418274848112407,2.7443895595939174,0.536152022376225,1.3604992396935418,0.9667907552820363,1.303668219574263,1.3492053171830927,2.193637729087015,1.4298035832870517,1.341492050390601,1.2306728239999258,1.0829113992619228,1.3117009187493183,1.412615818257528,0.8333674840829459,1.3329106824880579,2.1691253754280613,1.1851208355600031,1.4081493893611121,1.680840144824637,1.2711871513628505,1.3154097789123271,1.6220662738405451,1.55045232466478,1.1064526851316598,1.3876652995938594,1.5063878142041571,1.116459713904936,1.516485111437197,1.7895252475263534,1.3455109872105409,1.3325664784953348,1.493339912026986,1.8707882152340782,1.5236914707240379,1.5269382377181175,1.1004472892957688,0.8475196023259947,1.7735308905088367,1.3550670990467752,1.0439830749989094,0.34991878503020757,1.0745031198893127,1.2253659783078736,2.199161229142386,1.543888894889263,1.5725213071169573,1.5961029498730255,1.9530366969846573,1.7441145838231347,1.4613162411643967,1.2325129333943314,1.5642891829465966,1.243507410940634,1.2171539439118684,1.291207818619728,1.3875757284479187,2.0459164125830225,1.760661083723729,1.2709114317429826,1.1847965843028456,1.3822878783627623,1.192215341343616,1.183922560968064,1.0437564416544307,1.9786489720522527,1.3589725288978467,1.747383276351033,1.8426175851878126,1.1017374408750689,1.4988849728201592,1.454318459191291,1.5059394574363483,1.4894340609379055,1.5991634295970727,0.5702506143484597,1.9557737885308577,1.5389245966837837,2.2227548741622054,1.3389204577723495,1.4057332650958676,1.3650820311849126,1.7103730890113509,1.7547023672667246,1.6814469536960361,1.5717377358903506,1.8244849154957072,1.1362461830602615,1.4302490715353253,1.0871592699589339,1.632316027614202,1.868652162860788,2.0328002469198845,0.6159225314585091,1.5667051191865085,1.0732835734480113,1.4027304861371666,0.8287003569610991,1.2928113718072172,1.294019370625997,1.1424872466100349,1.10379432852027,1.3675336069766573,1.6752277811351945,1.506305008055592,1.7989567754863627,3.0257782991994238,1.4667767304526054,1.0397133946155195,1.108990660565531,1.377514223336049,1.143114139312704,1.5411404672562987,1.2244844314939138,1.159695437205936,1.2278621250346449,1.6235544648353653,0.7051509478163762,2.074540929562497,0.7450675545016103,1.702218808335476,1.4331547390451775,1.2455812284287013,1.0290609403165527,0.8847284768975638,1.0970013827312743,1.4067981994434795,1.5090118902959588,1.1295183656177823,2.089998638912396,1.6001297827828673,1.5591017347802016,1.0575884642793265,1.0969723928183774,0.9986061013773326,1.8811188597351576,1.2660950110053735,1.1744051146001309,0.0,1.8374343546614063,1.426138156507216,1.2466396240248236,1.7650913831847552,1.768229493312784,1.549026564509861,1.5008213442269305,2.1629497265446833,1.4961271546209431,0.9937567866791953,1.468923082310668,1.3590891682565058,1.3655238459998034,2.13414241059406,1.352952469634546,1.6292886174436778,1.353524640528574,1.0247393714781805,1.932062723964429,2.1108695144384186,1.661134220241395,1.056039521759142,1.085568629810073,0.7962744237251439,1.1555279382406753,1.5538314678074576,1.5561828025658118,1.5291009045161932,1.466945255628878,1.9683013930192317,1.3921994906013344,1.9344869237162814,1.8282258846875032,1.9052967077128362,1.3092103120391516,0.43406525746579433,1.86751932428639,1.6961402759187458,1.5760158479896673,0.9676372718988044,1.6512764465371206,1.2851716856059392,1.3403411001877554,1.98129967428538,1.6815298728181993,1.5585503157610021,1.382336199821874,1.2952027037417364,1.484019466083415,1.8024196235666992,1.5670875540032738,0.5963742871546144,1.1669787132053924,1.475110150823476,1.0399662957984073,1.726007837651664,1.3185048660074359,1.323988798964097,1.4684986772526858,1.3137431610829553,1.5187252201804442,1.3594287087372925,0.920334683124125,1.5417519881083912,1.4671983644962352,1.6364759142219125,1.280639493436225,1.5958010898500872,0.32036660193693123,1.7720572239932166,1.6871037885943647,1.5573137432493636,0.9245202909317082,1.2622669998239413,1.1780787052992951,1.8560984080159275,1.7388717516107688,1.5325037059027253,1.0095129867498707,1.3338515472009747,1.0503873974432993,1.3452296437931914,1.338457699288846,0.8541500807241273,1.4691301893670823,1.8134557396492275,1.4259261547041584,1.3790964007726914,1.8840865219371288,1.6210918447883251,1.4994103598323834,1.4672087023165565,1.8571371349861356,1.1632056173254028,1.5228980959365697,1.3970251933063096,1.0295120909251203,1.8380081799925738,1.0594902898378544,0.9003396394959602,1.1204719340924363,1.5506728862606063,1.0159976401696085,1.2048194738533047,0.8887571386181747,1.7033950726007303,2.005021695253234,1.1544110815645428,1.6991186359884274,1.4225595306973455,1.87211326518936,1.1613842373274113,1.7778079917260907,0.8511614701778039,1.013695441715154,1.4906626990851817,0.8949833729321768,1.437049396281203,1.7535262606952895,0.7834744911159246,1.617310420844503,1.3673476154320223,1.6234157864661638,1.4798070853357337,1.38186247594787,1.274224177361161,1.2355028866851736,1.1659331058741658,1.5099548724474727,1.2427682065425434,1.219090629317276,1.3531705718963118,0.7950759137690081,1.3074314572491752,1.2223557855762976,1.4411035851976686,1.8164650151839432,1.1862899989096465,1.6160567682329483,1.8977721001701147,1.0039899857901302,1.0651123240263924,1.6085381236107927,1.105291182599336,1.4478917422073396,1.9691314419848447,1.7430913380989241,1.3853519763312079,1.2914025629412254,1.6563620890837103,1.828390600663984,1.228884336173075,1.3167677309564092,1.650978553450354,1.9242232855597605,0.7368745095353384,1.7779726184891023,1.4170301151310682,1.6590011963518108,2.0420682269150032,2.2750744501775633,1.2524421631118503,0.7567067564063706,1.7696763370606432,0.854393702318357,1.2545600983692249,1.4140193566541694,1.5096661313383315,1.5719054235624297,1.7137588041810943,1.0594134049112554,1.469493381852045,1.9976548249446673,1.665560034919345,1.6651645583740664,1.5394411367049543,1.3100258037412778,1.9191724434997308,3.6319040574611305,2.1056929393093364,1.4824505025324377,1.3805648336816996,1.324674971516539,0.7101657495251991,1.7656263898336992,1.5247234998792236,1.6484914034369074,1.4872964477013595,1.491912874009938,0.8563415826395581,1.6782801412628183,1.5846334824927353,1.8175229662047854,2.087265152305685,1.7059885543827882,1.0853943746898072,1.6780421375947596,1.2298830655232424,1.1131490677898788,1.1007545923357163,1.4025142269883122,1.9061394903871878,2.6561378673513487,0.803737673247281,1.3160644081283193,2.2691951338384024,1.4556128011183886,1.2051451171300243,1.866708450547484,1.49061837277256,1.592182246230121,1.3623470395000374,1.2835106006025725,2.555507763658104,1.552763534023631,1.5168509482342585,1.2922270290420994,1.3506925179410139,1.6036020600766183,1.612398472545035,1.7528078307016897,0.0862540608422926,2.5303395609591437,1.2012861528732526,2.1662867847609224,1.2569201606976415,1.7434787624718517,1.6828349301737249,1.6716724683485584,1.3335399713902194,1.181587106007008,1.7604003621228566,1.4686470929976234,1.166842097414399,1.3511457253902979,1.3782554658515478,1.5090353080419874,1.3420806541473198,1.5899613584819048,0.9426361933878624,1.6109281128837218,1.571590665996094,1.4406242663722781,0.48534551156236105,1.059000134333834,1.5980652307660592,1.3230806225958214,1.2766222314743187,1.377191858464484,1.6950002646190865,1.5860552518345665,1.1613659773059282,1.2485279480841638,1.6405329373000268,1.5007857800082176,1.0936944896768193,1.8099279014223213,0.7951274456745657,2.512529659984899,1.588956269448325,1.5298036394471612,2.038306595091609,2.132159018087113,1.442861644828752,1.381742752452536,0.9968705026942053,0.8363069118590174,1.609860324699263,1.5829842445132143,1.9366238696269955,1.365144170919462,1.1667025657922445,0.8956672360902411,0.9148438747748697,1.3657120370653537,1.7862868409253752,1.5269478301258126,1.5995535334759419,2.8973113956882233,1.6987536776349166,1.5093988675946746,1.0987012573674493,1.2401495949183727,1.1881930274930312,1.0751988321192458,1.3398722449398655,1.1436424486038836,1.5946097188770394,1.5095527004369034,1.7851742223032556,1.1597131688233784,1.6449486377059699,1.3492390871109547,1.6680342296777597,1.7130350530350893,0.6344176710316167,1.5499342383779768,1.784317756736142,1.6893707899479673,1.488066529915919,1.8798545915657514,1.7569580462088161,1.9478238167609674,1.2504129165287698,1.2534690302485532,1.539444538815967,1.3051318075237703,1.5855577257182727,1.0823708921846742,1.6655124988254193,1.506780851751216,1.611019943519339,1.4544281019262129,1.3323139764532854,1.4172979011361855,1.7403362974528318,1.6605821087233366,1.4909857464084777,1.5279672419757384,1.7487315269735892,1.4914120080206716,1.290013565246997,1.4918926269331525,1.38249763170053,1.8659867385956899,1.538652703894449,1.3857442596694418,1.6320348445890103,1.7460789848576461,1.176523096878144,1.5250500696780462,1.2225798972197859,1.1474724478139904,1.3905167685090336,1.5333081814344687,1.39824970571025,0.7466294935394843,1.3514375102980012,1.641421838323522,1.2761333513113278,1.2856383543934937,1.4985977488642828,0.996890686754598,1.0991501204625118,1.3181050965795555,1.851173072667895,2.061535315755042,1.5315388932251384,1.3029665636141141,1.210084602411174,1.949590691368901,1.3278252286769126,1.4819381737680142,1.6363557567328013,1.3686045524805506,1.0489567242809477,1.2094573722523663,3.055111971547362,1.4249246359933525,1.6775437650118128,1.7390810147617044,0.8819738185377204,1.2581633896155378,1.5601836837917684,1.1826353527924574,1.265988661791948,1.3637855509032781,1.2761044339398753,2.3580748770710453,1.2473410733234496,1.519447264404004,1.0870199470790192,1.745470275043965,0.8712187063537682,2.0055968460921108,1.1993129516245085,1.2785900247773354,1.2419183351069647,1.2688839496750386,1.632987413511819,1.8283004581739806,1.634871602993578,1.3517397579619055,1.3326098590432052,1.5922955237639225,1.0931387535246153,1.2903663928781302,1.4267443660704724,1.3243353704427678,1.3261089656071599,1.7116575546409731,1.3209943391936383,0.8043799713244961,1.5971360059643573,1.361912852951888,1.1363052683113963,1.3884639620436445,1.1542163102220788,1.1290543324941527,0.8965821819837155,1.1008908160643676,1.3346979165032367,1.4992510139050432,1.6825999412544612,1.3115643776585397,1.4838512624958633,1.1871858273149025,1.4590949373061997,1.6496829849213521,1.5593165925893115,2.390825439719654,0.72138652893167,1.7140935182377488,1.4472521680839359,1.54296386945679,0.9479208260572659,1.3445194981871078,1.1810437170988575,1.4537592336067178,1.2258099172387769,2.011130580265842,0.5360849594501181,1.6865820881655522,1.865484180686584,1.0129428141135741,1.2350140539364984,1.4150313085729307,1.1549994655469993,0.8635455425693823,1.3318297226415035,1.8889360067040133,1.5106383708985307,1.4868958116369275,0.8767897332453852,2.1009625073012357,1.3730938199004523,1.003981426204216,2.002949807144452,1.0411077621818583,1.6407567023854308,1.3599852540649433,1.005146203829225,1.1799047926732347,1.0357953468937977,1.6026619887082239,1.174210044549843,1.4021679240663014,1.2605693039056607,1.3443614818868117,1.2969738958679402,1.5424773246773285,1.8409574986687065,1.2273482962389044,1.3765548223802075,1.2756563588863246,1.6869659954559821,1.4586269509073273,0.7905319255082858,1.5613589340121017,1.881553516739138,1.5568047133850331,1.5746025419945722,1.3568322435686317,1.4444990244979725,1.4306841299007282,0.9979581323500766,1.662483703126108,1.0235244200633293,0.8128087254592634,1.8330721034876047,1.025069588985527,1.281032971669931,1.7893128527748559,1.7153073436869744,1.3912972003502104,1.3758448511156094,0.5230125682188196,1.4342689279408507,1.4418545700372387,1.341884610685872,1.5822413103726265,1.3563365418876687,1.3908712122609508,1.6656009295771574,1.288568787084663,1.5168383270439434,1.2234440177647805,1.349169652877616,1.027675688855846,1.5749908352377298,1.2765459405964663,2.269850624839991,1.3011792439302199,1.391225312847193,1.4874940629427131,1.1319367852958393,0.9984990063195753,1.308417108748757,1.478301475463069,1.2084109261419522,1.521114946450251,1.2289117517914345,1.7544854449520217,1.1814076622025502,1.6716476809325034,1.281020234775559,2.2298144715358337,1.8308535202742364,1.4560738346280062,1.8454123051062783,1.0359798056442182,1.2755956992122974,1.7602335229221997,1.1845708630991203,1.2171130869060591,1.3478243957269345,1.1675463198120548,0.9950973294004386,1.5262326183836739,2.0235312973340895,1.5999886418586815,0.9613520667277651,1.1848741686258921,1.3619128074738671,1.6351582651472267,1.3165217110416922,1.1253594270872496,1.359474340887259,1.270571028264141,1.3784927664371742,2.294787817857833,1.718298192142897,1.3903838584250185,0.6268398230048597,0.6524944932964104,1.4092056531237582,1.2319241914637096,1.2299601840086511,1.8653293519695533,1.4890636658833123,1.5059450197897208,1.3148493897908957,1.4893502978196365,1.0368653714218858,1.1738615796001217,1.9257850642343874,0.963874537132617,1.0641310908472104,1.2696769496934075,1.8058648917613846,1.25188316841158,1.638505867020655,1.5796085283897139,1.5721508612903934,1.643610167529425,1.1352645628635791,1.4490821639306954,1.6547115472991827,1.4891178573549948,1.3643222515389957,1.574795987321898,1.3563315774435794,1.4111251727052432,1.271098867312615,1.3031940549143453,1.8144453039351118,1.2589725226567698,0.9764947771031697,1.257325284419097,1.897475488811867,1.6301342606615314,2.092974038857876,1.7439392776406373,1.213682105862325,1.050551364521168,1.29612388846222,1.2510995393893014,1.5313859126276181,1.4167880352891062,1.440103540626789,1.8220072740261353,1.4380635258106764,1.2653609729371131,1.7091030689100877,1.5612899710022325,2.06971465249181,1.25075478869998,1.2061751063707928,1.5315267694689088,1.0039820960697803,1.3404152600464245,1.125053945867655,1.207535979805588,1.775168055726907,1.5998296836263792,1.5415133861611936,1.240419980346883,1.5855954142041069,1.221548565401596,1.222187657064054,1.6279708937437147,1.1153112597667723,1.3193443632750148,1.659575019136575,1.1826352403119025,1.4903018868148892,1.9975722699691096,1.4928112980359085,1.960391799083536,1.342865423728804,4.249911381443033,1.4484091915682238,1.4272610072807055,1.3360070274458096,1.5099965319234052,1.3257549101630102,1.7492252244012063,1.5865333774269788,1.5331722814854265,1.5922866907682032,1.540545923482894,1.4348732321662263,1.9167997088867617,1.5950867765353107,0.8831112091153704,1.819498651656633,0.7840728050166714,1.6525342297877947,0.9511528073882792,1.2497020157284322,1.3485037704869542,1.311390277512201,2.2749975472842237,1.6754145768325013,1.2864685735931447,1.697031511776534,0.9253066449007121,1.3615048969817467,1.4649513897659672,0.943700535764632,1.4728219141016035,2.0056389503225587,1.5946926876967897,1.6630308094944775,1.7903562869548044,1.4354299523614165,1.5915268448667519,1.035559288779039,1.3985222378410944,1.6529691059056253,0.7336979328568536,1.0248856608024415,1.538347828896784,0.6109731248930157,0.997890878334572,1.201800732811829,1.1910311763275427,1.7896039887170687,0.9150127274108646,1.3966531979217414,1.318920960138522,1.292103832370888,1.234475282139397,1.8468696228864236,1.762937222092151,1.1902053441555074,0.8554334150911155,1.6621440265215675,0.9374191770028093,1.2138320431417364,1.4522475435066937,1.5603052125279824,2.295512788035122,1.8739932342717722,1.7841370555767266,1.4649342240400278,1.0837282596765307,1.3654910375605824,1.9478662839010925,1.342115902822621,1.3642625795032313,1.7579874667528523,1.2740839289005685,1.8487604407311682,1.6257059331490553,1.5485465187371015,1.2005011104866488,1.2847697460165155,1.2306757582233856,0.4894508270096243,2.150616394351683,1.5390190110536288,1.0379205407232432,1.578981199788623,1.2477877078314479,1.5435011720333447,1.4151190609824846,1.3886851492283403,1.5169491724539954,2.6761657444660276,1.2190337640158955,2.5575612449410796,1.108741879206106,1.5940078321999618,0.9973645911538054,1.3522879729387332,1.4619369362331023,0.9788491480475408,1.890011438538151,1.3644406676135534,0.8800348535085522,1.5617911158238873,1.4221227024156087,1.2665927573001299,0.23822118984580773,1.9393528986497617,1.464547753047653,1.4846413961877714,1.617851516688831,1.5115948604216651,0.9167965127186211,1.465652565364202,1.1251176123273638,1.3385717280495004,1.4596338629161574,1.1977369809007667,1.3183515057159831,1.7364891883733398,1.2084060673785628,1.3650407638465585,1.5160156932988338,2.223385106485303,1.6775191218748686,1.27956219665513,1.5265503823442041,1.219027730069413,1.5766043188460828,1.7260918063488169,1.6417635091941096,1.4355139005143247,1.3237719867219289,1.0376203929254975,2.002751817424688,2.022957729491484,1.627855119446478,1.5659353658279962,1.3201410979248742,2.091686817628288,1.0525865807880803,1.6936062939327963,1.1426437047728406,1.398149651092233,1.183889938736744,1.4074460061418264,1.3568007622524154,1.909710672618243,1.4362436449463185,1.5195914280918377,1.5095610404289799,1.3764859184440232,1.1251540980661825,0.8578355909592827,1.1473784785327872,1.5892525920481329,1.6212084120919603,1.0510528534327894,0.9191065499710745,0.8656490915440468,1.1399074997813374,1.8596561331122783,0.6458997754704784,1.2454665237289189,1.3636992658788363,1.1130223452133814,1.5478068383687487
38,1.5443550943435338,1.35209817328024,1.083620788205868,1.9604282695644017,1.1822033884456467,1.6164501717925512,1.3498392906647165,1.4743825783470068,1.6602951487642115,2.4401187148862644,1.4735168041743365,1.3112705240136446,1.1588682972971647,1.9036964118695971,1.7077172988128018,2.053795818034641,1.770181462821697,1.5876722403167758,1.1621258292392498,1.1920882335530227,2.0079080727597587,1.1832983265069037,1.4534168440451327,1.4614747191057713,1.2116416923768851,1.330933947730304,1.4850615143695483,1.2024742631921475,1.4125306734835714,1.0349390066075868,1.7955765434344255,1.2636303220425074,1.2922158997627786,2.106050014998555,1.7668951074485635,1.4791449613717176,1.479533550975268,1.4739332979761568,1.6652389862685488,1.6473853783879946,1.348969166350563,2.757902193934175,1.4310144422645232,1.1836468094294095,1.414607392286774,1.1136279436710508,1.1346447689554437,1.5357850306160372,1.8466795971957461,1.119372006502025,1.3342539251616292,1.1181875831924317,1.4441723508939264,1.4061036590550922,1.3881079335108097,1.0888411805872815,1.396505974102786,1.0461537155176124,1.3542757061923445,1.3082941331260076,1.72634593727794,1.6021031656263607,2.152853020380326,1.118550647848872,1.2415246548709409,1.3304861327003428,1.7826443265446785,1.2653565795824235,1.286284029108466,1.7480779722322901,1.346638894633719,0.8589870017958339,1.6714445608718007,1.0725028881339387,1.179761695899165,1.2436392840815313,1.8294930501553834,1.167765544922134,1.0445717640088599,1.3900321257290897,1.6966682109195643,1.3741493510237712,1.4362384632184513,1.0020168265859568,1.9788308003049082,1.10015738061015,2.115937473114823,2.3572141931133377,0.4795309835591167,1.2033081536887953,0.99157113383681,1.1490978959310536,1.4284790778286793,2.2460282539571517,1.5501216089858336,1.3204664116245857,1.2931554578331628,1.0399714337150443,1.0677794067851185,1.2530078445473172,0.9843411389942256,1.2519975523074174,2.238844726730454,1.3443713216499869,1.2067932794267517,1.780124754284942,1.4319359720376656,1.4644558147503295,1.461788126806899,1.478043657079672,1.0590671463112464,1.408849762659423,1.527876930212257,1.0186566610912058,1.532029145600083,1.755607473385075,1.3057435378365492,1.4451298562688473,1.3989957231115835,1.7378409916254287,1.6831663223780016,1.5801520688271093,1.1355912097446736,0.9699942526233374,1.683607155196324,1.2972879620694173,0.9980779960663528,0.47050216428020347,1.1631862518507627,1.2423198551765322,2.213779744583749,1.5385831710381785,1.62074146919597,1.6470851132585882,2.0269654430992468,1.6929230570866816,1.4180258020916379,1.1799514630390677,1.5103526102923022,1.1809542332658443,1.310850253179408,1.169813507649128,1.2842187213329392,2.069156555509931,1.751610737748308,1.2173457429215184,1.3502238719446005,1.3510201744551154,1.3508052599727747,1.1429102347011346,1.1098159305301951,1.869391711581098,1.1995686128353542,1.7207914626577387,1.8864043828106398,1.18311738604272,1.4559462221167119,1.5285902651046497,1.484861464084005,1.370708564701648,1.7745444328894502,0.37944538100405634,1.6879747965987013,1.5788346044017545,2.1160312969720305,1.250963918043304,1.3004167001479443,1.337869074436727,1.7712332432358386,1.6551789919422057,1.6823564850764918,1.6051071529315148,1.9472358251136739,0.8474903904729576,1.4700604997304054,1.1965383639095108,1.1873932920862895,2.091463956425209,1.9652754743719234,0.35669953729488474,1.4210520401660791,1.180447041495045,1.4149245033642646,1.0770256968307395,1.2823780156335893,1.3914092322805256,1.0771410436099993,1.3397370607001025,1.2941946067118137,1.3147553731518409,1.4744469453538072,1.836319278286764,2.662697750128841,1.41422637363958,0.9694633641049719,1.112556404346205,1.2260020836545609,1.0003529468362338,1.6940605800818684,1.2679043805049335,1.1028753139434562,1.410015560805363,1.6761104383664205,1.2139982980838155,1.9376482191661069,0.7520655691091154,1.848742109978759,1.5591960257634707,1.3232338851338048,1.0660551144135066,0.7585058960669212,1.0191866391660818,1.5737000603006337,1.4844379585595795,1.1001170542266143,1.8770265189878712,1.4864088744440247,1.3258063337422659,1.1071421034202764,1.2236464243859602,0.9614709318145832,1.7837850084132956,1.2324566259712593,1.3084029542307583,0.0,1.6745462635904373,1.4136216181019132,1.2781024726625432,1.6469445286945974,1.656673579793113,1.6744092908594657,1.453044109250093,2.0051824959430595,1.4919763269345478,1.0422245523012963,1.5608532393772911,1.3838372813677882,1.3739875409152258,2.4942571190486222,1.2672822369706305,1.646798447437073,1.2990200881074327,1.2231908632721877,1.7927049209185628,2.1253839941043937,1.6216145355940599,1.1809052626640784,1.088273635262981,0.8400452187532413,1.017489719995067,1.5863836911205105,1.4989515421831263,1.4394488926172306,1.2740663526423184,2.1078665776061243,1.2383486385899711,2.0039320921890735,1.6893918662955414,2.039864360701624,1.3565733501278272,0.3579711215349395,1.8427529782484209,1.6888980782397298,1.4967535650500514,1.0294848122381475,1.7065526801393038,1.2343928093761631,1.1262427497598073,1.7972436332535575,1.7476257789239549,1.6992336991082897,1.384514208592434,1.4724235714465794,1.3410902770359865,1.8783516892580674,1.5162377491566668,0.8109977309625386,1.125187859162632,1.5309954896973954,0.9495215594230266,1.9528954199985937,1.2699513839982868,1.1294675950261446,1.7404657346409187,1.3086371490952287,1.416015964271677,1.244315733888075,1.1447163118764345,1.3043960740249556,1.4944587449903852,1.5496998809111866,1.3066524017352183,1.5291191044427819,0.42489716748136996,1.6711773722850776,1.5085030507901722,1.6131276643010817,0.7370940926396672,1.1159993787910656,1.0445101961435586,1.9413251205050681,1.7917932601077478,1.6074730997644107,1.1666058621624298,1.2167630901322508,1.0873513255321228,1.2914225717438153,1.4657588095125873,0.8649823222460331,1.413084007866726,1.4965515213691336,1.2726009877007072,1.4792226421258001,1.8059342933459293,1.8535903919439043,1.417591983839806,1.4080262022057486,1.768505422949385,1.2455712577366436,1.4594463081932483,1.2475712695218397,1.093074414460494,1.7537980189588942,1.096937861272215,0.9276840085323209,1.3457704913164892,1.3989215768202745,1.1363985078076249,1.226669174290553,1.0579618490295917,1.5306944833146692,1.703157255890224,1.0884088549154887,1.7244772143292533,1.2338815248990527,1.7756961780371237,0.9388015429434793,1.6931666524256268,0.7449185227575659,0.9647085337960137,1.528210678203215,0.842601047002633,1.456512562886592,1.3952745952060703,0.9350246994209088,1.6740868344157143,1.4202359421523052,1.5153471423913332,1.4604781820140802,1.249827806006629,1.3197213972140518,1.1007185821259193,1.1220048170201247,1.6936641928326592,1.2683019878665114,1.4246861644754811,1.3446688295201095,0.7736773932371485,1.371231363143901,1.3175229446299261,1.435116972468434,1.5842987916893687,1.239133656653014,1.822466300336563,1.7590600322173158,1.0877311620522505,1.0600759751112996,1.5422407179805064,1.3329787726302977,1.4939798894005085,1.8391295797032916,1.8883315975827277,1.2864077108518497,1.2523445256337098,1.647902425870483,1.9179141646729743,1.4377662290089561,1.2875565143156074,1.6803188873352792,1.6152859447493544,0.7298504239302027,1.7968416831317873,1.3165484602639004,1.6403437068807671,1.8757510827435402,2.0699494047557536,1.1340240431320143,0.8584076597629702,1.633246537695113,0.9690246533850837,1.2950536950994591,1.502383843164082,1.2455744096505041,1.5440074170499392,1.548984504653482,1.1463762364281038,1.4301638525129314,1.9732633339001286,1.3862998637956465,1.6125635819071782,1.5130616262909038,1.2772087428578964,1.8782440701054988,2.912604157602787,2.053439186998582,1.419705570232033,1.4617440579793937,1.3155904028400776,0.7313693942823787,1.745001241392547,1.5863883890074244,1.658832849070789,1.3669648087001656,1.4327367993303606,1.0206096617910823,2.0127886124375682,1.3454154578916853,1.741313076396863,2.1748512260027693,1.7119630511944093,1.198401548552794,1.7075111777348135,1.2260202620811793,1.3075813329209012,1.197125195214112,1.4844856381920646,1.854124792744254,2.1922488518500365,0.7260031442261369,1.0158453005276618,2.4673293823323457,1.2867039284166093,1.238638911741335,1.8035920609663976,1.370774380311044,1.5926060861449007,1.3882263849449665,1.3767453094084448,2.3726979673076283,1.4275791476349688,1.4257505734313096,1.2055419181816265,1.4450691554358213,1.6088900970418625,1.8517456974626016,1.8892756073727148,0.3342344840118483,2.332026777986757,1.1538221202493895,2.028650573460636,1.3374821364427103,1.6676453165918224,1.599261133932331,1.6042683097737385,1.3537202664868815,1.205452253768403,1.7091328321595756,1.3104362292315006,1.0721632962739591,1.3236436804718417,1.4489993251296958,1.4145619585565368,1.3433913927723211,1.6357398981203695,0.8817720185142559,1.5406749678424798,1.5264483039910495,1.53904811376746,0.39372092234715195,1.1491594196500248,1.5953701626657877,1.2475373428399132,1.353425915251485,1.3724687800125044,1.7160701567564378,1.4346665179814235,1.2229047589358615,1.1261311077609393,1.5490454595870353,1.864630930463593,1.0991275691301885,1.674884029548759,0.6611592813016872,2.5330091385572437,1.487628149193926,1.3171826014519645,1.8481783033602757,2.109389878502352,1.54689357439214,1.419865276460793,0.8124164624986348,0.8068110260591741,1.5812539345940493,1.5642188827519883,2.263349421038785,1.3196605643726362,1.1726357065153015,0.7790903511822366,0.9800864274386278,1.4716648439951143,1.8150829036103082,1.5056482278472028,1.437698688881263,2.9431704540240142,1.5606824207940149,1.4004499754361277,1.035950139389379,1.140689372365768,1.1995347601563415,1.0451335664385026,1.2181867317680353,1.2750724461537428,1.7363647318988589,1.505799491787338,1.6482697240040585,1.3010217569603908,1.4364580971579135,1.3923149386741458,1.6760580163619203,1.7207208279379065,0.7910498845339089,1.621759831463614,1.7359492202575275,1.649452348331229,1.3049876700989342,2.1258772002262774,1.523400435680426,1.7935846911624083,1.2547104308289616,1.2558202736346196,1.4461885252122235,1.170493138699692,1.5629385994574463,1.126964572679051,1.5873371250766013,1.2566806099636998,1.4853389029197974,1.517664775061646,0.988938503146569,1.4274284400480894,1.5417502109609438,1.645403474142503,1.437274526968372,1.524323682729241,1.6463665298218668,1.6053024346183853,1.20060980828509,1.377429716563999,1.4530971446646654,1.9268187120666886,1.6690992331318293,1.3977376351565085,1.5788561431000856,1.6489533536662,1.181798596761715,1.596011182614979,1.2585523970418313,1.1249822067091715,1.6937868572797834,1.4487837535941859,1.4971164784786488,0.8316656858385869,1.189766932313311,1.6356795200124319,1.1915975374639123,1.4475341943793352,1.5775207172043995,1.1040210070130096,0.9687001239214296,1.3058235720259397,1.9240036877402442,1.687999887424575,1.6187955357016186,1.2910018047628185,1.3914925366873292,1.967006337981759,1.3685654675159653,1.4916073300047143,1.678063061362332,1.4376901749087245,1.1169421091109335,1.203795730919289,3.285018928982722,1.3317029182116418,1.7598762108425658,1.6469655135161543,1.005511585804383,1.3942909646952786,1.581307938772611,1.169193225906373,1.3989419859625953,1.2656081656313078,1.1528070293701165,2.2858147813555414,1.2224631275434688,1.5309511085451732,1.178689515631509,1.6198205597597908,1.0088674301979483,1.8371422952533842,1.3419644896575371,1.1892507691220988,1.228195593369921,1.282357360614937,1.579166351565931,1.835609887207026,1.626024881595994,1.523038340278788,1.238805208046379,1.4983236964928273,1.3402671160792372,1.5222806543660332,1.521583725823461,1.341518667596155,1.1325187470438893,1.6128603222647584,1.1968181185150826,0.9078334680836562,1.4625179863163245,1.5504113347890587,1.1974730808536824,1.3003523630373388,1.1497411440913554,0.7731030670927966,0.9686755648767675,1.110529629290495,1.406457243739862,1.4439841617230518,1.696982641187456,1.3785179540896377,1.5044976000539794,1.168762173128178,1.411097838468832,1.7072731281944529,1.5324586329248584,2.0499946079322147,0.7279078144564763,1.6885517651465163,1.390311316872772,1.5487020914397966,0.8550523077366841,1.3502097250591514,1.0342978832089775,1.4496445282653854,0.9767562818190989,2.19401780497288,0.7681675310797961,1.5991286461408913,1.915948194377362,1.019097439655516,1.1332389820635531,1.2961545933856422,1.114280614314696,0.9395421436415763,1.1866846166378777,1.876788999750819,1.4722318709399151,1.516683229832869,1.0360056139975216,1.9194818879820112,1.354978443247557,1.090606140793163,2.012077730203973,1.07853742983197,1.5570045779598933,1.3830045721591553,1.0016248116502127,1.1855591477144949,0.9922168257393755,1.5741361473418134,1.2880085700513786,1.4932789484869278,1.2782188926326934,1.2756294155293844,1.3415733708894853,1.5352024155248953,1.751001783869341,1.363161437834819,1.4670843949118533,1.109667875453876,1.513854110137851,1.3252936889318356,0.6895242235058001,1.6818590787901377,1.7185041854230954,1.5776880692954176,1.5159145451528804,1.1867118407001054,1.3898507350653269,1.4085580584339588,0.9885693140208842,1.356467680029284,1.110295519080115,0.9287296441495363,1.734923632195028,1.1142720300125717,1.240373695994256,1.7469482081073782,1.5613677021278338,1.3978941917131458,1.5495547404349708,0.8378325637324362,1.323353433635408,1.381477024390508,1.298557020071266,1.5850965487222395,1.3286118814754881,1.2517541825710048,1.7194777508852364,1.35406908512971,1.4338851400608519,1.2044399703754343,1.362388110975179,1.06287989924888,1.4690968098242225,1.2267640302273939,1.9083140386283128,1.2239110654026732,1.4390346165296708,1.2769207077802447,1.2734680760045,0.8970782366198724,1.4325458307842978,1.3832678105698875,1.049382138798831,1.44365602640966,1.263079528315846,1.7621529901409658,1.2083563488632192,1.4029421378119316,1.1225374840013753,2.120814786231255,1.8086710715781464,1.4480731001127491,1.9083819797026902,0.9649745473448306,1.2827677698842976,1.8920572971169474,1.218759806411563,1.2012056438556473,1.5067401337172155,1.2509297419194518,1.006133547279806,1.6132328633740571,1.9500638956508616,1.6281174881841909,0.9343209163674657,1.218190269882121,1.2475232793700168,1.7051294129751358,1.5427995602742395,1.092754330244634,1.3394367108570102,1.094220201058655,1.3844974082684431,2.0656334119863837,1.7052328583338336,1.5782089489874056,0.6864751476605183,0.5386615726812402,1.3879906368924226,1.3294755530422022,1.1764258967119754,1.532321066259829,1.4952490628966508,1.311337239182613,1.3659315882431777,1.2802642406582008,1.0265848021119428,1.2014097937339168,1.8064599445591736,0.8759643111773154,1.1447952858619146,1.2741612604677512,1.8325688551226194,1.2666914989268392,1.5793918035684646,1.580974389477635,1.4408571781591384,1.485491499409664,1.140561365484067,1.4600285663267747,1.7560407857422633,1.4074151378674435,1.5043417400904384,1.6101300963547098,1.3989986977356712,1.4095017246848909,1.2847838031798813,1.382635525205899,1.4773504438791962,1.4584019121079228,0.7703737178659994,1.3152908898755586,2.0780528171222086,1.5664476817858577,1.9688315460379682,1.7743626342418404,1.010018281777003,1.241114470323346,1.229977915682344,1.3360582229863855,1.5014065697558003,1.5810184149414293,1.4385107449627812,1.8390088910883404,1.415535584183003,1.0569552245523368,2.007958695351985,1.4777286559180527,2.29302642822029,1.1727850698990645,1.3144895526487164,1.3191868108005558,1.0742267318682504,1.4436521062360879,0.981389772844743,1.2363398995382946,1.7223839626576072,1.6804942766679998,1.6972779654327232,1.3275679992667342,1.45505881808743,1.2332399462738217,1.213885186604701,1.6533201900455425,1.133137771211547,1.2462657637881271,1.7247938666702751,1.1081590013241978,1.4181558824243157,1.975519785794031,1.6140514097823155,1.9081090227304902,1.3105743514274575,3.619526874903153,1.673199864977329,1.4868474295295715,1.2711098996495502,1.4676994890234945,1.2275618342109125,1.8685461147635674,1.6564210100705274,1.4540587888485346,1.757611402604406,1.4985576353870158,1.4323020649992002,1.9898868472252618,1.6177522232364803,0.7974668585878852,1.5946944204844864,0.6212047091398649,1.6544304493746187,0.89535339528142,1.2281760821629262,1.3819712953902719,1.2827460425720187,2.168532552034581,1.5732439102326634,1.2581727365784512,1.5755308438741784,1.0596949022870583,1.3690340342430996,1.4481843357231718,1.0685960695455488,1.5153606185404247,1.954503194240794,1.612366680999585,1.6433343315365123,1.681394109180922,1.491579167445511,1.5691119249622192,1.016780660659018,1.2945318945967728,1.617522707904546,0.9496322412545507,1.114278922174314,1.6736293309709016,0.6763354385788216,0.8546637475483844,1.2297241746947325,1.101907582697406,1.702753395336876,0.9381849837439455,1.5551955223387486,1.3076125341965579,1.3648670856235166,1.3771953740202862,1.7515661281396768,1.7414465191476898,1.5626585260686148,0.8062328745431602,1.6906845428802704,0.9523691963912437,1.117179300509795,1.4871253684198629,1.5659977611075466,2.319530905580902,1.7707959070315162,1.819980683214114,1.5113092298940303,1.2296986117059194,1.2265458292540254,1.929967848551382,1.5344270866840142,1.5440403195951569,1.6643350781749913,1.758467221768643,1.942142401307365,1.7116196411941187,1.583202014989657,1.1291903954764768,1.4373631610329187,1.3894359855541567,0.5134876407801872,1.670803804902663,1.4295006065751652,1.0868868069167674,1.3907003672215148,1.2516556518361344,1.300415207932652,1.3942518053534425,1.443685164784564,1.6816763590547963,2.2871274513467266,1.5913839794522497,2.4168363435775344,1.0806973302907767,2.1106843603000165,1.0955155000394052,1.2928427768597976,1.5340000617411578,1.0930978672731444,1.7080624726516436,1.299780377168708,0.8350894456670196,1.55819915776246,1.3885427514347095,1.3206086519109284,0.4123059047996361,1.7729419497001135,1.4805070813896173,1.4990863059914106,1.5561276765875864,1.5162033208235268,1.1448109213601443,1.3982371680538117,1.1058332709645797,1.3579691247308951,1.424172233703209,1.3481534237650428,1.418029911723432,1.6598237241438747,1.1123789074318253,1.3466827687479006,1.6785947929666711,2.3752259684252435,1.7156618101946033,1.1567682190327297,1.4142362762740266,1.2140906087639893,1.4781495090259367,1.5856058736071827,1.4364322249609667,1.4283716108194455,1.4478561923079218,1.0176678345443184,2.0540713438527893,1.9988232250212685,1.5397133210824545,1.6530136338323602,1.2089184158950748,1.469688021016489,1.1583648566993228,1.5792745313046617,1.2583487301088343,1.3500255561748624,1.3011365513023783,1.3397450506191113,1.3903470873353985,2.035431230150045,1.3078307516346823,1.3249744762082911,1.6593563494041086,1.348078899112072,1.3193993299036093,0.8220886663180604,1.3584886754485148,1.5830630011812572,1.5266665327944584,1.2994812534817584,0.8251960447090441,0.9061992725511911,1.1649054808715,1.907657372687039,0.7300833529605779,1.1994848582003286,1.4495338269091176,1.0612963385865526,1.5950473043833369
39,1.5183934716520933,1.2270225542764248,1.113000215486047,1.9614962262872324,1.1879115292350262,1.6563122057933088,1.3869155884106021,1.4280233088856997,1.5795090908184657,2.471984629514328,1.5889061036086343,1.4434655544773194,1.1420590927115624,1.6749842712588872,1.6664932467716946,2.032790648713103,1.9240569096737445,1.640674456167892,1.2543238111900665,1.1478215939391276,1.928847161077662,1.2668937437154177,1.3834004374947648,1.2899432344614645,1.0834220724332015,1.495438962415701,1.3975217271935778,1.1086197949112364,1.4454387241602467,1.1817088078105875,1.9328740975905399,1.3299157513949842,1.3405137007903067,2.069972023623979,1.7518568060644508,1.2806300552870509,1.561488950761097,1.2022450265254896,1.6851838226453102,1.6574603657482934,1.3308329058292419,2.8738895479375763,1.3767761016638547,1.0417576469695287,1.3712365593648184,1.2733476505062855,1.2878762912681463,1.5063324331416503,1.5583193120378493,0.9895445208378594,1.3289727116181855,0.9927917420454215,1.3631212139246949,1.343804084160268,1.372581374342143,0.8716565479484977,1.4846935096130323,1.0311629151573987,1.3524507439204527,1.2818074432002275,1.7934109432217746,1.6205926379927151,1.9070223769270562,1.293948703723499,1.2351311445449566,1.5756373819335276,2.1006522057396815,1.2424468217491513,1.3827092197301738,1.7301286930797795,1.2418373818174189,0.9142594395837402,1.7633088085235236,1.1176417628652044,1.0001792544399746,1.2194867847641553,1.7975208937773273,1.3504227558545907,1.0095650568822976,1.5590391932083794,1.5112803471461813,1.4237806385117442,1.379951117661737,1.0994743708584174,1.9036917818170314,1.0252111476850878,1.970956546043743,2.40646680515108,0.5403248206563693,1.0904481894736215,1.0833716823754835,1.026959823438088,1.628188482433261,2.155809469509886,1.5979744976755508,1.3803033145184247,1.3168009085808163,1.0379775546205607,0.9629789141950291,1.3197828566932053,1.0831083945364508,1.2203712613962217,2.1340485788974832,1.5922319594638517,0.9787064937510188,1.8759512973869485,1.469366202830646,1.7956997789022962,1.3435985201547433,1.3763944333978162,1.069443368600179,1.4897395466576735,1.4613665647077674,0.9895319487790917,1.4840178377516522,1.6449893967012588,1.2156165116061273,1.5614028796701673,1.3922126884253183,1.6610006733702694,1.7972413249692811,1.5048535318953886,1.3203153369823268,1.0151826419912005,1.1826208427901408,1.2829661666341678,0.9299013798118013,0.5701062774067516,1.248810705372115,1.1917669648005276,2.1175390588205105,1.5193240332375897,1.6956040169593187,1.6315919619820383,1.984271745932201,1.6249952383109558,1.3607531989989454,1.177247927282354,1.4890893645230918,1.113230034743567,1.290891232499256,1.1410365706312675,1.1913881036569633,2.044034006493603,1.8500593004798096,1.1591668121274714,1.4582827083950152,1.2938012882481218,1.4239782425611756,1.2088371720500053,1.0335080861287889,1.818158879311437,1.228585926508821,1.7793562105398746,1.8305697240480439,1.2469908729090797,1.436660094998255,1.5495285532553638,1.500562746493241,1.2505700277275758,1.9196871281490946,0.47356571208897313,1.3495980305831607,1.3562453970858344,1.872955901330897,1.128831193660706,1.2157127407316823,1.2460766166366282,1.9099598978669514,1.5922096829564734,1.6736662650110818,1.5084113674899742,1.981758627536101,0.6521790589082039,1.4597229888559051,1.1768510214342693,0.9037091942783347,2.1842628641386383,1.9979387139317901,0.1574184413001474,1.395891390468935,1.3609296690237522,1.5194583183689252,1.0502738399366929,1.3175788616691562,1.6879580725315997,0.9571005889016901,1.3703071338273896,1.2356249691575982,0.9422895471643444,1.603217194109475,1.7324403965119048,2.000546855073131,1.3614310121664517,0.8828613000080534,1.15706743729814,1.0691396974786274,1.0059834999139428,1.821039953661251,1.363960543148909,1.0589653841575657,1.864717812825446,1.6675169529649532,1.5253576950669219,1.7447607204373217,0.8364360155990038,1.802055148736669,1.6216234424634226,1.2877384780574328,1.2571564968980538,0.6334131558352942,1.0056234053995345,1.807713414018706,1.3962003007721435,1.1694226231832427,1.5950876585677758,1.4093894615448201,1.2006601257862133,1.1562297291210906,1.3745487030357264,0.9290548777767875,1.5842065834221395,1.1492554294740283,1.2962787463569558,0.0,1.4787738618895934,1.4636913275174062,1.2732497475333153,1.5845609660948892,1.5953459543807864,1.7456328937296597,1.517373536352649,1.8590735364699082,1.5473371163184073,1.0929041649622873,1.5824127294604664,1.3883627846565116,1.4861225757960583,2.526784925551837,1.2094315927537296,1.572278930712777,1.0426262820967307,1.2122287029978585,1.6938382341329619,2.115265312900383,1.5257106330427161,1.2318243307753893,1.0294561019029762,1.0336175177497542,1.0129038478388206,1.445279539668945,1.3720533049097596,1.4282221366010752,1.056235161260033,2.3660369388448372,1.2286202594665012,1.9209199180206107,1.5550630797004108,1.9696398956325283,1.41957460523574,0.26766792766628533,1.8401571834089363,1.73035785498884,1.4357530102287839,1.0626388271193639,1.7255126393889666,1.185702090515929,1.0742098108423814,1.6294818002941909,1.8351158723226486,1.7909147295381147,1.3373094528567027,1.6122155338177473,1.3444078839700426,2.0392834893595695,1.4292089062878066,1.058363731807381,1.1326038073315319,1.580835242949627,0.8892996398555402,1.9802594889996992,1.265235307974358,1.293841580676037,1.735839463225383,1.3303761649968255,1.341149331445967,1.1271282473261761,1.303869409269676,1.1952278909833554,1.5302315768478103,1.3530964761220758,1.233859173468684,1.5408092067992312,0.6405885896599938,1.4719955900181132,1.5286579793181447,1.5450220907724164,0.6352616210421125,1.1898327375169893,0.9338932846944921,1.8732124292864876,1.6556288753458939,1.6752502276841985,1.334792016675516,0.8759025724319635,1.1271737587699553,1.3513916948848361,1.5437297050711236,0.9484064750654515,1.3208594050751024,1.262211049697207,1.287194484355739,1.395422204460742,1.4869876081559386,1.8825642771642694,1.4772701497869511,1.3328263324546685,1.6237103283718937,1.172818869262549,1.4344470610971733,1.35927003832915,1.0709951577918644,1.7978278492150885,1.028864151512758,0.9700161262473902,1.2558822169795116,1.342408254574967,1.2094105261155605,1.231712807755382,1.32860234643637,1.373533441373202,1.3836984388243654,1.0650802543000268,1.6810520718374735,0.9956136269193634,1.6109933969543615,0.8354364611375855,1.5876787195140347,0.7741559394772342,1.03027409028207,1.3196572932913364,0.6802279292059644,1.5062942686167513,1.1612335400079774,1.077049771124356,1.781606992942764,1.485472307320628,1.4672613776599224,1.5352038821423482,1.061843264781323,1.3629852951246746,0.9841718037544587,1.2048606469004692,1.8553016081427252,1.3101799730427026,1.503055728350386,1.379747702191982,0.7553268536404539,1.422920884786007,1.218095962914901,1.4527079206423386,1.4613266416149922,1.2983363947144508,1.8049836936875963,1.5822652529683277,1.174281408013117,1.1556066186250389,1.5255262984161895,1.639507700370617,1.4879674852305032,1.6886982356651647,2.0108884748368197,1.2134365648066967,1.1930205020603104,1.5736146514925524,1.8123666701083299,1.6575636012332446,1.1965957199728516,1.5505086179469267,1.5080606242506742,0.674006088360822,2.0638731595576565,1.2961215488174478,1.7100388316074127,1.5987001854961411,1.813954839680616,0.9912816785236584,1.1049874404459659,1.6198002814906154,0.7474138269464988,1.3238954714906457,1.780475917546052,1.1069979755157617,1.4179266758137559,1.5031820333587536,1.2639643969332897,1.3473373606972048,1.865224611418185,1.1934794490065765,1.5581615771060395,1.4837800234689906,1.236894895533283,1.891742442684,2.157540849001181,1.828867671228602,1.4534729192227256,1.5111300795116356,1.1963184204878583,0.8239124791571503,1.2658476094492184,1.5218858223215506,1.623888963746843,1.223521649662351,1.260635759926704,1.1944043727017561,2.2029331063183175,1.0978671384479366,1.6559277793371523,2.0348063206157994,1.7109904903263973,1.392135274637025,1.7114278163447219,1.1828240451922634,1.6116585405700905,1.2307164880513675,1.5985980280328818,1.7387116261971918,1.808081532903013,0.8303861183697921,0.8824558316471394,2.4109776553263216,1.130968902078189,1.3987955680951845,1.6712755070956697,1.266874101486819,1.5946202926009805,1.3034388898172946,1.5645356034467042,2.2088998000184397,1.3834508151602114,1.4026152904867573,1.1907568142466671,1.559236923413578,1.7012084069625988,1.8480354478888938,1.8820006828684224,0.7812731055943334,1.9924041949506275,1.177851252310956,1.7636575396677756,1.470356304289791,1.5610438002310194,1.5299199634137643,1.6286193667563857,1.2746295978293785,1.2756245631599399,1.698903097388608,1.2209033438743422,0.9850539369722764,1.337272417355114,1.3979305725101177,1.3411195085236147,1.2514173797775665,1.6694278884019895,0.8062903050549818,1.4470083819681998,1.6326044564435525,1.4280817100322742,0.37666709694437783,1.2732466083881484,1.6182458832497095,1.2185380766488723,1.3930998004088928,1.5509421375217056,1.7283078406780945,1.2869721875496656,1.174094951759643,1.015729384850951,1.5036607502322255,2.039150313089483,1.119771848682906,1.567580440707604,0.6680566460761395,2.3041903014562655,1.390864971120769,1.276373747492075,1.5814283797620166,1.8359046237472079,1.5433249440743373,1.4052740693311825,0.9876272139327525,0.8892544965455764,1.5391737016025178,1.4594945769143624,2.3255043070749077,1.181646924274353,1.2163791223286702,0.7035273313770669,1.0690462831708447,1.6586321433058315,1.5962657974688463,1.4943606858534428,1.2175638828744433,2.859075491369257,1.4465262868819722,1.1631158284178085,1.0363340513720254,1.322956098403522,1.1731871745786326,1.1408671633792513,1.1260399153340577,1.3717289067844014,1.72589057521196,1.7132090443710362,1.5010974371735921,1.3783946415548587,1.395435853865689,1.326942477310518,1.7718995574345904,1.634556022776421,1.0359218492555193,1.5037064594556,1.7458903875447689,1.5293262789669488,1.3910163961879198,2.0661374520377467,1.3231951429805715,1.5758898780790003,1.2151487906274796,1.3736511562603,1.3715034724708208,1.0767532277464587,1.4196968072720326,1.1036692929118908,1.4454968945160451,1.1597676910082624,1.421914138241881,1.5529951130453072,0.7325801272899088,1.3585505631985382,1.4645310199421,1.5812155083381507,1.4183859562237149,1.485517824497123,1.4986703012366365,1.7151252504547005,1.2212129785566659,1.4191657336708077,1.5142836088043117,1.7847353662331722,1.6612551849079615,1.2995207881706068,1.5483997005469923,1.5783700017016458,1.3079341489209733,1.5949239077538793,1.1870949803421613,1.0055102882356348,1.9780186885503481,1.3876332350360803,1.5492402972124175,0.9861511313681098,1.1455872800953195,1.6390781332759488,1.0622146916144675,1.5620318472985748,1.5145616105732769,1.2317152679517405,0.7940470912720387,1.38406431435684,2.1336287638693685,1.329469585631964,1.6257906278618863,1.336589969267703,1.57923348993899,1.94766870964748,1.4248322593567209,1.5006193708872426,1.7859403327013257,1.4899886946146994,1.18336873242493,1.2311805904236668,2.534124782684936,1.2419520288294734,1.6961499887009528,1.5103183551319925,1.4325090968708327,1.486237298438687,1.5459491483659251,1.1533436399451675,1.4255329378750512,1.2057806097784245,1.042573524185195,2.0389574401109103,1.1930376057830379,1.5405925556567661,1.3092728699600957,1.5510608129047312,1.0168072770538028,1.7701189354348803,1.4868253885592388,1.0696245972978646,1.234530180126045,1.2675474951259988,1.5128620180646921,1.8495611553996676,1.5326303866873556,1.650914557305269,1.1766084469236506,1.4241402214908705,1.1919683663377778,1.591920521910806,1.541474387159653,1.3803279856942214,1.2535043826443646,1.4180648257210546,1.1528569178456431,1.0765225541864578,1.3027582762701357,1.8194233227629615,1.2093984731474043,1.2650929032109732,1.1490520446171588,0.6619968914053072,1.0312603667828883,1.1552837838922698,1.5921377050119196,1.4070195089368118,1.6970816992471431,1.361426303743733,1.4102154631751818,1.2940147708814398,1.3773875721803406,1.5915657421628557,1.4730684537345473,1.7629289620899087,0.8355854203816891,1.6673604423699049,1.4257577182935226,1.4554409080166233,0.9368910329122806,1.4419168130443367,1.0237450079169164,1.4363914881219386,1.1269800652535382,2.2075262508723528,0.9059033582170856,1.514222246436507,1.869355848513104,1.0385615480648878,1.1604511107681712,1.2851885164795758,1.0814464254968053,1.000898417824998,1.14148700251882,1.8278755912146964,1.4084100007792566,1.480713462565207,1.3235977038585423,1.8125674940509353,1.321425359538361,1.1925360292929335,2.0829443003921018,1.125553357221922,1.5421256667046923,1.5783574408771464,1.0854730876156695,1.185824008664901,0.9853311610919643,1.5586014839200326,1.385004962117273,1.458794528503058,1.332386568231743,1.3924426726522834,1.403746065690399,1.4519576586218106,1.6234563004197518,1.4251541214954284,1.5079341877194175,1.0308747750888732,1.3276244519965668,1.26461366681677,0.6263116815913914,1.7091688652137809,1.6392591790542428,1.5908623218048776,1.474840504922365,1.0985171986325422,1.347090453940333,1.6017848495319087,1.1690816233325716,1.1753393827036678,1.1762845046290615,1.135336718069811,1.3068054166151235,1.2673142449132986,1.2470186080466528,1.6470135809512079,1.4865291648667958,1.3780303778076821,1.7252368777317453,1.442224178883455,1.406270992925583,1.3551831649286434,1.4031011502845583,1.5268797441312048,1.3647040808155433,1.2017364296177429,1.6667741383957302,1.4081504185272582,1.3808101639988775,1.2998408047105983,1.3178630225886807,0.8904826161668065,1.3114445220367896,1.2259856529112185,1.5600931378126843,1.1976586793963646,1.485836463853853,1.0456823745966575,1.5431196755863685,0.8609287203632601,1.3638243059562623,1.3889772904119924,1.049379391477462,1.378423237772502,1.349750506087855,1.6858449147990715,1.2486066099920763,1.296055467453538,1.2536086750407691,1.9136720769352036,1.8263930916539197,1.358943982517595,2.0248549979836103,0.8881233901371673,1.3932792012900936,1.8640605155066226,1.2226263754497542,1.1875323575874543,1.4871553757459746,1.3216441047117269,1.023183263034027,1.6259536591497643,1.7439441711802228,1.596985600360214,0.9377309142455887,1.2175912455596984,1.3144600190374032,1.8046090488852518,1.6089316850358442,0.8804298725906747,1.3508621863654584,0.953525555600208,1.367431645911474,1.7177863142993264,1.629410377575061,1.5980607397099476,0.8071298159419821,0.4202622083277079,1.357387776521764,1.3521385737641791,1.0582162366451922,1.4055040233320624,1.3909723201440873,1.2130789131450983,1.5331579438362064,1.1292782565954815,1.0847420954458427,1.3393084310074137,1.6225620535536338,0.8511265622802856,1.142985804706166,1.3714325224961452,1.83987206334406,1.3485618535924133,1.5820563619848458,1.4829186874474258,1.518765963673618,1.6621904453376888,1.319193924093732,1.548092875083349,1.7660104719819238,1.4009668792639838,1.5987664530080654,1.5584889570870466,1.3096377768727716,1.4488097754350964,1.282138664846669,1.4166225664437537,1.274801769687129,1.5280854081047113,0.6743991295327094,1.3192033842399704,1.9585510999889646,1.5381958778907305,1.588153841559519,1.6453535109664674,0.8903698203301124,1.5062870519418707,1.1208541284691869,1.2986608011158605,1.7191687406380436,1.482343017094017,1.469635521102445,1.7071010471750367,1.353175489218364,1.0905113575027414,2.1504836916981604,1.3644004196221107,2.195324251646231,1.259482418095209,1.4489624575424962,1.2081644599016288,1.1958207383446147,1.4795751715495693,0.863533031755052,1.1480629152786852,1.6241377467873703,1.7221388039266425,1.8926407821916746,1.3281616929557751,1.3944060545393593,1.5354051293050563,1.1331558803318262,1.5081639525557669,1.1523895148480745,1.38865560249066,1.7341689637130182,1.1314725604834588,1.2014847897480214,1.9182037631596098,1.6861108796552364,1.784811634478824,1.3240082561748592,3.01089661527541,2.048048592027648,1.592927961123478,1.2090784642319723,1.389942588364052,1.196627017952163,2.0502134341362726,1.6075846070863744,1.3129389730067196,1.6944401494385042,1.4566600756686214,1.3415721785973767,1.9505621694608943,1.5710274099502486,0.7688890176240383,1.4709762310886108,0.8220256148288008,1.6772136268565108,0.9557681708652972,1.3238465666362729,1.3976380186381456,1.2590059619052971,1.8738507162534295,1.428177549996572,1.254950711363858,1.4769544229939324,1.0605444307020715,1.4418435069697002,1.4048188120950669,1.0288521517466775,1.4596363872768758,1.8536319903620693,1.5255865855674593,1.5153554232349449,1.4424305303327225,1.621970499790136,1.5065577375902186,0.940835320275788,1.255043108091547,1.5088488549506978,1.0839142411305005,1.197587421806641,1.8087829236463393,0.7317494086382006,0.9225920047658682,1.265129132244322,0.8688422893773826,1.7525928787294527,1.0659488163790551,1.599135966343703,1.2575228502285853,1.09163595504202,1.6270079233009391,1.6931056257444164,1.6837801327397102,1.8747302845762992,0.8032626406548408,1.8073315870537185,0.6954707611060904,1.1514601125979174,1.65687104046979,1.5018447437446747,2.2389557275179315,1.57405508834238,1.7371474930343964,1.5630125213236667,1.4525096046528936,1.253609778064712,2.137753579649521,1.5926089936076981,1.5995984656274458,1.6076226407232816,2.1621682739683945,1.797670747904573,1.8323209508998994,1.6106440600846512,1.1188836826171618,1.4958984720042074,1.5677039905975212,0.5405420769518918,1.2700800636180694,1.3524745036610637,1.1811867828900295,1.2832294638484245,1.3605359510337474,1.2864819583498006,1.3317257631488242,1.4565953959730313,1.6413594237554334,1.8704347489933186,1.7370693908032526,2.2114001370151413,1.0441730087896857,2.2519064528993997,1.2202080979048344,1.2108436286146098,1.5251489656384396,1.1515293330858798,1.5385754584384277,1.215135480515985,0.8684066680777007,1.5973432845883255,1.719266745844219,1.3930843636014532,0.7694474656665926,1.6063769320273462,1.4634597109342327,1.4141514035139768,1.5779087348050829,1.4300828066995155,1.4540642130624568,1.3626390997925677,1.3094030460854598,1.3799009894416205,1.4200472647111506,1.3744605756740458,1.5458731936913908,1.483469758866018,1.118797310786153,1.3005365496937158,1.650124880896997,2.20749572561877,1.6701609692479327,1.0100381108444625,1.2756098610869973,1.3381037758948897,1.4354809814064304,1.3209949866803696,1.3426341676012745,1.4351923494787076,1.4985686039689594,1.0598498886690786,1.9276321327249755,1.7780499005810495,1.3611401704019803,1.6764150163008091,1.1315092787336374,1.036651781201809,1.0602372856792661,1.44136956636595,1.2473710454881985,1.3735904995690196,1.3276102989503737,1.3239482931354254,1.3782783675530221,2.161295223722372,1.3273271887610911,1.1904978957790477,1.7132370952183669,1.4133779356235772,1.4710350639460938,0.7398176871939475,1.4841962769692139,1.571418386599345,1.3220110211570588,1.6256631506018147,0.8731937402695922,1.0902421638937567,1.2633592728109133,1.9503412057677025,0.9373331867890214,1.2793767419027162,1.439098451668647,1.101558045691831,1.685949626313103
40,1.401380164800989,1.1776064576972773,1.2783161577392916,1.7792160405878072,1.2242610917323995,1.6350665891319234,1.3782132404345608,1.42826348691153,1.5247172032945917,2.4480509838290336,1.6777710467985247,1.544806238128841,1.1847006236659874,1.4773229260488892,1.6578741738631928,2.19516717237467,1.8962203375177413,1.65269927200909,1.3276395018741063,1.1811147311817083,1.5941010297906484,1.2104769223435086,1.5536615813412873,1.1890648958291108,1.0872818149393986,1.757307962918411,1.3836464358245206,1.0236939324278642,1.5402695936112305,1.3561319968288201,2.0142393500719002,1.31490011406399,1.3352679468405788,1.917576558352267,1.8120677059875456,1.17774084577839,1.5279126252053952,1.2688463957272906,1.5569030735941218,1.6569942381453124,1.3558087479500935,2.7334235604761195,1.2713855036703776,0.9644309800540813,1.3137471086670265,1.4055692978627863,1.4622924275688147,1.3962177717578668,1.4093514224721964,1.0567455350246797,1.427368346000422,0.9406768268731927,1.1972928537798284,1.2160178348348951,1.400648540324584,0.7115647602014779,1.4418248449377278,1.0533824657561093,1.4141016601332002,1.3220877926175403,1.8837197478992553,1.7840564816265587,1.6294080252510184,1.33639241194844,1.2433084395852452,1.858895148456073,2.1579226234936195,1.2161781832946008,1.4848751519873007,1.5977725655213606,1.0416263455474095,0.9869685036231547,1.7566644377731948,1.2808350911908595,1.0600643859183168,1.2771639741227234,1.811855824667216,1.399772418106581,0.9175268947982248,1.737074174208899,1.3494052432620793,1.3383484759341202,1.1992316514140864,1.194710273190662,1.7825080054985802,0.9894205824093331,1.9057808815563786,2.6010787822315438,0.5583366952503326,1.155430775965362,1.2963795494372308,0.9910450668235224,1.959507833278918,1.7036097789681686,1.5375270297363217,1.3595212548414106,1.285240096626814,1.1261469080655142,1.1391107795497253,1.5152802674371784,1.1006078543712199,1.1380963679384053,1.908417604557477,1.7730406626529762,0.9137810234108291,1.9059044919084003,1.3884938208719737,1.87477566333254,1.2798926404714999,1.3200899855050285,1.0505625990704437,1.5809024726245966,1.4671235406425776,1.0297115726444726,1.4079366838842633,1.5333281389283209,1.1189621034209414,1.5861666898465234,1.357750807766481,1.673265149100293,1.7470570850660632,1.4412281885290514,1.368219552890182,1.0842143338684553,0.8591114011050754,1.3204442362233135,0.938310480422746,0.7370048917113927,1.303097165369917,1.1690632944443609,2.083989318891285,1.4112836443610943,1.7619992138535834,1.4976459401609554,2.0752374608465525,1.6426859415757518,1.3082061512425147,1.2275466311213716,1.4405576906739848,1.2085001725393616,1.237166536358965,1.3184733991350213,1.2308290287130699,2.1377381731281355,1.7900053004186658,1.1356764727967288,1.4825119966979052,1.292897992023697,1.4918573138397182,1.3235492747413278,1.129029029446727,1.8676251778893893,1.4534012880742864,1.7554917922003335,1.687999197516858,1.2243205915388893,1.3339696063467672,1.493956264200872,1.5009543019850604,1.179089851600189,1.9648403467895923,0.6979287319882264,1.2390870928460662,1.0021021095775648,1.6946638831349996,1.0907669216624014,1.1997326013785625,1.2850736558730056,1.9967719283685181,1.552755956163486,1.6164664531221318,1.4363774672850482,1.8299657500675326,0.6562047118307527,1.4266629718313544,1.1144973740630828,1.0273269953528132,2.0746881215116835,2.0026984885545183,0.20665879827472383,1.493272940004654,1.4624366874959334,1.6139328856009483,1.0537499545117224,1.340721007919929,1.861279481254519,0.9278443936403862,1.2209986764419083,1.2515723106290613,0.7692086233887181,1.6057556128235713,1.5540294690795409,1.4981215628161924,1.278493060499429,0.9225619799446225,1.2065892511986842,0.9848036076248825,1.102820607605286,1.765228359060468,1.4721145237647537,0.9946740591632021,2.1567297613793697,1.6177441631699783,1.6480156656771103,1.5329889294775132,0.9909870938051898,1.6054055945225474,1.6798971186444331,1.3581323029192713,1.4972613199421145,0.7113657008460692,1.037027420245984,1.9650279649606959,1.2917228258097464,1.2888453963375102,1.362846730910527,1.3501679074389519,1.1299763130921334,1.2749814829562203,1.445377771813807,0.8974165086684486,1.3850082009256792,0.9638757906083086,1.1995448240719893,0.0,1.3531252739794182,1.4980387071363666,1.3363580970051214,1.659515592943301,1.5890912384867422,1.8516235619458268,1.6448950321190794,1.691154989576614,1.547464851508594,1.1144673966903347,1.501137394550001,1.3350058008820187,1.6160132959680116,2.2778427789622433,1.2127111534534518,1.4692289181043563,0.8282411932686045,1.024128211478892,1.5288849139704133,2.1278206905987633,1.4360918917845562,1.262098212602434,0.9906437331858162,1.2058756655217806,1.0585440624433624,1.256232833420047,1.3964329544501932,1.4934144626844037,0.9015596208091996,2.6715327177361474,1.2843472899676565,1.7962728637202607,1.4537645255998042,1.8884129181635114,1.3726074042917518,0.2787821665696815,1.831847467351249,1.7628490269841093,1.4047963004003774,1.0924343120840279,1.7129478090741135,1.1979567130400501,1.176609300162953,1.7056157135555357,1.856633288581532,1.7637172321997332,1.337690415664661,1.654937780777939,1.407972098299851,2.0872365284990533,1.3945128004096186,1.0945888587176742,1.1719878496196146,1.6952141978212394,0.9156607975835209,1.7642363252488322,1.293883588994138,1.5387447158486929,1.5536838891446003,1.2932131714969712,1.3215274080563377,1.0874296371333891,1.0927561356490414,1.2133674121911802,1.5818270555527187,1.2177934877130583,1.1151213744312405,1.5691506990251085,0.804644179464253,1.3571896154709888,1.4449686673480087,1.4735473856685617,0.6136776736603622,1.3539184527542822,0.971898160252127,1.6598088290963824,1.4873955050095797,1.7644868399467524,1.4374838841693625,0.7904693674036694,1.1804840229077609,1.4525041817346727,1.5649298908335898,1.0968627625389158,1.3322418908298594,1.367882019830183,1.3856300502113716,1.3168617429617302,1.118127186863061,1.7372200191469855,1.5203811191843521,1.2672660288957327,1.3943842211128308,1.0061582622481073,1.4301730017476046,1.5958987900493482,1.0787815859466434,1.883485324941132,1.0593276087885863,1.0708600201458696,0.9336248743981246,1.351724948856688,1.2089949640346034,1.272354664275828,1.4274594967110794,1.2829155170073077,1.3095614558573172,1.1100115647409257,1.4929085063080474,0.9103045377269214,1.5185294158144587,0.8849054145618599,1.4241527228282023,1.057206704860358,1.1572741419136559,1.2057013825814686,0.5768035836552596,1.5346946343912875,1.1683748920827073,1.057089530622732,1.8077069740481762,1.5200029679173235,1.480450126578497,1.4740096438422388,1.0074785433138738,1.3600416020266035,1.0705649283849894,1.3013549234296504,1.8844210428422918,1.424100033809491,1.4257671892171244,1.4011381834301158,0.8153293851934784,1.3620214987843966,1.1345275647508377,1.363962596899417,1.403458873595188,1.329294103693881,1.6200645183851008,1.4920933541467547,1.1291807244907368,1.2635474101694715,1.5529556361199093,1.6028311933853265,1.4438182336290972,1.6093469810110514,1.849567412589069,1.240824349136398,1.1246680050418436,1.5685491871622383,1.6561120200793746,1.6713693275037111,1.2083089427053246,1.449985429990771,1.677547256129039,0.5432305371145626,2.238582601651413,1.3261528447087776,1.8165343329171733,1.3735365382807299,1.5982241630835337,0.9120983782689143,1.5329408442038033,1.6644490270647934,0.562259354952336,1.251003309304704,1.9799539313341663,1.1414546685175133,1.3119454565796858,1.4041143150827375,1.30020487722665,1.2567555262430834,1.7126436345114566,1.1762445530363481,1.476738916767481,1.374443104741219,1.1172213114550298,1.7977527060263214,1.936607313428507,1.5733231173532682,1.4895086001669189,1.3834875655418477,1.1501374686414059,0.9498018060036263,0.7578741394652555,1.3861975481656654,1.556193971571484,1.2432498318184477,1.2324000829150201,1.323645181351108,2.1213403812667693,1.0114419022523544,1.6722749109808412,1.7794868563712218,1.8357524583223312,1.5487251315478496,1.7390528714591813,1.043019546807594,1.7436119479599006,1.2409059172936556,1.3731547001777562,1.859651136663603,1.6631925658316409,0.94905490181091,0.9648700493855928,2.228385724146403,1.043535916576746,1.5561625532896157,1.6073148512669757,1.2622175831610776,1.648656999508506,1.2176354244198138,1.8551591508967964,2.0650165186029583,1.3784543944435304,1.4576587923537454,1.1446015884549618,1.5789746224289172,1.8025482373621395,1.6230012370579643,1.7564569220290025,1.1196855183062437,1.910731681015823,1.199238069080025,1.472236700162791,1.6282819095581322,1.5508301580486015,1.5338536312161115,1.6726843308714288,1.1858408165136565,1.3051910561820383,1.7094487956629811,1.2852890662208238,0.9764087556580577,1.3788652498583902,1.344292818274952,1.3182698464657459,1.12682144528044,1.6373004067826633,0.706884712645953,1.371992202979971,1.6620779148113252,1.2003450266271674,0.3594081839146125,1.4312885770928545,1.613821480989002,1.2332579818010596,1.552677283657001,1.6814900276362672,1.824479639424938,1.1837103882739473,1.1215243244460438,1.004166805729399,1.5294032179661081,1.8580501247070953,1.1885969156547662,1.489921571085764,0.8402171137239629,2.03843785815616,1.4008197416071189,1.3300389199271982,1.4701594966983587,1.656875971805913,1.4331842471080254,1.4009710654761247,1.1795948515761319,0.9060104276566425,1.4704930207950369,1.4192029451918509,2.2957734606199667,1.1137539574769473,1.3155534335487453,0.6781340778191357,1.1110229690622182,1.7854110631184748,1.2981380741477904,1.486376815223639,1.2053454687596623,2.5871633978580166,1.3893934171140319,1.0091031089941558,1.071342349137549,1.5084675771546232,1.0995605667647363,1.1912239314370714,1.0672720658309838,1.3697011146881704,1.6796873527685836,1.8427741745272415,1.5345006765249778,1.3950271905884442,1.4269992317199296,1.2586233912294265,1.9909393879914743,1.4791529429882364,1.1579981470972427,1.2739839680145042,1.7742890254785273,1.4275307976972142,1.5068129662239127,1.8653540495500143,1.3463319984359507,1.3338386521446925,1.0525147866024103,1.532271269626628,1.3869373004961396,1.055668792880746,1.2227887491567635,1.1035964629833777,1.3088222310676585,1.1585586546634241,1.4222788511241176,1.519953234032509,0.7611469223940426,1.3442962254641373,1.5418378684767373,1.5263520200334022,1.4311613941029604,1.4463129551273695,1.4137818007437448,1.6567454166241145,1.3032751407728491,1.5521127897388687,1.4719962083146159,1.570271745541614,1.5410340617414064,1.192483608805963,1.5967807105458387,1.5369534546000656,1.4635668746418282,1.6367891473503713,1.1926838401105888,0.9184845542097645,1.961750971988232,1.4476555155232451,1.5287973092321068,1.0528909297075866,1.2288126932072365,1.5720855761750194,1.0476602149117245,1.5322350349889549,1.3275873196488521,1.2737064033989764,0.7432862715875737,1.421334454977022,2.37568648189671,1.1339106306255353,1.575198306660432,1.364758816682959,1.7350090411649046,1.7893612054824095,1.5176692800780591,1.4806007907816763,1.8756065808341975,1.5240771637435304,1.1410801501852201,1.3755345057721586,1.6331101253961355,1.2027805641875058,1.6258209540061452,1.3312218232089257,1.9221541445792685,1.42787957787807,1.4587403951973956,1.1331330806287871,1.3135617690078067,1.2961182267449822,1.0723500162043405,1.7650509011581577,1.144959864360912,1.5638952650320472,1.4936900117951697,1.4812233169558344,0.8993230480002028,1.6348342124846411,1.5931947958818322,1.0388633816892616,1.3239459956348305,1.2270934680553354,1.2852961606687094,1.7303715350618007,1.513666930242177,1.5731295015719091,1.1619940826259063,1.319705413875884,1.003378810421916,1.5245586019028263,1.4510824241561777,1.4111118386479968,1.5095684637776707,1.2288400258493235,1.3139777695787922,1.368144975158244,1.300830826043476,1.8643940852463823,1.226089478013971,1.2896547867028278,1.164892322799062,0.749677064693646,1.0984245818898108,1.131753793440235,1.7949884125463687,1.317048873398591,1.7208589731797772,1.3752203125011988,1.3142797389727505,1.3593603563477352,1.409591760221926,1.3798105446336784,1.3733359063247714,1.6717487656949201,1.0285445431508418,1.6052930561609888,1.450260368295142,1.2640883479246863,1.08935362384946,1.4169974859011543,1.1994173614067298,1.3690933285391242,1.412200776196689,2.0004382837390757,0.7297009014292087,1.423610442197763,1.7414288264218905,1.0422416430891763,1.200755174922193,1.3248023136669538,1.0739488107689166,1.010212233932178,1.2023271691491804,1.7765917745468116,1.3540579739001397,1.2684696767327355,1.3934841225947003,1.749034213960285,1.3179680354480632,1.328909797841424,2.1651686563584325,1.0813797957509468,1.6320933808063809,1.6832927914085702,1.2003155087266006,1.2654115873226717,1.024762469069175,1.6408141827354856,1.4237440401832235,1.3002595196265654,1.258177726580723,1.549465260993927,1.3429979204588736,1.3087940436375813,1.5781016924051154,1.3266357016304728,1.5179870762029763,1.1570495776760876,1.2547848822994607,1.2516604868445227,0.6452783352833775,1.6351913906974593,1.7689274809496622,1.5614267084098468,1.444727930423687,1.0727033220798756,1.3828913259794675,1.8766285299673773,1.3829109838983353,1.116837719122088,1.2770797313816624,1.2280711692590436,1.0044713885429464,1.3776395384000248,1.2109555230378974,1.5645286476995057,1.521645365236626,1.1505989917790893,1.6767231766895443,2.0242246964148634,1.6341925899238028,1.4543758379699663,1.636669942898347,1.4758536980998924,1.4716820272055458,1.2442291404472012,1.6019898611821515,1.466024906143573,1.473826346706839,1.3984949778106428,1.2697994353117328,0.7432245194106291,1.2214044430338027,1.2752610632911798,1.5406351454745861,1.2364954403001969,1.4006046888360841,0.9536487569553761,1.8652963144704002,0.9575211100012685,1.2111809344727504,1.4754379281425032,1.088246060558887,1.4117463341052252,1.492514710327275,1.5513104669679532,1.2992902676103073,1.3283609589130405,1.3255429279971174,1.8611970070728467,1.8574715326573985,1.3134705322387734,1.9578217881207762,0.7978838249192028,1.489416655762053,1.8496091547900195,1.232204856214724,1.1342150030424891,1.4127966989206109,1.372659931794155,1.0268001950266348,1.6501204456620808,1.6236513110756454,1.545569978547574,1.0688372903982528,1.1686971004850586,1.47375110584601,1.7387732646219107,1.7235241768044829,0.7618474597403511,1.2548704195518203,0.9531306858580613,1.2650215383372072,1.6022013158517643,1.5563790188523927,1.4335444851417378,1.0966198251966868,0.3706011157893617,1.3196852325437403,1.3077191893209021,1.157941469335476,1.4501455601452156,1.2723414807363211,1.2753447138807843,1.6848478006787908,1.090466620030535,1.1150920635972874,1.565714133779583,1.8251554033838202,0.8515028089529947,1.1305505894193448,1.4227019738733186,1.8665884612864343,1.4404053478533383,1.6813554391180592,1.2573911451415856,1.66205880996533,1.837363437084111,1.3461187624660682,1.6237554776133107,1.6244200349614593,1.3864948734203706,1.6761061830989377,1.5699576274310172,1.3036067941203129,1.382923738561594,1.2997133182412202,1.4338092407202823,1.378406031841019,1.3818575291551092,0.6331712792067172,1.3722747379572735,1.8860683497842934,1.603798375608446,1.5231260579235324,1.5125201870260838,0.8370642320257086,1.6654065132523994,1.1323519915929257,1.1870531180440054,1.9194002663532919,1.3517751475534694,1.4617144178461228,1.670456116489159,1.1987929257862533,1.3251433266309944,1.8877599549535409,1.2848481901520141,1.8738317982266546,1.4655577920518277,1.55349358330865,1.270603968340763,1.446913502335398,1.419068695954626,0.8433124886579682,1.062540299221562,1.5750570464334332,1.7662300809480862,2.088221265139772,1.2938948767004261,1.3577949673312117,2.124041773631868,1.0982252214650057,1.2976922928126298,1.1490872612234289,1.5957228597428441,1.6409124284874663,1.2593660396654476,1.0084078525449924,1.9456855515507223,1.6148934802216783,1.7101721001274768,1.3671913467169214,2.6563950617960366,2.237453800325576,1.615653001434907,1.211331254656729,1.374018233441038,1.1583094472317441,2.2233360027347855,1.5319920126775586,1.2050381110394937,1.5234949701283045,1.3697159586561094,1.1934674364398512,1.8786805090837988,1.443865176601323,0.8678750771045126,1.4753233104643635,1.1560642423103646,1.6258239430765427,0.9253378616590414,1.4508516459450624,1.3948968268339605,1.3120302159324966,1.6220445785004747,1.3678839584597833,1.291219408457756,1.3717674776439905,0.9426276622504031,1.4255285785396,1.4181127888439087,0.8166797537102436,1.374964717009149,1.7318384696021014,1.4757606733121855,1.3832687576091023,1.2901758983172247,1.5673665465196192,1.4568392695699766,0.8413436737509121,1.2601831443743816,1.447202677521143,1.1813961949661267,1.2327859653741833,1.716204033871484,0.6924328299170806,1.0414324978022993,1.196466255906765,0.7783206657893237,1.802914428519468,1.155204340645322,1.4854169662600503,1.2526010484909467,0.7213011663582718,1.8377320992462056,1.7424070395899895,1.643792352503314,1.9075124840447795,0.9254401967291479,1.8801122967226542,0.6083430410917998,1.2774708826528989,1.808389275338259,1.416781748229257,2.147504028514591,1.3932112157381005,1.6812512504990273,1.5708638604002165,1.626969233186741,1.310506116398986,2.334389010547565,1.6601967934967776,1.5550937043721413,1.553449800958941,2.1651870308592502,1.5538359106465447,1.6832866264002866,1.5937431761150496,1.208271757212876,1.4843984128951528,1.5377197383815933,0.5454928894433145,1.2396076068515371,1.312833000151544,1.1623978363794585,1.3232771668804257,1.5495215686628747,1.4396693162890615,1.297254041032695,1.4489856875656524,1.5351677255406462,1.655136888191255,1.6046321130827441,2.0428999522338867,1.0534789251378147,2.1693396817275854,1.2649677144534022,1.1000296814184343,1.3601441615673893,1.1189180220318908,1.4646100020055324,1.2624752615368862,0.9201287044147671,1.6027687263652788,2.2285397884651132,1.4204701729188616,0.882418117780435,1.5455037350300411,1.416083127157753,1.2970480971214688,1.6897092423983757,1.2900370052265162,1.5959007870357933,1.3568587857370158,1.5377812471187768,1.365618739643547,1.4591094657553612,1.157846334146673,1.7281896751446433,1.3479406108535414,1.141844195737885,1.3401311982246025,1.5232855712435796,1.8779342328104245,1.556295051532453,0.948595065239441,1.2381318564047759,1.4185151384491803,1.4661761799434905,1.117567773509973,1.4028645123433994,1.4065997677677626,1.4877747409247775,1.1250036817720659,1.755172319604211,1.4817200629784508,1.149733099624266,1.6299359941241507,1.1690032264733854,1.063893458120337,0.9649193251769814,1.4239061583175259,1.175858699334395,1.413656303462015,1.2895368691975992,1.3847651797452183,1.298092700434694,2.150677776626044,1.1938240594075489,1.1802421462317507,1.606098325573974,1.4846374675661762,1.378394118063691,1.0993322914304209,1.3855438247654894,1.4597006342316887,1.0981150064728131,1.953440212057838,0.9988165371148828,1.2165241631587085,1.3353029521419755,1.7976345764457518,0.98438642983038,1.514420957515457,1.3103482162184255,1.110481798633679,1.7523187277256165
41,1.2824059710115239,1.1936228299370653,1.483390136010597,1.615218253950541,1.353234868944725,1.527777618203253,1.3074319951960283,1.5837815828097608,1.4732130297827808,2.5104334756244557,1.6766682947430753,1.507346123553576,1.2219242052947474,1.4208512095902108,1.6541001861147695,2.4185596830572558,1.7793608258164153,1.5918410910883978,1.3752211598479105,1.29149886949893,1.357864425234937,1.0366304496134087,1.777310609339897,1.1992300233559174,1.2456693358792048,1.9102526846921914,1.4718541919046908,1.0424023196258982,1.5600006328370175,1.6030655954124304,1.9323490373639538,1.2809725082396723,1.44475869782611,1.6469800160473127,1.8213340494205459,1.2776588294566396,1.4358595318906864,1.4925125631286946,1.377374747697413,1.7090070376710647,1.3655737021641254,2.371919451365161,1.3034250003099603,1.0775477420812245,1.2573353587903737,1.4251701387921478,1.5356779375087728,1.244066341749809,1.6917597976694818,1.2828197981795517,1.5646072474575103,1.0319378439948,1.0799716751071449,1.1019418404318286,1.3791964235934984,0.6486458928207363,1.3330885196233835,1.0228022284681921,1.447098586708488,1.2890594963653708,2.0192514476705377,1.7987212929268996,1.5467333819747882,1.3626537658326714,1.2662255970220448,2.1074239227122926,2.12817705995707,1.2137619979175343,1.5064155738725524,1.4550032586302257,0.795969665872384,1.0678662920190485,1.6774579184759286,1.506217836266838,1.1990384046393943,1.328733603936851,1.7539428853407604,1.3392810022239623,0.8671510374153797,1.9123372215020762,1.3228938036887496,1.1813962831754259,1.0753457430602968,1.227170957113748,1.646200723365639,0.9844403526729124,1.809477601322733,2.7327496355605883,0.5517252054057076,1.3288349560775177,1.5259785385780764,1.0209372744575174,2.039633035941065,1.2035237823420486,1.4271407805234282,1.2501273219805362,1.2819630944199296,1.2606988480203354,1.2504462250016228,1.569160938235195,1.1691609195471924,1.0260547878642206,1.7101881195617956,1.810152096945507,0.951172111771459,1.8080270089197603,1.4452493297452378,1.7410369646103128,1.1975652887995198,1.2717000335213606,1.0419648804998154,1.5853835923444015,1.5717368939142782,1.070499410679074,1.3704199065545815,1.476656421904075,1.1137456887782469,1.5113791928136895,1.3018106461289527,1.7635764726120433,1.583438838194085,1.4642428991805692,1.2269729036830657,1.2863297087486545,0.899962533942758,1.2763002546610407,1.0390519310275352,0.8503599555204324,1.644544507466752,1.1668629653335483,2.1370923055953552,1.2563628177397035,1.7567087899653995,1.3413973991467405,2.3723711283579965,1.6759759492880908,1.2404205331800815,1.328701620631695,1.322677207164371,1.4749430406881137,1.2318951654660224,1.515111085138923,1.2599806817459251,2.1974643795196345,1.4969150492317589,1.1507999015260564,1.554653189826345,1.3582171374543357,1.495322838564634,1.3449405789865205,1.4077740008378794,1.9217108231853228,1.6098062950162364,1.7402554060231377,1.5058231120690604,1.1385344188939803,1.1299255122462026,1.4180060503062062,1.4824450216170038,1.139610786309848,1.9513241427046881,0.7359046286558835,1.3799777267613251,0.823095517069772,1.754835447556786,1.1600554254379605,1.1946972231225264,1.4734632792992008,1.8989615639447164,1.510274773020693,1.5405190387340568,1.4160554546274124,1.6068350357728076,0.7498839472747787,1.3610687598997915,1.0556938050543003,1.155568950821757,1.8618220678300386,1.9370055480026172,0.3794114931021267,1.5513286005528921,1.4072645254863683,1.5648090166059507,1.4258231323655317,1.3468989082716045,1.8164779556131296,1.004933733259796,1.1403526296138013,1.3668293040143749,0.7603819196924022,1.4801402828050487,1.3850879098986404,1.5243154624646686,1.173484041721038,1.1345943080148295,1.2578243006275167,1.0510780099826458,1.2063765157681923,1.588422271747138,1.550139450480572,0.9849657570129005,2.000761960424042,1.5408579013886192,1.7768404137705054,1.4215817331954783,1.157266564109579,1.5416465861005682,1.6963163545648778,1.5124642697489021,1.6523115197229166,1.0668858286943232,1.100586188368252,1.9077175240915618,1.2440327869438197,1.39935798274065,1.2730362680814187,1.289520672928359,1.1808210565418542,1.4897304375692262,1.4022716572967655,0.9639904874413768,1.217416347111748,0.8456048593972516,1.1713783887576625,0.0,1.3398051262996442,1.4415259642487905,1.5001547047873487,1.8397713845446246,1.515950995911731,1.8780341556365885,1.7646985760727523,1.5312407931695213,1.500075271397439,1.0814209571860431,1.3713598287257764,1.1454836280813496,1.6545243641592353,2.0038758519724706,1.231889063322367,1.3345309325065653,0.7740503995171536,0.9263093099457571,1.3483234898509622,2.0428692689869274,1.485205006078983,1.3615739634756239,1.0963941867256697,1.1358833432155797,1.0821562014954367,1.2800151356573048,1.5774382879408402,1.521230228891873,0.8651624429968794,2.6246874361014916,1.2917688998353727,1.7185149382425113,1.4563388860743123,1.7639684551922596,1.3036525478421332,0.3020911958234822,1.7819555314263587,1.7012181756950828,1.4283502127203846,1.0646600480353392,1.7232965387092012,1.2408002035895689,1.2960354856888483,1.8884997409964581,1.7834291363766468,1.693143257364735,1.484691033067524,1.6209826778897911,1.2327602396888089,1.9421835459327825,1.4315313481968648,0.977856857494104,1.1583618070160735,1.8138644235908263,1.0367578295159643,1.6789711290024016,1.2905649924710285,1.5870676038265938,1.5218376484874192,1.1618537177719472,1.2706954907510788,1.1490084706451986,0.784776950080266,1.2468470721011884,1.464784341840439,1.2562402859407311,1.0268746909458093,1.4949800827391497,0.8181028536445747,1.3710161010264625,1.2148419862035866,1.4634184350623216,0.5449075960285902,1.4689685398888142,1.0927795539478384,1.4492961957119141,1.3648926576337674,1.7712434247745132,1.534979309451754,1.143076693549845,1.23442645358098,1.45941560948128,1.55698309159389,1.2298471729868332,1.4134045749593742,1.5439190611639644,1.4411667784626345,1.3353958866173672,1.068921998715572,1.5917325640438968,1.3910097078333181,1.2063830047402369,1.1034589035001763,0.9627837590393086,1.4443878118992497,1.6469388761252013,1.1872901952654602,1.7930685878367805,1.210925986982988,1.2779485901729923,0.7615830906443276,1.3292751806014942,1.2836336719977197,1.3825860847107265,1.3014829080180448,1.2931612647479755,1.463178902656731,1.2045920316982448,1.355106381822583,1.0382546095598368,1.5693665702015467,1.0047453366484074,1.3110553701638625,1.4607314227594927,1.2672513811863708,1.2628185744951574,0.8033560733249676,1.6253769550383201,1.2760482983831565,1.0814266560836718,1.7684918683730018,1.5865547068573917,1.5108110835924538,1.3546819497608507,1.1365022877062492,1.3389188792980016,1.2964479387996473,1.3214903188153473,1.8333554689004807,1.5261328337613729,1.3971597917905556,1.4619356367801495,0.984703146067363,1.2415529367571403,1.123203286373161,1.2849888138764802,1.370932195928281,1.3620001859507167,1.503411898575996,1.5336395149083841,1.012220106484388,1.3063013098417082,1.5674746497003862,1.2872205358856434,1.3421365745638527,1.635209950337369,1.4880096667140155,1.2902827004933735,1.1680548564274809,1.692854977428284,1.5531622035722268,1.5560133134103176,1.5423210634681237,1.4673001555582283,1.7942930894161437,0.4780172021979766,2.075922212532343,1.37724019118466,1.913670133799613,1.2861249986362888,1.5073341473880384,0.9857882077372844,1.7574067498985018,1.63045010043091,0.7483437238848325,1.124987320452889,2.0068986919860885,1.2278274652160641,1.3034796301057567,1.2485748700456036,1.2862474190449353,1.2445188470570068,1.5961139361497703,1.2162780652865155,1.3295385216623843,1.3124614256770075,1.0373390105470919,1.653776822465427,2.093247617266062,1.4154709210463432,1.4510267412855513,1.2362721850795746,1.2401433582278014,0.9973248003707271,0.6220343058379121,1.3140376131632048,1.5189298355557836,1.391163579233677,1.295881083429086,1.4146711134050018,2.0370322601657618,1.1432091843509875,1.7464127636183389,1.611948662235753,2.0498637480548685,1.4696752110907694,1.721338554858296,1.0257035085060413,1.6072104902817086,1.1291764638241668,0.9451269264273171,2.1310337931324055,1.6717611951280498,0.9658442640890523,1.1272055443318125,2.0623718313895067,1.027654885449184,1.5797333306760102,1.5968214912581524,1.3146485974205269,1.6368052952646224,1.0616107927159057,2.1591269785709097,1.845063477807097,1.3324140157128728,1.4756609000971221,1.1128593225252141,1.500645459977192,1.795898444557205,1.5218766320964439,1.6885094278123876,1.011059309435669,1.9606703616302106,1.1814746713978759,1.2177027534352054,1.6587715837177286,1.5990231749152597,1.5058640392455485,1.612065238072545,1.1495445635279846,1.2637238473676358,1.671352200540973,1.3545812902226726,1.0156228022217408,1.4226790333227863,1.3921393929059587,1.3337898921627316,1.0964221112190242,1.6735018751203428,0.6591802475056678,1.236229857905661,1.5811405194000132,0.9751530444618786,0.3211897657210496,1.5127604498170222,1.5464190081757674,1.2986338053837199,1.72706580708609,1.6270700781376033,1.9397323125188581,1.127597789390519,1.1599286742566568,1.1080728661082841,1.6149557577276772,1.7815578340497464,1.3092531621778363,1.453202544969538,1.1360414697069188,1.85490511961178,1.4454752477894406,1.470988415659622,1.6414957222666695,1.7643123540059056,1.3732689677477015,1.4697187843568384,1.0383241475745668,0.8311705588733517,1.478876717730869,1.4985134405508418,2.349097351469301,1.062792524549147,1.3865019050969614,0.7348718949026549,1.1536022422748506,1.751793265303763,1.0556750886010504,1.440614407899999,1.4206098915320435,2.320770280510129,1.391958680762166,1.0180713769268146,1.1357535549746467,1.507540606876797,1.0407478576927998,1.166346657364144,1.0317504739124552,1.3040046940835763,1.655087960062764,1.7079719879458168,1.5866549356507165,1.4767198981603649,1.3651428248832091,1.2449234335984078,2.048075920602695,1.2026357481868575,1.1119640869951295,1.1810890092980821,1.7225619457309875,1.3507334408751008,1.4176647820790111,1.7739308633151416,1.3530973274603673,1.1964066374891988,0.8889801001591078,1.4702606519316161,1.447388490997384,1.0595314406820502,1.1374815554595135,1.1450524076915265,1.2647464433331135,1.1433524783805893,1.4432029864591152,1.4823602544896801,0.942221380566235,1.374761554566214,1.6825860348207855,1.5166611568832757,1.4282560196904739,1.3627545524217535,1.418443949203093,1.4945442960876685,1.3515121655851623,1.6000990344220294,1.3860301532937864,1.485568753565608,1.4096104768590934,1.142380984127687,1.6205986494470885,1.492832575750111,1.563819230513523,1.6929728085173092,1.3062027439480826,0.8874127049099945,1.9044698029187366,1.5577179358091302,1.4316574982900914,1.0452773417911116,1.2997250092346386,1.5252009093540095,1.0601713705604716,1.5387586668669542,1.26144250381514,1.2145947025197148,0.8484972850891004,1.3279460541672192,2.4453493163080107,1.12042533266951,1.5721247624017478,1.3118879404478838,1.8157566749676048,1.6973504143635865,1.5606606902368965,1.4661944310163164,1.8841380235002685,1.5943637154293033,1.0134340157498654,1.5857590461057,1.7408662414788365,1.1657361191043205,1.6741340937628446,1.1906415570235294,2.1832680641596856,1.371705651520661,1.4120943867608584,1.1428756678327963,1.1945716357851501,1.3733367982230922,1.215567287122842,1.5687590362899764,1.1095032053582357,1.5411615833273944,1.6627674104398331,1.407058308851787,0.8282478471275804,1.3411046732046037,1.5907620372708626,1.0415130310338883,1.390047854333586,1.2349649320931597,1.081819961882215,1.5309169280881285,1.5875725805979695,1.4716055564771968,1.148961625272776,1.2419503639045923,0.9840433340049828,1.3499582284925182,1.3449536155401471,1.4033255554971917,1.5879171859634265,1.1112580911999967,1.6000931087359047,1.5565736150412675,1.3679218926362744,1.6894397807471095,1.291617716235993,1.381932711881146,1.2288016907020474,0.7805839227359316,1.1469389901250915,1.11522382104468,1.9243231163622398,1.1870758207423764,1.6362867901772833,1.4765443391961517,1.322897398222611,1.2752142519609,1.4423837322365445,1.2199339322942817,1.2318584917600166,1.679904851441424,1.1259722037218265,1.4960156308206798,1.3760993856918335,1.0886162085481341,1.217484964040267,1.2372382778586664,1.4706311079390224,1.3285076199104737,1.5788307652086542,1.8518473400561999,0.515044904580096,1.3615770383354575,1.7114069886299246,1.077476730433172,1.1701347018575103,1.348533932547572,1.1044052100589017,1.0152972511629734,1.2723829805684748,1.713829559409571,1.3620662111414767,1.0069232322584487,1.2769475168153543,1.61098870538069,1.3932756883064872,1.5149637371137357,2.1773210047716147,1.0370933419325636,1.7077403353707075,1.5153693830760149,1.2578299052737882,1.3064547397642674,1.0772208254592457,1.7441685065068788,1.5737985250014583,1.2384408148430048,1.0935175162469923,1.603441201068975,1.2046991446078799,1.2459890412599033,1.6637130245053773,1.2337321099420446,1.525412403785039,1.3467745847861443,1.2727447607007312,1.218792061972417,0.7495320808591819,1.5663463150848091,1.6968350064731246,1.5515431159298891,1.4629367514667124,1.190367089373841,1.455801717540446,2.040932327825396,1.5287220587168653,1.0761178305394832,1.3246007277120337,1.1723009866346834,1.1128872490276736,1.456330432592397,1.1987993790039049,1.6445878236425793,1.5492541725692677,1.002645093422399,1.5582047862871742,2.0832287302193153,1.71208931597159,1.5707604682010305,1.7575487674967594,1.5114628871703484,1.5142030352016862,1.2652165925417937,1.6079682907124921,1.5361285031624838,1.6213623979767295,1.5702984663049704,1.2702114905444994,0.8415122826954742,1.1870546386773746,1.324193846013376,1.5928219164564243,1.2996802201958646,1.2928533035482213,1.0692806707800844,2.0140223686082934,1.0871015169111948,1.1400045525377622,1.5699043000061073,1.0850761291358693,1.474110415623637,1.6219035996710889,1.584747453114725,1.3017420611048356,1.3690439424358578,1.1467358115265964,1.908585134211263,1.7590621390613972,1.3867238219298081,1.7094438921471908,0.8334928400942033,1.4619188710157744,1.9985938883068541,1.278848670486817,1.0991255645665312,1.5087228314493928,1.3828767792621903,1.113071301120978,1.6595622431916017,1.6339794830542032,1.5422363819557963,1.3020290998509771,1.0983662614392906,1.514064983272652,1.546901394393411,1.947473124193032,0.8561464966360421,1.1703698118089747,1.0577761487080184,1.136201838062807,1.7963554548798184,1.6483481955533679,1.3080388114101171,1.5350644265529052,0.6605196884765259,1.3156739377194293,1.1949990635467875,1.3458289040778595,1.3900364705354096,1.1274470572230522,1.3135552542104723,1.644223691695747,1.1158008907151886,1.1363576794296009,1.7772924147648692,2.3026909184550646,0.854086638055427,1.1871341531699129,1.3681919701662115,1.8757304298178619,1.4902476052438978,1.8485298606987564,1.1461300029242332,1.701520750390542,1.850127943870139,1.2247274915418096,1.6179926565579485,1.4645255461112017,1.305841948955538,1.7369270261290226,1.6574053749365159,1.4403245749566902,1.2411192966391027,1.3591386542647446,1.4412753855791494,1.59186716919079,1.2262820987389023,0.5922613589100819,1.553890671497313,1.9737135823885055,1.7219474526553502,1.7462041089952558,1.4486652572230292,0.7675060082622953,1.627168167533572,1.220017506005827,1.1428835252454326,2.0123721123138356,1.404014074056462,1.490062334312762,1.6600105991917273,1.1057830194669613,1.3607457545195558,1.510236691309372,1.2543193046524543,1.6112881717099194,1.696555847591596,1.5813603048199791,1.325887537666187,1.6228599201212373,1.2736889569281593,1.0090700519569396,1.0754968923028871,1.5788613507432834,1.820232215117312,2.267435578546338,1.3022380736185701,1.3531400189118814,2.398163833639221,1.1782653681222293,1.1784376814968676,1.1619310241375813,1.6310263472231867,1.49206446750652,1.341873368122536,1.0514664296472394,1.8990047852094412,1.4989643856243586,1.646368264007451,1.4182578591870896,2.3058480388621763,2.1057614502671633,1.5259786729591978,1.2784128204434373,1.4333530637741942,1.1015353240871997,2.26356185275869,1.5921754815448612,1.2451163610184455,1.4535132969040214,1.2765886570949934,1.048628173579463,1.8085795146320995,1.4070370392143126,1.1181571163771704,1.5044625727378973,1.5224031546726966,1.512414582827353,0.7922306515831963,1.573806058941912,1.4387321001242572,1.3637480794884205,1.506623421725593,1.386346323661329,1.2761520292577022,1.3342221616711987,0.8341298423717876,1.2597178613857458,1.4831714036267118,0.7034207603683984,1.3693619265143495,1.6315094715788072,1.5016670450033636,1.3736429431285082,1.3687949367084178,1.3880169302936929,1.390774622994713,0.7635826859959853,1.3263129693914417,1.4373373866967576,1.3660795462045066,1.19279116903029,1.45804166943441,0.6823223992965403,1.0016719740538251,1.0951609911084015,0.8392087417134532,1.6347071638662094,1.259903371788498,1.3677808110139662,1.2417965396950184,0.5126368958859082,1.982791171271041,1.8562043356047955,1.7785037927278364,1.7878737117284853,1.1178165109888711,1.9012807844142667,1.154166123259909,1.44389088842502,1.7467534776873548,1.349714360377288,2.1666785934196326,1.3377096253749676,1.7429789446165858,1.541647817100261,1.6247534086505115,1.287598316040115,2.248231700467221,1.7945987471425338,1.4919906684755304,1.4887885810975114,1.934510412759113,1.4474590849339206,1.2732400342781682,1.532831197831982,1.3509536662960373,1.5056257381054086,1.314269278332302,0.5715110062730627,1.5074473458366748,1.2937966300573294,1.1222766851815051,1.4788578582692107,1.7349027164419537,1.5086673089227092,1.2536263023819025,1.5181713116054814,1.4771633145052387,1.6698224224476412,1.4419935387522864,1.9696803012509578,1.1273220790433645,2.2224815280285846,1.3995821445833014,1.098809283080433,1.1323634622883558,1.1570426383647419,1.4379322623751614,1.3905027112548496,0.9884918277607491,1.5584899505404675,2.267320844949628,1.40459234877274,0.7541240295882282,1.5469952388281798,1.4474874980797683,1.2615462467062333,1.6878630182777061,1.259380977056812,1.4590947540438088,1.4192458179918288,1.6450912355598515,1.3107533581990065,1.4716043995252415,0.7877105131040147,1.7645326058666249,1.3665632012777924,1.1855249282156124,1.4504032397072393,1.5146386435952393,1.7307222242737725,1.4122722139866288,0.9980197973889003,1.2768841974837057,1.3925584266986104,1.468570125381641,1.0466971044599176,1.5177687383511083,1.2802443840640392,1.5096729951681804,1.1691954065328503,1.5792722518208975,1.303058618097453,1.0145221618121545,1.5259735337330678,1.240905079500306,1.1501406793492956,0.9474054563974508,1.3864767650157659,1.1089311346950055,1.4198696262343564,1.2441475193317697,1.4192194935395892,1.1993443942909434,1.9863107019339599,0.9361158731182959,1.2800617151779903,1.4712185250722252,1.5142476845625825,1.24030222010664,1.5215632928042653,1.2810688009818274,1.2657668378797842,1.0225311551836855,2.1146004885124725,1.0163351086631116,1.2788073785876377,1.3719653456302463,1.5755805330579582,0.9434688023162401,1.7274076347386913,1.230739715631195,1.131780917129809,1.8426550819104097
42,1.3624577588677345,1.1744835542928715,1.6205898636738898,1.5767446203497646,1.4738820161859683,1.2882136782397688,1.2180702030515618,1.9062399180945018,1.4097301760911871,2.6336772457022293,1.5700001764002727,1.4269750644064072,1.2395925912791586,1.332246641395642,1.6815244155645024,2.51847647877585,1.6980040823089568,1.449679512863424,1.4231310646462436,1.4510760532953175,1.4339947730483409,0.9180338243340863,1.8424753830019347,1.21035428332765,1.322143984731234,1.81962368121004,1.663033363382377,1.1417535282443814,1.4395109181517463,1.8034564023257094,1.7631576595739258,1.2691637864353833,1.4991902437296563,1.4320449310985897,1.813915229557328,1.399654489964458,1.3798446334153986,1.6635504111374666,1.288680023298236,1.7152545154696333,1.4038279270416512,1.9025999296257186,1.5566765803099656,1.4253142148999447,1.1959413243763592,1.5560354732077453,1.545326660319608,1.1326493464165255,2.1242447045415176,1.4416818753841434,1.5371319900195748,1.1133151234498766,1.0918804441209544,1.0546782388026343,1.3195615391641324,0.7098106422571978,1.3223944101944602,0.9641706415858893,1.4675146426406056,1.2195498294321128,2.0563031654814226,1.5562327130008353,1.7578980757813403,1.4158127008099979,1.3414324830832267,2.2707404402504507,2.1940940686353274,1.2578923411554643,1.4450929799890653,1.3886294465915394,0.6962485901934938,1.1512254225089862,1.6225068006154846,1.5922659216399415,1.2263771650140658,1.305293586731036,1.5588953528132303,1.400000873743257,0.8768118060112928,1.928944672355707,1.2675078827270214,1.0402567996349428,1.0923829728354573,1.143377443504084,1.6478647264257191,0.9677478448313455,1.6860895257213613,2.6399517441136613,0.5501211103239011,1.5012969191087926,1.6178868354490028,1.0871016244721061,1.8746235035796524,1.1785942957379383,1.342442211779439,1.1952724699530772,1.373943867199708,1.3796377015826504,1.1638430185880637,1.5070027795574925,1.3116846157731215,1.053937265387028,1.6421417102317544,1.8870454599803481,0.9392733571120235,1.7055619029420142,1.715886474688678,1.6568259537000323,1.1240203695203417,1.2842475722968107,1.0968659666985991,1.5104119671043978,1.6142283593419002,1.2743620177936883,1.361161264310792,1.4134463007500466,1.1968834120030296,1.3887844251405403,1.2649522759899425,1.859015635395667,1.4366953981624424,1.4989131309776749,1.0648208212422812,1.5413471137512524,1.1607936587492786,1.1202765825709993,1.1441237427584987,0.7666975062622237,2.188846846773519,1.1607896901960486,2.1758379045533682,1.1861967966179208,1.6562693963974078,1.255769206444199,2.6398990069100323,1.6839998102918865,1.216822209011204,1.4492331202954687,1.2498099235780684,1.6878323681096696,1.2437440509153699,1.5422027421442874,1.1522084650829898,2.1146798632697172,1.3946171455243492,1.1874066515811634,1.572810470884177,1.411413340823119,1.3927991593086393,1.2608085187905234,1.5693500661703568,1.9050126562694678,1.5441370297152353,1.804668876008214,1.3852337410424829,1.0598655429171422,1.0124910439671746,1.4024788244095132,1.485605830471523,1.0829190529304846,1.9368099776839127,0.6259409677368696,1.521718101710054,0.8028850849283496,1.938107723201887,1.2741979555656675,1.176384661647014,1.5242899174835975,1.6394971219092185,1.4336805745648884,1.4743080682032823,1.36048473639047,1.5369769154925985,0.9090421942013799,1.282280588666854,1.120722768524034,1.0246727474097455,1.7171436647454077,1.8856341423435654,0.3818281267391901,1.4863263434579985,1.2710396952961167,1.4928945421025002,1.808680657423228,1.3536112042903574,1.6005762716701935,1.1697626268737653,1.2325377178582229,1.454599268497886,0.7494968741355639,1.4143133434306203,1.3391146724287983,1.5783794941204716,1.1314001943512146,1.250900591128439,1.249982571967248,1.171397372834532,1.2250298868357763,1.4062389937116957,1.6156449685624257,1.0557331198378204,1.7858675613760597,1.5554127229700985,1.6777622380936494,1.405928204152197,1.2320864833085725,1.726458617118439,1.580580083422296,1.5559378989296118,1.6854312603776669,1.4455833690420559,1.1883164769148449,1.719403181141747,1.2600468267051155,1.5355489569039964,1.3712863117756573,1.3199154915667082,1.3268697829253842,1.6840195361597947,1.2910331873372827,1.104384894523757,1.1101803276892135,0.8885810368686315,1.3091564428402933,0.0,1.3259624155990577,1.3527573424584296,1.6354964934470746,1.8225984067229,1.354179581647469,1.8248554341666883,1.7847812759833597,1.4963951886613123,1.344496568546827,0.9807119907501954,1.342816828296843,0.9966422849348742,1.639328938775665,1.8716458229970871,1.3051474918422699,1.1962013010371537,0.80865887344071,0.9730513696599896,1.2496131238244783,1.8313845929746566,1.591174278396939,1.45047223651104,1.2248078759061876,1.0315793805738984,0.9602014324580642,1.4336411910456772,1.800034014734021,1.467997355162601,0.8933578252904204,2.3143055226877864,1.3130101835909858,1.7137801748943906,1.4874250156680782,1.6141398792622899,1.3158504524175931,0.2633114193773901,1.679502832661256,1.5768700757822407,1.4746194990083366,1.0809838073986933,1.7070223075308841,1.2430059946252243,1.3233665646938406,1.8924144665998104,1.7549863645235935,1.6863149348306885,1.8379544267241528,1.6267035033872053,0.9230183813259578,1.7383162973650788,1.458135663430696,0.8926979868346943,1.1757460854417998,1.7978823395986474,1.160295313139948,1.8863518114979638,1.2843675498325728,1.5397892832098883,1.6629335172221935,1.0604870410780538,1.1334920969814948,1.2257406933144546,0.7613529692463635,1.2917627490460626,1.3034142170878023,1.4046248791761313,0.9992650290397914,1.3487688561949702,0.6139763033411426,1.42113210835113,1.1037158815765182,1.455106948270387,0.44606746413045906,1.4757194147623893,1.0965113850019645,1.2290165664946147,1.410728250912991,1.6657406484645574,1.8168481928675746,1.5525697655959687,1.2637296443066535,1.4667156634639436,1.574442060852998,1.2755507395718098,1.4365407125656693,1.5035657486757419,1.4820667988234808,1.3558392658105012,1.1556836085932678,1.5422701209970109,1.2667612594835433,1.2210932779392247,0.9167874670838925,1.0947936274736945,1.5126204563421137,1.4539330511869804,1.2592641821525412,1.526645828615614,1.3138883094458687,1.4985696174549523,1.0376829091789608,1.3700655509912474,1.5002736725525971,1.4856603649772846,1.1457882417811094,1.5152924415225628,1.5934597729665545,1.2277719684330448,1.3796539272236745,1.289202110447653,1.6491033259962997,1.1909097721697726,1.2742578757751974,1.5765430917325802,1.3053241455808766,1.29729901776359,1.325126719917395,1.7505438625056158,1.2862410840246046,1.3731206683387938,1.7135795948827421,1.673721899998376,1.5695145960038817,1.2990772655093157,1.258513734504275,1.3109622327090893,1.4764070041527133,1.385721187789751,1.8202333104309596,1.461890504003967,1.4612407914615613,1.501289200614099,1.116090201859105,1.1475491718959256,1.1083114677123984,1.3779635750633386,1.3467038649809946,1.3832752536575526,1.529717049666411,1.566727364056786,0.9951777735226728,1.2804009218746646,1.6062225348273498,1.098979985344975,1.2476228453002176,1.6965481800700513,1.2122786796064133,1.276498546804158,1.247450476286184,1.8308327132275712,1.570588708541989,1.4668880193588751,1.9785541482156557,1.4784766953836161,1.6456818522192886,0.6085189814129698,1.8744824890746925,1.4019960068995205,1.9526277622373567,1.311974875517877,1.5222336244410273,1.1533298954490427,1.6933043230580356,1.5098738392621556,1.011109108746453,1.1083263226057323,1.9797253597232523,1.264304755387855,1.2996828733496009,1.2364187884300792,1.3004546166058724,1.3662876569329019,1.5551142882410744,1.209436583145468,1.204290031728543,1.3823795387638564,1.2318135770736889,1.5338813481495608,2.1149653957738783,1.4126569342179724,1.313903456557903,1.232038463236207,1.3154446834237443,1.0711312302147875,0.8106868955945339,1.378706487852438,1.5203837008138614,1.491101239847305,1.2354838096701117,1.4262844838052766,1.9717819483667336,1.255081612918186,1.7195419061674209,1.58927055237417,2.224504194637892,1.2988322135601778,1.5993171705445892,1.2518248651023607,1.3553385390305503,1.0501536729436491,0.7505453066420706,2.1854354012980215,1.6034705755863825,0.9184723286045731,1.2099250687446976,1.971506101557929,1.0047352890160801,1.460672411279608,1.6002655736571443,1.3187642584863921,1.523766792523185,0.9318318977817592,2.326845498424745,1.6483219821990636,1.2910819701415965,1.4324654848007201,1.1819443837676655,1.3763260268322721,1.636059537091318,1.6131818749135696,1.7177199574540127,0.5727563607169043,1.8392323926645382,1.2201162293774324,1.1761121932966836,1.584216305259717,1.5628993561573754,1.4111740350191602,1.480771067880764,1.141641694973072,1.2304589465264395,1.6044393285992493,1.31325571137032,1.0239044139541558,1.480303868611108,1.5371513005851798,1.330550001680087,1.1744711779467503,1.7597467561512183,0.6916364013491313,1.095435054227896,1.5103864372334104,0.898536018957071,0.39973562289848974,1.5315613208521475,1.4337667470949236,1.360136409720329,1.7449731458569033,1.4537110891037808,1.9297879792296166,1.154169802540137,1.2807574488193052,1.223691012902197,1.7393909314708427,1.8989012287398246,1.4524237529188189,1.4585694677939458,1.589661008337754,1.7153986675599526,1.525265334743456,1.6439134454821613,1.858635291783599,1.8923311919139927,1.4208899992060209,1.5967259678347716,0.8235563869788292,0.8099801345463129,1.5507230751405732,1.5407928120751717,2.426448739587947,1.0410622901398294,1.352062158231607,0.8050415485090433,1.2080756595865063,1.6874893932630766,1.0241431405038584,1.371055866852349,1.7126348458709149,2.0344850505782817,1.42718828616323,1.1185472346495449,1.2196025523879872,1.50538098690062,1.0188123928759287,1.058692789794038,1.116952995481554,1.2633984917683925,1.5899100763456235,1.4867232255977554,1.3877534727526972,1.6109759535056076,1.2644189807115551,1.2348613801122843,1.8552144760567948,0.9238818786129427,0.9789594740114702,1.2427726789570022,1.4840613154517828,1.3264727550563262,1.294815299272954,1.8073370297781302,1.2013057720405524,1.231948682886924,0.8958181948205999,1.2290537633571093,1.4709896750903018,1.0617941832650117,1.2053633937676362,1.2421109487278787,1.2600490897751495,1.108906681116694,1.4391159850398394,1.4260447943019494,1.0595175372522259,1.3793066524637887,1.7461296160571984,1.5625957580869487,1.4503277711560978,1.275510524739868,1.3843107061526891,1.3740073235981836,1.2992601783447557,1.5578741570950152,1.3543152316861529,1.5655706160005955,1.3857115746079145,1.1270256974153203,1.5992660312328475,1.4253814910723617,1.5865880290755396,1.6144286485488168,1.3688034082478622,0.8831060967330192,2.0381146601049807,1.549456803869925,1.3015497459046865,1.067808848112032,1.3094434567657949,1.5153798450980194,1.0447110292524244,1.8067985469556533,1.4040986602431809,1.1341390378300447,0.9577830232441547,1.2303713025279581,2.3260530552356466,1.1346183647788521,1.5895452782901616,1.2542302831149033,1.723898958230784,1.7377333598906635,1.4728968747856541,1.4654403576873896,1.7521209453792774,1.7157904804357997,0.9755017279539491,1.7164161803984528,2.459605882310186,1.1393362596575183,1.709911944113711,1.1484477908503585,2.0209188427269074,1.4662180130422895,1.4065515448668737,1.152073076559856,1.1332335979538912,1.2975437577220565,1.334609410364547,1.4608500545608512,1.125181205041749,1.4384660559886933,1.7133633669583581,1.4311129554747575,0.8610697236364833,0.983197143156685,1.5544256272100196,0.965524905667518,1.474126235025109,1.254580693861563,1.072165094583942,1.42049311184437,1.711858166613916,1.4608557435076244,1.1220248680742595,1.2073014298205447,1.001898180486564,1.078800169695822,1.2506700685745993,1.4579397620362349,1.5570915550307405,1.0100155575411867,1.7805804676443715,1.4146563617687022,1.3426438008642383,1.5577053249976365,1.3455328934608621,1.3896535315737908,1.3732467272015856,0.6912010729768786,1.1923918500439723,1.2172901774419245,1.9295390256401799,1.137313840526371,1.5095856746251555,1.5530715450061936,1.4561308935388155,1.1997116465503186,1.3823973699852206,1.2712006426831066,1.123498174014952,1.660446707980836,1.0834475451687078,1.3564007840548142,1.3112050409173497,1.0098610348543189,1.2644447892597035,1.0791709144239552,1.6610544377750691,1.3078375987301816,1.5782411946581543,1.9539061129788347,0.6425202874751891,1.3153889736579196,1.713643709984995,1.144316339474615,1.1519815568727831,1.2882548009416026,1.2017539832027608,1.0423999851180374,1.2554580814888232,1.5444367508941914,1.4648783428521683,0.8419233158414527,1.2390267894666813,1.4207400263416248,1.5187181847789317,1.6441783994696246,2.076398095376014,1.100321058610509,1.6806433885501844,1.2241120965019778,1.259920715817331,1.3240007831786937,1.0582354953216164,1.7423692419508943,1.9835573560630833,1.3186438127418538,1.0011349508401977,1.5474855956224451,1.129039151465311,1.2872361429893928,1.7684267754236185,1.2396719093815316,1.5158097908298256,1.4354304576620152,1.2796813398316242,1.1560184674412959,0.8145010583626978,1.629529147181861,1.5385923587501353,1.497516247144668,1.535262098785092,1.4478914184876295,1.5269895362905146,2.108292922863818,1.6384227883397413,1.0095090247928822,1.4276680378175288,1.1435082386766742,1.3387000903445654,1.4960267138329575,1.244022579065593,1.7947741836603663,1.5054993988117733,1.1962417034603443,1.4972161042673107,1.6698676523042582,1.555509052413416,1.636599936947064,1.7660959047056728,1.657520619185135,1.4382152178175283,1.2251613942156039,1.6128961227766534,1.59273669089124,1.8224412259011338,1.8450964953852624,1.2311679219654157,1.0505473885196115,1.1988544654079158,1.3037037560032665,1.5191252219931681,1.3022421232161214,1.2644195143566046,1.266656155850402,1.8911465795796991,1.1168166130153443,1.1381669676953776,1.6254519302543926,1.0526292304295586,1.4577784955701762,1.6502720701989053,1.7644902674417515,1.2263342535432193,1.413149840050631,0.9941979813207495,1.8386180748863703,1.5600850225426892,1.5005291364469393,1.4828296726642947,0.9867773829481474,1.346284055534562,2.155828998337725,1.300155830651634,1.1005614758702282,1.6731699048231485,1.4287686861617008,1.3551757045611752,1.5589381439852916,1.666879755395556,1.6170691877485046,1.3633509213127106,1.094437745343771,1.3885864933342134,1.3618815878614081,1.9419992835070927,0.9776174413147263,1.1703171687147484,1.1447819013776503,1.0948227192117383,1.9507269627124892,1.789975684865622,1.3303622090566662,1.7768310367416598,1.3038324183176964,1.3427000787374248,1.0260487974166421,1.432353190135858,1.160679491122213,1.0348146083152918,1.2805387091267517,1.4178104173115864,1.1869919831353568,1.1912336512944879,1.887218103499247,2.5341263580754734,0.8400832453009957,1.1982906311106492,1.297497423060618,1.8889462489385715,1.4726785419844861,1.9962073924246215,1.1529706577926775,1.5998161499295764,1.8021900048915545,1.3193005948048753,1.534693723718696,1.4207674925836136,1.1950254163260559,1.6929760773633717,1.6584142734526752,1.5371848182325007,1.210971542717473,1.389029672059077,1.4194292594762397,1.5399930604379959,1.1629144159314027,0.5691936344463887,1.7053624491082433,2.134848207716013,1.7590797819986803,1.8159803278957745,1.3520832873976492,0.6912558221083824,1.534108346370862,1.1961497005774344,1.1861256540717324,2.127602223238287,1.5632012175137122,1.631002486576824,1.5755985137827935,1.1282759180716428,1.2799858341573647,1.367413183297478,1.231953586084725,1.485815523324701,1.7996433470738233,1.5495902072383478,1.3193898802495814,1.6802792126958335,1.1253686043200875,1.2739235781629994,1.2235980510697222,1.5678393788077716,1.901408763237953,2.4021901894303834,1.3621089005801372,1.3915580217881827,2.091843706583935,1.2733538276135046,1.1487525947340045,1.1935164506789127,1.5017456697331042,1.389049690076891,1.3225168831249137,1.2258042367956217,1.77123524703886,1.4649808479684112,1.5730459487130823,1.5706279873456408,2.044263009428669,1.831757876916826,1.5149269452931655,1.303718017468006,1.504659648450383,1.050777442052564,2.1691998083449,1.6673821405588365,1.2642626352665038,1.5142402143989921,1.342361094586699,0.9583701387241932,1.7516134507032166,1.5197546135770024,1.4570459273024472,1.4851321616685749,1.8923917323534458,1.4912398070667936,0.7124508796612481,1.6198145191263735,1.5672146319049338,1.4316281225835814,1.4938597489477632,1.4448294169633957,1.2566817312647047,1.344962922995006,0.7877327477298461,1.1384801931945916,1.4662857543768246,0.7327902610355805,1.4688964517156466,1.528157224937411,1.4746201128603142,1.477167955647919,1.6081965876980253,1.2625383054038632,1.2788480525669244,0.7069656475110058,1.4645982049970887,1.3963785816752612,1.6974873783421516,1.0919538281257937,1.2620378734805002,0.9404790887977668,0.9301207944952103,1.1408268249856413,0.8694792124673874,1.365239120424759,1.4084585832854883,1.4043670570870508,1.1724194267595238,0.5889913621802131,1.9770282840700375,1.9086353548119586,1.9734709425412764,1.7710276750473324,1.4218085454220897,1.9836978069904487,1.8899203868477603,1.5281962496497234,1.5601745039272967,1.3083138622896917,2.2523594945670586,1.3273022705167252,1.9775041729786353,1.4570059738941283,1.5548763378788641,1.301778133435383,1.99219646687511,1.927103232914023,1.448106332058655,1.504595609978841,1.7020757756359914,1.4635934718693653,0.9377722808380965,1.480471267481128,1.4556326542161244,1.5922445350134375,1.1936139965889931,0.6923401068046608,1.7777383816270536,1.242262514367882,1.2640152311757462,1.6840077153593407,1.9772749406678867,1.4027849442588751,1.2057752132679154,1.614315896527884,1.3927839137010631,1.6575956169990251,1.324904239114255,1.7462896444060134,1.2160112283052418,2.393675591767581,1.687309948264762,1.2280215910803791,1.0271586279625609,1.2646606045556918,1.3568228358829697,1.4090813348268916,1.233970322270817,1.5348832925537041,1.902920853462513,1.4181469330919492,0.6652934315700799,1.5428588131690348,1.555546300619117,1.2517973620299212,1.5068982191193503,1.380233109388125,1.2191569551600392,1.5043212615194943,1.6592462716551626,1.2593190098799523,1.4805213160588744,0.6983909402033722,1.4996441934790248,1.4630666481320602,1.241160189663149,1.4659450683113735,1.5118549872418372,1.796780158816746,1.2813603625596586,1.0581940440140967,1.2645491303044913,1.2744527793919525,1.4404924068727987,1.024782518827191,1.6007600451384427,1.093326682881914,1.5547906062147399,1.1861167196274511,1.3834578366232213,1.2509305864996625,1.0074004527724547,1.357877423385716,1.2544676058824116,1.1009625125960332,0.8999843475076043,1.2155634948118355,1.019673785889328,1.3945107038375004,1.2377650337589632,1.4501513708631053,1.1615933960540787,1.8646344593420283,0.7621353973172668,1.4389534801284172,1.4038760068172018,1.5560920642988452,1.2054691272775209,1.4451319039274657,1.3938197041539775,1.1559132734832958,1.0729492146019741,1.9903104673989076,0.9408276676669267,1.4110277700503864,1.37391508023296,1.418725353540035,0.925145048525387,1.66528192610502,1.1702001084881177,1.1711224981096442,2.0864528238516202
43,1.5576249972326162,1.1401351562235793,1.647150065719801,1.5375985785021626,1.422164501445863,1.1138481865668413,1.2197485389667042,2.0725922549758002,1.3691058851743685,2.6628254911673306,1.3476897245434365,1.3206681215451306,1.2456640621522164,1.2634735072756649,1.7286666263476105,2.4593931770837574,1.6358133400897559,1.2721313216666044,1.4135020042236064,1.5743785702304585,1.57344747258098,0.9014446350891046,1.8656093576385104,1.1834526661310005,1.2048055007449927,1.596748084197318,1.771909151474613,1.2600791870855477,1.3348775065836143,1.7721929497653819,1.6615625028710208,1.2980212639335853,1.4152365906563709,1.3754411067039145,1.8738911788763963,1.3789045014720926,1.3347269540029056,1.741363009644692,1.261742508625956,1.5394193591699972,1.4989960674197707,1.526745085286961,1.832421556119293,1.769835274692282,1.1502424958291877,1.9878121278241065,1.5875275348308073,1.0988583451559868,2.273663195273651,1.5014699521918846,1.356979030224603,1.1397670173549816,1.1537333475399034,1.0485269520311702,1.3251691543351953,0.7992625702838508,1.3794479238246877,0.9740823725665056,1.5608637481121985,1.2341794285218106,1.9844091448488486,1.2956341201820647,1.9745266032720132,1.4421834566649772,1.385616968247113,2.3111360258628153,2.341072021952897,1.3112787429174557,1.365250475726658,1.3986944762820872,0.8576973162320856,1.2413000990896625,1.6665450658174614,1.5522871971619057,1.1867519384766188,1.1651162188298092,1.2728382593232266,1.5798768582903924,0.93887149672385,1.730191282387941,1.1545966235017775,0.9656670447469075,1.1396669237579806,1.1407459647534612,1.7295565231946999,1.0597924741118798,1.648631722293132,2.171449810889519,0.5352505231137389,1.528021886573148,1.5007920223924747,1.2414350459664554,1.6989628552478708,1.575409833323742,1.2982424840437317,1.2442700331821204,1.4796155227116168,1.5026643553084962,1.1851241856248944,1.4639458922819486,1.4479179836352527,1.2821424873844474,1.6661322518548793,2.0008588738233737,0.9022700584120964,1.6890731386371924,1.9669407325928494,1.5892403156186061,1.1988534988034325,1.4207101750985511,1.1584261977658914,1.4131148664731394,1.6456538799898097,1.6477297251307692,1.3588649478940509,1.3056731290567325,1.2418556934252032,1.2984144994438038,1.2447636076594955,1.8266140431076798,1.3400107710197093,1.4996947443875248,1.0267898730222789,1.629020949816828,1.5214828769152688,1.0618895708716372,1.1762438809767028,0.6583306159981797,2.4509907839757714,1.1882331224438456,2.1759749393458754,1.1536907302646788,1.5222223740111889,1.2495655779713557,2.652390836006161,1.6719081012432628,1.2672437221487134,1.547117722561368,1.30327602291675,1.7413328486373048,1.2093079833065907,1.5279787904512427,1.0231910160515627,2.0236498800555682,1.683669205538989,1.1908969578452837,1.4048103083240224,1.3657153026089506,1.248140791774974,1.213728586398613,1.7215741365031005,1.8296657082699925,1.4130715728614596,1.7970623374651777,1.3395382784482752,1.0649589595563047,1.1042247728808006,1.4654974117794555,1.4735575412294746,1.0253306656331904,2.001955382355571,0.6378010048845615,1.4581416961029623,0.7850989165188058,1.8828151894404526,1.3422845107282722,1.1817516136900719,1.3138721477002435,1.4201136444804963,1.396243759821155,1.371169456737365,1.3031672599502755,1.5438633604743859,1.0878778204988562,1.2339990114404467,1.2707050581595456,0.8182443043228027,1.7076502584785151,1.8320027448807221,0.2382243153421839,1.3710716555876856,1.1466538361245542,1.491369385503626,1.9259800240924094,1.3218896723470108,1.3463412841060267,1.3984331591413244,1.3757496910071798,1.4814849964662804,0.7520734361967424,1.474734105421442,1.3624145571290325,1.1879974708765082,1.161419383032571,1.0873931210284098,1.154214569630584,1.2850962157750123,1.2075699010178784,1.2500982991440313,1.6716954124376575,1.1002911601406478,1.830061930590157,1.6532122591680602,1.3108772367866304,1.394457845366614,1.3506075741574977,1.8670596510370547,1.443929806425662,1.4347270304130677,1.6121775874738593,1.5741214053029569,1.328152018570076,1.5856851602155997,1.2885144917831504,1.648972711596051,1.449485221165876,1.394229233520281,1.3514186095699663,1.8196059953945156,1.20514753653792,1.2052975784284636,1.094966861636657,0.9969560174971412,1.4925109374529364,0.0,1.2698785209286712,1.3353837173066156,1.7011809051039106,1.4943859952475604,1.237251903289954,1.8524048162312248,1.6792663138546533,1.5430219884262681,1.131488674833556,0.8974439914304411,1.452001806012567,1.0567708103846931,1.6558273252760345,1.854652469570714,1.386391346634645,1.1483040391700137,0.8665654110751173,1.0422070093122255,1.233410648750409,1.6655000842984968,1.6457673959211179,1.4748521737796119,1.187991005542848,1.1663581573143782,0.7520851650489682,1.4269562914336964,1.9291213548366641,1.3752894488982679,0.9763773393874446,2.105721207616577,1.3961157172000327,1.738549711031835,1.421119257174782,1.5642495695017118,1.4261960749820868,0.2724360715763892,1.5870723914544214,1.5045747087693417,1.4748455609196445,1.1418487330575506,1.6103029310215882,1.2196704796895195,1.2811706987660503,1.759642257000328,1.8094291877630067,1.7027434958681014,2.243080955277669,1.6945836617478296,0.7938813403683199,1.6653152021070026,1.430417141371978,0.9980531801772822,1.3077361116166608,1.6775147413404223,1.2027107884900066,2.087213358696223,1.294440920901357,1.495611135464316,1.726733548588797,1.0823362906482628,0.9953599747890167,1.2742811604959499,0.8535825197104189,1.3464036836662654,1.4210327338322555,1.4525391242839993,1.0317914280068627,1.3194622203582742,0.42446531252605824,1.5086448876357594,1.2061146765405801,1.414110025151965,0.37785360027608805,1.4103152869638529,0.9438843682678528,1.1179334264772032,1.6975298172328652,1.6457713163170855,2.031240070718956,1.7149668379751755,1.305215208134562,1.5738683079067783,1.568558376179166,1.250168539336208,1.4105032478648591,1.268264229532893,1.5180001154394487,1.45744924059152,1.2019756001210031,1.5575015144145805,1.339054099495626,1.3243602268952692,0.9705041053990424,1.2407945457905103,1.609950296236434,1.2181322169907984,1.2990922041869217,1.3713576645069234,1.31514633450691,1.6994412868322775,1.563801344253345,1.4759160554813335,1.641060308914988,1.515199527222693,1.0946562608819628,1.7764561078827217,1.5705592891148368,1.176916439859027,1.4794912597229704,1.5067210475480195,1.6274938753884627,1.4076202623156824,1.2097339923056154,1.4490215018920427,1.2227843576172397,1.3490399544796419,1.7394174714960267,1.843686339515892,1.3327520445808392,1.5944638500213306,1.6621812946492107,1.6866102045300957,1.52500809096741,1.2618606485034953,1.2365166926042965,1.2880129490138454,1.4590265758499643,1.5169033254371045,1.8624176343275745,1.2663344924743307,1.4981805671193564,1.4221352192519379,1.106041344840764,1.120564922159408,1.1106972810442388,1.6182109962635145,1.2918910841440736,1.3458207220764733,1.6295306708809636,1.5301898256867075,1.1021465235993861,1.186144498423196,1.6688673643915175,1.1784938465461203,1.2308179526718481,1.6995963553349724,1.1014112259841444,1.2203471537103927,1.2243841637681587,1.8558779355592374,1.7074939768994237,1.460757816030534,1.9828028517550873,1.416165479624492,1.3269307863826219,0.7607093991809621,1.8965003163634555,1.359328159295679,1.796329811811032,1.3617377500482744,1.5074700887995425,1.470569317297334,1.59336019511549,1.4692855568168968,0.9520359444300418,1.1887119175000607,2.019139817272451,1.3640164115210052,1.2369277239102243,1.3237302213497413,1.3191252874508406,1.5179722988428654,1.5658869778108275,1.2132163438628054,1.1569427673118888,1.4498247211021646,1.6222486918014012,1.4050603707723281,1.9391006806213784,1.4366765673730522,1.196454832288582,1.2976013356863678,1.2502506497337105,1.3081758099835357,1.1118673349328558,1.4827518779347924,1.5649138722026144,1.4780945711291285,1.0777521427085557,1.4046455023440938,1.873056305719831,1.303220938226893,1.6146894057274492,1.627764529001992,2.2262299408305823,1.2811808602880548,1.4545604114297284,1.4994189144028056,1.1486175665810383,1.0939464128580196,0.8268094469937185,2.027976797208339,1.468320918465432,0.892847668572397,1.1955941695763899,1.8848225447281814,0.9751922283993857,1.3330852412579457,1.6294774087076176,1.28539833601721,1.4339903392154687,0.9896227561485607,2.3005103642343565,1.5616751011900611,1.2777103997348052,1.336641501217997,1.2744094344736339,1.2479029419901764,1.47437969969383,1.677872209511832,1.7169914623991411,0.43184613451685394,1.6186075555902761,1.3593207895263144,1.3637296443516247,1.536081371679963,1.3902092062253222,1.3497627025997319,1.3666617715599103,1.1513875305140124,1.2538527685696677,1.6011692373484518,1.2689082048278761,0.9665209554008023,1.5578796537739643,1.7505752873316922,1.298810188742905,1.2759566365398198,1.7178303109144646,0.8247229306197779,1.098450338445498,1.491824567236361,0.9882883086641756,0.5573057997160281,1.5312175556390648,1.3462236886054786,1.3230350451030497,1.670030559182449,1.259542267015061,1.844532133153199,1.225429281192941,1.3876271071461328,1.2312911845410874,1.8418657040237052,1.7967128990395547,1.5141193534829063,1.4427415358343882,1.9461623850301817,1.5669854197919262,1.672052136415177,1.7188166534130656,1.85973872723449,1.7564621003007348,1.4979786301776516,1.7128559908852938,0.8127815828691571,0.9084390956307251,1.5412413337297617,1.4828675484192275,2.4850611502605684,1.112842090507065,1.2679729804633533,0.797221887679477,1.237051238318468,1.7315065988634368,1.1581445013691973,1.3639045149892421,1.9260846818129462,1.7278491345224867,1.427538498937956,1.1672126054928742,1.3501178273069836,1.6324630959366744,0.9554687298047075,0.951806918634871,1.442166509915582,1.2666805637112803,1.5609908936580599,1.467456541079512,1.0962705382968516,1.7141176618031455,1.2094342839132022,1.1854567824554656,1.6528532253620207,0.8139843344848701,0.9064005394666443,1.3127866351784734,1.1891388054029568,1.438199020294422,1.3821633796912103,1.9016369185749462,1.1331759617975423,1.3116751926572345,1.0034983103780248,1.1562503825084427,1.4909798907748049,1.0740613040984548,1.2810881465688944,1.4935121663664086,1.1958723733417547,1.1119213352492479,1.3967205477229176,1.3735892153662848,1.0877782652686059,1.2987132266268093,1.6444948882652533,1.669538077005,1.4931956653754996,1.2139693337689534,1.2500437226704781,1.3405339147008792,1.2219064104398543,1.5133370332864384,1.4101188617006206,1.6328613408947659,1.5189415140480422,1.1430164813265549,1.5904012066423183,1.4064586480480064,1.4978300534740598,1.4520695247456215,1.3838029613996898,0.8778716734228761,2.160389851556088,1.4637326222738618,1.2647279127264146,1.1593770231446319,1.3065819155911373,1.5124053579410097,1.072800428739057,2.169898946321199,1.5436215568266627,1.2088977203330817,0.9543159018195317,1.224383032923365,2.1135347535348408,1.0827402614519053,1.5655993737011455,1.2999461139439712,1.5816825969806454,1.7518282578640134,1.3348616416457568,1.3783702577766486,1.5918461650155962,1.7935033464831922,1.1202075516203662,1.675503099725673,2.555011534163773,1.1295539319373311,1.5760507810019309,1.1324990354004227,1.6707462404062663,1.6742980765,1.3701519395031365,1.0910797056712709,1.0895644522024197,1.1860542052769407,1.4154906723889231,1.4073389897131783,1.197732921892578,1.2650089664596413,1.6407846740349692,1.5027499567804583,0.93276583391867,0.748811699456366,1.4920646055901061,0.8703688331538975,1.6315059976728448,1.213602207262325,1.1543141276479978,1.4266056011209862,1.7634802651981363,1.4723200426552703,1.0775794485550705,1.1886770096839852,0.9613109842359676,0.8994141655544874,1.1603586039500748,1.5955459853287919,1.5889155339910337,0.9311660195780579,1.7849161523745516,1.3971334373621727,1.3628536684470307,1.5802182315791256,1.34545009871896,1.2325022390393112,1.5538312030930699,0.537240336522917,1.2435083023189466,1.3897836412940854,1.8165305217049794,1.2160929081442837,1.5238547317997773,1.5963122846463045,1.5412377504108539,1.2856925836077384,1.2537720189621497,1.395901343199584,1.0634164602451128,1.5732495130571722,1.092203460170189,1.239476468140708,1.337154760414398,1.0066485568033712,1.1755801716567387,1.0513668816845185,1.6522573396711637,1.2389325706342196,1.4966067788259791,2.0862902911551933,1.0836872290493202,1.2639490781874176,1.5792137092321492,1.206093469598896,1.1494780128126103,1.176957660450919,1.2917634454478364,1.0944486203489274,1.1705812695650355,1.282284494367282,1.5868401138466683,0.7818587735070814,1.2897133506578118,1.300516781866411,1.5656701792736591,1.5810474590496861,1.9411039832747445,1.2360348550840814,1.607956800483001,1.1831886498548099,1.3249418586725397,1.4957264543728135,0.9716512849486489,1.627205427834447,2.3352526302800642,1.365160281025736,1.0368126060528802,1.4909582512396535,1.1033902361703523,1.3172539273704893,1.7906617358542252,1.3470339866995245,1.4058323855761872,1.4700837276069443,1.2613230219655946,1.1060533208436616,0.8310864836199241,1.7843270270893252,1.64241797755599,1.3990615367587442,1.5730117613216956,1.574059923707293,1.5720591985626915,2.147470880309232,1.6596392080502183,0.9205728221892842,1.8075749558507312,1.1349185876198273,1.3839145646600453,1.4869197474219171,1.3057265617349005,1.7836900911691949,1.4345440281353292,1.501294794810691,1.4610018259172204,1.4791699991340703,1.344956159308157,1.7359660688194003,1.8193408363527173,1.7822850326202526,1.306917861121128,1.199339586432358,1.5275278991769268,1.5838633787217307,1.9940613550993351,2.037130051098834,1.2010792376437756,1.1566461564924175,1.248487435789431,1.1761460092690321,1.441710140734806,1.2225267033481155,1.2750654153571133,1.3246616875283703,1.751597126371383,1.0739667249704756,1.157575482812591,1.5651336709993282,1.0171333686436639,1.3511939821922516,1.5776177883331695,1.8575907678603159,1.1730721257360015,1.5686378342387517,1.0344554563180908,1.6844577153554685,1.4334217325268277,1.5007760055219193,1.4171842801072754,1.0819894846744154,1.2186810709272635,2.0724053975692005,1.2306202896923684,1.089417052081134,1.7084992830240933,1.545577222280615,1.609392635773324,1.4139947749855943,1.674203436729443,1.608370028710115,1.100863869474082,1.1428380242517204,1.2626197739777112,1.274220520101171,1.7279229976956805,1.0444349863796492,1.1755665629214893,1.1047772372152853,1.1249543613510653,1.7967334164881383,1.781936349642204,1.3455453664819181,1.5119457721657847,1.8237269008029369,1.3429062622508663,0.9656674152156324,1.4385461366329575,0.980794357313089,1.0269219588416028,1.280420593075811,1.2337261559277632,1.3208240124540975,1.226615864904637,1.897231728613633,2.5260128142560867,0.8298157340485739,1.1041031970677886,1.2848652489543249,1.8381838323571256,1.390513437004878,1.997847064676835,1.0884366621412118,1.411254294167394,1.755410585133196,1.7138678661569644,1.4411624208002314,1.505677843045381,1.1543851189211325,1.5591834785608687,1.5454468096607465,1.4837389348891707,1.30911229531733,1.337986553888736,1.3854383975198488,1.2952543371756526,1.1665442804532662,0.6420358411047419,1.6190803578560735,2.312236925811538,1.686639714694564,1.6987271591216686,1.2475745880798388,0.6684699403971176,1.4632325980785996,1.0803068370115827,1.2417304277973467,2.1553414397852126,1.5742452554341935,1.7349372762896267,1.504865642377737,1.1498116315907965,1.4150517114956398,1.4918996117595775,1.2344760792401275,1.433612667668872,1.7020856926557504,1.5182529657852315,1.3837864314702477,1.7919600080667633,1.065701073357448,1.364413648497528,1.349267185629682,1.5515447096772494,1.9675651542606092,2.497000285557461,1.3847723838319816,1.382260391843257,1.7871286835995193,1.264049075615884,1.1373760801331787,1.1898761955096935,1.5493157130113127,1.296995012512562,1.3439037769424569,1.3235432186396086,1.7758368272209406,1.4934580845937733,1.5090566115349202,1.7442011213029034,1.936732976876745,1.7496159323380778,1.6296662271163742,1.2592652468253094,1.557743345216253,1.008399872895962,1.9649440440682509,1.620484517357211,1.1127281678487302,1.5496454984661319,1.5543357123546426,0.9881713106757222,1.7125261800612104,1.6291517147756593,1.6275494914711741,1.4392631841533583,1.932374967565192,1.6118230496907382,0.7674913807740573,1.507854930662217,1.6945213546144107,1.5348049683693534,1.4917690432084876,1.458170822510116,1.3291142775416163,1.2803032966064078,0.826014280913442,1.2214134273730355,1.345164839324306,0.7581029983985024,1.5993631251691243,1.3688605210324585,1.36034498640558,1.5652003188942927,1.8649176388700999,1.2865265345002754,1.2695145350769907,0.6690216691963803,1.567580508449812,1.2920796754715391,2.0044343557325277,1.0185243450341752,1.265697458429334,1.396371616644854,1.0227427619762852,1.2649892243929546,0.9011232987087847,1.2241101504600165,1.4951888748433806,1.6331370595005972,1.1051692387189684,0.8235757537293084,1.741036673366932,1.9186031123219665,2.007042458611136,2.002023786328189,1.6364809930589985,2.092033443687429,1.9844435566739889,1.4574250179321808,1.419641552614305,1.2909847182732113,2.241121235675035,1.3111622995994057,2.272495392490228,1.3696774740232458,1.6113467927869483,1.3556591031336493,1.7442277319421413,1.9095491000032154,1.4775683523388268,1.5738419735368447,1.5143239418749768,1.49058951950668,0.83185837408877,1.526068357915352,1.5587900533811632,1.6511386144959648,1.3487514773062714,0.8057647643408916,1.7107385037772098,1.2981593716362354,1.472061479944906,1.819450666973305,2.315331726331242,1.2525916853709536,1.2370498237087528,1.6876378465159654,1.275219043840969,1.4494680103254396,1.1871513179658109,1.4073484980833266,1.252593451969025,2.4608877198154264,1.8189389603988144,1.3002473218707293,1.0651855114288673,1.3229257128606648,1.2350216675091419,1.337439698810232,1.583065933445388,1.5477280932863002,1.7359018366311245,1.491613752397976,0.6267508556197929,1.554401451954602,1.654700023742918,1.2312760148483812,1.3261533876537144,1.5096537374789292,1.0223018787901637,1.5418448681348054,1.6264536924314756,1.2660722202756736,1.5868349617075104,1.010027777763064,1.2317657286413959,1.5795401697037335,1.233237017660002,1.3558010652049324,1.3712895487153858,1.8970103271205117,1.237496181510468,1.099514198071389,1.1699107700310876,1.0895200687188473,1.4485878367472877,1.1147158381219306,1.6095939288531194,0.9977943990966123,1.6067898452028135,1.1952848495285688,1.2499230322568868,1.267211652998126,1.0882904178516977,1.2636949527160493,1.229211818245644,0.9999105223083703,0.858574956089865,1.0183350466701058,0.9764451956244823,1.3305477269734791,1.3536359660996926,1.543802227986171,1.2121050301235075,1.8114303033800285,0.750703749621433,1.4733353532809617,1.3417002778948233,1.5747817474703054,1.1987576057729208,1.123313280775716,1.6130904738222085,1.1791690742554417,1.0912751775360985,1.8204209247205132,1.0354131319839914,1.4452153231365599,1.3331506426607778,1.3625504621426447,0.8833823308437869,1.4211328456122223,0.9944115662339027,1.1495561334940194,2.3307944496798005
44,1.685979652034448,1.2179449145850056,1.5854256041171721,1.338573376348645,1.274537320510599,1.1536062777525395,1.3277678333392342,1.8568091286402626,1.3387779324318376,2.447123732186097,1.1552979940301162,1.1939226665235205,1.225037093005923,1.2995278296670572,1.7216608248857657,2.3090282879941757,1.5848380496431502,1.2045955745819534,1.3519070250844862,1.605870717619555,1.5438465928468537,0.8492364050245783,1.8220934973141327,1.1910920876832791,1.1090608796808874,1.488018114573673,1.6434434549140045,1.3278807285392182,1.450901648972788,1.610842015243192,1.6733868714785696,1.2980544765356516,1.355014356019319,1.378205471206817,1.832537108307282,1.267885817781027,1.2878014947277387,1.6949056528901414,1.2860106076662208,1.249325377694608,1.5871180925425117,1.2762161800732796,1.8666553266668904,1.7896022508428004,1.130948663914989,2.4178573000104135,1.6554226454232654,1.1138978085009528,2.2063489621081644,1.5755542125516775,1.1902122589432294,1.1579156690244594,1.135017301002704,1.0280196203482592,1.3644865673802404,0.7559250583360628,1.3870817437983998,1.0534472545504463,1.6526687466785992,1.3600699020533975,1.854145532887705,1.18129577337709,1.9493255353346142,1.3543402461064942,1.3206943858368063,2.114727701392486,2.390295957968179,1.3261500169454323,1.3405007280692318,1.4106264416471033,1.0737942152835949,1.282124814076462,1.7459862551542396,1.5535206618709787,1.2125000195374336,1.0013628097918121,1.0640049405580958,1.6477498663016927,1.0435465433491653,1.6838986885187652,1.0991291848101694,0.9792849659623002,1.195550696529926,1.2801168673432517,1.7603869401630223,1.2649325322629057,1.6722802423355085,1.6211902495004202,0.6208994514589712,1.390747266877424,1.318486839681098,1.4510219661338404,1.5192803805239872,1.9223573860282714,1.2692021835173157,1.3291853871495487,1.5005006695509686,1.6010137526939476,1.501009817972324,1.426375276163363,1.595313086760156,1.5080940688477804,1.6546780314909186,1.88670899088142,0.9239669172181231,1.6690039763031441,1.867793340248643,1.4525600940966479,1.3634167371304498,1.5849248020080695,1.1861898423265078,1.320850240696804,1.7229970561740933,1.8995763560671048,1.3194518944611455,1.251621093993018,1.2223692724531485,1.2830628554907595,1.2496865492961229,1.652372289897677,1.2720286504728056,1.4622640838139809,1.1580960097354782,1.535838955103697,1.8156462823674713,1.2076996985901303,1.2107238079736589,0.6195507105655023,2.2807382291546014,1.2214671913500603,2.1521015664654035,1.1439905111918054,1.4178433125581216,1.2683472991916718,2.501769092720553,1.5509331527005439,1.3174967881320452,1.592909551001257,1.361511463303246,1.7547568640926958,1.0928500839446618,1.5431986184545043,1.0148252500962398,1.9564781605049721,2.0746074874449185,1.1340705148997703,1.2599618734259628,1.2253217195997679,1.1172969960007306,1.2452142841270606,1.983415771104224,1.716933656371252,1.3903837559385919,1.652093071796031,1.2657315962520401,1.1560916072256613,1.3302389377897743,1.505290789761096,1.432229412694081,0.9790589686042682,2.1415337885896415,0.7657715364473789,1.2921339206187965,0.7859149733377988,1.5369990234165167,1.3019598069254825,1.1884139968815042,1.1166137468877522,1.3864625464052505,1.4327002745887518,1.2443589991430937,1.3003760849125179,1.4206928271565233,1.2400854061197826,1.1783365864504396,1.2743818659602697,0.8152622934041838,1.775173163299611,1.7224807814989176,0.24804576147930332,1.3200535118532266,1.1439441483578867,1.4354991151249696,1.9381271973004015,1.2460681166730851,1.198880978464323,1.5223218114040713,1.3843474357334509,1.5030391149255338,0.8095515733949695,1.5428844094273633,1.3651451903548626,0.6738093710664473,1.18601020961797,0.8797251082399239,1.036872592556386,1.3897972427391148,1.181824769899542,1.1419967629278087,1.7096309758820865,1.0732959520677137,1.83365801031543,1.6925021075593245,0.9189547727363936,1.3788719648452425,1.4923859295179596,1.763356404667621,1.4158181944327204,1.3320033141710343,1.4655003110254414,1.5922891036502669,1.4553173266636366,1.4915029334888583,1.272163283959231,1.60732468528841,1.3976160427401612,1.338441608926156,1.2584197945268658,1.919603807010692,1.1846620477658991,1.2501993684547077,1.1304693048933685,1.0618973596514634,1.6401685606820764,0.0,1.272875426641604,1.3792652229212208,1.741540200762996,1.1619638344035457,1.2138032037334106,1.8869716557309628,1.5424132148692768,1.5513607787763588,1.0537010177424477,1.0385528285823682,1.535445296304179,1.1880954214638701,1.6244372007409704,1.7928441097791419,1.4129203443606841,1.1977928715857837,0.8556810791478473,1.0101984125924255,1.241221447531042,1.6046211128555734,1.661856688292573,1.5461077037670408,1.0457357166154928,1.344205664859893,0.6382359244633518,1.2714868518975826,1.9126184915429163,1.3098273069409592,1.0957560469185164,2.043387656025554,1.430283987317455,1.7082468825593855,1.3568365404469938,1.6230922330587672,1.649428124954421,0.3718296129126142,1.5724439374945356,1.4596236956146469,1.4674130785329385,1.151073496985532,1.4832700205628793,1.2564382164406767,1.2238397359945354,1.696011511683294,1.8152509830653814,1.6446531962964401,2.398588567594875,1.7117761242707012,0.8950883193655099,1.7564174029060382,1.4011233687122464,1.2544296789023406,1.5069660798600402,1.6229064273501936,1.1776672739866454,2.085968808640836,1.2745467850016476,1.4377656725254884,1.6467319511312954,1.1932022852495585,0.9590291517503888,1.3799326405541197,0.7592038894268762,1.3283881077649147,1.698576429627644,1.3758765256081038,1.0824075409154768,1.3963449243368151,0.4383830311392597,1.6303429159043565,1.3432463347758463,1.4006172202899387,0.43657064772147924,1.3578977415940225,0.8402383429168591,1.1401106372832193,1.9345136230168878,1.7291221471821008,1.7413930277993337,1.83385844414099,1.356742572823988,1.6653045129490138,1.4876100315512448,1.3207228332269918,1.4181058499938413,1.0725520934240402,1.5468005749117073,1.7671054729815845,1.2674234524717005,1.594692374096053,1.4927768099238738,1.4912363818639214,1.2033752156381934,1.248060544864805,1.6061182287370595,1.1243922266452937,1.4003869395790622,1.448478993288478,1.3443152052960197,1.8502802275496932,1.8753711179384736,1.5057218070133545,1.5174302456697055,1.4913913971753539,1.14123339185665,1.7840799821248101,1.5663569427410848,1.1895434172827182,1.5577229640839823,1.543638680337247,1.5660847551882924,1.5322715991924798,1.1424127827334143,1.5832717944918855,1.0824222759132958,1.473756899533267,1.9412087975676173,1.8831077201682143,1.6373451611541507,1.4745172338244192,1.6952323633423922,1.5609478797498775,1.3234561922705446,1.2454880053674213,1.092677840969825,1.3342647353080794,1.2600084568300756,1.5736461535615178,1.8185935930536312,1.132281536722412,1.5176535149666586,1.2735768634942695,1.0570769153477078,1.1446396532594099,1.0898878542442416,1.7711463044190285,1.2055705410566906,1.2943777614807797,1.8594413429374614,1.486460291479876,1.2847532495693454,1.041984451186217,1.6546787564521601,1.4154129995739888,1.258465692494445,1.640370270745941,1.00782399591213,1.1380514212281485,1.1228923598424683,1.8489551235996606,1.9208945452380684,1.4686653749173182,1.576518143384189,1.3402838581866763,1.0984149490464672,0.7084966678899005,1.9707187504923693,1.320064081128483,1.568994071213263,1.3344347380921286,1.4482434653744614,1.9296659144333197,1.5552709758907295,1.5087734322153983,0.6897384954138219,1.2570340951429229,2.1067635463806162,1.5376798604824011,1.2355494586479536,1.3595794251561653,1.30918316748043,1.5331547823274723,1.6515853260304894,1.2485872744947957,1.0936717516801062,1.4193193413616472,1.90439352561907,1.3162352849269836,1.8405837530375706,1.366737626153025,1.2389073414470801,1.2968004692187365,1.078672583209181,1.6357436924137945,1.373539269654705,1.4730421349162697,1.5902211829633752,1.4821504546043172,0.9895588780435298,1.4082595700169744,1.8287342764375596,1.4527448385465656,1.5780780426243606,1.6196104285308393,2.0170810331520874,1.362798605879365,1.376989012513479,1.48248964669285,1.0443931700622924,1.3157874591320522,0.9574560533535973,1.8614449338903234,1.302482136294058,0.9757216633896201,1.1979857790027504,1.741753169412695,1.0239486279009755,1.3192302748478804,1.6344578314045088,1.2263301077089448,1.4049488741888008,1.1300949673039258,2.1852891292686083,1.494858012511716,1.2464960028490044,1.2065291404201375,1.273577434485934,1.1905600281291857,1.4350447202711443,1.63806147195645,1.6326585845980723,0.7292388514649941,1.5308115799376019,1.4413453105475365,1.437949641429312,1.5236693022808119,1.1766685399621106,1.3193468796896575,1.3071616238810535,1.1585397738657215,1.2872232011309186,1.7208145845768779,1.2884290861233652,0.909715284227047,1.4906408413855685,1.9697648958148073,1.244148885330672,1.29651756243841,1.542140797933182,0.9645944032666212,1.2354835403271816,1.5518141476754908,1.1481526756318934,0.6761644457768692,1.523677973451746,1.3469370128555809,1.239384142859364,1.594751141191296,1.109657140159063,1.8141727049037129,1.266128718034421,1.4422950870511853,1.195071185951591,1.8965147333675683,1.540502280925364,1.4490252480375378,1.3975657309784724,1.992257087042294,1.4504206689806722,1.7474895770549734,1.9042008265402763,1.7224245100940168,1.4769043890789268,1.5074788242532504,1.7725741361224086,0.9063380047195597,1.0503432572757732,1.529284426768463,1.430674501893054,2.4339391902235796,1.1689989123950337,1.1611069375714616,0.7614168058649053,1.2694350561672398,1.8395587859287614,1.2493250240676792,1.3742044651882432,2.002925534391544,1.6179932601705551,1.3817134587736875,1.097647895639229,1.492025266030909,1.7165812360022967,0.8374988711478499,0.9522549477422819,1.9146788145309033,1.2320664827616281,1.5980364403420588,1.6205572207258225,0.9853241525381096,1.7243677133254565,1.169440212369305,1.1572438344833436,1.6188152703899326,0.8914884812867255,1.0111590493736513,1.3013525648547744,1.09815761701019,1.5723071201339156,1.6278252998523397,2.021274174280819,1.2670718532774692,1.3530227540667656,1.024051944364593,1.2963324359670212,1.542030922214613,1.0774201655221205,1.2475760148505417,1.7917075506505684,1.1407893268653302,1.1601526284578334,1.3915632861223932,1.4577269417796463,1.106607676095869,1.1934645239631227,1.4744858165794004,1.7776703644168774,1.4945218364339699,1.1575489786035982,1.1117758606626762,1.3183761553203255,1.2590792086927296,1.5293933598554474,1.4861489886838817,1.6211687237153893,1.7674772149085447,1.1603570567667882,1.5746010444091214,1.5146635355423264,1.3612341474637455,1.3847126734302329,1.4772062066351062,0.8735623997294963,2.1567675474482075,1.4159757315331805,1.3355488456572684,1.2611349878809415,1.3118056059818854,1.612229451947556,1.1599304644363422,2.1971012033573114,1.5726558100993207,1.4447719586298262,0.9130322267345728,1.1959469850341722,1.932648651752968,1.0640471808763876,1.535564582324426,1.3991826593143344,1.5467957880960723,1.6490619824608503,1.2643092413416694,1.2685559789353507,1.5398810730211252,1.7563399666606432,1.3712601908407906,1.525024505600309,2.1181739440794547,1.1173034701790532,1.3945939921790789,1.1121618621871823,1.5391840657139144,1.9080403601165203,1.3061525091857513,1.0126901569453246,1.0233849296779318,1.1428856741990936,1.4561562987278631,1.3779135899294537,1.2497949563009074,1.1149274695407172,1.5069899929013397,1.5128398362323312,1.006100707756794,0.7127125153635703,1.375496050731477,0.877398394487138,1.711384608554761,1.132726943674209,1.191919840404979,1.4595997640168723,1.6615066391855935,1.4189824562765165,1.028908201973593,1.184300046452064,0.836328497623402,0.9096689314519811,1.1119243457942654,1.6598685261333819,1.66218777018823,0.9331479516994763,1.775574182426332,1.7432747116663383,1.5267972857595875,1.669531252202875,1.306476969248079,1.1219062813625138,1.6539129446684968,0.4823190868392899,1.2499013736769196,1.5544943896472039,1.6368403264630846,1.3131893604412612,1.6010456601038836,1.6708236619279293,1.4708642095773268,1.4325261977747556,1.203238189143643,1.3658792727159377,1.0674222528320467,1.4660126027361373,1.3076572081707125,1.2188640203938714,1.379995654305288,1.068494777985984,1.1164573152173536,1.0657357801953644,1.5180174671633937,1.1769718808540417,1.3864319004360266,1.9953466414681271,1.5964597738429032,1.2560937029073835,1.4196282969227663,1.2380905538951814,1.1494319087831233,1.126025478714812,1.3360515064537917,1.1493961861624031,1.1749930504925128,1.1064057617155738,1.5575230425659767,0.8421733553495059,1.3087437274782623,1.244848115727677,1.4874440036373184,1.425247046358868,1.8923648440869858,1.4025402242698957,1.5885460450511526,1.4009047912164494,1.4417069500587656,1.8205184045540093,0.9899221283710132,1.5369966043324632,2.419928022853598,1.3441543204095538,1.093275486417135,1.4215118650684215,1.0910996157183988,1.249039480510707,1.7139246704726823,1.4949202782146096,1.1727474462622727,1.4972195640735353,1.2548063278557078,1.0516387950208699,0.8984848856108603,1.861682674573216,1.7865408681701513,1.3182125263270392,1.5089164995022653,1.486971159216179,1.5244620798531308,2.0985079331263585,1.5029424827668252,0.8463140481389781,2.232127653063362,1.1128365772091557,1.287449172655813,1.5264972247835753,1.3650693131366867,1.6994580016549494,1.3369545723359821,1.5719050052101338,1.3847637642379413,1.8318970017681335,1.2262081830613987,1.7277679874269742,1.8340493117506391,1.7714188844695526,1.2379652033975592,1.2229097264458073,1.3471632890616134,1.5266152367579855,1.9381106274777467,2.13657437363998,1.2183203130896054,1.124534666370944,1.2968217798058863,1.0251151784139294,1.5573200498824027,1.1128532724372922,1.2902438225197064,1.2987772107144586,1.6382330659887465,1.0610069370190292,1.1580295117888517,1.4122316098445085,1.013997875092318,1.180527001235638,1.4482637744656333,1.794562877411162,1.2830166990477445,1.7538203133997405,1.2229767581555477,1.6056410160090113,1.3717241334111139,1.3446363866967685,1.502795235594581,1.1014145670511402,1.150146082044533,1.8288360960351986,1.110164593557903,1.0490738653553378,1.6556922012911102,1.6730746685753175,1.6500568361707306,1.3384338226981631,1.675934150398241,1.463645656615081,0.722582604128062,1.152569729976549,1.2275446034974458,1.2179580760469997,1.6160922872541397,0.9640428809967262,1.1049011261840362,0.8998023901454011,1.1628244132292882,1.5517612273562045,1.7175564151319658,1.2776577496301367,1.0422945354224389,1.8016400306639606,1.2967755174068236,1.0527161363547048,1.4801631668262698,0.8615316496603393,0.9675301042410955,1.3606199681689897,1.2276194908942444,1.479918238854976,1.1693416372038465,1.9118506709858734,2.416764713493091,0.8794287898509323,1.0631806844686107,1.3408658233574515,1.6733864363013453,1.3082502019038729,1.904535086285576,1.0061354642895117,1.2573050644247723,1.7079097535040733,2.087249556307801,1.389936396307258,1.6064216696616698,1.222640046034239,1.5210291343935531,1.4271374461528459,1.4235476224909394,1.40138907189139,1.2708138949238703,1.3668019568113752,1.1727038611661107,1.2516421963922282,0.7462522301623827,1.5011777347844133,2.459242580831126,1.5478214637381114,1.5301559408464558,1.2817731780147958,0.7320628187327693,1.434515000198283,1.0009894395710335,1.2846486262440946,2.0545919562767616,1.4217528898192413,1.6806781223606775,1.5099197452735746,1.1489047624090265,1.5249822860909181,1.6462808682052275,1.2839319856385158,1.413099686449376,1.5790948406442322,1.5265609210459106,1.478048239405156,1.8321039735669746,1.0573602589909272,1.2423424883648069,1.3184391015390386,1.5528845304672854,1.9772307958713826,2.5531759876527476,1.4143731237315995,1.346437709016616,1.7885879134115699,1.206094231368308,1.0929041392200722,1.146850190419929,1.8857918970066054,1.178370235368156,1.3909505481299318,1.2682776289775943,1.8969108677998139,1.4847158665809512,1.454106750335011,1.7352945469639578,1.758544675393964,1.9158646023040675,1.6412528768212364,1.2350173215928248,1.5621082099910288,0.9585853902990797,1.6755760087812623,1.532686198834584,1.0080356791866558,1.4766745970128667,1.6780779432758899,1.094311917397675,1.6717818702862557,1.658322174263713,1.5415015935850072,1.4152432817006941,1.6433236518859495,1.693257306617196,0.9698540643971434,1.3675792331751158,1.705567939347869,1.611909873939151,1.486790091607674,1.359775444020505,1.3691384055306144,1.2013061225372774,1.0355578086555624,1.355393583964022,1.2693548019662435,0.8168730387985494,1.6648428455121256,1.2238450841613941,1.2720098968796651,1.6109346715356154,2.0460280202436083,1.4545191110954225,1.3939206738890926,0.7053686038289559,1.5423142550803979,1.1372716918952026,2.091201023999516,1.0170228926219052,1.3439645999538112,1.6973979986356473,1.1858463635803393,1.2840811888384247,1.0970596756588644,1.2355772399564677,1.488171544366019,1.9337738138647107,1.0940660955750339,0.9937766380378731,1.4591269731173167,1.9416419860352883,1.9016913129099517,2.3164730696625853,1.525182167223732,2.077640483201439,1.6064114543102042,1.310307454014932,1.3812299904161027,1.3066412056588352,2.0504985287152464,1.3562440327054062,2.253508464152318,1.3709367897210063,1.7166090067635302,1.3005861588142538,1.488045994226699,1.7155995009343716,1.577199365647671,1.54464649975454,1.3280912782060876,1.4858636680304502,0.9075475648678126,1.6839733850070266,1.6523346804167047,1.5547478700817658,1.6172365822107952,0.7586234502351565,1.356679933056423,1.4975089000950623,1.5591764477014323,1.7100689114214807,2.455340688545983,1.2188918329550245,1.2774333969183385,1.800014474169029,1.159412068455757,1.1415362424400475,1.0436905581302152,1.2756960595666935,1.2385906999440297,2.4106065395837053,1.6873356854790196,1.233335519622945,1.1199233758613532,1.2983585793935357,1.2074713066152607,1.3717880924513375,1.6780762176170472,1.5355981969725048,1.7771890759022826,1.5466048575260665,0.7304859299891067,1.5411858048163625,1.713899276953005,1.2399911948385938,1.276430636057813,1.4785903157328737,0.8870910474289748,1.537931451426229,1.5217613117189646,1.3036544346627315,1.690432917786703,1.2104097520979917,1.2378957824161536,1.6287205546225942,1.1844129937928578,1.2231911070248873,1.2449429234507488,1.9710923148243307,1.2542092969987102,1.1830966640107325,1.0816471973483472,0.9455230148280338,1.4736575933973284,1.3407165922106612,1.5610036756924406,1.0465664117975082,1.707715284319855,1.1747879905779555,1.2121962551652503,1.3133254285520977,1.1613027372268432,1.3230010775692438,1.2732873798234887,0.8628251497728893,0.9296722112403304,0.9497420484482922,1.040263760998049,1.2594124071518467,1.5773277247664639,1.5492391808835364,1.2446139981165156,1.6286645964165891,0.8327096148565138,1.309367942691937,1.2791091878716978,1.5092842974141227,1.2548382845929646,0.9940456471207252,1.6947860729758046,1.2181757143070384,1.072282786236461,1.8442857419062313,1.3158202861542023,1.3338086924920205,1.2464080747626547,1.365385756173589,0.9439344302349131,1.2733472048244387,0.9394853385910868,1.1357223240141574,2.2995760205649973
45,1.7799220161444644,1.362951987372577,1.4823060572024054,1.2088991027313865,1.1828542752498816,1.195059602520043,1.4576842423223095,1.4823111821112902,1.3070653174087359,2.051528483936702,1.1224687936044027,1.1866596754407472,1.2141621514331318,1.274831161333149,1.651611608961256,2.1239104777383084,1.6329082077364179,1.309099894665935,1.2787474357251827,1.5437390208711836,1.48404804702224,0.8716306381944008,1.6804771005453998,1.1696656051184617,1.1707503442432436,1.5586985568848382,1.40217414380832,1.3523463165612664,1.6868882239405114,1.5073127373929702,1.726564303697533,1.2277522156743461,1.3240357877409878,1.3090812866956625,1.6176450071273234,1.2023484129912367,1.2637896107512643,1.4851283868755891,1.4102435021906996,1.095195965647898,1.6150707420021313,1.1790459077198334,1.710399106655332,1.5453219102196285,1.1108140766681465,2.5104139682140616,1.7041026010375693,1.15076939745672,2.200924300985401,1.6281022030320578,1.1686331904127,1.2037062667419356,1.0609057484340414,1.0436764934459961,1.3685538662807675,0.6381535681305842,1.3511020684822703,1.1723303325586352,1.627757635356566,1.5324784575299664,1.709486265293966,1.138759735342815,1.819825680662984,1.1604781784625327,1.218305500027109,1.7535660052841036,2.189263060000794,1.3322877772230626,1.3863344372772242,1.3713247303450435,1.1981357476111179,1.2559821499499582,1.7077082182701955,1.6252454274866184,1.3377995809660839,0.9891109978731427,1.0827247033574792,1.5026288100562808,1.1354263074025863,1.976246583356193,1.1013314756233756,1.0475322406623198,1.233642101583571,1.3272808631921607,1.720643476095002,1.3841390461545924,1.6554101822158556,1.320751411720464,0.8203979843778328,1.2566277103169616,1.3414837453588457,1.4961262841119243,1.4063558951045354,1.9729941139480833,1.2573697736421323,1.3583844653882449,1.4028767079058757,1.587530693200568,1.8607276120198502,1.3787084676090786,1.7418325198276001,1.5484549948665218,1.5648766680033823,1.5120411041208535,1.0473943374649053,1.6040732156481035,1.4692098563223408,1.4121157275693368,1.4576354027652627,1.6297893538279284,1.1718948410637207,1.2497063360777045,1.6569024890851907,1.8541555067179512,1.2578788777224927,1.2679292410526304,1.2980544856389842,1.3073236634806351,1.291125192617753,1.4922952648171668,1.2563421838213327,1.435825542153707,1.3349943537500122,1.3288717081834525,1.9556124170429217,1.4189816935052004,1.3322580495898926,0.5324544372852522,1.8726332792469904,1.2313585144171624,2.054367617252992,1.1900626860799304,1.385050375039945,1.238337248588088,2.3488824378393076,1.3232458226610504,1.2786443174239688,1.5827338386967453,1.3253819365132395,1.8218896600265837,1.0215307738283084,1.5192453574179772,1.0918736283212418,1.8056743131213968,2.1577860122065924,1.0794607331081787,1.3053556358595126,1.1429256973278379,1.0255588661382828,1.2746346840690475,2.132436460423648,1.6568400537061994,1.4110390559549821,1.4454496838376114,1.1382589243027248,1.2613091285969675,1.5110953872484965,1.4185539070927482,1.3786412030917325,0.9287758072628729,2.115236287852944,0.960200468903653,1.2884480846603428,0.8518916848645894,1.263335591030091,1.2350706898994972,1.14767116563165,1.1206600199801908,1.5221369623449408,1.4791277688647,1.1889443184525155,1.3294389580418948,1.2793191467292102,1.4526470344399571,1.1006097175696583,1.195390474679101,1.0364705645303882,1.8297879911492707,1.558820261184247,0.4711294233782013,1.3763132445803654,1.2545953773928002,1.350900273673263,1.974648991943356,1.1711910505246195,1.1119326320010126,1.423901173657419,1.2176566508715945,1.5719167955512914,0.8116515798727528,1.5696873033509382,1.3672282784238023,0.4699403705171617,1.1547930851075816,0.931210346472725,0.9975192382638198,1.4709267235645487,1.199774150964207,1.1559220791845222,1.7502463888268303,1.1183596616485443,1.640558053087488,1.622637343720338,0.6897501020679827,1.3524703223154895,1.31583417438477,1.5464284209521062,1.3805048733037553,1.4389291248520855,1.3454600561398238,1.796162810190956,1.4346665917147203,1.3637366874661394,1.2699781824887921,1.4819256235921494,1.4164764032189239,1.230016324105978,1.2159551661142987,1.9674269882602813,1.2245064845568134,1.2664439079499439,1.150611320559904,1.061003443213326,1.7725093560829863,0.0,1.35450145695635,1.3876102316230516,1.764286248280885,1.103633570271298,1.1853636751487033,1.7862026479657949,1.5482534055804318,1.5438668185441111,1.0963323895721004,1.2035047594999764,1.494180025944381,1.2555972358285645,1.5071634100234523,1.6484838270492592,1.433184541059679,1.221389470823406,0.7621846081457728,0.9389618173778111,1.2204649128519094,1.5464785177519957,1.579087319438187,1.593924380688676,1.0514038629075366,1.2532810396702083,0.7052164210526949,1.2146241226571486,1.8677940793626813,1.2969457602479615,1.1412217084231298,2.0250117515333224,1.3740717955130817,1.5937844443506115,1.3889170621891962,1.6724548697738812,1.8764979336811876,0.5390062885989793,1.604828349748367,1.3718972421574718,1.4910996077093466,1.152005321281853,1.3921894679564124,1.3692146952219333,1.199492060622905,1.691366992746262,1.7082774501130098,1.555055946635221,2.2025178646077648,1.6379249001820169,1.0472915701478698,1.8152706806744452,1.3868562541258052,1.3520056204713629,1.6336625730055698,1.645945176286499,1.1071187104192097,1.966571051385268,1.2288387244050878,1.3289973359463394,1.5327749342585255,1.2880821673192862,1.031944090765466,1.5154668321957143,0.6114342057114996,1.3901432655117896,1.714584047439543,1.3356483865992455,1.115415177176799,1.4219074791912356,0.5903725639940336,1.7882254345522284,1.4184610256503114,1.4560244659130837,0.6324420708707207,1.3251592640444076,0.9697790263260764,1.10682659410805,1.883080182791642,1.69378698337922,1.3054543536630288,2.0428068151232672,1.3850599101837955,1.5914439092158639,1.4107894469711955,1.4910933843756904,1.452705365689331,1.03595831485266,1.5603566046475439,2.0033245597434917,1.2890247032026108,1.607170820721311,1.5489409767463602,1.6747324223003766,1.3893749220006844,1.148587128914328,1.5205628502744348,1.2235002992262722,1.5061453736235406,1.616936557488276,1.445620262059185,1.8641147099538757,1.9266185889684844,1.5175924569188803,1.2618607379067348,1.4778344264814824,1.2456370833852308,1.5989253727005845,1.6427402448762518,1.2465097439260853,1.6219434349129553,1.4153449719887186,1.5106802109858517,1.5715041203021554,1.1490504113536002,1.8642069569079123,1.049882356691228,1.6962279413838208,2.1679780686977974,1.835526955441123,2.160269681454805,1.3203195376221672,1.7438400817146544,1.382102012034554,1.1109543160140265,1.3012135139442622,0.9730973521632175,1.4609286377867563,1.0767131873855824,1.5245142640194815,1.6597929559402584,1.083434434726645,1.6247441499748025,1.2386030405007837,0.9920313584942895,1.1946759856223346,1.0509682048982327,1.7108695502140732,1.114773013958427,1.3023535683118945,2.2220944298573846,1.414709521761921,1.5081868288629652,0.9815466578122615,1.534458213723362,1.5610624695466198,1.3180026980848853,1.5776192922658467,0.9677651035007611,1.0652504444087676,1.0267761118554768,1.8571856072289248,2.106955594423448,1.4636706138735494,1.3757068931638807,1.277533127204411,1.1594337476884706,0.5146770725054814,1.8916163474032617,1.3964042559623837,1.5543296014911994,1.2505526061487333,1.4692184980775387,2.2393632553509515,1.5507361834307558,1.4640999827420296,0.5571117467761624,1.3135800738353602,2.022067467902,1.5580665299462684,1.2956718007717671,1.392947379416879,1.3484743238607573,1.4255411684178838,1.7647242721531564,1.2532581828413019,0.9582308871615459,1.2781960815384736,1.9408469655354113,1.3007253698233705,1.9055141193162872,1.2561503357427923,1.345575503356045,1.2069797376612925,0.953181757853536,1.9362344651488002,1.65021199088575,1.3436100931530361,1.5051774557562907,1.5719139414983154,1.0372267551116403,1.3862828203256359,1.8529503285727138,1.5491771309854394,1.6168096151363178,1.5049557579934167,1.7620518355298809,1.4350310524725065,1.355620000780699,1.2795279311901762,1.1253956715944347,1.7571517973943833,1.0639128239239959,1.7306776116111662,1.127292729757876,1.2455986014775962,1.2345836086857722,1.5678842195802627,1.117724131689418,1.340127281480275,1.5898825479828889,1.0973341258322737,1.4339121197828897,1.144739181281591,2.043381887771969,1.4005141706867132,1.2152802491818464,1.1010135411463589,1.192492681732867,1.244210957816545,1.4806904496821196,1.6222401984673507,1.5289829402587838,0.8203937090375539,1.6047331463706311,1.3446412575498061,1.3022504398679924,1.5424693794863416,1.0224716810366876,1.2854689807496427,1.3426627749582984,1.1333349549101166,1.2857005149408578,1.8354297942939741,1.2963935291886242,0.9075715334707866,1.193108516297674,2.0624973318459188,1.1780686473027147,1.2127330398721277,1.3934871507808513,1.0037522886877657,1.3522784614264443,1.6298171504560688,1.2619355797991394,0.8616232346101883,1.5420535705226346,1.3557736779281737,1.2468325798386308,1.5343228071786414,1.0475565885229337,1.7915311370478215,1.3018349261013933,1.538076951793517,1.2386488779033027,1.9580418475908252,1.4923086713312237,1.3101109838896448,1.3972883000290115,1.907625875291421,1.336784453815615,1.6589567184783478,2.2688698479046856,1.6048778868792528,1.292955571051493,1.4399288517729125,1.7468372437175743,1.0619205846491486,1.1258368026269707,1.5679992552847133,1.4745118757012103,2.2552914613568222,1.195215867660825,1.0587369687951405,0.8445486435769364,1.321285704678806,1.9064253313753934,1.3014377269256494,1.2731200922791142,2.0434469109131537,1.628832906884252,1.3777337609006475,1.0195452200761999,1.4717453218769272,1.6121064751913114,0.7477253946737512,1.0592432548815172,2.266692701465407,1.128613419560517,1.6533919391539207,1.6484745995703718,1.0237314587851316,1.6541880905242212,1.1272565569486435,1.1882614956455138,1.7081361549805776,1.00441783160645,1.2060915561250756,1.2458754733953297,1.2153612314072988,1.5641499963069323,1.7887564346229872,2.0405281967089834,1.418407158433141,1.3615762832928509,0.9642331485342417,1.3946220122798487,1.577087371717163,1.0889071344052026,1.18779821853935,1.92731902708127,1.2026196233858932,1.2410185598758312,1.4495400672347614,1.659236451005955,1.1986798528978966,1.255662308028374,1.3856952088043981,1.7633647740376903,1.5267525736800192,1.1103840102036244,1.0828808198352238,1.2610044927261947,1.3756617398353232,1.5853272506925244,1.434207508396336,1.6690622859617221,1.9787914487172806,1.1618952531386022,1.534229069035517,1.6269190953599195,1.2871600436625246,1.4219784454689326,1.619772976286551,0.9479490383496127,2.067445380438718,1.3818794345955827,1.375633898064515,1.328818713236271,1.3381150264170885,1.805858745185073,1.217002192294165,1.8523469595205007,1.5431783873907445,1.5619692042295226,0.9574899070660742,1.1007282890225865,1.8948773748347232,1.0774591193588516,1.5700733325725045,1.4140949095417192,1.5270298961020516,1.4715262260111137,1.249953679878952,1.35239366747669,1.5556492604901948,1.6776260089061708,1.6064172783756216,1.4178320797135302,1.8088399367074373,1.1825335376444035,1.3664787163017176,1.1318523217921452,1.6541606198849836,2.0313980413261596,1.275988934143306,1.006957210270082,1.0339854307888494,1.1734768201405579,1.3594614365735167,1.3992860260303002,1.2359756335879468,1.07398223563856,1.3929657506365456,1.4794397671003308,1.060344534660624,0.7918539892537244,1.269485358099291,0.9320356573686646,1.5761398797040376,1.0489277557984122,1.1594275560699534,1.4572368155246664,1.5520232679094703,1.3377449433607833,1.0098079145791843,1.222923146041499,0.7940619292080935,1.0386313387390644,1.181721523941614,1.6691851421285056,1.756426146910109,0.9637794491032502,1.9194168292018028,1.9291084511930006,1.6308473726614436,1.6722221110624855,1.2298332583136635,1.133935311478185,1.6777505561238484,0.6408966470359283,1.2791996233679017,1.655901521419889,1.4923211108431698,1.327271630696076,1.615067227350586,1.7159027602069725,1.3570034614426347,1.4328932243998076,1.282832172654591,1.1776986645449044,1.1340698102666273,1.4035856469623507,1.5824401051893324,1.2947469765520643,1.3614123410778831,1.14532061092905,1.2089259020324283,1.0589284122350218,1.3955627657461875,1.2082682031632985,1.3440166264350641,1.7799100098572629,1.905487130516095,1.2697761760174218,1.3574643020981,1.2513993867760838,1.2378136405276874,1.150954618962147,1.3994133096356292,1.152895752403451,1.3127870415217142,1.112163399216961,1.3411590777547269,1.0282566064202594,1.29079826246323,1.1809212017634314,1.3765689986602627,1.3970598587647423,1.8459729358314299,1.542680594771238,1.6640459668369432,1.5633176105546571,1.4778715875163233,2.0944251480660276,1.1320618656563295,1.6927003845911943,2.4178012879861566,1.3355645783908399,1.1122168670218966,1.2312831175931584,1.099286929561906,1.162841408562476,1.5434878607711782,1.5706132301952231,0.9714034359924478,1.4726657142317905,1.2535107388887772,0.9953357759583888,0.9654345834043487,1.7741385254074267,1.824536304558876,1.2354435400357402,1.4453497353213656,1.4926675588025333,1.4517425450767658,2.0839822315593333,1.3263629171019118,0.7637109651180473,2.2243837815809253,1.1035055549383908,1.2093715678627794,1.6583169709171306,1.3834261786778157,1.71193449738053,1.220987690940645,1.3799838602437489,1.267595028321685,2.2999060083761838,1.2234960077570114,1.4717430566358625,1.7240932265289008,1.6844225875870358,1.2584201583392,1.250374504650726,1.2059528314692676,1.4912503830611947,1.759549010756658,2.1954357989653217,1.227736931505598,1.0341629722552288,1.3570858973395807,0.974687583237873,1.6589810384680024,0.9833737368311075,1.2831424423177666,1.3555106060241229,1.4968720660791097,1.1248330959128832,1.135015082029513,1.326155100163857,1.0882780569498154,1.0304118591779374,1.264823457947736,1.6723965981740065,1.5038653133113982,1.8033070203614496,1.4252542422049912,1.664985068585554,1.3444734191354801,1.1654304192405234,1.6179276195887402,1.1122646655307376,1.2159950698054978,1.6468211143742022,1.0503454448917833,0.9868265381154923,1.633603223893481,1.73360942534774,1.5152368938428324,1.306358384997116,1.6675640906117182,1.3225623267158242,0.5547958538004696,1.1143604841400159,1.2075148168476197,1.199239880375278,1.5934522742445205,0.7266635874714216,1.0712667903985689,0.7464247576355888,1.2406242246424468,1.5099423236865792,1.6929974441403979,1.2694106989139344,0.9058249769935883,1.3541308964316152,1.2278405316231602,1.102902433986566,1.578079071040884,0.7739396033644793,0.8516886357027906,1.4494594789892343,1.2908653539430879,1.5578195182622712,1.0598654790553714,1.9422328746221866,2.233953785350051,1.04835175329114,1.220458935258624,1.399981321573183,1.577564049712501,1.3308204966287973,1.8276930055451779,1.0240191041116777,1.203796651540758,1.6578324376204532,2.246198914914321,1.4075510060326177,1.5419789386075184,1.2857462555383217,1.5995195903430457,1.308729890410562,1.3904511265500756,1.4338100922475907,1.2740391487603175,1.3848527853861436,1.14101005195983,1.3953129863756562,0.7667097132011877,1.6116162869559085,2.4990127518068492,1.4044862524833754,1.3425246137996325,1.3528810355508152,0.8481947985767692,1.5378322754892741,1.0571484224532397,1.314431357762265,2.011026742139026,1.4270516702061735,1.5851365546413736,1.6137780121038097,1.1775450854398213,1.4010714108684357,1.5964341513657692,1.3395658637015173,1.3821096908027148,1.615203656818047,1.5377286402731423,1.5064761837323657,1.6432588434089306,1.0111415492773943,1.1204107677121404,1.295158359657677,1.5691200607973854,1.9560659179839632,2.545064614784731,1.567087009415718,1.3958772600896117,1.791128522213206,1.2009554446487574,1.028321092335258,1.1532887127766809,2.113040533484116,1.129926960276213,1.3735790767244556,1.106934372976717,1.8168609847280928,1.443197475495374,1.3969280830773467,1.640002083763832,1.5785605049198126,1.9586595512103395,1.5143086324918262,1.264250774409666,1.4832920131561316,0.9437679638083163,1.4341984959185619,1.4639458616685066,1.117398536382738,1.3960785652174663,1.6138646601966042,1.1604716020406078,1.6031133751900815,1.6372707424793973,1.5128894962966968,1.4519338135759392,1.5634331007017481,1.678735029539531,1.1778545734423869,1.3466860843703696,1.6227551083574072,1.64240080058237,1.5306440593907968,1.2539799414233581,1.2467133950687637,1.2139461790230375,1.2890941997674432,1.328739813991476,1.312001493165246,0.9666428072095452,1.6113006202189708,1.1558560987404616,1.2615900647691933,1.6629183700222336,2.0634077445946,1.6533561101455279,1.454613761434759,0.8689649310954348,1.5129253995046699,0.9934138857736092,2.035038314431005,1.0504397080611698,1.3317589806584478,1.6282181319075792,1.1729133189058374,1.2371537811445468,1.544707934438465,1.2836410749198297,1.4299393987355677,2.1035254287478633,1.1473533202330573,1.094883552333458,1.3547745389994759,1.8584485156254034,1.7885705014834192,2.4683022215041714,1.4315766035936193,1.9206965932124993,1.342079336075206,1.1641111579631547,1.393932079519793,1.3783824646905265,1.7922403017219024,1.407861488846094,1.8703696018870124,1.402808534122347,1.648314448750686,1.1727571303603712,1.2402562681069222,1.5127159918665691,1.6651046055951166,1.404464711768469,1.1191201925134986,1.400837201353721,1.078391512704918,1.8641209777345678,1.5788872835524697,1.377954134857672,1.7056318111888313,0.6733418363721964,1.1631776838897308,1.494648455938759,1.5471363840923762,1.4777004988590239,2.322848847360919,1.3150999595412705,1.2092014064418999,1.9457546409204491,1.0858807020364276,0.8940640399944527,0.9873225190328899,1.3650927731437354,1.1935078426678045,2.349079683153079,1.6265035926932934,1.1575044294447134,1.1297441006394617,1.2609079566459604,1.3050422862937445,1.5287650237712425,1.4622357584688515,1.3820672162929235,1.730966738375304,1.5042127344834393,1.428505810632702,1.4936188065673157,1.7266997752859117,1.2210207636838268,1.343130337709388,1.332301279735343,0.8591011554291178,1.4818956698327423,1.4396984760258655,1.3383278586231866,1.6099612295543817,1.065706162861507,1.358732870518023,1.5696949839139926,1.1388588368024355,1.1798204681187479,1.263667939903103,2.00281503221187,1.224210216841594,1.3064232648089575,1.0446057591956688,0.9135349421309922,1.4339479764853982,1.4705217410404212,1.502350047489872,1.1638889890465247,1.70550938539084,1.170533845342745,1.197952917927425,1.3416720873486645,1.1102830427855082,1.394422509490863,1.4227469004065911,0.7041164547072846,1.11292743039991,1.0209546171239396,1.118263795518177,1.2587450723641354,1.733135442278682,1.3722131252583472,1.190374821177793,1.3878908279802524,0.9043445620542842,1.083971488229627,1.2768156604935088,1.4827891595588003,1.4008438343733365,1.1761911509558662,1.6221548166827549,1.1676284746287813,1.118832417199425,1.8563679430017392,1.5061679199259745,1.3765153842125482,1.1349361133367974,1.3193615912582728,1.214349734681877,1.298432367739639,1.096285081637283,1.199555989507646,2.108866458897406
46,1.8490184762184538,1.3879718271525547,1.390296683881735,1.3717846840399661,1.1456241805068654,1.2017254614263986,1.5052299701511158,1.326060017581118,1.324481967616503,1.6911931542824352,1.1713365939621294,1.3261347646074055,1.2524195458655412,1.1666342542244623,1.5817877546778567,1.983121899815969,1.752303084794915,1.4586144548711966,1.2271622962592408,1.45690952800383,1.4891217511672639,1.1516155045690124,1.6055005828599438,1.0420388679078885,1.2882991332821208,1.6179514730536628,1.2489452417237956,1.3770318696678896,1.775561336018738,1.4940002144672873,1.7926523955670683,1.2038807171441404,1.258308212942524,1.2613006813908765,1.431043126627535,1.201610691053638,1.2626998996447067,1.2939977718099192,1.5439321609871202,1.1826888048795288,1.5877881795664854,1.2626330770093674,1.5442524466713659,1.3888027804047824,1.1026457655567428,2.3777458231899797,1.6569552561159437,1.180706347467023,2.330523976769318,1.595352055763808,1.2518141827298008,1.3188010647538748,1.0372284270399827,1.1386084834931174,1.3904832475895768,0.6477521555480957,1.33932111556311,1.2983959542752914,1.506455195395129,1.5813610772154225,1.6788424224967375,1.129002495871072,1.773756089056366,1.030008419807835,1.1242856879527123,1.5807213352074942,1.8414261687460483,1.3703484712307312,1.3997548494941021,1.3654557728179157,1.3474758336123618,1.309663222137571,1.5617634123901258,1.6812525193986803,1.4490280836765799,1.1274268777167755,1.1965577942179182,1.2879172445461247,1.1836080155493625,2.214169979217427,1.1058480437832012,1.1197016663049992,1.2166099325661184,1.275483217800526,1.7403363555541325,1.3987469999917308,1.5551697614451754,1.215498378454222,1.072300210919006,1.2176452868732863,1.5267974420798218,1.3071177724408045,1.4266731279172518,1.8645884391636964,1.239914454388936,1.3348754135609489,1.2258896981892748,1.505675569659402,1.9737027303570231,1.4088777593902935,1.7755211214744802,1.5443644694118048,1.4651594419342837,1.1838824900861473,1.191487081698843,1.538208546160869,1.221323582117721,1.5342332206267049,1.5116361830657734,1.5613156082618178,1.1323349790096893,1.1880024699671055,1.4510739259775773,1.5526798163708853,1.2220536244285074,1.2341694973379318,1.4517820746839303,1.3324102255975925,1.3140634319277797,1.4640103988708557,1.3117118097366902,1.4205047102908561,1.395094164182697,1.1340089313898214,1.862719874047257,1.5609077075028575,1.4284652702579903,0.422017589028928,1.412265018128686,1.2084711971035995,1.909782512103464,1.228411224296101,1.4242904288108664,1.1877586154535686,2.173870354834339,1.1758808308342976,1.1386219551472012,1.5517728230521077,1.239076498667349,1.8439573422519375,1.1196586832099404,1.5203103631897226,1.141618329466251,1.609113189900384,1.9638180128843716,1.0767688955707915,1.3997086395969656,1.3171358504767139,1.041247479520004,1.2776203248523368,2.0803981003580927,1.6689903575177913,1.3758682749205706,1.291003999577815,1.0832692809761852,1.3343255037157022,1.5961423333713083,1.2580185485361246,1.4023699071630285,0.8837334063171458,1.8479008012941296,1.3010061898713892,1.4547072812569892,0.9094041885338701,1.2374413992555149,1.2259831544621926,1.0725933437941353,1.2159239598090752,1.651655572949009,1.4670114694441942,1.1737368892816493,1.3413753624451146,1.2695517724715084,1.805273936220488,1.103200216140396,1.287866500413572,1.1836502764925718,1.8032542288538098,1.4103826881650412,0.7127601758142326,1.4682802213390753,1.3161446954696063,1.3941641500629134,1.967598573775412,1.110495002933611,0.9983224929887495,1.2856803796663736,1.023739015127635,1.7060266564461712,0.7030355952547283,1.5758842103907562,1.359162601501989,0.49494036533389346,1.0616074536237026,1.2620259081314287,1.0685530129923138,1.5169377397992307,1.4356066726147922,1.2615046071974854,1.7431548486881898,1.2372387824037638,1.461184496994788,1.4455854775996202,0.6613449916038263,1.2588158275113708,0.9180931226942447,1.398965849309473,1.28456516009311,1.6318637535376506,1.3815387310438416,2.1345426893083568,1.3674156408963638,1.2345298030656982,1.358531767559751,1.4714765371556755,1.5325547508698458,1.226206034535722,1.1805942798128706,2.0237732821148393,1.263162690190955,1.2774218709206249,1.1486626393229669,1.0599583418014014,1.7990877902954727,0.0,1.3993588744773282,1.3185399338085315,1.7112703149320294,1.3091590153107056,1.0909150329298907,1.620781166294034,1.683136331119494,1.6197174226023598,1.1192941278903765,1.1764114304836049,1.3886626130314574,1.2286768246632978,1.4364175946059055,1.4414466169544045,1.4617094220639202,1.1377239184880485,0.6991545617976964,1.0646897963451165,1.1489587991595447,1.4200426137395636,1.4660903207255624,1.4418476494425414,1.2340097727619577,1.113859640708645,0.9368250132488839,1.3158816966170606,1.814888084040323,1.3074914632030634,1.1535782170035518,1.991561902300436,1.3577946749494898,1.46726950361173,1.427648578135596,1.592055347707463,1.9042638489806603,0.6595820553586289,1.5843271776737824,1.3015233172987468,1.4897325491273223,1.254955192124378,1.3243582402464358,1.494560864066889,1.2403587177497988,1.6210490342461927,1.5618452422080997,1.471528368630278,1.8807989240845315,1.5662016924764965,1.1335404563536522,1.6494274805963154,1.3515602303583791,1.2431890975486266,1.5354405578999448,1.5691201098279781,1.022130607903808,1.85709201046165,1.2379081405910466,1.1482185553545,1.4270116287829073,1.2480487082963172,1.1409345465855487,1.5090956846976238,0.6377885578257475,1.6179509965448338,1.418355234243857,1.3100698882440833,1.1092828000845198,1.3483517693453742,0.7701221684253335,1.9613832570006984,1.4353720674820367,1.5210577502119764,0.7025564833091689,1.2639990384098954,1.205055545593859,1.0446931775880808,1.7269077580391303,1.5037315899330306,1.2939799002755918,2.141479346102073,1.3642538790570178,1.411447978152644,1.3620865125164185,1.5529744722804226,1.5030141588977308,1.0354824339116917,1.506428923249674,1.891022254612003,1.2504916534633317,1.5239589127317368,1.525267492504385,1.7507344396407418,1.450336078782656,1.0839008587180237,1.5122566601959613,1.3703494591053655,1.5494301911296027,1.7452260494809755,1.4047327606740958,1.8002650170027747,2.1335448576375464,1.6089166599772249,1.1134289232147667,1.475376165222784,1.3076670613270958,1.429323979460033,1.627310760011367,1.2530211388874355,1.6671487766871416,1.3031617731567808,1.4306370629930476,1.6255875058817175,1.1775199512021821,1.7398762583532905,1.1595078168722075,2.0838847492909514,2.2869616300766835,1.7310265251450918,2.527085580901483,1.3275059257350192,1.6426295547864296,1.2300320706066028,0.9736852787166833,1.3825366609689367,1.0554813166983883,1.5789828255617913,1.0867873013964546,1.4459795565633122,1.5543766421247986,0.9866809377233856,1.7553250147314383,1.3542881989157671,0.894707567598775,1.226371332200522,1.0435052702731997,1.608718603461738,1.0369288866911979,1.305032075409723,2.43113583754864,1.2935814841730182,1.6325539882037263,1.0606498191996292,1.355801120152708,1.4544477433528695,1.4212580803741215,1.5035996299601306,1.1167498660116122,1.0398556200534173,1.0235534155575907,1.7946935070810786,2.119733715150499,1.5077592697904802,1.5458040114672262,1.2249487665372936,1.3449506093460337,0.38083940185476967,1.6972888724655344,1.5330703091758755,1.6802325593622693,1.2021711894409621,1.5815425323496866,2.223907645432903,1.5347362194884095,1.3829316244475147,0.5796129319090857,1.376611577699585,1.69367988948845,1.4520178129350436,1.2761748855219563,1.4839079498331134,1.5034767372021367,1.331145483047715,1.7384612662714827,1.2312481837250708,0.8617574138733621,1.1029249847395322,1.8619102138578119,1.3562682112280742,1.9031702484647253,1.1930477769906989,1.3418547051153535,1.1449396475311096,0.9937496000419359,2.02287080282647,1.9564385712173649,1.2267313122399575,1.3350600696231767,1.6588389851485026,1.2125311007521746,1.383453817980871,1.87643838364089,1.4358951514484213,1.675499710055492,1.3888738402836969,1.6384105111242016,1.5441547024617202,1.3292490752544581,1.1764643950203473,1.401312440876763,1.9531684219666077,1.1758335172132943,1.5741400813446118,1.0812950348574337,1.6763995527924105,1.196595561364635,1.3890402810300087,1.1837079262959476,1.2985131917066939,1.5710282943903848,0.9701070575611208,1.5634784307472764,1.0879940361162532,1.7925136940977628,1.3421581912871132,1.240274700541374,1.0633942454662533,1.1055442239049569,1.355814067631326,1.6281900083377572,1.7148642889824397,1.4546421234805167,0.45577428330505687,1.6893397993843675,1.191013507492741,1.2083073582234696,1.612713333682029,0.9433726337302637,1.2968564476977855,1.4244152598751971,1.131252850723163,1.2554122915389057,1.7492277934528757,1.2716614273621705,0.9451834181414667,0.8986473101959295,1.9440619445035605,1.171623415139635,1.1074781053280427,1.3850568944707629,1.0519218004778252,1.3704193052550582,1.6347158942030742,1.242422642122883,1.3135777205784613,1.5323890818840482,1.290285595801014,1.312334002185015,1.4881156148699684,1.1027511266867807,1.724662970117811,1.3371631093351286,1.6686402088818448,1.315000277379053,2.0182410276970337,1.5451724494893329,1.128826278887692,1.41689178203508,1.9005956126527876,1.181093182133168,1.541137204736806,2.4130272927595815,1.4922415845233914,1.2314283195082991,1.4649178335651245,1.682299255111121,1.2908344802257616,1.1235281208215486,1.5203955232833688,1.641096584144714,2.122936159569673,1.301190042769401,1.0280638896094454,0.9869686877575716,1.3472593439750908,1.8948439817634342,1.361660925824874,1.0858523153594992,2.070032230109331,1.5514108728871512,1.47470634508397,1.037166199537042,1.2709519132926577,1.506207792093766,0.7216040760527618,1.2532338027049277,2.4226787220819292,1.0348268851257383,1.6652659823085656,1.489920388400838,1.0851641800147196,1.6142207176425423,1.0913633197656871,1.2373289792138509,1.8301652568859732,0.9866311605538398,1.349732251074097,1.2164151241521566,1.3454683631760902,1.4855230743171424,1.7865149121696229,1.8391221563528397,1.4707923323531125,1.3436970583711718,0.9487424445316975,1.3276142818616163,1.6274022999144857,1.175039200897614,1.186605716924083,1.892234291865536,1.2541988930460335,1.308944656973579,1.4783029618972199,1.772112770309549,1.4411192764273582,1.468117181860622,1.3659522557685424,1.54443159861694,1.6442367635870465,1.0825347828858884,1.195963865594619,1.1763147777319853,1.4321410544390392,1.5649535246739257,1.2637231846562107,1.7380148759658316,2.0036016061665314,1.1975808361274425,1.5106738980643764,1.6314724511114154,1.2865984404987238,1.4496826861576166,1.6279830970323454,1.090429039845994,1.844289210206465,1.368954305906886,1.3354749627892906,1.387810841806503,1.4135991032748847,1.9616421972623517,1.1761664020384837,1.5307995201048956,1.4807316662029353,1.436159229289344,1.0329363821660913,1.0961407318088172,1.944680244697805,1.0449097831151875,1.6828634954614823,1.299063409280669,1.4509823161089077,1.3100315431138918,1.2279408685250432,1.5895885478954273,1.5405682335268325,1.5804047661035978,1.7236147938927304,1.3354074973166803,1.5900736194700844,1.2869344282705006,1.4408876520246268,1.212040319056637,1.7997846183774593,1.9570588912031657,1.2968191865532808,1.0357350487520194,1.1583564750935498,1.2543544115947758,1.200928904720179,1.45363117642159,1.2443058008212602,1.0974598695080608,1.3983670384611693,1.4225841561308572,1.020196687921633,0.9153832787421131,1.2262904523035005,1.0045948782345213,1.3240482973333174,1.007882458739347,1.1157625233647879,1.4016085875481672,1.5696888346560778,1.378008822270401,1.0242284509079567,1.2729195412606042,1.0542099366924562,1.156628646028929,1.3619451783661274,1.712630834392555,1.7368102876725944,0.9302011982698519,2.156711694298946,1.735380218336219,1.6343795074732332,1.5739882758152897,1.170208585165872,1.1488510138229773,1.741617799585866,0.9194894903106111,1.392656256174285,1.6575245495158686,1.4496890916947758,1.31622791412993,1.5811669037806073,1.725345392625952,1.2502376417093828,1.3089766812520276,1.348488482067195,1.0100119501901652,1.187482497391482,1.4142202760198317,1.7074849812878334,1.3411819482234868,1.350985072780831,1.142898766126331,1.2791707448142504,1.0762475886081249,1.3397038015204286,1.2658725967788946,1.4022060308218127,1.7524249246279007,1.839377005991688,1.2456752911363254,1.3363709239700128,1.270668740570486,1.3810404086014214,1.2148874216485697,1.4557573204563732,1.086985137254957,1.4335952115796677,1.1811748999751281,1.1553432937145856,1.1859563801083033,1.2569673117590558,1.1591062778508732,1.281159227882413,1.4748439441970889,1.6338509105341934,1.5272979898989276,1.7885403246456946,1.5605998850947271,1.4228627681915054,2.1693844725580043,1.2325155135056,1.9485802042789064,2.2778652507796346,1.4046185288584385,1.1590731357951203,1.0346159179264542,1.1021910252553568,1.1845661758077564,1.3434477101901325,1.5706692706077148,0.8909686255371525,1.487522926182887,1.2119697869455361,1.0067090775311476,1.0510553287485824,1.6451366191311487,1.9683207908472524,1.2207722394515588,1.4757689623798396,1.6774717443082112,1.4897900275042488,2.2645024505068685,1.2879212387839527,0.6718997275302764,1.8598378879115758,0.9677477096589724,1.302590355120476,1.7744865234692904,1.3440876890637763,1.69430017328343,1.2043441032161415,1.2070475466714856,1.276216311013098,2.3757098213751484,1.2303766494321273,1.222471612555063,1.643887559572762,1.6652095431404783,1.3125855938127589,1.248139893906942,1.2427443028280387,1.4793116066158352,1.6507353974732801,2.098584582085169,1.2615523524391783,1.049958578074723,1.4076895136373597,1.0362764798885455,1.445364271102519,0.8489628168856063,1.237981710715424,1.4410175381293295,1.467704219461316,1.2566852472242498,1.1214666864179812,1.3569604362459624,1.1658250608121703,0.9658140747110694,1.0938210540455504,1.578741557543963,1.5736380415217357,1.7298921569456782,1.435678401867317,1.7509183904660066,1.3824915144911816,1.088357318715154,1.637767572231562,1.0818995658475237,1.3927170888677693,1.6436175123491745,1.1191029528745153,0.9625078778678808,1.6417563634962873,1.597773110022145,1.4168820199378387,1.2316186651538346,1.5981343402626331,1.2436568310756826,0.8158490675368202,1.0691781018364692,1.1469922444488607,1.2972099112384647,1.5519556382620308,0.6737485722463752,1.1581594641671593,0.8683348717348207,1.3701621064010232,1.6262586029674289,1.6548425637238646,1.3536455472721018,1.0973255895514598,1.0208222035775045,1.2086365665892487,1.0551916553879586,1.629112098947144,0.7824500626806482,0.8191475442950635,1.4421054335564247,1.3423426162193401,1.5468247149483352,1.0458838103927688,1.9124265428274407,2.111386518768633,1.2901687705592992,1.5125996676237907,1.3930970965093108,1.6290501146633154,1.4512849993439545,1.7724667947332864,1.056896598443971,1.2128922232777133,1.596145154159172,2.220537393611289,1.4197545489686494,1.345060842842428,1.273279919333787,1.651950246238484,1.169748686000664,1.2992577361021966,1.3780431377760085,1.342618059782094,1.434166546433401,1.10104055536762,1.5409700942440439,0.7638159866819298,1.8154406630424225,2.3323378562470074,1.3357938338783457,1.2588841317191428,1.3398241624051346,0.9376966979528687,1.6462117350924943,1.238506963530606,1.3181896712110963,2.032701818118104,1.620817920790028,1.5137417529305641,1.8149804755171712,1.214210205967773,1.2350455699614238,1.427480025892912,1.338008398817886,1.3366554685470853,1.705834967286858,1.5316843173498216,1.4954580601114917,1.4186637290304864,0.9741980025589123,1.0927352247791626,1.3087037133486292,1.5833672533720389,1.9406192746767144,2.4388488600837235,1.6980549670063685,1.4856288484090783,1.636231528521097,1.2226531292468694,1.016802976584509,1.20964488128,2.039906376252724,1.1562530309517816,1.3835186563644637,1.0156053892333423,1.503448305640237,1.4339854681622464,1.322116359182584,1.6235289494517064,1.5363819867230986,1.7739077335622662,1.4453004732415944,1.3514730660842111,1.356253910325203,1.002829603065551,1.3896762408675878,1.3912675911384667,1.301734009944863,1.3624057899118354,1.4933722230965139,1.1676976685463918,1.4565259943453008,1.6003200678209004,1.6122562651528682,1.5150955225502465,1.8200183180116194,1.7055793876212202,1.1897465700803511,1.3809476467464765,1.501378883537448,1.625020206954221,1.5866363363566485,1.2543574688486014,1.068179569970329,1.2406228779014903,1.3005565408293442,1.1840995716266873,1.3391656080976566,1.1364938530708897,1.5227725246807364,1.1205753956825744,1.2461688974083427,1.6864955918174398,1.9220957728975643,1.7609135010112893,1.394348957565474,1.0304317265995067,1.57435747166012,0.9860916901206891,1.8598135017368969,1.109383081734295,1.2810362483043964,1.301556367671399,1.0156290703358608,1.237510809966505,2.0574135830941906,1.2946446313993005,1.3554926434383328,2.068037550221585,1.2097340423461642,1.2263523457480234,1.4325254416332247,1.6774845809705266,1.774294986594013,2.369900158525033,1.6616668194074893,1.7568590106467052,1.3359973407062185,1.0577359733773959,1.3661908254120108,1.5071986779773745,1.5995258515173272,1.3708072717724316,1.5754245687874364,1.3734307619189885,1.4534857945529214,1.0945213994935277,1.1793783156898123,1.4559143453317331,1.7101629429601894,1.3118469436762477,1.016024924561839,1.2605412938952572,1.1450714645355435,1.9695585533741464,1.3692596910363815,1.3190319850129617,1.5430206036792251,0.7392660876298381,1.335568421129632,1.2285880832580443,1.4733380279294108,1.4431908422895907,2.2277707788352514,1.4039120126512588,1.1159727197636389,2.0088551623745294,1.1162357874321764,0.8778396373443527,1.0453943065711937,1.4649880946032885,1.1225505229728312,2.26704308183552,1.768085510646042,1.1260130493292113,1.0803305516633377,1.2922560427011465,1.3901448891560084,1.6038372067702837,1.1743483074520507,1.1173300587038941,1.6089508777973844,1.393406920225346,2.5838675705289518,1.5427055792664475,1.6651825342785476,1.109010980995847,1.468524300906134,1.2320109467995775,0.8806275055803643,1.3629044257571685,1.4648145170205438,1.403435635616768,1.4317007810619975,0.8600808511447198,1.4408007072309585,1.5387906294363853,1.1300273457941088,1.259745808209562,1.314946152322989,1.9191918994198978,1.1596504417705193,1.41433636970189,1.075108431691151,0.9113243782793076,1.3350821053784612,1.405513532404845,1.4208934119345988,1.2288661669719798,1.4790612678405144,1.2610912220094772,1.180604925856949,1.358640290607914,0.9473343392845258,1.3725016378557697,1.5450288185107837,0.6209296308176733,1.3035603848374056,1.0835420635365847,1.1892437454040108,1.2998455782203902,1.6899937985554203,1.2201472139676839,1.120525574916859,1.321583476076664,0.9200840533074437,0.9163019740947987,1.3025497879494292,1.6303725424933158,1.4877317519016564,1.4115846204464073,1.543468208161827,1.05299151969218,1.1725872221312739,1.612458686219636,1.4362343043023857,1.5509602807296394,1.0936359186533748,1.2127892893855654,1.3835968187074,1.3813843807493944,1.2723924485843976,1.2894604416414266,1.9949657182530163
47,1.8061204602102527,1.3039184531524068,1.350939634108998,1.632913507019659,1.1068405554811187,1.405265482309148,1.4287708013363076,1.4606866495983868,1.3585990878483134,1.4725930043981674,1.2351458762341658,1.4996460371150342,1.2822495708916846,1.0962905336249262,1.520823476624007,1.9256029961415873,1.7256351324843515,1.4988582746891648,1.2307342005377135,1.4376745160239017,1.479491797392863,1.4091569387601228,1.6459045775368266,0.9837401093473486,1.393864580128603,1.5299327248773518,1.2664570971042965,1.4185210999366675,1.673026135966575,1.5024287063005874,1.8592747545057522,1.279997469935685,1.2081127562411638,1.3189725110523074,1.4039371399030953,1.1867675714487713,1.2710742437424507,1.2462454930257472,1.60022354378737,1.320850218361402,1.5122106533475401,1.4126991565384401,1.3670682763896267,1.382190955295452,1.1273452799004597,2.1339899220898797,1.5731888625036596,1.1690340651587585,2.437207963405722,1.547492856659931,1.3036584104489504,1.5012573823629518,1.0793804052359768,1.247966123804338,1.3951321038280033,0.7168605346039701,1.3709668956740768,1.3271028392722204,1.4000948884692024,1.4585061860848911,1.7480582171615449,1.186559264576719,1.800711799302345,1.0167157856768434,1.0366829558222497,1.743588122920893,1.5668001082553134,1.398426083884503,1.3270104449303908,1.4737320601933313,1.3841514839339428,1.4459829289200272,1.4385346078458758,1.727789107729569,1.4801209753611808,1.2578924599669203,1.1826700797952912,1.2153993584197011,1.1756899308918303,2.1134010918716837,1.1344253078892534,1.170679236864116,1.2260465179294746,1.3156089532975332,1.9156560902363249,1.4878582573789274,1.4022691139536219,1.1471026250804042,1.4995378020653827,1.2328935988469523,1.5845978652615191,1.1242707934968637,1.4555272032046402,1.8342782858890396,1.2046148558935292,1.3504794325328162,1.10709854721288,1.4299612755025326,1.9603433878352257,1.4840422366340529,1.7158899800280867,1.5698718936290472,1.4204724546774954,1.1210973441416026,1.2464599436115298,1.5022760307895506,1.2816034134782768,1.5803645998905684,1.6054034381587696,1.4827642981969702,1.1064316596568555,1.1317807022207096,1.3850103732304195,1.2419663992935521,1.2120183214395164,1.161074158372084,1.4563631716562822,1.3451377897320256,1.2501861915178543,1.5545771734866314,1.4173529680204204,1.3574807381846554,1.3369885936340002,1.2669154336264699,1.6007469299853407,1.6355396666488298,1.4348025431487592,0.485884520482658,1.0290433180173222,1.1336968467727035,1.8297726847043636,1.1909789791079726,1.4340089631060897,1.1906986867444918,1.9252053245997809,1.2130946526229234,1.010323940188931,1.577438236965319,1.136925801056033,1.7151699625015195,1.2684493204484752,1.5460818106583067,1.1815159751263153,1.485036009955628,1.8824006956666124,1.0740143761165695,1.4068745401293747,1.6287241496146643,1.1763118859927335,1.2925376142315956,1.9269291590848823,1.6313141132492899,1.3138011068315372,1.2699834283577354,1.1240266959222283,1.4236525977640184,1.656569599873178,1.1566934412125338,1.5290905801995873,0.8672142578396284,1.6183515210597177,1.692228524702051,1.558538914920104,0.9174679969732723,1.2338150934941086,1.243303160182208,1.0414191358671834,1.2732419868562421,1.6048281556540784,1.3550408311366446,1.1210530101493368,1.3226826252715003,1.309910220574281,2.052580769973485,1.2075367504986914,1.4785159066439706,1.1006778498939167,1.6955250240810276,1.3490816207192986,0.7803628636154452,1.4754661901012398,1.3190687183784413,1.5051381908756145,1.741051322443009,1.0455022020181783,0.9199322956490174,1.305299806074667,0.9444743793435606,1.786078899303777,0.6112930366867799,1.5603204491105995,1.3333247596198246,0.4269344281785853,0.9650716499082214,1.676618448491508,1.1129459185076567,1.5316083179180158,1.727803704719408,1.351379570288474,1.6526691979765764,1.2428005209833475,1.352151513621815,1.284555016191528,0.6610548728437914,1.156633223464854,0.7711716479080184,1.4220147859668963,1.2472980632569062,1.6715278398818398,1.5752762169419916,2.2987498856114676,1.4268991994872575,1.1937314783558843,1.4519423946842211,1.6122632219969288,1.5151436262680584,1.2844988471778487,1.0760891755166615,2.105458498603201,1.1946881685948818,1.2678311371244413,1.162342344791588,1.1615136994176867,1.681267150702093,0.0,1.364809231388496,1.243130991818116,1.5519381924690894,1.5193643486652704,0.9709830288877241,1.4964182561092578,1.7343975268769223,1.697657246453057,1.1536328538731913,1.194236426278683,1.3088929000317016,1.097246634178064,1.4323157206541233,1.1676909023587085,1.4659688366932289,1.053602630581515,0.6811197061539516,1.3319210248817537,1.0442018043722188,1.2784972541185333,1.538991533685309,1.183025797052863,1.3877715507126909,1.2617841445062168,1.1530516066145957,1.3704759596443754,1.6464079310431403,1.314209314008882,1.1845662543284996,1.8839610142106316,1.492582925503127,1.3988652410740126,1.391293224568852,1.4504333291659497,1.7455938905711894,0.6278964416185672,1.5123500768554223,1.3278042254968887,1.428116185274442,1.5259535481093451,1.2592583242018685,1.53075770501578,1.2808946838650348,1.5015728386440101,1.4582775782529398,1.3693427955949447,1.679029355171549,1.5670906012522816,1.2203435608741369,1.4380760488974165,1.2902708100883817,1.246654942620052,1.3573925037514472,1.3609231891542044,0.9988662120582075,1.7862093552936045,1.3073623838265243,1.0304047775495717,1.3405013815398947,1.0904728205980923,1.1286364585909325,1.3784408840666547,0.742969880225935,1.6818439484301435,1.1096236638495784,1.1826952197158325,1.0669975042089899,1.2275458625286575,0.8216855579162037,2.0204587490061816,1.372979301906031,1.5034441254521491,0.5748423831716045,1.2094884090249698,1.3338055447891102,1.0466362218409273,1.6257087176284124,1.3180134291316012,1.4377278858858724,2.050336060931861,1.2913015989028849,1.3263515349122679,1.3075690463567626,1.4960715404939355,1.6200236206858603,1.0120226168956494,1.4168465662633722,1.6357913694924775,1.2957348027988367,1.3759821334060902,1.584394850434561,1.6450128538357727,1.5760929153451033,1.044470889752552,1.5859822230162643,1.3978519457235692,1.5425549289903748,1.7414742405462165,1.1073475284021776,1.8651180276709833,2.7275073600681146,1.707930708631404,1.1959309498279163,1.4370760501364164,1.2636808637581356,1.3689076756410825,1.5203694419307132,1.249698747179269,1.6355451125064668,1.2793075523617619,1.3736860739760655,1.7444728871464021,1.1972520522876295,1.3869463242188016,1.241674296453114,2.420348130973993,2.1137210138633655,1.6666112506560993,2.3923012942693487,1.4052851420851904,1.507085956157489,1.1124280105225046,0.9398667686408974,1.3586336165787234,1.1799330226196454,1.6171519945762607,1.2143725474914586,1.3832677730536156,1.5142642552314174,0.9058407026921305,1.8030857566211151,1.4422520813019244,0.8867431623185691,1.1870062441017146,1.093139728087041,1.6371505520560516,1.0328886836076039,1.2432140956576372,2.3235034034973983,1.1740023571000844,1.5094055749765811,1.1148577726826672,1.1767344068527832,1.2921311198863799,1.4476581019408241,1.4035420675859387,1.3154468695156947,1.0224215711297426,1.1310234207640524,1.676088177029615,1.9510556583785914,1.5684243078515907,1.718649204213951,1.1766251068730869,1.3111647372552657,0.4064619133332861,1.5328888206860602,1.5569338174445586,1.6973406047494752,1.2228754362900298,1.618680960347918,2.0227723553977572,1.6158513885111012,1.3755509982912306,0.6551720415889402,1.443904594841137,1.4344254854860858,1.4190843781985225,1.1825489084599723,1.49776170502394,1.6596960066164264,1.2939373958047087,1.5895472705791291,1.2634642014964708,0.8977677100018908,1.0385078007930106,1.9052900793508032,1.5078064588404794,1.6635714220988334,1.1952883500361937,1.2559331029254364,1.1961683700097288,1.1197490549137519,1.911828829074122,1.8756663658010888,1.2134543167803598,1.1776091931939383,1.6423234227729666,1.39080828757531,1.4677186934282282,1.770359457597485,1.2852867826603873,1.7530997203622012,1.4238981222707279,1.6620553596964631,1.7395703118665071,1.2500592350318969,1.2006022434198345,1.6315906331432144,1.6606255252468687,1.3003582211251272,1.4082392066028098,1.1742517975753195,1.9175167852695303,1.124052908385483,1.2766357819532166,1.2356424419127223,1.2664642517333717,1.6303368611951738,0.9424485058164409,1.682585864240615,1.1705581025093283,1.5688169320547418,1.3558774213066542,1.3067532732220672,1.1067315916224065,1.0473294784469689,1.4468734316980638,1.8909367339116454,1.8087973507529624,1.436124638387116,0.16711723550692095,1.698616028339613,1.1667252968467223,1.174047054895266,1.6655009778950354,0.9451163020200641,1.3611473050897365,1.4353586876622635,1.1876429936871267,1.200732977611732,1.5390839168054111,1.238086404607885,1.0231594563092312,0.7688927220953459,1.7072072549286623,1.2381572326976653,1.0531440159594805,1.4597003978851353,1.1055709333802355,1.3593597859835598,1.5721254200933565,1.144723957438819,2.0238477988394994,1.4389880750442106,1.1692783941243214,1.3571011484679771,1.4678899557269387,1.2391747486676716,1.6837263251237318,1.3451264470135258,1.6872572888541502,1.3355702838320322,1.9295339291426599,1.4323879055046882,0.9908708106583128,1.3840842397115969,2.135065191375486,1.0732727001751916,1.5093822423842163,2.2479160569806487,1.4275839617957145,1.2201850060094812,1.642742152259884,1.6741835585307472,1.408945816418689,1.1738101972018182,1.3988584124388843,1.7619639790486237,2.1392734678598515,1.395695361189552,1.0284455015162972,1.0127360230639413,1.3689911711834069,1.7721299933468062,1.311921766870089,0.9282060893867001,2.014866642068685,1.4501794304105562,1.5877083916393984,1.1073045101174663,1.0605349217749656,1.598831180630856,0.7199653197422002,1.473276746968963,2.542561529235341,1.0096297930762466,1.553568148372927,1.395420611261097,1.1615527648962085,1.698716514272868,1.0670159065069642,1.3039064130284332,1.876036771881166,0.9377309712739995,1.4852449858723218,1.1725366519744211,1.4420587347794882,1.4555005582555904,1.706889726498274,1.5601588100789034,1.5109989670949813,1.3533549683117174,0.9877481767082722,1.2181840520290212,1.6948340769356043,1.2987951014165051,1.1849179918632888,1.8703010407413565,1.1359741476003182,1.3277985916348236,1.4420068096398602,1.7145448356748219,1.727487316596033,1.5718647921498456,1.3729464317639857,1.2798562920637169,1.7123269776434085,1.0891141116762613,1.3493073829418551,1.1011191316190994,1.419023108429182,1.4566088148101521,1.1640155680377973,1.6550007511545413,1.8233817793114837,1.2171695135587077,1.5425392053717277,1.5776314830432814,1.3586704700791359,1.4330639212516756,1.5065243395978354,1.2264968468408195,1.4509173046902166,1.4164602060385185,1.2800973916313996,1.5185864199441528,1.5004296298335045,2.0504050999453503,1.1377994632653516,1.4375291879252643,1.367691635332679,1.2435235340383906,1.038372055068174,1.23450706456308,1.8828387311478556,1.1292807460379586,1.8118858866068799,1.136455831185354,1.4361070916414367,1.2044713635970292,1.1922501068624374,1.7632023630372613,1.4582889320085521,1.4400192724006997,1.753135846642418,1.2315970800332092,1.4005396624409754,1.2964848946507623,1.457187427355644,1.3099931610419975,1.8263104402884272,1.7979283498633092,1.3450698601915332,1.0558342065770543,1.2962954787598369,1.2890097303533645,1.1591895753450965,1.4666117600968707,1.27369543340365,1.1668590140904636,1.5451538895654209,1.3122832131958828,0.8803102417715603,0.9913987699028901,1.2627163083788115,1.1560574624026345,1.1585579131402723,1.0413472534151587,1.0838756540357504,1.3613107746647684,1.6342223010290917,1.5603988877121826,1.0372040920758243,1.224980239987472,1.4279728068343567,1.1758774830749883,1.515589293794253,1.637190572481101,1.5732496612988764,0.8593119968047245,2.250633837159919,1.5023013297059762,1.7761659768152436,1.494550318694534,1.2151870553167512,1.1664577422546663,1.8367927147243197,1.1444623983011255,1.429007646225897,1.6400279870414023,1.4541699127104768,1.3604524134870801,1.5594051327629672,1.7467200592328267,1.1753742212325107,1.2142603626253972,1.2994094911446044,0.9678488457348062,1.2233672290215756,1.4435955900221513,1.7170041863840095,1.2976008095546008,1.4328272881108384,1.0985404187015195,1.2459113977753913,1.1249416141944892,1.3458470692636404,1.2600867339687558,1.4066260424257875,1.9480292148881444,1.6077623365358273,1.2307408308729473,1.276694723812633,1.279585746092592,1.4892728408017508,1.322571787194988,1.4635260759017323,1.013071596469083,1.4664875440719736,1.210592978862167,1.1431786331288856,1.188054034393526,1.2453309516492443,1.2318650374711682,1.1910340903250154,1.4828650877638205,1.3630119065492887,1.4365856337078227,1.8669912402552031,1.4370157420691934,1.3396437972979782,2.0397099077379894,1.2352836178903035,1.8910275013684354,1.9240948378843057,1.582216509905681,1.2431413996264207,1.0166793073303995,1.0849622851773417,1.2825578601267786,1.220619929482004,1.5509211617868142,0.8445141416169419,1.6640025200539086,1.1467294021825658,1.0819837451983614,1.3306079937668696,1.635533512777605,2.146680199903985,1.323614442538339,1.5435876667634365,1.7670883038476461,1.5467242465636186,2.4213131511185795,1.2541003013584875,0.6776564827580863,1.5956195641350759,0.7126159354192374,1.5322097925278173,1.8270650362836967,1.3047492991406875,1.576222496652298,1.3358774148606336,1.2405649259498013,1.40903122329872,2.1062252084538855,1.1783095891156639,1.1770812849652597,1.689973431854347,1.700323624155286,1.3772477048727576,1.221730030739612,1.3233705946922878,1.495400377353074,1.6129067968078856,1.9151072222461214,1.3193120552092723,1.2066721829730223,1.403990499506238,1.1342248770612133,1.1999220807072422,0.7996173637519115,1.1938259124149875,1.4609633896160554,1.526260390147199,1.4143104022267108,1.147457597517926,1.3719633449358268,1.1563565333199388,0.9495376446790839,1.0533149285547818,1.5060567645708514,1.439011182273381,1.7282001042734625,1.33272730892633,1.7441183963067672,1.4072510450155231,1.113925614096917,1.5651049655873306,0.9853354423273109,1.515530103683044,1.805198622526614,1.212236383176221,1.034835422599195,1.6251406900057341,1.3010845474156845,1.4432578767949442,1.130143930926891,1.4873491039654387,1.2328795608778957,1.2618226127973209,1.0568565820954996,1.085782112985048,1.4578340276376165,1.4837408776303058,0.9510979007974902,1.1244337939089442,1.0903164946523456,1.4148126500187768,1.7295592693207615,1.603944536826867,1.470311882290792,1.3053891735302505,1.163555422455409,1.3200612401412297,1.0234268001951579,1.6455908232655339,0.7545871880546611,0.8898356826101192,1.3523078122299321,1.4517790232399697,1.5091633504096198,1.1775021026445507,1.8572968825145646,1.9639268632695082,1.4012543629683551,1.6851971061334623,1.3800458562018338,1.6500630787384907,1.5408730566038908,1.7323227492556517,1.0328097681842525,1.2218517629240657,1.5627921491667789,2.037633273364562,1.3414694888093477,1.267115457028631,1.25993656405797,1.6469507331420767,1.0886456845058106,1.2978563280372497,1.3230964912461716,1.3921426940546042,1.4403156178731116,1.152126886180063,1.6661546365529352,0.8536024057265942,1.9581050473605557,2.0462645398058736,1.3227896601946152,1.2912294855463233,1.389201399508209,0.983767453865844,1.5727769480598355,1.3681907834477374,1.3356517046997463,1.9928978556605996,1.7768414287449783,1.3703245964789565,2.0038073601671185,1.217366527729293,1.1025238632968317,1.345912269115954,1.2383528123862146,1.3399071630429984,1.6702991649806287,1.5085703649640363,1.4713491093462763,1.3178357085049361,1.0410245789848718,1.1412777785742647,1.197962534190738,1.5376874022872438,1.9421396215098845,2.200606902923083,1.6498913918260805,1.4845287412715198,1.4165682615647603,1.2299369406761271,1.0747200287790353,1.2173706756800151,1.936037590726436,1.1619735411857923,1.3998789328020407,1.0803933165340642,1.2758856560549443,1.442107351143757,1.2555737716166824,1.5871189986454373,1.539028761466232,1.7350908199639008,1.4594427961292937,1.500526589873246,1.235176420508318,1.0410350059667535,1.4755560005098036,1.3645830363628975,1.3988221707975246,1.3065787765953563,1.4225791260359941,1.1481566478597505,1.270846550615968,1.5752141044094183,1.66022189389675,1.4804010636624865,2.081515796882428,1.7347525397058847,1.0104713496319264,1.390178850504941,1.3297459746544649,1.6105583044448228,1.5792921271357316,1.3184710414335012,0.9908130992958927,1.206622962456232,1.0881223867388243,1.0435488143816085,1.268821695222404,1.2551452992346268,1.5451207858077138,1.1064575240055419,1.1765331402429675,1.6112053339765195,1.7778136985637545,1.7415537938391805,1.3700245354413774,1.0205447333985063,1.596550479547266,1.1484982562327892,1.6188123687530744,1.1861314252642687,1.2559158048700292,1.1942254955766516,1.0009456476273906,1.2424520003730073,2.330786035465347,1.2350522452701094,1.2960370696206795,1.8848075473286385,1.1975215791484661,1.3436764744723737,1.5443391025188173,1.6304986411131854,1.8690750891925596,2.0456074882118456,1.9071199229589177,1.6799831081476597,1.5366448045341605,1.0290894412627,1.3384912540244254,1.5643018613302269,1.476775238303785,1.292898166887714,1.5589713259747313,1.3257072981799742,1.328187013362541,1.1025492064888167,1.4189550239463573,1.5167995876830924,1.7135805126081518,1.3388242856452193,1.2099556031611618,1.247681445659203,1.0571884073086477,1.9131134144925988,1.2564269267197659,1.3755534046341542,1.3518078318753222,0.8134267678500617,1.5520397288078034,1.0636484054897442,1.325042579558085,1.6180610006232892,2.2165449265776838,1.383558262698881,1.1424862348907734,1.9595311255907832,1.2368939233144907,1.1086708108713461,1.1317671753452068,1.5220374287489293,1.097750702253423,2.1126176170998314,1.8034578929411156,1.0861582573389232,1.0027417838687558,1.39950503480345,1.3327399311912624,1.5198743058188557,1.0381671240431478,0.9581642784986566,1.4977697398235252,1.2856819082705382,3.5041859191080977,1.6957952658968571,1.5562318636753667,1.0130083627663053,1.5767306739586293,1.1717443316093041,0.8788729830347302,1.2287581540301433,1.483141592609226,1.4936193532011597,1.3445437877852857,0.7739598931718608,1.4981292821449954,1.5534456966693904,1.2015448056594036,1.3559240373710073,1.2255276798874972,1.8053813033727912,1.123389445541556,1.4257553137366163,1.1854490091900285,0.8895583379113807,1.2578859939675036,1.3635163737335243,1.276300528797293,1.18971319808923,1.3220921342851528,1.3679978305722251,1.1610356534638222,1.388653375248341,0.871292219110278,1.321064735255146,1.5613522983780603,0.6693362796372235,1.4113768439981331,1.062145646661773,1.3215686598832836,1.2707508096415505,1.5417729307361285,1.204222795734037,1.0663235150405883,1.4599692188098516,0.8826425236241114,0.8306635750344621,1.2851668393547833,1.8263995393202839,1.5120474245884006,1.3906755881966464,1.4761604897702236,0.964028094136117,1.1098919476365796,1.3410430606743027,1.2832881735682136,1.6128250879852766,1.1762710088287194,1.1481760325721293,1.1836081030617098,1.388145123061026,1.4535463938360516,1.388277411294729,1.8917664062778317
48,1.7637173352529107,1.2865595366469917,1.3213770811958718,1.7318941044653309,1.071274474178009,1.6970293671093433,1.307483980028943,1.5709560161406857,1.3129854889960761,1.3752843287126666,1.3069954065025664,1.5958114686944946,1.2734250430310747,1.0833471778290409,1.4779258693066784,1.8948337040147067,1.5281337739562495,1.4244057532523362,1.2585170605655955,1.4659689283211994,1.452396852857094,1.4503814499550116,1.7006338908624006,1.134188518615455,1.4939422749658204,1.4085043841816098,1.3046721579283287,1.5530609507539432,1.5222640754261092,1.476613340778521,1.8726376654765422,1.306163168749501,1.260484159895563,1.3837411411974099,1.469514530555899,1.1485403906886844,1.250439472865825,1.2260807434402055,1.5851166937545536,1.338191885192588,1.4115587044757922,1.6224453757181556,1.197335410761307,1.3453511204852118,1.1501600686776081,1.749507264749266,1.6485796810613786,1.0866578633097788,2.3380401627623066,1.5060987107333659,1.3613061388098888,1.6062154926159868,1.1399246409407966,1.3325018566603224,1.3119548776784646,0.7798899244256055,1.4097184886266594,1.2040892513349577,1.3647602747498815,1.384193518188597,1.6752022291552588,1.2248973141868469,1.7630353808580466,1.0740644098716374,1.00403104388175,1.953590291344515,1.5538628843312319,1.3525300070683963,1.2690622131903002,1.646652152070812,1.151022614794411,1.5937430678975568,1.3918466557826692,1.7983245091006195,1.4704872034949115,1.289920344534625,1.1008821140046448,1.314391670643332,1.0820920561493814,1.8890887374469416,1.208404222992481,1.1914051106319032,1.3088560000495069,1.369859975007231,2.04556243153236,1.6240790719484393,1.292690581505521,1.1338378354232566,1.9586414294621202,1.238127499486412,1.460217635130201,1.1151050215264542,1.4307094761875971,1.945906058824061,1.206293582624736,1.406460538034816,1.1120764685582545,1.3720083558555216,2.00880663762056,1.4473740199752436,1.7088423787098743,1.5049697252358265,1.4509371619454436,1.1961385717555577,1.2989758243919778,1.4825877300151238,1.3446873250967915,1.4069753192952128,1.7176979515623647,1.4202059159151812,1.1013467743679453,1.1114466307798747,1.4719322658005314,1.2391582790863134,1.2574754215739898,1.1898625252423023,1.3083021342103007,1.3259467078092684,1.1715585082105724,1.6361808730757896,1.5029659069397487,1.263753348530012,1.289987311017323,1.6457687489939683,1.6103739582143297,1.7225568798613382,1.4439581252319846,0.777375595266673,0.8342441561048233,1.0756566603267463,1.782942182200056,1.0809725142780664,1.3393471541168451,1.202471188983254,1.6870791100767892,1.343757968317339,0.9570320325872357,1.651843961387996,1.0370328605172068,1.5512708427002373,1.3093591081664437,1.4428030139946988,1.246250971077933,1.4298097920738209,1.9252927363217593,1.0198630029447764,1.341096353291467,1.7393657319745128,1.2915220083543382,1.340274053495906,1.6805058316907244,1.5546522363955078,1.2964874120537786,1.3000795397985796,1.1611598839779587,1.5521061981552875,1.6348145823791906,1.1388397209408023,1.530483005060581,0.9385620985924968,1.555392994398574,1.9285984671454923,1.4869047408740665,0.9023590488770699,1.1657497562105523,1.2435293208620464,1.0767162663795347,1.2544525144927887,1.4526974045880565,1.2256122163701018,1.1137843739191133,1.3035628129000512,1.3328040364625537,1.8760549191120097,1.29829649490926,1.5076512019231376,1.0888135491811861,1.5955909596714553,1.3397285160343013,0.7554776385694498,1.3684499837134927,1.3473190168935043,1.5541748590637081,1.3639793023753508,1.0110292709220978,0.9649337326690162,1.3303631379600498,0.9841422334789827,1.7270941273703697,0.6435822557854581,1.5266889524562681,1.375611160050591,0.22721856363516002,0.9517831668596122,1.8703802343008595,1.0239386256053753,1.5293702951552617,1.7391989354013602,1.3875189781809474,1.574606578022413,1.156181549751313,1.330732502760325,1.334398869419918,0.6835194081060513,1.16200072019213,0.8533554303350386,1.5685495279978212,1.2653068649180805,1.591851189646567,1.7023221966559374,2.2206062059754217,1.5025302453826055,1.262194959581412,1.4528618320175999,1.7449358885300335,1.3820396725335597,1.3058279944476372,0.9989802473384669,2.1344294983091685,1.0649844891026337,1.1991681927635467,1.1944586121607614,1.3178073185994557,1.5309547720522851,0.0,1.3676530841031052,1.2547818677145404,1.3694084497672674,1.536229433597864,0.9430542757575581,1.413817285023097,1.6697474848108445,1.626412830367186,1.257331060588386,1.295840160978585,1.3021544170173447,0.9704884881807703,1.4049188606854832,1.0335729661944817,1.4161890957943815,1.0523269139797082,0.6285776753532373,1.5278795564619578,0.9736724791412642,1.250723333247897,1.7475490342272213,1.0186262284527077,1.444613438020507,1.5969876348602305,1.1307004374001939,1.293253933539017,1.416441881916548,1.3070508702144221,1.1771621350284738,1.6921238512852321,1.676981886042813,1.3914405091247004,1.3164132845260945,1.4287721975669223,1.5881579568264237,0.616590890252396,1.4602862317197494,1.4128590682526072,1.3693516572563984,1.9100212263072138,1.2382151456296646,1.4380031495041103,1.3126428701541788,1.417740013876731,1.3770990030712393,1.3036393938566955,1.64549663992423,1.5875453753489803,1.3487533059891115,1.396781254537764,1.2420751379661712,1.376120799204147,1.3750219162280928,1.1889291421705124,1.0275384264583978,1.681310001638217,1.3220126729635768,1.0767898406795429,1.2969963202809103,0.9967933664405109,1.0082198359728207,1.289662556058433,0.7271466887505786,1.5039226168819675,0.9573166029231037,1.033284369107653,1.0755761782524607,1.1660881659384574,0.7885574509482608,1.9651644729781321,1.293781004201428,1.4130099975501276,0.5048776861671911,1.257867487824054,1.3644067332519867,1.0405029619384218,1.5122552387436445,1.2458324612163403,1.364833222164443,1.9194173680202045,1.2092990812530957,1.4318888843027937,1.2703097846197355,1.456699444596827,1.7666610603084933,1.028423349293281,1.446984675505286,1.4856160567722847,1.4562924911220732,1.2971333048588845,1.7713277229072408,1.4445791417155778,1.7590277839257025,0.9301608858576863,1.630369233618433,1.3691369677852308,1.543038055540933,1.6048525470907777,0.8522279947174978,2.0622534534266466,3.3379489883078994,1.7273360923881549,1.4209907053392214,1.3799546900340283,1.201788904298481,1.3906839315959487,1.4892622166406326,1.2512486260660982,1.5305791604797032,1.329557143984458,1.39916373120314,1.9567456986934328,1.2502877873423048,1.1668073840477788,1.1719406008925612,2.3636386128435127,1.8848911955920236,1.6989548037391669,2.045819690311226,1.58043014904848,1.5085140236366206,1.0961783915189336,0.9851341685394386,1.248924341327609,1.088661375041464,1.6044367639167438,1.2283036943235857,1.378193634899291,1.4429283361423342,0.9735082801141841,1.7914645332490502,1.4637572535823031,1.0231535250403274,1.1256003882454897,1.2375262926600923,1.735602581301685,1.0804309144879438,1.17416443563577,2.1271275645831254,1.0804630110894666,1.2825023083299196,1.0786229211026246,1.0753363523940211,1.2705773433791179,1.3454381186590785,1.339734875008141,1.371185340120757,0.9821290111858998,1.2131113349887968,1.5515849750914283,1.7150148615872183,1.5750877644198416,1.8136217603855131,1.1488000611442675,1.0741319096245183,0.5940961027175555,1.4272366849287472,1.4461864650334109,1.5839719700493737,1.2290007067536624,1.5048599058257792,1.8897642022684011,1.8573242671540684,1.4074613169732988,0.7563645416996152,1.5430846547572128,1.4462601269281288,1.4436071331763747,1.1480035970046725,1.3478191257086574,1.6601977367337484,1.2795619440099042,1.4852960737681382,1.3818549314328192,1.0189574442701406,1.0694783064576026,2.0773800693082842,1.6346618744602397,1.4307123134405209,1.2294768651180061,1.224154275821968,1.2880216783871563,1.1641329446910573,1.8541751467417633,1.370096248740157,1.2631232506686605,1.0994778085968608,1.5486427172112107,1.4019074982935393,1.5321113482321373,1.523244282987721,1.1703624770860108,1.8037056292116065,1.5438302443887437,1.730750570911937,1.9348042840341817,1.1485961750948088,1.3102248764539732,1.6073618063010937,1.5157246036520957,1.373190239049248,1.3733100906678315,1.2518980714928503,1.7581369221237027,1.154395488143373,1.2790393825560822,1.319691050538755,1.2685836303518172,1.709868165206644,0.9707461640382137,1.6520851662968952,1.4109102474346273,1.606166724550223,1.3861813192573678,1.315287935195304,1.205262093043962,1.0150131171369816,1.454266451899204,2.0500770579034686,1.7432455359955594,1.4450747332384266,0.26738757235461436,1.6951203238557147,1.2346282723347797,1.161544583131572,1.5959155159857845,1.0495578425059544,1.4221861652918109,1.3696056152215983,1.2049977819701783,1.1776770673660564,1.3741532497668758,1.1954801803977613,1.1379928952220295,0.7963976110502504,1.5172584379020924,1.3784564838873488,1.039416462333642,1.5041667375941934,1.0462873563854589,1.350932001722409,1.4491335559623553,1.0639723191876924,2.7586267872410155,1.3347264046285618,1.0853541428101212,1.3979279221004208,1.4847767538847387,1.3488469592444698,1.6666836771319948,1.4000829931108636,1.5374615032827073,1.31906267196181,1.7205634080327765,1.31170093795014,0.9828670512620474,1.3925322449084083,2.4932416504634634,1.0868579622447947,1.4831367895840362,2.0216923982471418,1.434958020036006,1.244598960154945,1.7319127692870697,1.6979622537931323,1.3966455944084895,1.321792353298631,1.355838333260547,1.6629750745072027,2.2427007841879787,1.4299505282610538,1.0081840715292585,1.014356645639209,1.4742476487300635,1.5695692115053572,1.174940077348866,0.8523106603016835,1.9293492097839295,1.3607993744325073,1.579170391718425,1.1410262677872298,1.000773117298892,1.6748289889253845,0.7224958474522352,1.594408896856321,2.688393481492926,1.008976408777579,1.4142877053148248,1.3887304930647213,1.2521207881856244,1.8426306186016146,1.1043854120743832,1.411441588105284,1.7990827238997587,0.9927531285244205,1.6291921346747014,1.0961513266914085,1.5402061508379674,1.4247723321828105,1.6201396641952712,1.463128728164559,1.5485601401133477,1.4062428195377685,1.0417136181856925,1.2691087382623676,1.6567851415390673,1.327589939709632,1.159777506409089,1.9623837297307705,0.9640159814218714,1.3099786598090217,1.4129398482757467,1.6050797558176537,1.7889984770847263,1.512934517646763,1.4029301103319498,1.218706088696008,1.5794068895101283,1.1051071634228273,1.3792725098455128,1.1450527927243659,1.3831254285961099,1.3721150344258637,1.1780280606251343,1.4990901639042318,1.5869116759100348,1.1473432249264244,1.622640602981381,1.5017304095876247,1.479651971891675,1.424724675202675,1.4419649448401517,1.3483090049418298,1.0866218933889935,1.396437953158628,1.2689559796540912,1.7453593820846567,1.5394886641035108,2.0092384209808287,1.1444573170761903,1.440249839072791,1.2610960950488628,1.1625058018042647,1.0691136377831478,1.3571691209485361,1.7260505699972335,1.3936581559164363,1.8025108942326566,1.0616920189110832,1.4998747815270828,1.1340498519098388,1.1774841271964205,1.8098113021986562,1.3686118872771553,1.3350860341573603,1.9007597659698225,1.2487128904809273,1.3474234172613921,1.2774094972532302,1.4164859456175836,1.3333228088826135,1.6798869024901242,1.6675816428080954,1.383593364530163,1.101653512536989,1.4630357234511528,1.2223269260677019,1.2299956716515916,1.4714076611583786,1.2020935254613196,1.2838081288953596,1.6622750229515684,1.195448214845245,0.7923327737248882,0.9463362637139865,1.2908364374886272,1.2617348199654534,1.0876815981843986,1.1262578713382272,1.0539830911214514,1.4206973709661082,1.6187142127297556,1.6751730572337886,1.0208064675861355,1.100635760385719,1.6810556980013707,1.1582217359630782,1.5575929095043934,1.4038145611204746,1.5514169361322927,0.8528397648181719,2.129176243913798,1.4056900275562672,1.9909551972809931,1.4705275559822284,1.3652775797392698,1.2088813335015984,1.8726912428301679,1.2181055244514196,1.309802674909284,1.686380632188724,1.4085586428698496,1.481705004818082,1.580975588230455,1.7214443513646736,1.2059567973816088,1.1767474475135322,1.2240997506570233,1.0002197805314275,1.2945489875077623,1.4206624663923075,1.636082053864136,1.2652064969589354,1.524675579683739,1.126235018364224,1.2669076382265532,1.1898987662090441,1.3590738640542597,1.223595288338368,1.4178703330742717,1.9958220646841964,1.4532093202519085,1.2576296850537791,1.1882650083635136,1.2364028587051457,1.559882649023707,1.40626373392079,1.4498558835361364,1.0164275814780517,1.4652741420459645,1.2391831500072965,1.208562163397973,1.159382579450305,1.3428188842863804,1.3165624095594821,1.1176855362912248,1.4144004519403899,1.2230600159522065,1.4321178168748774,1.8203589721089146,1.2947229666063156,1.2982047094071159,1.865157878408677,1.2322070657371362,1.6407429067132302,1.62890194776015,1.6703987775159395,1.3095578517781232,1.143525798758318,1.0739112286923842,1.3605604546947285,1.1867882738859432,1.4783177922275037,0.8104421822039547,1.8270038950976557,1.118431558591892,1.1748943596020978,1.7251949505249888,1.6556419827078195,2.0978859944327493,1.4048233622802857,1.5513088932882493,1.6634503807656849,1.5490823828995426,2.3703869382422322,1.2417276945155176,0.9097052564458845,1.554749431028293,0.6375008052533842,1.67603870394873,1.915117880440873,1.303222852081148,1.486732970666839,1.4762358090028687,1.2951565469095954,1.4310728137634618,1.9590145018550182,1.154185439199177,1.1893163553775445,1.6757106647389728,1.6209998447883007,1.3931526375948617,1.1998330854011061,1.2754644305808711,1.5636267708943066,1.617965323700668,1.9040211003044836,1.3076481527909496,1.2842276176572915,1.376400404831434,1.2256957857633266,1.348755998834061,0.8887850340194605,1.1874666886134364,1.5072606015611067,1.4883049273905788,1.5483155065669043,1.2947888274439252,1.3064733834681417,1.1748293915584478,0.9723171213321424,1.1051950533628976,1.4364870092767799,1.316659167383769,1.952049496611293,1.3254814382003517,1.6785716309917307,1.3526533254701716,1.1903566740900158,1.4783394076068899,0.8889608344622086,1.4914562918120224,1.9242096151761476,1.2161210197026102,1.1130782483665742,1.5729810470338796,1.093197078273446,1.5134233754229052,1.0744346117273003,1.4665912442508442,1.3230712718641278,1.441457157055543,1.0821733884566043,1.0753189864998665,1.6032982338237063,1.3968389286016363,1.2442567204661277,0.9184921683087809,1.1187409143163982,1.3535959486800073,1.7526920663695749,1.5239452069334947,1.6175234463392258,1.4677387965784847,1.5193142817534881,1.482551613975449,1.0276810834229961,1.6997284674960662,0.6532763997539089,1.0067034395762613,1.28390623574568,1.573305467654273,1.4916306427600994,1.297454795156654,1.8221183523795075,1.7282293236754065,1.2933858512412946,1.6063279325155788,1.4497236878101734,1.55468909607163,1.539742012454111,1.7029393822720182,0.9820520274213895,1.2050674931878682,1.5951671041403899,1.8145704113059977,1.3017179122935938,1.3683582775522622,1.2749819370553448,1.6027274051855307,1.0942462472490855,1.4393572283479406,1.3976941381572998,1.3986033541034173,1.3500559311316571,1.3218592778702338,1.7487311855055008,0.929060943337443,2.1063469768579375,1.8846297616327927,1.3272829857016142,1.210076541068351,1.5222555532441855,1.0450258321789536,1.4461508079930687,1.3591896054775103,1.3614016412369372,1.847072275716723,1.9061411933024786,1.191450864223968,2.0620417306300785,1.1785465318345816,1.081957349434083,1.3022807583371003,1.0977045535480925,1.3445422603196022,1.5809270734665346,1.4683523615948768,1.4474539649782594,1.3135397067403716,1.1714407162741303,1.2489404946247147,1.0380798887714855,1.4284050845647238,1.8851466983972003,1.8881959585407293,1.5390302149563337,1.3996428988486396,1.1962224319687127,1.2206833430076194,1.1608135259572554,1.1995955959697515,1.9550788818996332,1.152835331475659,1.3656562361142146,1.1351506465292642,1.2955416361099836,1.3934165952080302,1.241595769391915,1.5406874593457203,1.4912331810347583,1.8923262656763806,1.4146982317287986,1.5933932337343373,1.173845326241307,1.0020126607376678,1.5187434750750686,1.3794689628016235,1.4061031442439353,1.2123045319194317,1.3596906699688238,1.1298432016207411,1.1646657960209454,1.5370248859901927,1.788258031941752,1.3448764072462676,2.265661133863417,1.6371217649886143,0.8328409857366781,1.4387136737559463,1.1661182584641538,1.6519428493712316,1.4788194516924404,1.340703506517699,1.0114740141392637,1.152480588327425,0.9445754863136182,0.9213531513706282,1.2276921800887275,1.3579733936695317,1.6281917537588344,1.1082641648711515,1.1474711237423438,1.4490317839651943,1.6914633527989924,1.6431141955775699,1.446533678786781,0.9328314156270109,1.5289229530958264,1.3448114643644802,1.5841783158003826,1.2005797378484309,1.2477079459088638,1.637355115336469,1.2037810643519253,1.1761096096218573,2.4105414999248933,1.101906993629937,1.2958219381715201,1.6470100209106224,1.1478988488901563,1.3601489273443599,1.5502999804993212,1.759863764853878,1.8564497260595836,1.6708870333279675,1.8276794593939423,1.58037314970883,1.6485352421326258,1.0954918317715585,1.404492672003943,1.443143181218387,1.420571011121212,1.2321090847885783,1.5508114338390333,1.3191973910734631,1.3243652375995025,1.1756389726598715,1.717783582089051,1.5380623845000234,1.6253520060214313,1.3721797002681362,1.6884636813546239,1.4379975493430945,1.0452180203178116,1.6829912274300853,1.2981234367950074,1.3761953239633238,1.3978588142710908,0.8214956755080731,1.5353722931254996,1.136090254247152,1.1803182078559904,1.7903849220439971,2.1736803584661955,1.3887367582593844,1.2776235415542123,1.8408468163645328,1.3871961173573166,1.2911038652068538,1.1816146415499849,1.5885513212787408,1.1500828149213596,1.8811964106560979,1.5929048638842347,1.0453387053752012,0.9577180900262464,1.555212668000942,1.210664084954999,1.4145193969815941,1.1221724706763425,0.99024008931788,1.345459285589894,1.205674068022553,3.9746132674181234,1.7358222409338169,1.459259792398139,1.0494802379947745,1.5848579074314975,1.065618864251668,0.8939907655483552,1.1191557387851936,1.4658393787752644,1.579676162381077,1.3267645066115397,0.810985535479033,1.4763979434464494,1.5199297395378344,1.3108082152859435,1.3467044132321373,1.0535942730877759,1.807360190298345,1.0879447937844948,1.3000354080121261,1.3237091599721824,0.8751235381202749,1.2228840060857356,1.4800181375840356,1.1057265697287102,1.1526523533150186,1.410293704772443,1.440652023796267,1.1354495891334606,1.4280133562047563,0.9589365275639323,1.3249811587846505,1.5976177600010968,0.7737363289226753,1.4728986616456343,1.0248877238368552,1.4492403953358017,1.200842559414653,1.4341084593405773,1.1754875809064176,1.011205271831464,1.5908469735780515,0.821777970526326,0.8446528139472981,1.2264152965046065,1.8721944907541874,1.5997324090201674,1.4544754641881146,1.400033755510798,0.9505776796680883,1.0141804449877387,1.3612764285246244,1.3907305390977203,1.5425996547908605,1.296115288914436,1.1336134170659584,0.9457858542053015,1.3303238915501012,1.564256927613239,1.4873101982907575,1.7480966527764545
49,1.85220692574186,1.3924296344612719,1.2352250546266212,1.676978846736576,1.0691143397814638,1.7676326931414645,1.2382138753238665,1.4185864211466053,1.2048114091620066,1.3595896726436751,1.3291539282741198,1.5792819685711956,1.2557409895653693,1.1412860149094586,1.506600213577856,1.815426385191191,1.385014257232438,1.3701498847312814,1.283556098411462,1.4536638999359441,1.418133795352607,1.480195376431567,1.6495351595470131,1.264215913224449,1.5094321845821579,1.3957985538635662,1.1628343670291037,1.7679436567716198,1.4069732674315822,1.427364359841592,1.790671884342272,1.2185727828921962,1.3665651128097065,1.3296558326050627,1.4773015382709163,1.1387249263620371,1.199414391950294,1.1852472863938552,1.533311429152123,1.3013350328987796,1.3715352767516023,1.9165985770354914,1.1515363075580491,1.2389306914108333,1.1411437163060352,1.412615456981671,1.8331953443869362,0.9903568647586394,2.158636138104395,1.4039369469855414,1.5593128408670824,1.5026871931705712,1.152671867702578,1.3935809456609363,1.254745595500873,1.1123869350570803,1.408400125271793,1.0301324761942112,1.3871846903417553,1.4942668662558902,1.435410185761079,1.151625446407455,1.6108460690531343,1.1403488285362395,1.0290923290721903,1.8620042329500162,1.8308868826226548,1.2614551888472219,1.2536967580025227,1.750873734345891,0.8944810395424323,1.8547782699697892,1.3947735978902842,1.7610615018622475,1.4098975492657881,1.3226958905228425,1.1290078112780078,1.378321855646266,1.0191373272075501,1.7392355452998327,1.2285989825926307,1.182613509904372,1.3983733244112668,1.2725943224530152,1.9517278871324268,1.6624021668566424,1.2819989773733458,1.2233202354574202,2.0463473250665816,1.211102755684631,1.3519317329301146,1.1770718291585505,1.4341616477502315,2.017918605064022,1.2348868541269968,1.3954397274274717,1.1592041218389633,1.3666345445445998,1.9960943740338633,1.275890700324159,1.732326044394161,1.408575884637692,1.494302884974641,1.2243182907462762,1.4246503937992512,1.4314934506684491,1.2712733466985762,1.2246015457728887,1.8246010255934138,1.3536543258665281,1.1226973539229492,1.12827372632686,1.5149933542793805,1.4277528203794634,1.3585631880941618,1.344003496781717,1.1844796646794555,1.2979996484278562,1.184381805602225,1.5954640772323658,1.4886089824828679,1.2436628039749558,1.3974688080681565,1.8221988853994158,2.026572615820111,1.8896476109685798,1.422395227648094,1.0530073174192522,0.7940115455036184,1.09921039505445,1.73454286711269,1.008245690388501,1.2243784622384974,1.1596766409744794,1.6032889266760364,1.4310028062965112,0.9125243548932734,1.6650483251371166,1.0132763962742743,1.482867292235218,1.2296362624082995,1.2169219016525936,1.2838550732783391,1.3681407713536333,1.7376791968653986,0.9701426371907002,1.2643799273481222,1.612643741295024,1.3429190835136842,1.3982825204770428,1.388451898249736,1.5468907800291989,1.3529499913721863,1.2580945628847051,1.1661583309411125,1.6210644611767884,1.5081460843469938,1.1488913539794954,1.4044034017897216,1.1482667288961268,1.531596192829996,1.8792472915055878,1.358185060853892,0.864882116423559,1.22528740669224,1.2051645799524358,1.0892849784497596,1.1782628942887778,1.3751522711172326,1.2121301578865213,1.1602061367463483,1.2890166181375604,1.3653419966493006,1.470115457335732,1.3057190425641234,1.3621276117228023,1.3427702575616236,1.5690250653673625,1.3321841221639716,0.9698352655427555,1.2251237396921648,1.381850028067125,1.6051884988709113,1.1198260699402778,1.039146293173038,1.0722242335371368,1.2450223329770576,1.01444032958645,1.596692578644173,0.7283727775750074,1.4087290052611117,1.419216763767686,0.13353360644331788,1.0082256731946106,1.7048091241186096,0.9344686141451262,1.4575915466335345,1.6118009931217037,1.357812837536914,1.5743780967918908,1.1593248588523863,1.4122449628326645,1.5438316938112027,0.9324426856981912,1.2302891101892495,0.8081010493989067,1.6529449056928842,1.2180516006374191,1.5472795790753835,1.6110442974112427,2.1042032108033277,1.4744664283847198,1.3502782805542068,1.4281669354050375,1.7295405287424086,1.3882587744991317,1.3158238792573984,0.9917482845465491,2.1595402481263806,1.006729870523524,1.1687182367086193,1.2267350075844352,1.3427267351815613,1.4101187867827734,0.0,1.4445344036622572,1.3049805247918078,1.2460117488683844,1.4939762657501414,1.069557684915671,1.347392200785776,1.6346330652983994,1.4607312735160811,1.3434056670124468,1.3558097287451982,1.383332148220912,1.0060585457305349,1.3701048936057763,1.174314481021926,1.3322640684714244,1.0393817337413038,0.6131120631620142,1.695247414678386,0.9792328029759102,1.3754269352293538,1.8293656857375888,1.0518420711163774,1.454550167061552,1.9387890408860415,0.9892524686280633,1.278829102325393,1.2522780216636504,1.270287379609627,1.1929895156655017,1.5416182352243333,1.7556077184424,1.4376719088788272,1.3034567336893779,1.5095440253246446,1.4677776501838244,0.6125299160514692,1.4140606938187497,1.4589844539365453,1.3914263178893918,2.2039679179526757,1.2422768560519502,1.3341137720226581,1.3808142985672645,1.3703515715951695,1.2710189386410566,1.2968804562082281,1.6440976330283017,1.5632720906061486,1.3851255615717737,1.4352063190122868,1.2454548687615832,1.482254934778889,1.5405582989228341,1.130291315087567,1.018177349850935,1.5042810567852394,1.2678835785486924,1.1499566823206289,1.3168251534133548,1.056963243032972,0.9691111515587145,1.2877110444041633,0.5689213577322485,1.4408510678715423,0.9727415915651002,1.0040441187500064,1.1478657783180661,1.2000465410530534,0.7728511231242244,1.9580249468064177,1.2787584512689936,1.3799670436644331,0.5613714507743013,1.369295766338684,1.425320774583364,1.0723591137145272,1.4289557619128779,1.2471595178056254,1.2630485867605115,1.8303065126926095,1.1541649717005575,1.6064198507012046,1.2216487686832047,1.4384665651290547,1.7912420464617895,1.0809298496426007,1.6336714725266894,1.4179212088027313,1.5569829404865891,1.3485360749076132,1.958492275664805,1.3120145601706068,1.7478080584058093,0.831542017706319,1.6583671604019217,1.4441331928862986,1.6154541225526353,1.4923795940736235,0.9021472213609141,2.1117456993341506,3.4070957001438433,1.6855242483345085,1.5385998703182953,1.300713538591797,1.211752481873043,1.399487178841878,1.557161464140867,1.2696784363798315,1.4377631236354222,1.6115925516817864,1.4856869351714432,2.171031739039307,1.3573315588405608,1.1160279353403018,1.0677723781558512,1.9410570260954507,1.7374509397474993,1.7375240995419476,1.9409270645339478,1.7680575926992157,1.521877870419048,1.1827568650027174,1.003825462082803,1.2087418592013532,0.9447913571479518,1.5781220551671586,1.1145373462617953,1.4418103612293387,1.377000530219545,1.0988734927656179,1.7403935581564642,1.507914494766073,1.1509747621515702,1.1677022942135515,1.325479396875004,1.762007719575801,1.0728045660851193,1.1229231629808485,2.1091244842073675,1.0550474029533412,1.1645519369831687,1.0602546613972426,1.0746984965981428,1.2840029918057723,1.276749409888492,1.3750887423723026,1.3368193659935783,0.962656844539304,1.231751052545966,1.4067411866274098,1.5122728229361186,1.541004694851349,1.9145683159192335,1.1641501270501342,0.9443874439789114,0.952101861593421,1.305616405618621,1.3681545217284763,1.409472934304167,1.1080209947386914,1.3721513817545614,2.0324078073622336,1.926068513927702,1.4467834039025684,0.8852437520762653,1.638814177060818,1.5677374592396909,1.4723036562511493,1.224103456461426,1.2612727833570467,1.5069318094490285,1.2735528276077177,1.4450162863136704,1.5171935006109614,1.129255476073042,1.1143639841071895,2.1328440901016887,1.6037000524621585,1.446509868374775,1.2498845899839475,1.286365291321855,1.3215537466976888,1.142275409930914,1.7695687160214715,1.058299757803964,1.3141631353808156,1.1176161577039598,1.555309293718313,1.3091080331574623,1.4660303921952749,1.3732384771426016,1.084479633083126,1.7987927858247352,1.570049547294583,1.70108516168046,2.0338699840144727,1.095094354970773,1.5592022540988841,1.4278656323695784,1.8735674101504767,1.353670876693932,1.507499630539905,1.236812874791414,1.5645067803918802,1.2517081619028831,1.2871939376117285,1.4169617901796712,1.2398178330207084,1.6658281092486136,0.9819900443002388,1.5929000889192986,1.6229916617868723,1.6941338047522527,1.3520586788684565,1.2246296785624367,1.274259099371483,1.0087989054471818,1.390257141062286,1.9487767701256535,1.527764690111753,1.3826586139996568,0.47628411221217426,1.679883040261923,1.224398621784886,1.3163397497787845,1.4046838749451513,1.2075201551405723,1.4406003035804478,1.2860536910539373,1.1454696512536902,1.2415934338505192,1.28813999676378,1.1673855273640223,1.2115519538595696,1.0066755192404888,1.456418225557388,1.5569229124860628,1.0536866014690964,1.5117311591552811,1.0104286153383386,1.3453359993375777,1.278738157565439,1.0653682108002258,3.1793250517057983,1.3076861269215354,1.1760202350965698,1.3962498325175732,1.5331617789724228,1.4298570818019267,1.6024781926301435,1.5272616996493973,1.3440865308899672,1.3055898859056774,1.6010809066495209,1.393112561810732,1.0499768216920016,1.537713750140702,2.485711377656326,1.153247650125149,1.4003255354209299,1.8103125624311072,1.4026378449223404,1.2690595293577787,1.600613335774852,1.6525696468572284,1.4460463020505088,1.456772923909205,1.4137175086763127,1.5071708223629168,2.2012628858287893,1.5517557246509837,1.0141792327625319,1.1471788733365735,1.6421132366192648,1.428522524146861,1.1434429284616772,0.897959128951413,1.8420401568769178,1.1820089142400847,1.4495870510717674,1.0751371484130268,1.1054847433138142,1.4865590824679151,0.7629719933130106,1.5490829455482509,2.673241567805462,1.008579958124056,1.411417529977571,1.2713212084827301,1.325966190013046,1.8796184356430827,1.199643424515518,1.4876610203661766,1.7433950117831556,1.002473004327216,1.6391918332938675,1.157908930192776,1.567992416601072,1.3200317487631161,1.6007952621415682,1.5042763036604885,1.515324646627515,1.4644320973357132,1.1484438646669128,1.4607539935403313,1.579759937847876,1.3036245212600799,1.1720806733211704,1.9991663901698662,0.9289370399021353,1.2164862420839286,1.4224161110511853,1.5444995939869952,1.644158816959295,1.461022691454658,1.4001363006795247,1.3349434515290435,1.3231842991785232,1.054433792863244,1.2608444980837616,1.2757515625191462,1.3496154646502037,1.3564697898689602,1.1866004442396718,1.4202355452632494,1.478893961297565,1.0814546292303113,1.6791885956753698,1.3963882760312347,1.516643744256453,1.4385218550079932,1.4229549415199725,1.416567252742958,1.0183029872690423,1.2804046900845485,1.2803887649731833,1.894232419600308,1.5609987094167943,1.8057671442220293,1.080336227922946,1.4113402173437508,1.2822239343609136,1.214979388972747,1.1797511894629862,1.33809952782603,1.6965183632933143,1.5434442699614677,1.5964454834025894,1.138813474451916,1.511723523301522,1.1103918265000954,1.2358733832721205,1.8126127656643836,1.321918145064521,1.2785635937826503,2.151681156259555,1.312184912620787,1.3835609555048194,1.307158630134976,1.390408778128426,1.2573682582878427,1.4543932490744411,1.5733841055363214,1.3634274490545661,1.2016057396721624,1.690855515051162,1.1289135571427944,1.3464632777817673,1.4964114433235522,1.0747727973161503,1.3656687548882598,1.6039010323802603,1.1853396295520593,0.8100104368848318,0.9229766446085306,1.186378788964018,1.217428109704946,1.0506976899881633,1.2571652113400889,1.0530393484369471,1.4925652121658823,1.55502893561677,1.588607280360537,1.0025363684370983,1.0540837666460898,1.9085885297158418,1.1028292738614283,1.4868816444398412,1.1896358091857842,1.719047846139152,0.920920173721358,1.9741722024170791,1.354221547498897,2.0038813469126397,1.5145595767331996,1.4998369254081778,1.2166766015129893,1.787188995588979,1.2389682167047908,1.2461917814436951,1.7688353571943634,1.3573100678735253,1.6601103067531398,1.6000652495033783,1.6316970363405616,1.281992347186333,1.1753492496505544,1.1965903766910229,1.0875076012652534,1.3604039585718821,1.3728485163026614,1.4269452012731225,1.3019343146813438,1.5347586576332073,1.1922917231503913,1.3511972315676761,1.2763326730783795,1.3212849598404766,1.1808619288177176,1.6068037008056786,1.7879892944496136,1.372051991162405,1.2797128231074741,1.1286152651328398,1.1548433195698682,1.5837245258347128,1.415244552413643,1.404681067498237,1.0912394923836306,1.4695213642177105,1.303806921444644,1.2957899358973664,1.2571923844341537,1.550393507487454,1.3443431664343912,1.0939942432222143,1.3559733030598005,1.1889376150114674,1.4872744454286808,1.6646371664397972,1.2927772173659835,1.3341007801336935,1.8587003266623225,1.2922416490950752,1.6068704646467222,1.5944655435113364,1.5424943234760464,1.3154503121068635,1.2536615829665858,1.0521245445542362,1.3629592216448705,1.1791859784372276,1.3566648107420658,0.8504114555301137,1.8114301112820126,1.146138064516744,1.2590219765387833,2.012865753641333,1.52672868667984,1.8959365983088774,1.4001689958438883,1.506595387969254,1.4768746642451567,1.596935483806956,2.248312053477574,1.4101508371561295,1.2722975965430405,1.5907136719864285,0.8497542769125686,1.6437268588490315,1.9766493473211189,1.3192946613323435,1.5072202573233822,1.5116444108204268,1.2663243112131815,1.3646322670904025,1.9927314034426051,1.1810885488634633,1.136296670104349,1.5545863008881078,1.4155559775859685,1.328737198220361,1.2220264019184055,1.1814996097552357,1.62772310482815,1.6521713290024114,2.048256590480086,1.1875684742700936,1.203579473787456,1.333071693702332,1.3034643396798176,1.7990544935526653,1.1193867268921798,1.173772270950663,1.7111777028779898,1.3825789990815855,1.6183463597056935,1.5349108191110172,1.2222360619788617,1.2495185408352647,1.0413786514809251,1.0986084539354493,1.395146569572661,1.2628456152944298,2.2145550131357887,1.3690921613128821,1.562564968913442,1.2843973764944023,1.2377297942944485,1.4027695134656744,0.8606597814734601,1.4330436699201514,1.8089561468249356,1.1961658069481453,1.1062846760641538,1.5039375713828558,1.0421806195237209,1.567056022731103,1.057663615528094,1.510089170389739,1.450323422026778,1.5123373170540426,1.0931478646004542,1.0870744792169986,1.6588458995297444,1.3534426840162954,1.338212368589594,0.8127183592184637,0.9693649627608777,1.3616054095670338,1.6795039318872913,1.3532537137337264,1.7100148851000487,1.7345849894812124,1.6871456669279858,1.53405266798943,1.011806648857151,1.7423072588895825,0.7163368501113279,1.1130790734943934,1.2896361649871202,1.5747443373308934,1.5296942273502265,1.2865069642168143,1.7720313642069452,1.5498874518046672,1.1351117518965121,1.4254640533178686,1.5786434646298424,1.3927663266648829,1.4804539007924766,1.7036415822479805,0.9001680121638395,1.1926825213721932,1.5983675184692223,1.6955048844083354,1.36105859419956,1.464857338956053,1.2968717676986212,1.5234024322216695,1.1451940848935334,1.5145134080835514,1.5160027616278215,1.4159681016382635,1.2096656349353265,1.4617420740849834,1.7737089907740518,0.7944307065304186,2.215379765589309,1.8746172410758037,1.381598645644571,1.0488796934986142,1.566998163833033,1.1567774214048714,1.4352746130605782,1.3166984126653225,1.3407851023228077,1.6972399887331224,2.1018647604301464,1.0951119225964372,1.9983194623605436,1.1159006487410532,1.2548675022446565,1.2446491962274695,1.0579210493252609,1.279215357607701,1.5840950202637678,1.417483099553217,1.4071123664044407,1.3236608899138966,1.2399833673146943,1.3455090891826595,0.979747279360585,1.3452361515715645,1.7304277784319868,1.6420698103515121,1.498589041828307,1.3391344007172659,0.9866612971594385,1.2008336525732741,1.254080388802889,1.2734663978511942,1.9721689386529082,1.199177047777412,1.3959040218493315,1.125648546703431,1.4326138579740126,1.3224763465736302,1.298114878346903,1.6402433543244088,1.3867780265541312,1.8398686797761583,1.272354959208218,1.5901351670740005,1.228520004456447,0.9616362445053733,1.5404262619519493,1.343989054953938,1.4182483013311848,1.1408627030747778,1.2539050019227567,1.1708755088585852,1.1372112104136605,1.4228299395369286,1.977143909816185,1.2644885107803057,2.490975535507175,1.5004339609622666,0.790341036167969,1.5359714206000155,1.1592744220802043,1.6687052952388932,1.3372790890425923,1.291711922415127,1.0092505851901312,1.1261099841862516,0.9999418297468058,0.8413804166667358,1.2805724684127253,1.507824048715833,1.6451024439330613,1.0973119421920419,1.2012648728430628,1.3345656115808107,1.6171849752290532,1.5586290995189844,1.5071505481599834,0.9329815449488554,1.4205977097305724,1.4175065358335173,1.7661838494280837,1.1004382661896914,1.3767213309372601,2.0539948997550237,1.4812987611262538,1.0740466628579222,2.484315362563058,1.002718113552604,1.344354220224632,1.4665343817421022,1.1285226058326878,1.3664367512943034,1.4827963199634024,1.8427344545536841,1.6493317184331346,1.4349723500823939,1.54658934684851,1.4102863315185559,1.3903574740643208,1.2539291728285535,1.4963809639669958,1.298401669852528,1.4235011085310516,1.1703837207661714,1.411761116027658,1.2828645556706004,1.3458851512009191,1.2620817272149583,1.7153137757814758,1.5058564377959751,1.4633453656688207,1.298578436020768,2.130617597534604,1.6184569006700569,1.194169432548095,1.4395314188325727,1.3720188605268242,1.282621894567761,1.6154584442724844,0.899409191624547,1.452780820715783,1.3111427725950089,1.1778398917614519,1.8722844237808673,2.127270326979264,1.5987062466162394,1.353885798184439,1.6859283253962065,1.4912827652579317,1.2507213459552629,1.1964214338724943,1.6679405168582857,1.1796837146508463,1.63096850120856,1.3886015048370293,1.0218827739185925,0.9125193483611365,1.6588469730388489,1.2083317464034997,1.3695109080229235,1.2877453819453615,1.1003158885586743,1.1587321793612495,1.1465633684181211,4.342599585341751,1.5399804122486453,1.3801750435641122,1.1355861634578388,1.528492652380401,0.9841199273537176,0.9395727821609963,1.0531343712421253,1.496460019801153,1.607642538975936,1.3377785445239452,0.9147876968997262,1.4080714075731207,1.5349593591232937,1.3655871712243914,1.267940763734659,1.0079242975901772,1.8757798999895776,1.0611426553103331,1.1424193872383723,1.4575273280979888,0.8232432999777091,1.2093411729271006,1.6510716093306927,1.008154477349803,1.1712634121355359,1.479774670717541,1.5926343708090709,1.1780900380712425,1.4971676951681316,1.0099763978622023,1.3654013764683701,1.695700168628233,0.8445013788707301,1.5343678008030577,1.0100194188655591,1.4541228417876266,1.2122818594989717,1.3866074145851033,1.1002352154258461,1.0116865002317121,1.5065134751208473,0.7892182187161777,0.8758564220208197,1.1861690077473688,1.786911410003563,1.722116524114312,1.9928226584536515,1.3517395770707008,1.0076458061173517,1.0331113625791792,1.5446082467370543,1.6851079105351379,1.396644573700941,1.3572636178858128,1.111176922234567,1.0909812268321653,1.3107572698664296,1.5487809709427163,1.5462329728936297,1.6677915871673255
50,1.9516061076905342,1.498055165102081,1.1334490222030444,1.6344873907114597,1.0707238747207315,1.6709294754551964,1.179731461403462,1.207161259326298,1.1381684325084183,1.3806404445796105,1.2869164725842728,1.4916234600571294,1.208762001448704,1.276520934461455,1.5524463465022575,1.6740837901332821,1.3697676317017353,1.4259503694429563,1.3633746191069909,1.388421561898104,1.3534364780137562,1.585402210176262,1.4997047184729788,1.1864355028140383,1.3670923802984416,1.4609232312728822,0.9453039900369515,1.8424127981991107,1.2836206018358354,1.3868544087934032,1.6126535224478944,1.1585088115640572,1.3600551532709382,1.1701973484081665,1.399600306518379,1.1595678413662565,1.1603025539341192,1.192684460398358,1.5429346739664578,1.3090721400821332,1.4314320484053233,2.033364681898971,1.1644452065616355,1.1235354643012785,1.1209275005257955,1.2880542824687486,1.921074111635876,0.9780756147961576,2.1152332220398016,1.31009155572728,1.8145876854841083,1.2860292592749762,1.1237690006271759,1.4260769675217162,1.264154669272644,1.6257295424743752,1.3655030728450868,0.953299042505189,1.4279231515881319,1.6658101035680248,1.2853257247670138,1.0344294152706426,1.4594143771056536,1.1014449939259618,1.0595421679208998,1.5367769765217951,2.0799659938620914,1.2784216287551797,1.1868388158489855,1.6472248100216098,0.7516079898334997,2.181523993640088,1.3705629980896143,1.535436571968933,1.3113027891651678,1.4160245695977052,1.2209311475824811,1.2773279915384443,1.120344699814253,1.612377185194379,1.1570829214688745,1.1437328514459537,1.4239656874129136,1.1778297040212111,1.7511475028851031,1.6444204566315817,1.275188969685892,1.3508471863615257,1.8252070425731755,1.202608944555375,1.3963753560378325,1.1990972832850977,1.5036433414881398,1.9135057510620226,1.2527049039466498,1.3169237598694439,1.1890035184690357,1.421877755925297,1.8833772018183736,1.0992488568795986,1.6410219044273813,1.393850077938327,1.4839545294574241,1.2120346116083354,1.475970550381318,1.3471484735215027,1.2166106760584756,1.2577163803183433,1.8990963375218417,1.319452460673223,1.1610465067721658,1.1255841681827046,1.5616702292627473,1.457663534421694,1.4453435675455744,1.4941265847735101,1.1557304895000382,1.3308100451294549,1.229931775225153,1.518393145936591,1.4102685465775757,1.3282236299130483,1.6354637105819165,1.7079444746725512,2.3880835717730173,2.1124387601591303,1.3470992799059134,0.9994620045229863,0.7953291867308658,1.1430446506709715,1.720488818583917,0.9956007368603529,1.1848629298620348,1.1381867941047212,1.647394182159302,1.4312519227642877,0.8991133616309187,1.5843948520114446,1.1029825191373128,1.4707405036765144,1.139045255717885,1.048408187919989,1.306472471982022,1.271050042444044,1.3433081327146834,0.976133975668707,1.2281395684737462,1.42887853587118,1.447694681125512,1.4195160758947751,1.256347216809627,1.531210946112581,1.452619134986153,1.2042136049803547,1.1112841491611867,1.5720396973228183,1.4052870426249473,1.172589563873529,1.4552786314385546,1.3461052883554492,1.442911907653023,1.620505387426574,1.3407267225472401,0.847008253834131,1.4478918668144425,1.14277896693652,1.049827937625098,1.1013736861544305,1.41172041171628,1.2815414429527896,1.126415197028617,1.2806235889539348,1.4328058623428772,1.2101822530411757,1.264908085459847,1.2101174124768486,1.6482295474642943,1.5239341407997324,1.3357454293660171,1.3527624777437166,1.1011496201583695,1.4268197704278034,1.7261142012355346,1.0092783530730598,1.0599538255517347,1.1175009118745332,1.1847038780090937,0.9546493003506868,1.488635287146029,0.7697794262907611,1.2247001810279028,1.3370653732039512,0.20372062722450412,1.086980622494121,1.499309603681029,0.9198140073623926,1.3662880754211502,1.6476597231042103,1.2778247681803359,1.5899066671270763,1.2642432155520003,1.4299033348033092,1.6750490460342315,1.3073023076265804,1.2913558676592585,0.6743210045021386,1.5839201744783602,1.1105031138953616,1.5552120844052795,1.4323823488309662,2.0398095580541593,1.4686061921583689,1.3419142010694483,1.4703991272709636,1.6227077335813633,1.4791877134476172,1.3890476570864299,0.956391553147949,2.1912957489568323,0.979587140687209,1.252837215116893,1.2905221178437314,1.284669201597433,1.317857330019542,0.0,1.459848645333782,1.2866026557445247,1.213387722359442,1.559891823646331,1.1990660885461308,1.3432604507666295,1.6187449368434308,1.3475384530172119,1.404230009549079,1.4958961887502964,1.4843967764606096,1.2026250182366074,1.3981293161218802,1.3466853110650485,1.315182900852572,0.9797980357603224,0.7731653204156367,1.7234788851010685,0.9988011526922618,1.4747531006257968,1.7235008307216915,1.2017935533772488,1.4412290158195187,2.1264054406904616,1.074640337769886,1.385430125574827,1.164236013742421,1.1958089736462572,1.229883931348601,1.5151832571860153,1.7591438602616198,1.4808293188352746,1.3649445543593084,1.5274224142388815,1.3644369131196112,0.37902403630216247,1.3686889503488209,1.441626001956091,1.4352190096789124,2.31104437897148,1.1812125867195507,1.2771153561276662,1.4099191584329174,1.3244186066238484,1.1686828067802983,1.2579337476733998,1.5055388863872894,1.498513552283433,1.311544163126754,1.5355303383077552,1.2615462239432231,1.5877695460257493,1.6988543752041463,1.1251916501935821,0.9764691517306341,1.3134368183758567,1.2883366938767011,1.1417747311494468,1.4040120808563301,1.1419415638710793,0.9969433605888324,1.342298852578507,0.5210474714927975,1.5700213781217425,1.0634038540233246,1.0702057581557014,1.1839151983642484,1.229932320549515,0.8141599612371984,1.9583701122135557,1.332580194908687,1.4340865409380288,0.7683302250844537,1.369601518512913,1.5600981973721282,1.293546845735809,1.4577475378613762,1.2589975828016249,1.2037203975652597,1.7016942827897241,1.1266245394710268,1.6468143297865319,1.1367456043121777,1.3870075194023674,1.641814949434579,1.1360812471277961,1.7741503572380477,1.3478677028562909,1.5315324235184806,1.4584970438614104,1.9897383804815063,1.3040626909431068,1.595120794104391,0.8780712377566974,1.7369586705928775,1.6250690155316847,1.7166156973552176,1.517004001207825,1.0695510287240582,1.9189563116182,2.7946936787772776,1.6344409928666912,1.4223795573063456,1.1913101764516851,1.2967923235076522,1.3830847369287471,1.6122879973184685,1.3737490662032674,1.4026696619284418,2.1660945160442373,1.5310005737772012,2.23323827124669,1.4904940810572902,1.3105629649457164,1.067238622264686,1.4613270014258832,1.614327013742315,1.6512281741371924,1.9448565460714637,1.8726053361445583,1.4334522089492316,1.2459380953831567,0.9832074551283236,1.218978295467537,0.9669727695857977,1.5426191114281935,1.0917354371140244,1.493045334229024,1.382496449229458,1.1455538153321518,1.6789642521273003,1.5983897024061173,1.1719326332575124,1.278385164117346,1.2117324502957532,1.70486467545106,1.0170500845630497,1.0906330794650805,2.238905075386517,1.116078365456298,1.1295377404600768,1.0788628343062954,1.0943784972719632,1.2366815381040381,1.2715351293179817,1.5128407380300786,1.3476210578405894,1.0173192463822256,1.2675685279610391,1.2576292621519847,1.3947558763801513,1.5059728249321653,1.8925849766287033,1.163694191380495,1.0213945921451908,1.4018042691876578,1.2344133790333638,1.411619245729852,1.2101932158432973,0.9726545973974802,1.3202045268042926,2.322104219031526,1.6215931254022518,1.4470730649163817,1.1556569173872893,1.6246096358069368,1.648417557154156,1.5387801764074573,1.3079314840337897,1.4338395550383465,1.3288952752021688,1.2630372711351865,1.4045285278372757,1.5794661125293739,1.1778262317967911,1.194936568445548,1.9517289711621988,1.4574095999202148,1.5800929717208414,1.274259531778371,1.372600164920663,1.2988136600143756,1.150573523449892,1.5059127275606423,1.1402779955821567,1.353513182388155,1.1926262849272218,1.6993384397105205,1.2543820967832426,1.3742232800332492,1.417140581082374,1.1224067880390785,1.7627805718495422,1.5006785978190738,1.5461439158477208,2.034732517993802,1.1170289398364002,1.7818575135596464,1.3160375260743744,2.2107997746345642,1.2982132920511371,1.7260384518900418,1.1852409276406224,1.5354843597811587,1.3000627760905439,1.2208618368113553,1.435107390129084,1.1810392234201321,1.4894829204577298,0.9565299014272196,1.6613968473689957,1.6627763617455262,1.5445146272207746,1.2766034401970574,1.146858737363551,1.2700274728844658,1.0470372901309595,1.3388230705739463,1.7595034444076392,1.3279571368732939,1.293677849093923,0.6350454801642789,1.6075162597100223,1.1824730859617711,1.5862184944246343,1.2412475742047893,1.3120133948450365,1.3969904261352342,1.2217087496498156,1.0957482392332947,1.2822552917397072,1.278693556298847,1.1763599426603257,1.2104963146804315,1.270848111569864,1.4764959044099553,1.5688009648510786,1.0935087403420318,1.4965372117066258,1.0480009443844152,1.3967679316686508,1.1560285817143534,1.2050698689562467,3.2282869906018146,1.3426103699544805,1.3647664641049877,1.3342777495437521,1.5853034523171252,1.5509617070420156,1.4887900606457478,1.5940247090477568,1.274678001825741,1.2628676532817007,1.5478452201812232,1.5490382438250354,1.0858737195788373,1.679256482344409,1.9875767759627365,1.1666712239103771,1.3290715536658355,1.6601765873826013,1.3361538625235414,1.2987168749105304,1.4647403609442846,1.5601435022301051,1.4986316961948878,1.490152670824917,1.4453941730939608,1.5161341383618196,1.936328235428154,1.7092650206997804,1.0790143714359333,1.3366362457956082,1.7474014147706909,1.3841779454242173,1.2278905059581664,1.0721739626556837,1.7152187321160095,0.9896785933107058,1.33929420828538,0.9774445598982717,1.2124768185316643,1.1841850005415204,0.83361374141547,1.4612430650148192,2.3879323193375206,1.0513053622936965,1.511028350038549,1.0896723020489345,1.384873857028514,1.7760039887006234,1.2531312794080347,1.4691161276793674,1.7822008798290856,0.868525639658972,1.5253091149397686,1.3712009626928408,1.4869732836053506,1.1588117231522375,1.6517503316219222,1.447199530744499,1.5367089789330077,1.5245000299038618,1.3171931483470833,1.5837860117114735,1.7190900186563831,1.358385177469438,1.2039562995696236,1.8328495285627582,1.0042774894142978,1.0606277506156214,1.4277482827787322,1.5242467059064189,1.6509852893028212,1.4560420693361107,1.3547850950918263,1.4167000815962014,1.1624251630077014,0.9836525180511431,1.1539144299405835,1.2749533296963163,1.3764533614343875,1.3677651534635231,1.171366343404677,1.3734555563190207,1.4536537638699087,1.0563866492111251,1.6507116350852935,1.2866238736445414,1.4614223758769296,1.438400277246648,1.4092770473141085,1.3923544860688868,1.1083002910270348,1.2681104263001968,1.2398291987677648,1.8390076389143941,1.5624048291077863,1.6958921318060922,0.9853991680381236,1.3737835638871387,1.4365838355099598,1.2766424101346465,1.2482405628837046,1.262365586745715,1.7958297458090515,1.4989365250915436,1.415013735153324,1.2501281592102833,1.4656104250242246,1.1712078874346166,1.3552586604888655,1.8573800885231444,1.2441305915507783,1.2493689146435112,2.239281302528446,1.248612190852419,1.3314847394493254,1.309371589811322,1.3710667463542516,1.1790157531751753,1.2722461991800598,1.5294350513560353,1.307729510676797,1.3696900879715483,1.8071549896416885,1.1304356984896238,1.4430810566687655,1.4599903536598937,1.0289627451267491,1.334846284040762,1.475438876796297,1.3052419916682747,0.8539628531807044,1.0392147371839435,1.0651859957318952,1.1554324966349525,1.200995413014718,1.3857498564740602,1.083264655043859,1.4464495459442934,1.5042616060281084,1.438402812529287,1.0316183634764147,1.1258168221141136,2.053147733311663,0.9487723150447303,1.3552531527827318,1.0629351314388487,1.808099602925269,0.9932249886509976,1.8734816186383407,1.2518831701606115,1.8655837404096483,1.6007275973890005,1.4960339643009748,1.1665784150858425,1.5776989041256368,1.2992120923969952,1.3205070365513816,1.845239253308836,1.3973173837362922,1.7525381773077184,1.5828945645466983,1.5305514127404112,1.311718481906254,1.1998766891336259,1.1998521908473052,1.2291347677779065,1.346070421149403,1.3618367014444674,1.2813623858508931,1.374524490004608,1.5066038775351551,1.178603957224968,1.3713423316752853,1.3510576797391232,1.2693194340528475,1.1323430549296145,1.7651516090646886,1.626192232253616,1.4832731814337394,1.2573069338421625,1.0995390676392358,1.1093084510886566,1.5407936753088154,1.4358301940054907,1.3546047265371834,1.2039037179355534,1.4617123106312964,1.3862091169629625,1.4253378632631548,1.3819707357825965,1.7276808786099525,1.3556283336786477,1.113049176439055,1.3359142385871465,1.1590905796872186,1.6219672685716984,1.5190338781933332,1.3955397233381044,1.333636335561172,1.91540988110461,1.3367120202186915,1.747968528997921,1.6673424969197213,1.531604180359193,1.2852683799871936,1.2611499313179342,1.0016906568459478,1.2949255483099167,1.1698342267995556,1.2997377999038058,0.9293423547347204,1.7589884345709927,1.1786215525821986,1.2716277967259921,2.059344453109578,1.311406569057182,1.733028099434656,1.4065617510661985,1.4654985813767496,1.3186436437726685,1.6252295697845087,2.141933559638645,1.5556497295456198,1.4265233780928157,1.616709674402329,1.0985983998638384,1.5310982821528074,1.848586258084268,1.3160953931297892,1.5654796616028872,1.4650530073791541,1.3084936081442473,1.3468979790513163,1.89742151808643,1.2021348897203041,1.0780413535542535,1.5525217069841193,1.2293713765352228,1.275784124043861,1.279598519047617,1.1787488521162515,1.6037970771572,1.6524161624798532,2.0979497242820884,1.0421926102637413,1.1497718396551229,1.2737016498829925,1.3401201714776443,2.0636848289249294,1.4057364012786682,1.1173725924930105,1.9815285992927132,1.3908647298008978,1.5725528927171522,1.664124254962292,1.152013971473105,1.2377172979278273,1.1036257762170554,1.031105180266021,1.3858640834925073,1.1986571802699117,2.206457652543807,1.3783385414170803,1.38464492550174,1.2208879855261516,1.219441004908418,1.328025670388601,0.8794185930834337,1.4515540785047858,1.5573227363046462,1.1774273722948554,1.0685826156826421,1.4152261326726099,1.0209637143959551,1.591459489039928,1.0626330576422256,1.4254383872987404,1.519128622570687,1.794664093419479,1.068903885971032,1.0704035958154132,1.6137107209367454,1.3237309963766228,1.2186075083779202,0.8244736313407317,0.8785246876754129,1.4393588332814882,1.5162324181729403,1.1816541504193754,1.7174797662731096,2.089182777193577,1.6097356044820672,1.513946352370974,1.0088513315198173,1.7037069412289947,0.9810278299575651,1.1638590816694356,1.3379550691780016,1.4934404102688403,1.570912180890508,1.2805081099944489,1.659899968839686,1.4409824534011646,1.0477725594387324,1.3323419621256951,1.693956006148301,1.2499450009684,1.3903406461456527,1.747942427148938,0.8316735705194576,1.2032230251764882,1.4573514110772958,1.6785133379025972,1.370135547410959,1.4319304672762563,1.2906627952150422,1.4436177194120303,1.2008877011892194,1.4406392416691758,1.5534100926176024,1.4174678747566067,1.0792004135063096,1.4355235257457482,1.788088337590115,0.5275495074309444,2.142939748559806,1.907200381846431,1.4564206370061488,1.1595214174919408,1.4962336027092724,1.2223099423642108,1.5137322850451298,1.3338342890821204,1.2847304072272263,1.662773375216804,2.3108473610882196,1.1130121710623353,1.819372183923024,1.106610125133479,1.5583795719137767,1.3493185671474797,1.1466627116039387,1.2463578609895816,1.6710181473833217,1.302937841267906,1.3204661008803829,1.2416188650814648,1.1938252456172185,1.3778705144079892,1.0202860037189285,1.3027127228770161,1.6082168382881015,1.546948570904461,1.5040639322841964,1.2728013232045552,0.8260593593793781,1.1916691686339487,1.3516745332798765,1.3885440309317039,1.8809770689847851,1.3328340604021354,1.4450276845166052,1.2060407639893773,1.4754563391130668,1.3187253958414402,1.4238854101269312,1.7731887238903052,1.3819685490367717,1.4874139684956087,1.1517614853336429,1.645536618516886,1.3386671019890448,0.9617239595887077,1.6142111620121409,1.282204366980571,1.488273408529074,1.0942091990196678,1.163570673881687,1.278607777078998,1.1173680597784217,1.2695335105450742,1.856267620786373,1.2720774695721284,2.733153704055152,1.469381283415053,0.8000580343014406,1.5649374455357112,1.3206765374858223,1.622055085042754,1.2966712762691766,1.25310797697422,0.9508855946168846,1.120058511321664,1.094302426865239,0.842806436888259,1.295213877407344,1.598545788254476,1.6294948124814792,1.072466183498779,1.2318188232706762,1.3548786405403086,1.5269961050215477,1.5495108689828367,1.4940286204247704,0.994430495028307,1.272560943595998,1.3648925189236323,1.8292816198211712,0.9783910195249595,1.6820912895124502,1.9610989602707347,1.7782612749991797,1.0152138885124102,2.4334943651280425,1.0222700626767538,1.4007162053053184,1.3851960954669178,1.0891553509010854,1.5203876809011134,1.4235232181230266,1.8063897496222814,1.467095076565624,1.3306558172886263,1.3155218635825483,1.375324053469826,1.085124411986993,1.392587430066223,1.4774165191636675,1.295243681249529,1.4082395578119509,1.1266161623097188,1.283917351447299,1.1979794996430435,1.291403670897477,1.3157987449566528,1.4655184842238338,1.4780161751603518,1.3309413181116105,1.1803876970596177,2.2670792285297146,1.6017338642136485,1.3553929688276463,1.3422935713194155,1.4001523638730757,1.2014960794867038,1.682608249717702,1.0177133261534785,1.4741714027905746,1.4602378220617713,1.2662586305360162,1.8665644271700432,2.074340242486437,1.85717420335929,1.2738892323282855,1.5709325327885377,1.476518368416621,1.2154279327336999,1.1913014430393072,1.7102976831371648,1.1762855780694945,1.4465324829712345,1.372049052078872,1.0500470062823715,0.9060918215006322,1.5714280915461105,1.3108175825125157,1.3348397751922434,1.4151657363077104,1.1596818138276508,1.10261662390639,1.1227297150560238,5.20430163613843,1.2862848397643167,1.316031933532772,1.1416239355180786,1.5257831151040295,1.0349169577513466,1.0326028757619712,1.0293768299586188,1.51048164628242,1.4984792735566776,1.4681644428221368,0.9745969786648578,1.3651827918659731,1.7337401751177175,1.3321485928726644,1.2101111477937145,1.0723377691721498,1.8721092459997037,1.083696221179608,1.0955579098291401,1.5737765109402693,0.7172451251039941,1.2006148670652044,1.7037365164107001,1.0003403089492748,1.150602150799408,1.3860335985093946,1.790379638208012,1.2800779052994269,1.5762042607759537,0.9426978329032791,1.3486771827406066,1.6797354348648337,0.9078623098296453,1.5616553236852804,1.0354484684927434,1.3501831817448204,1.2959371196223555,1.337542239132019,1.0768217427557336,1.0939396046299472,1.3823786449518245,0.8289987925529031,0.8289818079740052,1.2154250804496056,1.7022369887570599,1.8674552734036294,2.8025140653131224,1.3197836659297026,1.0905975316444794,1.1419180621469893,1.5903092885960515,1.8560532603895403,1.2723464997956921,1.3700836473074816,1.076517128516571,1.533585424079028,1.327488107045515,1.5615491112059963,1.585446320024643,1.6208187277929766
51,1.946306179130465,1.4969462132746463,1.1261394968735536,1.6798347751413656,1.029879938071268,1.6916312054434912,1.0762774346521309,1.216790142338495,1.1590838227525166,1.3770286750257479,1.2168628475224756,1.3680609320468544,1.1469779798456,1.3555927247345987,1.459635199744874,1.573449028536452,1.3834265007522586,1.5022342469374879,1.4967948236365127,1.3569379355234674,1.285672690510255,1.7035571533067975,1.4274928801660316,1.1036759207975888,1.202306019375994,1.4768900213428746,0.8700235864400414,1.67239190496766,1.165233470424262,1.359455007305006,1.4471052140538263,1.2169739137621611,1.2239631599344203,1.0915413638424574,1.3702789396460306,1.1868860427070567,1.1352133578614039,1.2417812823819383,1.6289860558925993,1.340117370506812,1.5363456424651503,1.8697657580681828,1.1058803717826704,1.0562691768303067,1.1126076981464843,1.2595634500632866,1.765969900926286,1.0519128127408421,2.1422837193166897,1.3577185557116256,1.8466530881960632,1.1673415946006622,1.1820195654353234,1.463242578303309,1.2053751558483174,1.8515941882403464,1.3075143330514716,1.0180409770805285,1.4190467063600076,1.7625758455140623,1.2953408495726393,0.9884712394077436,1.3979687698960492,1.0414996763961957,1.042517003875247,1.3642007324046612,1.958627311562784,1.4942385917049459,1.0947421028997155,1.4441722107354842,0.6946721937478528,2.410151402580497,1.2813061614385144,1.325518115772357,1.2803563365524933,1.4280654724729673,1.2093986744496577,1.14612234331887,1.2121202600844898,1.5135341918141632,1.119035499229525,1.1003995754416807,1.4096231363718859,1.2884080568871612,1.6452690705803998,1.6052015057394113,1.191322789868775,1.4155161076765026,1.5796562008973227,1.2062080569856681,1.420092236290424,1.2164475170876705,1.5460181283253709,1.7004235062824549,1.2923304188111988,1.2698192156261314,1.2171331090818593,1.4790301692341998,1.80771963440775,1.0052460553195701,1.4794225353822859,1.4210671563779416,1.4589239697203418,1.2006147368464162,1.4051822228405522,1.2665113754233701,1.2050027227487972,1.3756696522839293,1.9035445690696329,1.320907063288975,1.170107063124554,1.072385730697995,1.6905077137289575,1.3785387792748027,1.5118914046184517,1.5281600719176285,1.1733878147033479,1.3758955158752106,1.2038802457109672,1.4633396849267282,1.3618782942905585,1.4012707088640806,1.8144814624437995,1.4824938536842764,2.3502270362149007,2.238630474375876,1.3658270683681382,0.620568649443068,0.819969671503574,1.1438664871019273,1.6647988498222188,0.9442642292524602,1.2053435876995866,1.218211347829464,1.672381194221439,1.3853564235240587,0.9800785460118046,1.4642948081889389,1.2201188318060827,1.4619249983431746,1.1149885869802671,1.0067973510448107,1.3226509291093764,1.2243894505815507,1.1447159046143205,1.0013804143708924,1.2313768708163133,1.2737873725284523,1.5961899746403172,1.4334231307451435,1.2559497983978314,1.4087878657911306,1.540973316956427,1.2159508954221907,1.0058645454249409,1.4835245570309272,1.365346026179506,1.1892826167793336,1.59684280098092,1.3361561174515018,1.303275261609839,1.4767432662345572,1.45051218519279,0.8894309946285794,1.6180597502863432,1.0950771688578134,1.0271865430410223,1.082967673813367,1.4648693977635991,1.3298505102320541,1.0370063322395306,1.2909512496070406,1.5134740636809196,1.218014807168709,1.2147454140085956,1.1887405274628289,1.8322035934952883,1.3662305579195642,1.3257488407188165,1.5442555325725618,0.9950800769083875,1.5105673684896712,1.805033910282289,0.8952422932023312,1.0189169119566317,1.1070298382545742,1.1595945745457867,0.8944688609089506,1.4561921562138325,0.7559427193747597,1.146184538910377,1.2525855794189085,0.2635018937706348,1.207230611152401,1.5649315413265321,0.8776088796353706,1.407479341375299,1.8155928864549953,1.1875601057239118,1.56912434888747,1.368036406677601,1.3659054908165935,1.6130091091489023,1.5040144903466572,1.3776271337597905,0.6712306551479132,1.4988203739163732,1.0410387805179835,1.5731220036935314,1.3571490040373433,1.9642032162520429,1.5340277807665441,1.2223368115512088,1.5416224056830736,1.5378637170122669,1.4307035463931004,1.4514306824012948,0.8719967698629056,2.1098574112059705,0.9053198241773385,1.2982314526652703,1.3790049106673647,1.3508232666762494,1.281071254256089,0.0,1.3623937070515462,1.2442347463691625,1.2282164365444213,1.6790030452508138,1.1836111848573316,1.4181515228552286,1.5323059621638144,1.3200795391860898,1.4614400028862162,1.7405241046032942,1.4733841965797696,1.3340537668403765,1.4628615074944704,1.3066664374755872,1.3947136992896247,0.9394143169340348,1.043370599946562,1.454166885894048,0.9668076159452286,1.3970298359266276,1.5850679528487115,1.2867611370436993,1.406773120513193,1.939283154544118,1.514931527365039,1.404079348595151,1.1007556855599965,1.1612451210765347,1.180957133566269,1.507643190699822,1.758254293277052,1.4568156687119171,1.4069920456553766,1.4238767941501647,1.3196039523023708,0.09475600907554062,1.3585736834675075,1.4123190679590811,1.4003824527233313,2.358803743167332,1.078472625805143,1.21489162450749,1.4091272028585826,1.2671087853017036,1.0971572818651096,1.1740717500314153,1.3313404415401264,1.447771135998461,1.3653383022580154,1.7148967440817826,1.2314239760106684,1.5729382440822222,1.8007520441034601,1.1543488611131911,0.9917756204579254,1.213335663542909,1.4306967325489444,1.1383503915619277,1.4739315180314048,1.1790937771176973,1.0247728124587638,1.4015703169372684,0.8238621031891857,1.6608358661281128,1.0571224233394716,1.118817199260668,1.1673981613826032,1.2147629643331799,1.1198729512611254,1.8088932167561036,1.4242392424112256,1.4573164067201527,1.0878073361514191,1.2356663866961344,1.6440930713286006,1.6023773157661707,1.5001639349688547,1.3257675433396383,1.0274840770329903,1.5370763096080418,1.102037110355364,1.47519248437392,1.1154655332240158,1.2941892909025683,1.4507576253904602,1.1825891079776087,1.7855346770877414,1.272783887849804,1.5349846733772239,1.4807833134557717,1.7995020211980963,1.3387015875646926,1.5849712178715256,0.9705952905430619,1.8239358179152216,1.772594777981265,1.7531004300603759,1.6067577764967462,1.1428694282202465,1.6999125213642645,1.9186424656069243,1.558939816195,1.237676051120228,1.11444719453663,1.373652244334712,1.3741779794486915,1.5760919423226143,1.4788398452485294,1.3690216144431582,2.581102340427119,1.487400208539323,2.138597628502276,1.562217932642403,1.5191543138674266,1.1030965300937834,1.207643964802331,1.6077197777308099,1.5031699356661838,1.8517263116826561,2.027032648815026,1.3376133249609476,1.1979644535088707,0.9656258835595395,1.1880690029239656,1.112422390483042,1.5242608648537228,1.2673221031317201,1.4629892696739242,1.416975973872404,1.1069283099476301,1.68685736028557,1.7043245856786777,1.1617850463106707,1.2998018276565029,1.1079118209765517,1.6652906138279122,0.999015987181624,1.122675540099911,2.206184322732524,1.1794507924252275,1.0996096669466762,1.0637772036920605,1.0615964839144294,1.1966711254287,1.207216906518002,1.6423932342896865,1.4927239676109192,1.1100939131935765,1.2674934836455929,1.1907636067750833,1.3065335337728192,1.4908412930217907,1.7403876240666345,1.1004420020292174,1.142485102017488,1.7953952664186623,1.2920562738410597,1.5106667527848932,1.0803671625022568,1.0613386945261394,1.3066678937689986,2.3265471917885114,1.3270019759096303,1.374630419687909,1.6237593810924529,1.5070321645148645,1.6595553987839677,1.5833845411744947,1.2686763598037871,1.7074830528355576,1.2256232305562706,1.2381506813887773,1.3684601140434558,1.5460648191149058,1.2123498479890658,1.2945619150547736,1.6953967773199952,1.2912480832025763,1.6894803597596795,1.3336431741107593,1.4318090340613034,1.265490108482755,1.1183382878950778,1.2797359724574706,1.3410923622256035,1.3584682547448135,1.2448104237790854,1.7707027029170619,1.2426579860576192,1.5120931314768145,1.4793353009299457,1.2091782695578663,1.6525087766980202,1.437644965054123,1.3849725595733606,1.922301310196321,1.1916981952381902,1.804347077562733,1.3177395887752341,2.1595026174578242,1.2573832378446321,1.926751765669032,1.1785976996635443,1.4987987661638886,1.345822490884078,1.1754902099969817,1.3921494929304876,1.1324277066787078,1.359221322133448,0.9194685868474797,1.765975529645913,1.6581502803511707,1.323612975899715,1.256467699711425,1.1940107249173968,1.2141261333836557,1.0982383951737915,1.3360690799970822,1.6586257206739774,1.251505578190053,1.3089799387883543,0.9573429928672907,1.5094359360553262,1.2911161789606074,1.7674757656836317,1.2159292040679552,1.3078461960688357,1.3112452251825997,1.182172244872629,1.0690063929350084,1.2371028983070966,1.2723755275849151,1.1850418967751972,1.2199996798184591,1.3670792859641518,1.4637761767869872,1.3695219785380954,1.1440848169576596,1.4419235186606425,1.0092563974826092,1.5056172947756825,1.142003578335306,1.3838289712056202,3.160767136726979,1.3546121278229322,1.4570380882155485,1.312406018242845,1.579226384551041,1.6305228286120368,1.3665282308938507,1.5293967518489509,1.331854240377168,1.17990523568911,1.3989984539491664,1.5528527055893946,1.045350931302338,1.6672530376723236,1.4426166291628642,1.107224601244935,1.3067760119723515,1.615285187689282,1.3420127021151547,1.4802628520115286,1.4631982812372022,1.5350819886353149,1.394266366551634,1.438610965063884,1.4118411903676487,1.6572022814287877,1.7281115107754577,1.7516489295664868,1.195262782066493,1.4230643072757925,1.7194170698057878,1.386098221885088,1.302438034725389,1.2623520758643305,1.6313070774466394,0.9319616135065824,1.3405649123548786,1.042582622131953,1.2209236825024545,0.9722369091771589,0.9057532443194433,1.471324372206353,2.0625295764138585,1.1350226614715897,1.6140236738873912,1.042641770425334,1.4059273980873712,1.6480215051731637,1.262215604330735,1.4057266482838942,1.746044023528585,0.7819021820158613,1.408026547739568,1.4726530326027059,1.3864107678580684,1.0320060208561863,1.6933652007167574,1.2617970767844398,1.6139307366310989,1.513542553288174,1.4195123340135758,1.6173574778416873,1.9880897574308616,1.4085406043150972,1.2319009083977324,1.6082727582226255,1.059800205110787,1.0006568199534294,1.4100284169082604,1.497075494540725,1.9553693613522216,1.4148839054770634,1.3391114033829703,1.3491858583037593,1.1471157915494552,0.9984462744424945,1.2034006803345265,1.1462779012731277,1.455758382413442,1.3285771405319617,1.2029323439776274,1.286252770529917,1.4005160937205852,1.0055779227338864,1.5727339051258649,1.241835271400936,1.4616875880464795,1.4024287709563934,1.4330105545838379,1.3416406845772775,1.0955650710766884,1.3804589720468803,1.1650908151772228,1.7340334497772991,1.4892253217696345,1.7754674270438098,1.082820297498189,1.36531891275175,1.547385920251208,1.253369827207432,1.2306247788343518,1.250992099042329,1.8697614100342186,1.5465338322669813,1.4265822206441423,1.218101138395522,1.4119150210997744,1.3035630987341964,1.4458269936961854,1.9163288248549342,1.1370163963645823,1.2703783136599154,2.141610047193485,1.243956582471628,1.120194164882816,1.256816323173171,1.3229930368937382,1.2001210651725744,1.1594250459693263,1.514836452663619,1.3100116427864252,1.5276711737697521,1.7105289197543927,1.240005339395028,1.4303113204899027,1.3652421849773169,1.0464519364793126,1.1888529419948575,1.3614410225163596,1.431526924664994,0.9337193523480523,1.1291561059129498,1.1159397854980135,1.16054262846732,1.5966369565669853,1.3836642125049727,1.095096323895491,1.3019156243217513,1.412872041207277,1.3363462543852058,1.076369870693607,1.202995322512633,1.9390716997104631,0.8018560776819801,1.3051762136755465,1.0522849997078667,1.7527719532916177,1.0030415820809888,1.744824367284458,1.2519197789836978,1.6945212921520967,1.5918448046786473,1.4456661965061144,1.1126332418868898,1.4037108310724307,1.2417140518910843,1.3311577703565851,1.8808915064023455,1.4596753162231728,1.6332452621756288,1.5856233088777834,1.4104014574569606,1.3097686317754322,1.2870609981134364,1.2577234850615262,1.3213597757306674,1.2823889237201962,1.3881951068547336,1.326567449413766,1.4320979630848911,1.4912595678474578,1.1112113675254736,1.3892800535330774,1.4031451983428924,1.2370714911658383,1.124841949052668,1.6842104051599271,1.5406480875919457,1.7800335921537005,1.2145967764381231,1.0605708596470635,1.1356669359449123,1.470061361562151,1.4855216546665275,1.348722739843733,1.3984732843401964,1.3879133332184455,1.4270500250282583,1.5038939569458765,1.375779752829509,1.7359799880769677,1.3616536853524752,1.166659389632343,1.3710123669375394,1.0972737897945601,1.767813633564852,1.4865339489248883,1.4350586629423834,1.2331776812031954,1.8116362296322512,1.2725081113330574,1.7770404576923284,1.5607873353082384,1.8018198681442308,1.296296111940591,1.2523609247685965,0.9770253442037997,1.265965131991925,1.134228767524729,1.326030727485412,0.997563236309738,1.7365920698360964,1.1494036917469947,1.2163695407765889,1.7446808784309333,1.1580328704401144,1.6102256296211888,1.450436944987996,1.4089453124106246,1.294988647652493,1.6195655500666195,2.0229764081257464,1.450889108639931,1.2695987098767088,1.6225785584429342,1.1887673302194828,1.482263649970919,1.658741645459049,1.2756009351470599,1.5096575469250446,1.4192468410672197,1.3515982546780991,1.3016645136758491,1.6706625193820668,1.2235562816370047,1.06932038058003,1.6315648262285176,1.1553297327822005,1.3176065151030572,1.359757665128841,1.304042778159418,1.5019420641164487,1.5576277248121038,1.9950348017878663,1.0086782354293025,1.1504252822803234,1.2241042574968588,1.3488359952105455,2.0048084460891133,1.5292296813401245,1.0801049172639292,2.1074154649535624,1.5142348138923631,1.400111894386745,1.653338261597068,1.0954648118460681,1.1928993569975777,1.1065057022214293,1.0280610492961164,1.3969600958683128,1.17141393014228,1.9657434658336004,1.353674216239747,1.250878084536669,1.1345905526072033,1.217273702759318,1.2748927972910473,0.9087526424600839,1.4894364919554706,1.4491876456811141,1.1568833856408418,1.0275766551053716,1.3217672095286612,0.953383893491973,1.5509060416811968,1.1510227676554678,1.2474925852522087,1.5480235774191504,2.099503952734022,1.0790773418597879,1.0708351453609075,1.5793710002697,1.247536075843141,0.9396476215660197,0.8439442243702148,0.9351773395809346,1.4436917363132122,1.3371762195265966,1.131465245578859,1.6830837584769371,2.2971532631926026,1.3704140166713277,1.5538005303588385,1.1032970109297529,1.614476395012333,1.2015561300574904,1.1647676023345834,1.3159135223755887,1.4208085899174896,1.6013413810482713,1.4104711188440469,1.4842989357637146,1.3567616295971336,1.0036745045878306,1.3722045367833142,1.7897339743161589,1.223291792990805,1.278268943336525,1.7476708998781607,0.8599652420807513,1.1808849355426538,1.23743638438958,1.6622319278961442,1.3658296541423935,1.3384032438068982,1.2122940540302742,1.3664187851791805,1.1902747094187285,1.2603623936569255,1.515540440608834,1.3643440806181277,0.9992242412612774,1.3116604027615855,1.8408882828049027,0.3114751334157463,1.967596013778813,1.9382815355441636,1.4807693206230002,1.4627888866166048,1.4207070354022262,1.1874694155120915,1.616432370121997,1.4568236465560769,1.2163373119284073,1.6791214962206573,2.3313667739101973,1.24515233336107,1.532757721397771,1.183594542241703,2.0064392501055117,1.642503518119348,1.241750918664255,1.3303734898818838,1.7381968289343785,1.1123759235122952,1.272802129911208,1.1195994535703435,1.0894843292596856,1.360112438866297,1.1175859686952032,1.2621144049111646,1.5928556721049913,1.4788641080106828,1.495013825586011,1.1618874536374342,0.7066729338721336,1.2564799430733182,1.4340614402552672,1.363914958997693,1.7619879009245913,1.4630916141096215,1.4145478144308026,1.3600771335353339,1.3709278965784248,1.3654814396991606,1.5378107343149663,1.7717924478132852,1.6266169513782236,1.1995127271032135,1.1491906104854044,1.8557099584670635,1.3795606905202584,1.0309048421410212,1.6618829349288562,1.280816398631848,1.5659268621175642,1.033759177668413,1.1447067607015518,1.3884153792454828,1.1080519850332302,1.2214799783158252,1.450884034271211,1.2634455735359402,2.757810587082191,1.517501203329266,0.7669713886303602,1.495321765474074,1.4396106941256799,1.5676170512911303,1.4164076013292084,1.2787298312916193,0.9404233861949686,1.1252602968206014,1.1042113311332218,0.9031399856530615,1.2443828469085474,1.5557925204935221,1.6582518209343002,1.0509825595443816,1.2082120107552345,1.3991055419305847,1.4194312415048744,1.5527177344576526,1.4431494912353946,1.0395131122225734,1.151564378508621,1.3174778934839613,1.623595428494812,0.956262013823096,1.8801498841632855,1.770971573841773,2.1336186618607753,1.0192304817724176,2.1522699615541887,1.067354546948004,1.5087561046890303,1.3448378585934626,1.0257553320406056,1.8772971649204808,1.3812080841572205,1.8039122476120362,1.3755084749977835,1.243754215671552,1.1623094318045448,1.5149101913306222,1.258588170684517,1.3742812832007887,1.36897499033562,1.3331668990608954,1.402005743552326,1.1375209429194055,1.2297475383668495,1.1753431521556152,1.2224912152878664,1.3059903983565038,1.2626718675117576,1.3951796109872876,1.2476732054027375,1.138145325949357,2.169923606317987,1.4694553064663793,1.4245281340453437,1.3261326168672452,1.3759964752167184,1.1981674879104272,1.589711858963321,1.1181908103803389,1.5445728853276877,1.4828143932934632,1.2265963739305996,1.717827967288959,1.9772688879536786,1.883771913394523,1.1676885263398267,1.5549415838054321,1.4275431906092837,1.3439219665793132,1.2065065627389626,1.6656204797426013,1.248303338643291,1.3313597921075575,1.3663105753887648,1.1490483343891,1.060468783295573,1.3445335957755618,1.3375305126488306,1.2815690366396328,1.518206695138129,1.1162316485080654,1.177618164671084,1.1588433719018842,6.049973634076542,1.1939858882489132,1.2445657302836286,1.0953279037390726,1.5542917711835125,1.1579288908925327,1.209493649105219,0.9989382025465264,1.4643586404543414,1.346021356688321,1.638079392420755,0.9950885825694014,1.3462386569811484,2.0702577049988027,1.2731928331981979,1.200302218217675,1.0656398554971374,1.7950783202396416,1.1203746531194794,1.1179444928489113,1.595570270274763,0.6482597444545521,1.195889298989072,1.5958121632933358,1.0032463330378474,1.0721681205355673,1.251948736314954,1.8811585543107054,1.2895656353498257,1.5868865806291352,0.8917241775313219,1.2803369360495094,1.5286688027307318,0.9989579250575419,1.5626372098753194,1.1344936153497738,1.2812628870658147,1.3649858721321815,1.2584250303540663,1.072352210098964,1.1636264501766673,1.434668205979245,0.9461248714930062,0.7720920250374652,1.2928176881522284,1.6316149362092727,2.026141705687223,3.429792067223286,1.3013267955160863,1.1498818671613782,1.2098442536044656,1.5191799866908156,1.844178018437362,1.2706812143897894,1.3865238382791942,1.0185304445388412,1.8896977654156029,1.2766732601854087,1.4841485870527273,1.6112933273686227,1.4897365940546485
52,1.8647479014874497,1.445808123935554,1.2059644830664462,1.7165498542303634,0.9734063351982842,1.8312321278826982,1.0051874329818316,1.3754941351511802,1.2278981690786814,1.3906604115940078,1.1881404927674004,1.26573917850092,1.1565705802040813,1.2983035770727118,1.2528982593441527,1.6067191628391986,1.385562899750656,1.5157876874471594,1.5674655250341538,1.3482066936180765,1.293111316965411,1.7335873510180764,1.4929665009957804,1.1689630243991271,1.2250174092401334,1.401685882868183,0.9184205653387343,1.44673884391145,1.162680477855834,1.3615001323178648,1.4027662121857918,1.3693352044620055,1.0663846213419816,1.1524433313953368,1.450056612798417,1.1893116841196396,1.1155516830737549,1.3374803724752524,1.659877469661536,1.3607847277440221,1.6399156248080586,1.7835450772385544,1.0298642521321182,1.0594358274221427,1.1018749462073911,1.186970566619595,1.3985403842338306,1.1361429180699352,2.0422047572784976,1.504942594162306,1.6172297762482908,1.2804456902665535,1.3281209262785538,1.5032149869895446,1.0637804219597664,1.6868720495230514,1.238159502742736,1.156260321174633,1.3340286712949727,1.7887096109297675,1.3021740679282483,1.0276542230350296,1.3982589728109227,1.1497847301348996,0.9868621868582981,1.429701564802054,1.6187072500787199,1.7172585299135599,1.0677143365978574,1.4233786890001408,0.8212333675899788,2.4459917389792176,1.2253544961753857,1.2995636432291489,1.339347543015399,1.2956125063438613,1.1259065616304453,1.1055215748823184,1.2064126001188582,1.4740890264762223,1.1423515881804842,1.1150484204868516,1.3924963046316257,1.5033057574515418,1.7119916759719522,1.5226164781661482,1.085560340487862,1.375022034079333,1.3783207071701988,1.1573111022735807,1.2179001367314815,1.2709205890821147,1.5221070861665782,1.4333719520884747,1.3501964279538152,1.229313440092062,1.2925649460869022,1.4910935090775115,1.7833001840478655,0.9552404105882875,1.4383893123126708,1.4103762653193073,1.421779425377141,1.2318921664816223,1.4190041216816187,1.2026790432522763,1.1312588603959222,1.3496120718440774,1.8151078540908991,1.2888383846853873,1.1250799310742732,1.0250000769101155,1.7712700505533765,1.430539923810596,1.5688730498617491,1.4930148581675282,1.1341195347145867,1.3343024356421453,1.1517888303949717,1.3665684160572544,1.3622744267588103,1.3913796890621146,1.8353061877647738,1.2439246785072677,2.0236945954099816,2.1413658794656167,1.489631744074934,0.274878107289009,0.8254819008036687,1.1647609434046595,1.5760940262798615,0.917998300313897,1.213015853560728,1.3237833609172165,1.6570443070350032,1.3205408132584409,1.125030032748006,1.3713862408290882,1.2623596002035158,1.4899644517105721,1.1451411836367198,1.0302111550729391,1.2663642225906928,1.2768984063909996,1.2229956699100484,1.0024114818384091,1.2350153798658763,1.1631624194643597,1.591091382008991,1.4692384767907416,1.2120951106366453,1.2656067743269255,1.5327205655274247,1.2216127638041108,0.9850294995774334,1.4350910316705465,1.3902666976985376,1.1827038186749501,1.5665062600727653,1.2274349503022202,1.2494874931357027,1.538353058007106,1.5734270051313324,0.9237103704204543,1.7024951755107671,1.0990835489448096,1.0756329342471238,1.1107198807251522,1.4610679676800031,1.3081913063366546,0.993077590449776,1.2982460549430246,1.5028993500933536,1.4163980795388948,1.1914316644206218,1.411960237414505,1.8791608325930806,1.2390171566657262,1.2776530226169656,1.5947132331272138,0.9331576170173864,1.5609397062748065,1.7704390464847788,0.8372620798624647,0.9557248384643794,1.1102304535966039,1.1365567305598216,0.9295069923710956,1.4243264850855502,0.6769220152319315,1.1596257941179704,1.2474473790191822,0.20952463351624476,1.309071034146195,1.713315283534759,0.8247910708642523,1.479634421743125,1.9070070787704305,1.1122651607132088,1.5251291919079564,1.4185207262468191,1.328221272187166,1.4760629137528918,1.49004235228663,1.4583467557959158,0.6991451231080092,1.510285022887493,1.0083459538263202,1.597014829510753,1.4370294389204563,1.9095393510631327,1.5480177657588419,1.140293092714558,1.5349602187002889,1.4832723104310443,1.3438173339775388,1.4077446716731585,0.857141402799162,1.9234153330307435,0.8569192434390371,1.2405097773730969,1.4069251201207251,1.5158861341971068,1.2829663233115811,0.0,1.2465194190333322,1.2522541703397354,1.21514159463332,1.7532178461330572,1.1005725338021868,1.483812959242702,1.3831533876097852,1.3088333953459887,1.4423183875618504,1.8527319178097064,1.3727819092427893,1.2763850578990525,1.4561249640792964,1.1179969735565987,1.462965864035907,0.9672911654505767,1.2250101452368367,1.1654846904889533,0.9169919265523515,1.2920890905031361,1.4850027146202651,1.2906935786768303,1.33941062827444,1.4819889533182429,1.9689811548626723,1.2792525452073786,1.0366466449188747,1.226489340868846,1.08220820387609,1.4404026651365271,1.7354725526231036,1.3737137864381581,1.3748625780629276,1.3233035363985381,1.2769189343317664,0.12318281306161619,1.3803620795707785,1.3946388429038858,1.3542652678591016,2.3029613699285982,1.0513299817129163,1.1971284173904646,1.477597649247647,1.2487762464820538,1.0463605684719903,1.143632211361937,1.3059678046224528,1.4630385831944779,1.6378608004593096,1.8088999915223345,1.1699247720599484,1.4145469208250483,1.811384929212048,1.2184784791171617,1.119412492325216,1.233243977772625,1.5708946551377194,1.210305372420463,1.461143571131816,1.2593634293557048,1.1201635451475631,1.3553857687928803,1.2280746974644106,1.6413976956368201,0.9815575630511233,1.1621668819010211,1.1315221214125852,1.2173209507019749,1.5494262508252383,1.563140465323396,1.4579171551484797,1.4477800440833004,1.0810370824821265,1.1179690964089781,1.5635551880891034,1.7384878544841766,1.4912856964790162,1.4418251488247213,0.8894662004055789,1.4861526713085036,1.0506296791540788,1.2491154403173266,1.1890380279153048,1.171575116614944,1.331717769193896,1.2178062149175761,1.8283186804325302,1.2196230115076934,1.6104623903245012,1.367383614500262,1.5796365553242793,1.3626813817466,1.7328943464235635,1.0017748048511885,1.8752626279928337,1.8088659339449475,1.6953565882595187,1.663974703829409,1.184208690731331,1.6361331274778843,1.367733129232163,1.4515119391650122,1.201396317828618,1.0939982113261668,1.3615570426953596,1.334071251362385,1.4330909521740407,1.4837356899076075,1.3137732546204604,2.4103288200011077,1.4392504108406814,1.9829314428721334,1.5005388422032737,1.4366311729689722,1.0994173547837551,1.3200974743654572,1.7365742472588166,1.394296517420545,1.8199240790118436,2.075428827101108,1.2784383062708455,1.0907560875846185,0.9550643399154806,1.1736107724766343,1.2675908451059603,1.560635897810441,1.4897992040857477,1.3961349019568683,1.3797974674763025,1.0209437856877244,1.7081605498369723,1.7485944783752472,1.1517748539880606,1.2422938779799375,1.2128408445064796,1.6335903004967463,1.0486585992407766,1.2215101580595975,1.9307235376693956,1.1763803591995166,1.0814886842317297,1.016342464573076,0.9864408811573547,1.1254039995736573,1.147732406247107,1.6364173461977236,1.7664941674983163,1.1629386618981052,1.2082461330588412,1.2083407527626706,1.2159774842110855,1.4681170608624443,1.6626854750395719,1.0700834891210977,1.2669686343946707,2.2008427995618454,1.330162351862345,1.6011562070605092,1.0529975409063717,1.2955726224877036,1.28263702567426,1.984274028943019,1.4302725622619863,1.3000029341460988,2.021144686050372,1.4609349124995712,1.5976922813734669,1.509691207397164,1.14051146636232,1.8630231013493412,1.1793404528590439,1.2216488554843217,1.351266890378124,1.471643726489465,1.2554612991760759,1.3348013187681964,1.5716188791791408,1.2186732776701161,1.763542281408444,1.372656852239105,1.4571246228079993,1.2391549723896653,1.0057402778478144,1.273132273832641,1.4502839933099385,1.3728224263175386,1.2535792710573122,1.6716120229538403,1.289122704482123,1.884783947040193,1.5038394256652627,1.1747858095056385,1.5143801273879645,1.3867362823621696,1.3124107520930228,1.7502717221222737,1.2626748996834456,1.7136784857845786,1.3017810364919016,1.9848544055336426,1.2601205875561683,1.938274362338358,1.245116597637403,1.4756560246205674,1.47574505541696,1.2278137168564194,1.3966636085777042,1.1198457975432754,1.325278042985325,0.9187291227395739,1.7553639264232854,1.8495439661155246,1.255743205915643,1.288253701217612,1.286958722241723,1.1402064379635681,1.0927176539522172,1.3447870039158172,1.6505445244626207,1.240842607445451,1.3919139583070528,1.5900010627477723,1.422462864080031,1.4982697500408286,1.8444978519831943,1.2840391538387634,1.245380968636425,1.2604835363607854,1.1208415856412417,1.0486206980418784,1.2057408798973135,1.2176269789791538,1.1123017458080877,1.257886462206636,1.3388495139052297,1.4268315024778284,1.205979202359682,1.183371840993804,1.386142917182206,0.9192012026480673,1.6004282574872892,1.1672630593657254,1.3977208019237755,2.975827692521944,1.2957778109500353,1.490826309388744,1.366984156115242,1.5159943625442902,1.5961468621405386,1.2699080837927066,1.4413607782142088,1.380383211605777,1.125922444561816,1.2155396387028192,1.348860509994382,0.9762934425725651,1.5478423662581946,1.2438681612867177,1.059678916690415,1.2981550281420722,1.6157940111959725,1.452286156126276,1.7361935821628514,1.468604394661453,1.616738235462193,1.3221930876560855,1.3793262652143703,1.4280221273214242,1.7379605790054438,1.7682471329290816,1.7186346584163412,1.285536863497986,1.4299584834477728,1.6024771100631823,1.4537315333706569,1.3451962307531184,1.3581658041509237,1.629804500407973,0.9914323022413845,1.3839628405404552,1.2503954312962675,1.1832451029633038,0.8681820185480342,1.0273117739297215,1.4936389265668168,1.856031358152854,1.2539285278729841,1.686898419639168,1.1653885301961644,1.4811989986105152,1.5846650606004495,1.3233994870461905,1.3623285764373096,1.6073317111667336,0.8525706993227044,1.2796513611042395,1.3814604303590148,1.3344580439130531,1.0062244967223792,1.6400084960252341,1.0839584173626498,1.456457483120645,1.368127127468205,1.4153008412192234,1.6581095695227606,2.0286434872382917,1.3607019572565466,1.285138013629922,1.527482278089972,1.0814904954056976,1.10974703139403,1.3986165201250411,1.4339419502036996,2.232270944636673,1.3374111090522223,1.3664544583515927,1.2056808344692516,1.182673684703453,1.0332970328120366,1.347582172925254,1.1162990899609446,1.5045368250680822,1.227723313337103,1.28869094399098,1.1715257368638219,1.3975062556521727,0.9832302236652121,1.4993761674111772,1.2693956759344676,1.4986903207547337,1.3025065882620495,1.3719112472569521,1.3217968013727055,1.0675012948091136,1.4493786143659606,1.1306117220320753,1.7650687916734071,1.4344674446806975,1.7487537382446314,1.4989366045209884,1.3826776755369625,1.4529423590192128,1.2406741359283227,1.1545602581809655,1.2424426346554212,1.8474779952657392,1.7609507939835318,1.4782110738765823,1.0883512193966238,1.3319175200691684,1.413158052085765,1.4784550911457974,1.8890999512198423,1.1542346710532854,1.2935398726938094,2.075907707999801,1.411662575217382,0.9584801484234466,1.236327844689655,1.2782961253975247,1.2700902919840595,1.170567524810271,1.4678907371556251,1.351854124788411,1.5995897057455624,1.5749267814511867,1.2896274895229087,1.3554975290016733,1.301506647513671,1.060858360626549,1.0474741380833485,1.221594924050363,1.4723477189972964,1.01278791215294,1.0776564614249686,1.2847457879466462,1.226787068161455,1.931215193836564,1.2615330374204516,1.0429902532761541,1.1782941747991726,1.3190303766958307,1.2154695727052751,1.0553485681535513,1.2115093862620814,1.7117924771473132,0.7697609908179808,1.319701809101387,1.192205627074078,1.7250967113688005,0.9683762773892903,1.5875586369793573,1.575241630096109,1.4663863027985216,1.4889495293449342,1.5062954797275445,1.1101823269060174,1.4179311021449248,1.029747412526902,1.2057770753416566,1.814941183925309,1.436256432330032,1.4124446531854447,1.6324708303871893,1.311500718522624,1.3138517153448828,1.4520416243899912,1.4121880455776017,1.3251892974618653,1.2502825613174118,1.3925795687776603,1.3536068792636178,1.3995621761232604,1.4528713493901302,1.0785355664966854,1.4400428580304336,1.4807711817802114,1.1890713071395878,1.1716942904663363,1.5565753940260416,1.407576908292449,1.8588457338973914,1.2096252503740785,1.0132394873612123,1.196966623132798,1.4204065308422138,1.4798137790674932,1.3692327678626772,1.6272187074330366,1.2511300113964077,1.3948828694379414,1.4802314937062022,1.3294310960467075,1.642778675992552,1.3137156456795263,1.2571121389029591,1.431787113500841,1.0081936516390608,1.7474237609811953,1.522276486304671,1.401279566410014,1.1407560697448547,1.6757900728171609,1.1456471261445156,1.6395497665323298,1.301935159116507,1.9911492516205915,1.3567987442907663,1.31282408756825,1.0066678296938152,1.3395599643818195,1.0619135340294636,1.3566226806636574,1.0699905590543466,1.704366765882623,1.0862077738130596,1.216039044065674,1.2298505108792,1.0825314031499833,1.4944821544714408,1.5023325192715964,1.4155646497207641,1.3549401025932974,1.7557115447164326,1.9138486704970918,1.2563521618640419,1.0610184302078456,1.6632474425986434,1.2147575041493324,1.5806105137180582,1.6254240121557393,1.2184792528589852,1.3695745803858992,1.4377184730674863,1.2590524262546476,1.2628887844403442,1.5261181043213263,1.264347891469246,1.0723920174045722,1.5851634065288034,1.1448054254175173,1.4175950400765633,1.4742106435658908,1.5000134929969704,1.4248650616549594,1.4260766471049728,1.8600860981999252,1.0778292450926643,1.044425283836266,1.215200409524408,1.4032641258043697,1.9825674273521736,1.4445789821989323,1.0642200463077307,2.0413975419918966,1.5839136220812093,1.2465936379774956,1.66354809842534,1.0885091683407317,1.1826747329767557,1.0562336832812842,1.0916696027762067,1.3810381758025336,1.1915792757097972,1.7648652442506534,1.3970353281528034,1.2257761213871667,1.1036739129493185,1.235274111041794,1.2654147229275725,0.9348444008461017,1.4581796678101289,1.550660128819596,1.236519809703406,0.9633106849803394,1.2459834887065924,0.8490903015228012,1.5473472408924749,1.3594498375939406,1.158634584983007,1.5298157934368697,2.220219787107938,1.178176354676554,1.1036228032628075,1.579486639601949,1.188050360691184,0.7908313649307234,0.8907159003643605,0.9626308918608193,1.3910775232469526,1.2609075385595487,1.1618054144198946,1.5476642260078832,2.2993696162438306,1.099027056538943,1.6242431310013332,1.230015812983774,1.5521364069636654,1.2622924581940238,1.145952353684565,1.2060420187344094,1.3651866972320368,1.592444211027763,1.5514973666082612,1.338691560316998,1.3208166323797215,1.0199956925077487,1.4032716789718824,1.8292446639890907,1.2297274712342823,1.1557673569736142,1.6374044632580746,0.9084577675626258,1.0953850245347199,1.1135752788155227,1.5404657334696834,1.4276778041695577,1.3140798763948816,1.145982045311284,1.2829085483283613,1.1072852729144862,1.0683026921539274,1.4636601833897749,1.3112717499963922,1.0035419388872768,1.2376259829749556,1.868590742367991,0.23769495129868382,1.8172311271161008,1.9002050604587555,1.475304967435539,1.571348998598201,1.3950632603843056,1.322084832822591,1.6776529822354018,1.6499881585932934,1.1865854612052533,1.6734436414692029,2.102651173959578,1.3925393655606015,1.3179570440751114,1.2364437005365954,2.5193527775520232,1.8831066188556018,1.267771188839394,1.448655066070343,1.6512820995559256,0.9587504902994941,1.3575156817366267,1.1463388767820486,1.039239310871126,1.2850054932481347,1.274433957588689,1.2533516394037716,1.556706825417612,1.3243389126820153,1.4604302615853468,1.1703607791881492,0.5570626117146418,1.4396870118255192,1.4861862454386208,1.1959019796515111,1.6865731247438553,1.4325262721758971,1.3939976337968933,1.4319147459704749,1.2612388973412698,1.4132506871883466,1.5561422676602081,1.7068420517847622,1.9714071348720437,1.244597163434397,1.2228270795454423,2.1740804192679115,1.3653173251829283,1.195505377968959,1.6320256780251978,1.317137202625237,1.5699842324680386,0.9951651348341995,1.1235625826401165,1.4217688265796984,1.1548522344032959,1.2790578885995143,1.2321398091278892,1.2281148559171657,2.440604452954699,1.5716051236569477,0.7266773468074559,1.4044180183237462,1.3768272167855686,1.4790186414842048,1.5494766247358545,1.282713249329626,1.025257628509571,1.166065316574708,1.1669115287444278,0.9742632451303253,1.2415439005860214,1.4850584035740213,1.6769561960250388,1.0703510997118542,1.2056607871415332,1.3839089298068172,1.4014009458512562,1.4687269412619113,1.3430439741981994,1.0377420184781396,1.1241482902047568,1.2953874459110264,1.3575607587783736,1.0225620319155344,1.7692980295479859,1.655792852035774,2.46357574566375,1.0531452518586588,1.8733672785277102,1.0528119580095932,1.680370889584673,1.317832030876143,1.0339998045503171,2.2477840345878723,1.4223192999536056,1.8275732030673557,1.2859944405914843,1.1625105891580865,1.0771704423699802,1.581457261543376,1.8593792375521097,1.277660144191663,1.2950977244050303,1.2898359640316004,1.4434869570915108,1.168681796558213,1.2518888200368357,1.1747623443694426,1.206569152155421,1.2357610671626116,1.223591011244776,1.2584377307414145,1.1524857790415617,1.1786364654767914,1.9723696052188329,1.3756121711941023,1.3742925332182354,1.227169663459264,1.3469146400938254,1.2332314793489085,1.546880878683333,1.098861295354414,1.6226694626476188,1.3528267136314218,1.076107627196936,1.468165222790822,1.8857700893368368,1.7508854268747363,1.1409122887115704,1.602428936508096,1.4573280237978747,1.4940184566496812,1.2708205603650575,1.5521759264594306,1.3690370679208912,1.2411502566476127,1.1894547506880921,1.2338988095272512,1.2449146143215495,1.1493053029304408,1.2389531676267973,1.247158673239212,1.6250745072971027,1.0599172937631969,1.1704539412473358,1.2088860839436775,5.525040635560637,1.2576361605827189,1.1588197797512005,1.0927002971912034,1.5312607768991422,1.2522946556029695,1.3859964233551576,0.9581427801731288,1.5102124811928168,1.3004777395730975,1.6376129477794,1.0069789992857572,1.3894844592491093,2.3263190708859987,1.2237517953225963,1.2528216838692254,1.00797857013991,1.7692544734699416,1.1544644780777285,1.0721974743578735,1.499920592118574,0.7228807187451392,1.2195701990835257,1.5078651390059996,1.0159819231959895,1.0182404685284725,1.1640240147548262,1.8332667184224887,1.2492194373625614,1.5357415252124196,0.9137443886900584,1.298374156430116,1.4379741941831343,1.0787673439600647,1.5955219997886654,1.2610669433915942,1.328391878037712,1.3743174701417156,1.2418688630647359,1.0370299805218925,1.1332694281877955,1.4591753792836304,1.1036272740653363,0.7437095388181977,1.3315234097291309,1.514255648602024,2.0580906402783707,3.458036448473757,1.3118657155719176,1.158731488854094,1.1405395077937313,1.512393344240477,1.681354935518484,1.4056180040199417,1.367053718915367,0.9392784162805307,1.891863840568946,1.1425859300255077,1.1682428158684737,1.6072015476260015,1.292862896547261
53,1.8191808803398926,1.3993744149550227,1.240366973023835,1.6306209118814616,0.9679748188124904,1.837990086453113,0.9855811091437306,1.494130269258878,1.3217283680703211,1.5076926020341697,1.3046247223539391,1.24146243131817,1.2355974898482542,1.265853381853652,1.1210675256385765,1.6786592431421825,1.3874603013347517,1.5070362392447803,1.5540578901615212,1.2799091976810062,1.411635931108058,1.6060989825258818,1.5031834894151186,1.2426848015251495,1.4111847741366135,1.3151621697191367,0.9362242536042957,1.3261311828012534,1.2298554804816044,1.3612831723639198,1.4229184880822865,1.5194248898974247,0.9536961101225175,1.1670540688459157,1.5173878817930746,1.1283147534785012,1.0926606249238127,1.59115960458931,1.581136782852285,1.3772826868051644,1.714607442791376,1.956691937002434,1.025367857766473,1.1066830693353138,1.090564689495626,1.080034028112349,1.1381843453044715,1.1544781941463633,1.7957587423368166,1.5778972639255162,1.4047063910518354,1.4580810473757975,1.3831641089323858,1.4726923243878005,0.9787558902184534,1.499900718102401,1.1474489120589562,1.267914978373141,1.2448461049653736,1.817115102720921,1.2524541033718917,1.0713847216177188,1.3789280267390889,1.3110173609184206,1.0024278215542903,1.4500689227111363,1.4714602424008723,1.6846759113918273,1.0482260798557796,1.5524120483343538,0.9700005373787728,2.259147688199398,1.260639475776313,1.3558414478376006,1.3766668690342565,1.1440702968122127,1.183673312018274,1.1262872955986805,1.2908796359648482,1.3964888437308263,1.1503886600930486,1.2294693955310878,1.3253135722247475,1.631602383092269,1.8830530989699095,1.4414552385249406,1.0179279518935562,1.283748805211038,1.3075707351781682,1.12636596824411,0.9811856297154253,1.297026452632858,1.5356277135371956,1.2550864847470466,1.35239845747274,1.1425541724162365,1.4484881783343067,1.4399720781538463,1.7715321801558837,0.9680762863369752,1.5095964781606686,1.3653695647451993,1.3545691936027182,1.358195788021354,1.529482802168641,1.1695539693587365,1.0148008133999153,1.2310550180413933,1.609914656486535,1.2508657155155598,1.0394449948316415,1.034248764557339,1.7840352202082825,1.6404575340923535,1.5638101804973275,1.4903571837459018,1.0466467605068657,1.2648571212213602,1.1530476956491498,1.261300746839755,1.35238694264598,1.3704484131114263,1.7718255595792565,1.0737229885000614,1.8032430917929985,1.8744935855967895,1.5764214296686418,0.36625345519304825,0.7746841479201103,1.280047089641077,1.5794485368983253,0.9829993876002104,1.164590304389281,1.3314876486039253,1.6773003247982643,1.2637817371513136,1.2829939251359153,1.3482990311910692,1.2513276587815116,1.5433653596231092,1.2144227254632685,1.0607210238810922,1.164743841838495,1.2770025207171207,1.2573223849060697,0.9591387319061664,1.2527190094362464,1.0989255207840793,1.3704286452343877,1.4335412813457262,1.2145635769241347,1.1755945041804357,1.4128037976100427,1.1777391604325733,1.0845764452088393,1.4154669423205803,1.505585594154605,1.1897124634857041,1.5075180620653001,1.2405370011451784,1.2879469663057563,1.5865640948834763,1.6154922568430932,0.9062356486311416,1.890804936728729,1.1718410056997146,1.1890665416731734,1.1199744136931966,1.4730948800061852,1.2134341462394609,0.9873660023842938,1.3300515100166481,1.3542432244786071,1.5835506903463195,1.194262332508807,1.8159796531361714,1.8468518737236983,1.2646127945548145,1.2737614917094369,1.6130199892536816,0.9359143344565887,1.538646943980119,1.725595518083338,0.858469861024091,0.9156099011147403,1.1933372547710503,1.1240626819652808,1.0768461392045805,1.3436401062648515,0.5965830911269088,1.123202157500784,1.234484527634606,0.09576610671572405,1.2772210886114064,1.699757473157307,0.8761411498719229,1.425586690764801,1.7655305720523369,1.0937834193564262,1.4807020995744749,1.418469547539941,1.2901162573830076,1.4220062324800855,1.5180117529259929,1.4617084013631354,0.5751427405916062,1.5033359559544193,0.9860593695811571,1.5888367558280996,1.52801282644736,1.9704010767939195,1.4971117631026805,1.1823144842463673,1.4380065631693666,1.4657088873048263,1.3673400163305622,1.350097970093679,0.9794941780012776,1.7332095315675404,0.887484035432057,1.2350474153890079,1.3762519949499046,1.633341053233563,1.2664616540049325,0.0,1.182613689050796,1.2625745588049693,1.2021518742959978,1.7639586134358485,1.0797717660487867,1.5212702079807967,1.224072098398553,1.2592247304649504,1.3807181470016507,1.788367131703209,1.306376792528339,1.1968714426720528,1.371820590603338,1.004169065240172,1.4235328227105208,1.0891546563022305,1.234242549345483,1.106120048061412,0.9226257141153256,1.30230040992973,1.3768470551009062,1.2815158784583922,1.2831342552529377,1.1578470254576874,1.9724721983850724,1.2508092456126931,1.0007498157508008,1.296269877798582,1.041658735512383,1.3336924882283283,1.674657940527305,1.2850970900224947,1.314877337133146,1.350613108847896,1.2106942320736782,0.5337921899336702,1.4344131978059984,1.3559124982539583,1.388881588304406,2.0358915769506485,1.1024555719196183,1.277961770785246,1.501203004529117,1.3378200595080496,1.019529686722267,1.174746284918418,1.3167283729896946,1.4999174962863306,1.842049426278145,1.777952753612342,1.1025180782632136,1.332978153994822,1.7783813004877402,1.2798592887891371,1.3144836394235715,1.2903448296432796,1.606667499793485,1.2533120883368005,1.4319749160410022,1.3398693430454331,1.278265470236029,1.2187594894050906,1.324517364873376,1.5605179239756917,1.045757145401078,1.288878177684596,1.101172509573956,1.2296780715198508,1.8215714953914297,1.3700225105614294,1.3906247893462333,1.480782237893413,0.6618729586856753,1.0784827159482613,1.3375079416441504,1.6801934439234223,1.4979579051358631,1.4803547996745743,1.0177082770803314,1.5441246243385858,1.0145416864538876,1.1698475283578804,1.2723346124597659,1.0860107010815507,1.2848013182912237,1.26642418256479,1.8897206889841538,1.1406889227125516,1.690764173039907,1.2658205204731878,1.530236673011912,1.3714851906422514,1.852878976971987,1.0284202695732754,1.8587271857596228,1.7696650166063792,1.5737954561134333,1.6451415438575905,1.2525043138406264,1.7177505169254563,1.225431938904743,1.3589857057969843,1.2695919676627343,1.1184714924262202,1.270323366050718,1.2520230562878947,1.2030264131080104,1.4775684419029025,1.297036386633536,1.7974577882864804,1.404941672026088,1.8944471816750685,1.395183885609856,1.2765776511667395,1.1014150782744665,1.689646974494635,1.829130945254772,1.2856496667312247,1.8919625550276076,1.9452359873088971,1.2454491676208304,1.1032222259536792,0.964274823514041,1.1989690898642271,1.3221012662219183,1.6421931494358297,1.5371342832703914,1.3668633600469904,1.2693730032652244,0.9626263927693488,1.5922361854872142,1.6807833422308003,1.1597821054167594,1.2251442594658486,1.4082411561402064,1.4943653296264838,1.1041090481328297,1.3369345267952522,1.721019651793966,1.1230637815396078,1.1575549665943559,1.021164760382984,0.937270106620544,1.0163250871875298,1.2318401203473626,1.5465399231212102,2.0074640222122095,1.1929601422753309,1.1847039112023459,1.2151421743864503,1.233949740458499,1.3746593337076314,1.7113481937357489,1.1311439563321677,1.4133887672900785,2.505200348550705,1.2529811138938354,1.6140534569374403,1.0665351168168733,1.3899499069025019,1.2327200050422826,1.705687483414858,1.7113701660896758,1.2649799563820348,1.9862491322009344,1.5284655917227739,1.5637850048213155,1.4037016404442832,1.056363564173153,1.8400976402941933,1.1400859196742372,1.2090386130191808,1.3156857443069638,1.400767944878837,1.2699194119763917,1.3136675819577648,1.5303562622582203,1.2688990982041828,1.767471190444991,1.3085021634685479,1.420160088084266,1.208241089135174,0.9848359672668476,1.33045827638579,1.4350306296825308,1.429999966041179,1.279910773514565,1.5268672029610404,1.3906290022717291,2.0866392680027284,1.5572200251698805,1.0222152098878343,1.4762816740564735,1.3474039284507704,1.3065511507849643,1.6804383835786618,1.291863637186009,1.5921925821046694,1.2034255996874659,1.8583846576643337,1.364036978847257,1.7958075440936914,1.3328250896942766,1.4990205472255518,1.5961594231442056,1.314906763432985,1.4486112223234529,1.1278046466486282,1.3120711861101264,0.9527240797520646,1.619335735879219,2.072367039225494,1.2867556229299653,1.2794309041027119,1.2923255117043522,1.1081223935204347,1.0613769036749845,1.3256466246146112,1.7116897383995142,1.2383274978592214,1.430117587371368,2.176105030589161,1.3712377450110314,1.5956561749309162,1.919032890597266,1.3666042287221682,1.235322575527155,1.2533393822078043,1.0349081125208752,1.0785791196000265,1.199982459719629,1.198504090153692,0.9475840429062774,1.2832248602628633,1.4148172391184473,1.4282443903593478,1.217561859260524,1.1650428896842322,1.368859642564169,0.8841311963466012,1.5536670429087696,1.1827307865853525,1.181827937657678,2.664579085604978,1.1848234343294801,1.5326226761523642,1.4162996136373587,1.5114490040418542,1.5121018142138964,1.2240053031919653,1.4045956837510893,1.3471387203808347,1.1054049392132643,1.1497986552622508,1.1618772204754733,0.952284037277396,1.4419006041306375,1.3457129451347707,1.1126555419645725,1.29870381637267,1.591969312764753,1.5858708457872202,1.756420621276311,1.4128865998962277,1.7172613809545938,1.5331185668722345,1.342018040565601,1.5037232958544056,1.650342593554963,1.9211272497746377,1.6605383391361255,1.2534232560698717,1.4641286718322843,1.4966918878007345,1.5150951398933559,1.3625014096603114,1.3402889783854417,1.6254915763721254,1.0778270364626052,1.349795090221652,1.3083960846266507,1.1902800229831727,0.8944265260089553,1.2146535215021956,1.4292263045174964,1.683036611449467,1.3612863167015723,1.6781994228497839,1.3108250697939852,1.8740780397020622,1.5601490246316256,1.4202231641140846,1.4006788299485111,1.5747649923174696,0.9508480097049183,1.1802907261767859,1.2816172924620355,1.337728482803599,1.0109308080210797,1.4524590906924726,1.01610054956608,1.1630287664473897,1.254214699660112,1.427772691952893,1.7113775068740789,1.8679979760711631,1.2876982299543178,1.2942890551371415,1.5801114746534655,1.097934340178683,1.2534667234292018,1.4189067039955425,1.3415387080935632,2.155549543444836,1.3065183852123259,1.3871794058919642,1.1577995842852704,1.251301899410603,1.0050286847575527,1.431442366668259,1.265047081757141,1.5077941799501822,1.1728663857523112,1.3356298268318072,1.0689217761606171,1.4839189244692974,1.00623055984858,1.426837652312547,1.2999986077174082,1.4406589361376478,1.148697391129597,1.225022928223693,1.2913453034357631,1.1342528223211277,1.4205354278028766,1.1711063606034684,1.9321424229009503,1.5073080643580075,1.5422112191910662,1.913882123835318,1.5013438313865584,1.2558642760422445,1.363549791460488,1.0518275424929002,1.1515437306306169,1.7142685499016235,1.90211564153557,1.4245014999129288,1.0207210792023007,1.2740913269892582,1.386109555523924,1.489077543228936,1.777861928591928,1.2914967934508046,1.296360375408969,2.136493392308646,1.5157296691082793,0.8876564908490019,1.2883315848840904,1.3226427993354684,1.2663244534876141,1.337989149432947,1.3568985947062178,1.3373816871226762,1.7290741490159254,1.5052192034662764,1.2397630920063645,1.341799961783994,1.299666318276797,1.085826939934086,1.0254710585453697,1.0871005203413389,1.4892889604727493,1.0403796444798128,1.0253602549569687,1.4547392088920743,1.296252364465876,2.0162526900570823,1.1605283987331625,0.9510094307752892,1.1841987175603554,1.313913711620489,1.0989013976869428,0.9792298398289055,1.1886944910985193,1.5395808561547835,0.8540778802373392,1.2655533635302356,1.4169885942519036,1.8249644826650622,0.9725774004164669,1.4944377039789662,1.902352631020562,1.235742592806115,1.4137492075130058,1.6033755015262527,1.1494908058309141,1.5533703832441002,0.8962921778583803,1.1150779329735099,1.6705125357332005,1.3415008284251209,1.2922396491929153,1.62365136841093,1.3075504710953259,1.3214071640065606,1.5402131997417652,1.5763151307644034,1.31087885389362,1.2448671610874371,1.3450490617441255,1.2803740907396488,1.2974401646149536,1.3688857174284206,1.083348177108871,1.3786296983943633,1.5714766095256074,1.1413051728594037,1.2096194631297024,1.5966144261951145,1.315208875144295,1.7041008050746784,1.2333386152308314,1.0066982541481315,1.23726478371695,1.3499863384929034,1.3914298236321516,1.4039509482044061,1.7684733267638209,1.1158867662642438,1.3488513734991407,1.4441392685617924,1.3896065872205143,1.6158165913750464,1.2511451078040328,1.2939383109325047,1.4400787036088734,0.9227811248531583,1.654043566432478,1.5322501462978895,1.3890425294898932,1.1596940853800073,1.67017305324072,1.0374450693588446,1.4541560324613942,1.2288779838981043,1.902554583729939,1.4067799058019441,1.3602752947944867,1.0439823303025144,1.4396813519894045,1.0143005759604045,1.3778458844040666,1.1133628095038908,1.6603901146477043,1.0547966316582564,1.304374094256073,0.9104702326227481,1.095846285868451,1.4443006326341319,1.534321388050728,1.590328566831146,1.3326594298618082,1.876715661177067,1.8146261890195805,1.1826762387685128,0.9992739478866257,1.7651691398129783,1.2372252170011102,1.708878231908391,1.689159644635261,1.192122825804058,1.286172057735394,1.4594029550093683,1.2095532933289452,1.3778699819635345,1.5680631685427628,1.3170992661938605,1.0572046766110965,1.4782710640079748,1.0795669082782304,1.462272923528124,1.5409129590758837,1.6287876610006369,1.414656047382254,1.3320228356412798,1.7402944881091567,1.0833903373414866,0.887191884109608,1.2454368208588729,1.5036730471061024,2.083496173627868,1.3605881756463112,1.0249671811814394,1.9258449403061604,1.5733088829238606,1.2373667620301951,1.7683912649771543,1.1112950345299615,1.1028854953280192,1.0519706713242925,1.1131355556876459,1.3279458150271815,1.1710394481264577,1.727291951278099,1.6079855483523482,1.2229051012075467,1.1552216348013618,1.16906644238273,1.29317291738538,0.8952199937093285,1.378780690518441,1.6269177699705224,1.303611271594842,0.9407108072629385,1.1600702796041111,0.7973784759293772,1.6520676770776783,1.5632644007623733,1.1512360711018232,1.4285332236905337,2.197410253517628,1.296106521145262,1.1095428221256718,1.5736163432707269,1.1826245965097921,0.9333484286544997,0.9221754127607698,0.856080166541936,1.3625031206122555,1.3751232970239098,1.2009797499982033,1.348518507285449,2.2412456875181217,1.0327710010445403,1.6203452597051806,1.2272450843313,1.5120094503529664,1.1871728265356585,1.126560836367708,1.1884528452292797,1.335898431678531,1.3817995051382124,1.6162661612329576,1.3017152712718847,1.3479426971931203,1.1447743184993504,1.301046580574266,1.716817934730394,1.149201616164988,1.0681409398877841,1.485617897183206,0.9073149448254985,1.0128078683371315,1.1501929116918839,1.3821717730857914,1.4077308403255764,1.3549028592038188,1.1736016540662246,1.2249172681901808,1.0528056286062741,1.0141670213666913,1.465217969193944,1.2602818778227702,1.0698016006608826,1.2321355633945588,1.7558951667814853,0.3876272317102294,1.7075231732561917,1.7441468898730526,1.4873563132821108,1.5630503491678691,1.374364449241037,1.7400278309448747,1.6232513295132556,1.7565770730586308,1.2665072722674977,1.6813301564802252,1.9360675700086007,1.4560850080611352,1.304381086744638,1.196658668747434,2.84845202041346,1.9646098663994862,1.2849782516501003,1.4904478172848499,1.3887448919240186,0.9282603457332679,1.5346219588862169,1.3744399556955091,1.1135328137668767,1.2591978284475833,1.419460592974605,1.2440306837248496,1.4472409706348617,1.208446605686333,1.3695326426596155,1.3351411623366523,0.4217765707531059,1.5931659987043951,1.560955657406705,1.0631781016432023,1.545169713168427,1.3145345295106727,1.4082458845524015,1.403253984381407,1.190415965813943,1.4577654867150294,1.53939656986823,1.6427581619448297,2.163056554073503,1.5224694058317374,1.269628184562023,2.380133532533299,1.353134102147228,1.3214436641473346,1.5666109812518116,1.3155506978544578,1.5438416657027465,1.0110740561326153,1.0744388680040162,1.3779034839921458,1.2215622773106143,1.313293507256259,1.3946973474109414,1.202641129474652,1.9969360971764702,1.5775778972764933,0.7577422993886012,1.33503355259589,1.2757308632510533,1.3820422649627782,1.50413732520125,1.1860747180441433,1.1796583308879547,1.223410139840369,1.3492118721375594,1.0143272447997314,1.2642738029512746,1.4524150962356543,1.6213757510029914,1.1067998036255215,1.218598440048919,1.3879093824084847,1.498501056395194,1.3746191421140628,1.2249769394324006,0.9941021570479411,1.1537626875622158,1.20280071903873,1.2196901223754193,1.0764439098553087,1.555539699898006,1.5421264202170033,2.567174214864106,1.0540556940763037,1.7055497075908663,1.0662253357769784,1.812841998303114,1.29393373274614,1.1099591677435359,2.2871557915047696,1.5614076722198242,1.7424346898839316,1.2174286717315246,1.1742921619931774,1.0659006259433754,1.4700152991935105,2.393852361438832,1.2589399224714368,1.2737988917433714,1.2222408849784252,1.4157817045976742,1.1519438741512547,1.3818468661036718,1.0771647315287125,1.1511724572898063,1.1717903428541596,1.2932041879268201,1.1725534228773355,1.0701907342525252,1.266848030386317,1.7517549626305176,1.3523796626443665,1.2587182056823238,1.0842850084552342,1.353551491244917,1.2436587089628526,1.6074148522456868,0.817254827876463,1.6932051389866134,1.2614151925391148,0.9976831422420428,1.3172318902520481,1.9353045409298644,1.6976535089716889,1.1458603687669253,1.644190266859594,1.4913911277320877,1.544226364436646,1.3352016503523503,1.4956783176428208,1.422058839872534,1.1557709458338714,1.0168133669257837,1.2356539740647665,1.2754076896461088,1.0797251367544822,1.1253363708442357,1.237795689036136,1.7334376928175863,1.1091326022270263,1.0586008963059628,1.223823549215659,4.029703880715795,1.347345380785071,1.125034716225406,1.1419934291031728,1.5124518229788966,1.332489027724165,1.44594872809596,0.9761435368642877,1.6625381674301387,1.297779841782316,1.488882778708393,1.0735039501894423,1.4452862694864876,2.2403241871618493,1.131171979668627,1.3222771098010395,1.0693937293487017,1.7533052328005745,1.209551133967421,1.0098330441850376,1.3818153455844313,0.9651059353356352,1.270693159290575,1.6124379131689945,1.1031023199410368,1.012565423140597,1.1415174364686023,1.6769651665643073,1.3090450789705952,1.4677999865047784,1.0190195710284307,1.4007038250138808,1.4580120346905012,1.160191260719722,1.6383861705166913,1.3605783425132292,1.3824889938812295,1.3107331048315112,1.3476317759164345,1.051646590697103,1.0753823565469887,1.299316683548364,1.2774136649822196,0.736449511728137,1.2883679652013922,1.4056234130325067,1.993337344526009,3.052369242280531,1.3088462428387344,1.1070818630822672,0.9757361751521203,1.5257870447351074,1.5246862760913682,1.6280718609591576,1.2915647962973873,0.8680292354419945,1.595130559231408,1.0563580044737477,0.8484499117779152,1.6093148501454888,1.1395479453766963
54,1.874846449308036,1.3499473957580679,1.1977384356869225,1.4927898164619855,1.0528169831084293,1.7052680655096473,0.9667447376895211,1.5058148427840976,1.4410783683634767,1.6465142094745864,1.5002237569509105,1.2457676180948907,1.2640843863151348,1.3356953582411397,1.0955773207667194,1.627627781659097,1.4203996867761348,1.4990592045140667,1.5073156980298792,1.2656443037009328,1.5024034724916975,1.5025420996206627,1.3463068787037227,1.2693196012194221,1.5622744916528468,1.2437674586431335,0.9211131406571432,1.3020733889652008,1.2204435467437214,1.2595413208377788,1.3996815793943989,1.511840466652407,0.9088874197902472,1.0802910775650192,1.4510121956482327,1.0566178882900323,1.0566585387213783,1.882160328275428,1.4709934166406564,1.3806199048966625,1.7310636662338499,2.104851175173824,1.0893393538343155,1.1692757897670052,1.0960637961300377,1.0890682264285791,1.1717258288102692,1.134922322040493,1.5757113544151289,1.4947757594644178,1.3340853616924297,1.4308121090844261,1.3331888260785916,1.4210953222011744,1.00625549161308,1.8532814732657992,1.082384536243046,1.242611625319801,1.2144839866779076,1.8221484498432132,1.21988914143868,1.0626161711467565,1.2809866359207702,1.339581973898265,1.1118269288148614,1.3420558765884838,1.6112435316650988,1.4442952739140236,0.9979894013950759,1.5687126169876555,0.8358300485332103,2.017665615808529,1.2949348707712813,1.3796396173087206,1.3544402348243174,1.093830969320278,1.3943644422167782,1.2005142430546392,1.3808105426632218,1.2435339609400278,1.1584649542263286,1.3594149078255453,1.2138323851878385,1.657169163374966,1.9896910094216416,1.3393267507765179,0.9981689782641485,1.233633657200261,1.3411603484165462,1.199006711869636,0.9688327089373034,1.2633973223808175,1.6054585153512098,1.3501631532272496,1.261358729742514,1.084178474053755,1.6062679529481105,1.3768410220397116,1.6987009396560886,1.1063833334628672,1.5073450574781684,1.3931746750564677,1.3536766461968912,1.4584252584252797,1.455605063019707,1.1537451780277288,0.95557144968825,1.1992191172686981,1.3503766379571975,1.2928120985477403,0.9680637340544654,1.0447680623439861,1.8045169375422105,1.9575193003597589,1.5063819840832178,1.509561980419155,1.0530047399446913,1.2124015332333586,1.1483811536434991,1.1867017360048764,1.2806751737033015,1.3896913494749394,1.7311814008700837,1.2003380077300836,1.8524550746086443,1.6493006004730453,1.6008240159246798,0.9411499782518928,0.7751812012964219,1.384198166268366,1.6152736517462176,1.0149592028892187,1.1128478758076592,1.2546511008936723,1.7087448745178382,1.2784017177388693,1.3711831417762352,1.3577297953660736,1.244637920715604,1.495904580123167,1.274700085066153,1.0461062036523654,1.1742487096619454,1.171911366224533,1.0887910216880696,0.8919373731668765,1.310821623403666,1.0673187578463248,1.203381656492017,1.3200999736758887,1.3171069161814908,1.121175089898273,1.28438728772302,1.1264745801354517,1.1565424669713882,1.4101622597535455,1.6052495722624338,1.2107501848963464,1.5763350749200011,1.3505340511388084,1.2338963097420348,1.5476040937784536,1.5710270608064452,0.9685079953449391,2.1221186383606865,1.258210674927145,1.2682424640788064,1.1431806742232988,1.5397084808935018,1.1380765314938868,0.9951027069653698,1.4157393369887417,1.2166661736833484,1.6447050734628355,1.100576043823387,2.094238771391778,1.9108111642725614,1.2740318908515131,1.3517014942330499,1.5608711934120993,0.9434464483135216,1.5094698871206107,1.720157614979849,0.8565077893423386,0.9149245821466121,1.4188047039546914,1.0519310676918718,1.301498029778679,1.2872825086779192,0.6457201770959526,1.0840429199109074,1.2299127202857534,0.01915322134314481,1.1812422767205826,1.5623493302465956,1.0064627232134558,1.3378241394893302,1.4939153578461302,1.1575083727035946,1.4729896762894825,1.4183025546281667,1.2811259471015601,1.4033110024412312,1.7025432506364562,1.4082789214118046,0.41034436753879605,1.4100923014685622,1.0165130329351713,1.4841424585896628,1.4885639966839088,2.080125342359983,1.4770517574673216,1.2373034770628295,1.3950259739719244,1.5174075756466527,1.3947600205210517,1.3441373331779614,1.122618735346546,1.6234355530902582,0.9041515259706858,1.305811071306978,1.4230086721267337,1.670873738102527,1.2295775246092502,0.0,1.162053169726778,1.2310240760962579,1.2051361721306306,1.7634247769561378,1.1555806219148776,1.5586496417731879,1.137533322819647,1.2123202293757114,1.338612322162792,1.6137706053778806,1.2946181665163474,1.180084889078148,1.318902132588296,1.0501838350604213,1.3402446528115797,1.2044480721068158,1.1890851859778173,1.1608140550498012,0.9916343955922702,1.3585124900887187,1.2802939103602176,1.3012667189274723,1.3327307579729768,1.139489867151558,1.6159618055001292,1.4450938877444766,0.9994573349378915,1.269318062449777,1.1622537783735856,1.2402876726146614,1.6048818246211334,1.2774902807800983,1.3173490806259625,1.4368560285375924,1.2070007107616172,0.9033406291185186,1.4828829752237283,1.277800245160977,1.439902940633777,1.7676840200796495,1.1299483821507523,1.412825794049494,1.3572753270623723,1.4277935470902947,1.0240718122185277,1.1815762128546359,1.2305146516580445,1.5080023156617652,1.710281996889713,1.7834252130174493,1.0311478401627372,1.3837487120349063,1.735613343653268,1.351772969191806,1.4135510676576581,1.3059588930226362,1.5062469461844175,1.2356586803398841,1.4326700234250687,1.3232374262819189,1.4481248174616608,1.1788186009350015,1.2277315511109639,1.4220201885893422,1.28946390320367,1.4656350455471876,1.0963951599565223,1.214239205931664,2.2037127254746816,1.320389365477022,1.3334233044436616,1.5380473807873298,0.36866852402300915,1.0869426297516078,1.0659691426148366,1.682998584058688,1.4905203184208902,1.4068302623991493,1.1416211631813067,1.5387194425122117,1.0782418018245987,1.181175570297676,1.3474536383289302,1.118441504875397,1.2584602944517223,1.3179135029998832,1.7591730389173095,1.0529066149620223,1.7704800813991404,1.300718537749408,1.5068362458975153,1.355255981866202,1.882653246647758,1.0672653134129113,1.7224240970851161,1.7369190621465234,1.5302543628874044,1.5590813994177337,1.3004225116289465,1.7902621670885055,1.1455446914534457,1.3205529863570615,1.338623128223725,1.1596898228406651,1.1585818524500677,1.1747693030402746,0.9870532745875573,1.5541607104825834,1.3084995774729613,1.285572640589088,1.3391619702610016,1.930068131647602,1.3683495383524604,1.324271823704473,1.1263392736106232,1.9677221716735218,1.848858004195642,1.1761857266964952,1.8393204945416082,2.040760783383571,1.291057858369387,1.3150276220089845,0.9859507132212728,1.1987876025180972,1.2631133963904746,1.7009586003909232,1.3623519949549785,1.374314959552617,1.1726503556889747,1.0445444118718232,1.4192489065230025,1.553844117807815,1.2079817114928617,1.254003069234743,1.563104008368413,1.3200636899310916,1.1013914945384489,1.392078046774817,1.695295602714895,1.0823728442473253,1.3254174047289624,1.0690254649238933,0.9719104709533322,1.0528323637747778,1.3718581231082225,1.4689104089075538,2.0250534265241558,1.2771514439805198,1.2385867508157706,1.202613555762177,1.338593341184747,1.2399593540382066,1.759824303356395,1.1817699056431838,1.4247057373727219,2.301768764788842,1.1489885248782803,1.4870020242544448,1.0871248956961208,1.337769254952792,1.1559225095819041,1.7143453823799168,1.7944923556441026,1.2397123530706722,1.6294203094903006,1.501018293151531,1.6440089581143869,1.4239332015949593,1.0418266358549677,1.7469671747770825,1.1005908459193858,1.1981969458034771,1.2367651184009458,1.3666749324059284,1.3347855739156889,1.289805337122589,1.4334748910980168,1.3135231627956356,1.6575749292243525,1.1573512184507,1.3294963051232602,1.1587391426305758,1.0892787114510378,1.2445390110725454,1.39480250903755,1.4158643020547421,1.339592654677722,1.4514562083284035,1.4776995780147,1.8249225669676739,1.604813765203485,0.9057647159695947,1.5431997227422378,1.3672056049865167,1.2916692776447392,1.7472492376809516,1.3024323531135722,1.459710907848226,1.115582406601633,1.6760047325288654,1.5259002267815995,1.734014493905613,1.334767331650891,1.4010809541441351,1.5902311509104958,1.3614218972897452,1.5204195649722925,1.1077389840584437,1.320845636239417,0.9991932060252439,1.4518487560521725,1.9737678893331592,1.29301757725647,1.2136671662824408,1.2526929734907541,1.1476100932743554,1.06743394221911,1.296048096318592,1.7690274696602064,1.27470199790869,1.3741517921191622,2.129550928550069,1.3425007185855709,1.5483421326697764,1.9894898916984036,1.379704446063676,1.2862666240014269,1.2110647089256934,1.0084907184725398,1.1440853557314394,1.1870489421746229,1.2329388786346445,0.839981861522,1.3229497073085206,1.58943511146148,1.4094207594610724,1.3005715238879845,1.0834188746618718,1.3698954737401945,0.8808049369359767,1.3290900442784441,1.2194550484947633,0.9071346840346517,2.340905712138392,1.0870784003921519,1.5275549082149171,1.3788973487826786,1.6111111332679233,1.4213370279627506,1.2052608134677156,1.3766415300688464,1.273451526279921,1.0655507845002603,1.1791233024314522,1.200187234396731,1.005030097371331,1.4197840542850835,1.5064746736709718,1.2184667331094325,1.338276614719048,1.5027496123511968,1.6415029854784324,1.579809912419873,1.383484833801021,1.689261768875107,1.8191599497506674,1.3315088893189633,1.5082824889291255,1.4832073539718476,1.946291219627169,1.5600493665152009,1.1663179419946503,1.423224204331353,1.4574991202627843,1.478439688250735,1.3055989616109867,1.2451962631484619,1.6305502422420575,1.1365734663937082,1.2461983115037671,1.1635419830712697,1.330466952881886,1.0359860713223714,1.349454329946492,1.3137542459939646,1.5226131356046908,1.3416624122666638,1.5971102611183619,1.3407332678581059,2.4195065362728982,1.501082270056492,1.4863983226434963,1.5502827413222282,1.6521216796995501,0.9916114889490836,1.256047504624124,1.2115012957671125,1.384223192992938,0.9739359362936746,1.2755541085435635,1.0400827726841457,1.1933937994831498,1.3201817066636052,1.4512956176637397,1.7732173698556686,1.7579096901387135,1.2223074915945862,1.1886057691520229,1.6442139013047683,1.0821782010529275,1.3088682697099165,1.4362968143205699,1.230525867969859,1.8675251110610072,1.3367415914961522,1.3581137876938898,1.264998879425264,1.3331337564289296,0.9766316891255185,1.425214204833426,1.4925985146039784,1.4865236909024955,1.1925325150984802,1.2964223253798033,1.0367379116706643,1.5212961556295452,0.9774371978549106,1.3342071395165835,1.328253263728548,1.3051061797994343,1.0164547017099848,1.1860988149279927,1.1969121908415203,1.2495292158600475,1.3822553869654346,1.2782722647956368,2.0741169460775306,1.6035042038118628,1.4245010466313748,1.865576872766153,1.747541908788928,1.1368377395706346,1.5522644664882752,1.004549683600851,1.0544559405848233,1.5791058651951848,1.9324161365837862,1.3365411062210004,1.0107725471849247,1.2743200069167324,1.242732372225133,1.5034439729148543,1.6435165917860162,1.3424122745780052,1.298119042362933,2.139957536099225,1.4334277416393701,0.7726915788802189,1.3453522460016298,1.4354519835126134,1.1923067467193413,1.501371329679816,1.234550449999129,1.2845942019159813,1.9835730096569153,1.4273954231428427,1.2624851439211253,1.3707793143501126,1.3506430854599611,1.1273661868575626,1.081789901461412,1.0491624470621526,1.475216939108917,1.12154800767519,1.1095520879553722,1.5918020330764546,1.209615317156935,2.0147261025805356,1.1512354649775463,0.9082480868303855,1.3089965796547947,1.3320001095749407,1.1087948727647783,0.9395321636253557,1.1553038770342414,1.4509959071530767,1.0020417446331344,1.237856172425437,1.6255298076360112,1.9484661788247126,1.0113991218721492,1.445973086490361,1.7912373387203466,1.1079896064747614,1.3648199437305593,1.6008955547407797,1.24609014843697,1.6507245780505464,0.9097403692794706,1.141691415653666,1.5670608599943299,1.2194561140261344,1.301226165881816,1.5052814610568785,1.3782527619372091,1.316315813722772,1.5090622602159267,1.5994338130308128,1.2547242318235061,1.2151684656823738,1.3086331265458542,1.2716034194329342,1.2427188728997562,1.3333653556352547,1.1302836287254414,1.2764133004204448,1.5890827685301696,1.1345026554747841,1.17439384376851,1.7317404508308871,1.2975507957220564,1.7325017637654772,1.2451866362606427,1.037742205924029,1.1940075997956399,1.232104050730556,1.2720822483795657,1.4219695253424962,1.8699516050598692,1.04252396515981,1.3398478953276962,1.3934363845259505,1.4584483423297454,1.6442025966827296,1.2511234655232473,1.2545823959280376,1.3847493962111486,0.8826535017358224,1.6363097111200748,1.5176312715423799,1.3755388707341982,1.3005184762759079,1.6378782664227929,0.9714115602531467,1.284703042102636,1.4408764120764723,1.7386301710881065,1.3925180382352396,1.3241225227814333,1.066727535879857,1.4797871657658062,1.0135830581229095,1.3846222060210676,1.0919979490160148,1.5572538249596868,1.0855637560857065,1.3866190136213368,0.9863249329749519,1.2333321108536188,1.4949620529880012,1.4801759901345752,1.7656467805441904,1.2058427032199956,1.7545716462251868,1.7010645762108723,1.2406571814234582,1.0343465714744582,1.7816904745417292,1.1881646021371488,1.6558297036165817,1.7098892498968339,1.2271043850791894,1.269698909239324,1.4072218122008116,1.3498648782056293,1.5292704125341423,1.5985344244408186,1.3478645822908346,1.0688259777755524,1.3964456824708547,0.984258474353471,1.4318820872162787,1.495672475987958,1.6117464684225622,1.4068285589329572,1.2353930349913833,1.6013049289265755,1.0066859023039498,0.8861230714291453,1.2554487778625782,1.5803965465923144,2.189957597236022,1.4022161590889768,1.041447349916885,1.8757459613754122,1.5870059073493055,1.27050305706183,1.8762914224275753,1.099926364547421,1.0176521043039126,1.1508289004029222,1.0751589325063142,1.307142032460186,1.112394725357365,1.7494213572521493,1.813194330048958,1.1666118832623573,1.1796966752077973,1.0815975553510921,1.3566949305477676,0.8172836993277026,1.3176886827136038,1.583793473696736,1.1759524773613526,0.9991148996178216,1.0511717819065034,0.8309191487773281,1.6856312724591629,1.6159961724874556,1.129274512241203,1.3263377271634482,2.1068738267689304,1.3547419992554595,1.1212839187065058,1.566133728794716,1.2184113804977996,1.0916084696225914,0.8479069114512267,0.7331616767646822,1.3503467158255138,1.5749261094113365,1.19554855480909,1.2290665761929602,2.1867355280343594,1.3449438083999325,1.564884047817254,1.1451084054615899,1.474192565082549,1.0529330899235756,1.1311846474230476,1.32238597994785,1.3417124284521482,1.0735225338020846,1.6739528316798369,1.313145281795353,1.4148494567111993,1.3117034558165872,1.1705002526543788,1.5359588071711086,1.0448695816819946,1.0601343518237554,1.383151145237577,0.9649830261201808,0.9920044949731345,1.2578501653266996,1.3355019767216951,1.264161064094747,1.3452156420225023,1.2320599180491265,1.2153513802073026,1.0684065392922764,1.1168584531394994,1.516510073323017,1.1623874134578154,1.1225916604671116,1.2864557673402452,1.5473276264588225,0.6428809725654465,1.668345118930632,1.5089672387168642,1.503526496843147,1.6934343008933883,1.3095227938418674,2.026094823022938,1.5044502853854136,1.7323580827319958,1.421346453751677,1.6581107989026256,2.03101707215285,1.473114591232114,1.3801674421546157,1.1290430023106584,2.9162329173229353,1.973926530517787,1.367969443808466,1.4808722898309177,1.1662070413986139,0.9868266127363121,1.6893538322209132,1.6218639673605053,1.229863148129975,1.4764432049865401,1.4121065097806311,1.1804360081385954,1.3914881746284014,1.1998990519966473,1.1986009876855879,1.4185377387972409,0.38158744711543147,1.5792054521316026,1.6522416572452618,1.0480115258466713,1.3554516842790352,1.2848791025094748,1.4124331827831393,1.3574506518177198,1.079846187290237,1.4752042983218832,1.5671447565927994,1.5674496062545435,2.1116747083026883,1.7291038308145592,1.2234696163941885,2.2797655080146657,1.3018248475678686,1.3224709314663645,1.4922681687263408,1.2696305318499594,1.6068824082571385,1.063369984578913,1.1089155984822254,1.3571464322271758,1.2023600474029672,1.3093918767034676,1.648181740469393,1.1905105085337921,1.7684475378128017,1.477537497109025,1.013254414051068,1.2978504195142104,1.2979188139240256,1.389691578656799,1.2983247607473294,1.0648127640081535,1.3613110171213387,1.2464599436418489,1.5468592594210204,1.0418707624250487,1.2422511178759366,1.4529327138361792,1.5467409138833443,1.1043816356220058,1.1943262408325874,1.452934991413517,1.5366947346682096,1.402967000334467,1.158707952645086,0.99554549547563,1.1802613031354245,1.0840311794736255,1.1972915411236564,1.0351961890195358,1.4807156425458787,1.6327509422398472,2.4067193919338052,0.9665898562079631,1.5373700201216542,1.1664028005201243,1.8013470499136055,1.2337670915579344,1.1526604209874902,2.004675988116354,1.6905942323294223,1.5994207650826702,1.1755644115098678,1.3014655364547305,1.062595512531901,1.3444924216155347,2.3911939555406234,1.2834897673179901,1.2488268695098395,1.1765245816862728,1.3118770625656304,1.1130150539577408,1.5046419806000644,0.9238176465801228,1.038104940802168,1.1782122018916508,1.3630802724601117,1.169433780919065,1.0891401241846794,1.373947911651749,1.5457443143963852,1.372610878894431,1.1427924351063377,1.0663833668063232,1.4108585528376696,1.2205884034407268,1.755075626330806,0.4812920599046031,1.6942267064729912,1.3625466030480582,0.9875324652070097,1.3359854115415084,2.111360580440437,1.757079013079443,1.1747713621183875,1.6459068337496099,1.4685806376123942,1.5373299173134565,1.3602120999315426,1.5829611881653922,1.3803420708701162,1.0701191721279733,1.0313126811395286,1.1909094782384464,1.2502904802381531,1.1535896672484394,1.0916526041107582,1.1929985881291434,1.8237659522159673,1.2252679526509322,0.9173224085546,1.248941410061323,2.986967443239153,1.4215801494989555,1.1771722605712263,1.1715843217866178,1.5582884541029007,1.4450737703252212,1.4641983893288004,1.0765163655808172,1.7448767975034993,1.2483831624002701,1.382353750333477,1.2770517700681485,1.4145654688644078,1.892039480414478,1.0486745477615438,1.3156457585232444,1.2127563158640375,1.6603157830369855,1.2767728826756313,1.0391024683175867,1.303458102162036,1.275407930383225,1.3018994083748454,1.8392756541186603,1.2083677237625419,1.0063144686648042,1.1564406904091746,1.5201534676346242,1.3658183260687793,1.3754255998858578,1.2053233532387087,1.438074657635776,1.5299623392367525,1.3529539580515713,1.6468480108005985,1.4386468849618417,1.3715531651284072,1.2437289347901932,1.4297934651947422,1.1344174596917986,1.114040876920169,1.134982270467873,1.397038308604128,0.807420435879332,1.236445163137789,1.3799333008740025,1.9602135243308907,2.714245670641973,1.2404544555548935,1.0083765754485126,0.8711578499648025,1.477270175496945,1.5428478117187239,1.7370434699359574,1.2746339145283163,0.8266834869169097,1.322608823547872,1.074084467791034,0.7069555137212575,1.5926118202701471,1.0533041404889993
55,1.8828525473990156,1.3463467330798964,1.193879333225487,1.455944545933637,1.1997832917870237,1.6617811132365445,0.9927553800470076,1.380797712370451,1.5163093928280869,1.7124579762323524,1.578195949243899,1.1575413134054342,1.192398896072163,1.372262817493275,1.060343174650133,1.4737522112380632,1.4942115717106317,1.498392690343216,1.415127642229896,1.3844449211754597,1.4674103829490903,1.6473146432684467,1.188497282316613,1.337366775051024,1.587874775841779,1.1485190397406746,0.9947403188547738,1.4135249219248087,1.1508972157530695,1.123693560822849,1.3163315107056075,1.3390218562822105,0.9450213002752716,1.0451672999133375,1.329158081899276,1.0783037876775206,1.0335669756788888,1.9152020861389225,1.405441780725024,1.3486227660516645,1.6814670473173954,2.0206526188713334,1.1466878810653145,1.2253522953649698,1.0902576952554062,1.2399537707328028,1.2689181329510366,1.1742864015692187,1.4890824049775442,1.3783825453395924,1.3237533749957937,1.3014621410704459,1.3051934130339413,1.4703377810794258,1.0392812371366185,2.580712827657613,1.0961494912825034,1.1238588943831385,1.214539160980755,1.762333180202163,1.2237311228381824,1.0819696372681258,1.135105381384419,1.2911573083682848,1.2179258133964974,1.2661225241718073,1.7927473913196423,1.2501251861645883,1.0024078185407845,1.4780928311612769,0.5788726383559893,1.8690097238279382,1.2890534742521307,1.3994551508535806,1.3923406335547555,1.119370109757061,1.5188783510335393,1.29573233533198,1.2987662167669831,1.1340966479354757,1.185122295624567,1.4157378182816953,1.1509028658936984,1.7002923002110046,1.9298895501716729,1.1965810877573828,0.9991688949922672,1.2538867756620107,1.2804099878629815,1.286416137765223,1.0491397570103398,1.2619222814592894,1.6373651670913076,1.5629543859532142,1.1619325715182478,1.0844824937132052,1.6666937971386628,1.389788621000862,1.5247452598306728,1.27223766178221,1.4165086178538044,1.5119919013350445,1.433657826695373,1.3953463877481322,1.16787433016516,1.117195437931513,0.9615609728989123,1.2914768501789147,1.1821379462138408,1.3515101010242767,0.9611191349798639,0.9984801018622549,1.744024246412922,2.32064280852326,1.4542273049642147,1.484942605987067,1.1737892890495063,1.1345583766993883,1.097268781145677,1.1572257819706302,1.2155259164560897,1.3843669273409958,1.7600287471627754,1.7629992933293352,1.9537018166442723,1.664396172634544,1.6471577225929466,1.3956093868623296,0.8031459377569242,1.3724650830525307,1.5762492158594437,1.0043754462124392,1.1290914654528814,1.203501606278098,1.6530601891550485,1.3554397671049823,1.3431213318100292,1.3276016161113855,1.2080546207290954,1.3571694552450304,1.3049185246596111,1.0052132116571455,1.31664176569392,1.1362991565802893,0.925885522688069,0.8641654602468853,1.3443633961807975,1.0409199318902327,1.2878253999358091,1.2365476368375636,1.4646228737164464,1.1003308988265117,1.2242611332995346,1.0883921001919439,1.1129729540146567,1.436800380148259,1.5870143100526324,1.2129384281433278,1.619180056385113,1.3693190211236284,1.1071647092990737,1.3842953762543033,1.4788293689675158,1.2258361068311214,2.1676229430620966,1.3624631332122394,1.2598323654306434,1.250604207013538,1.5477251381464103,1.1515533603658015,1.0146791560573962,1.4510264373975206,1.2119403441164542,1.7004973543144382,0.9207027136828492,2.1313566448339434,2.045226992797743,1.187772183190236,1.3633210875509099,1.47515131063892,0.9038403568388377,1.4793300862115248,1.7148836947830404,0.8719449332529549,0.9494238268046759,1.7531268172480539,0.9564887662445395,1.500116708388887,1.253485484716976,0.7971567953428628,1.1152612895139828,1.242001968751365,0.029687492555160892,1.1665191338244365,1.390676470904301,1.0848253486598245,1.287158843539695,1.3621998849791574,1.2432719103238734,1.5060177996235802,1.4030968891185878,1.33821133599654,1.3368841239667262,1.9025645451078308,1.3883252269186217,0.4792459212425475,1.337868165335543,1.0904241008503,1.3289571869218566,1.3637969548045437,2.066986214172761,1.4898117296579392,1.2346402590514818,1.4928878274512747,1.5492814759537197,1.3268331005502005,1.2890849522063386,1.1246222998484747,1.6084383415497898,0.8575175904408119,1.368296875522978,1.5720640673129618,1.6829047422746035,1.2104992919103323,0.0,1.1409069835081354,1.1660101953216906,1.189720436466573,1.7867172995261007,1.292347231621177,1.5316191459470285,1.1445536825255955,1.2314073933741883,1.319560416541707,1.2322695606977905,1.323740706991429,1.1943433574284992,1.3315748146296102,1.1484062335114333,1.3265744815485,1.2245675334933628,1.3537965546169777,1.1577692504105888,1.0585799938683547,1.3742368365889446,1.2522687596838373,1.3269212427820682,1.4661993033439367,1.226735155477653,1.2988992267819042,1.6236068751433272,0.9877144413976023,1.1447743918112787,1.3419710843777817,1.214614756116127,1.5476207649276381,1.3322910760545472,1.349900301601585,1.4778770059717046,1.2478343121337143,0.7390968783696971,1.4486390374073632,1.2139423145250348,1.400323845720273,1.6753604334426822,1.094947835517925,1.5090109352113619,1.1741810057333861,1.395023017616708,1.038807867666191,1.148326562143863,1.1195294738319392,1.4737546442709568,1.4410296043434734,1.898798078061427,0.9802223640918251,1.5059874301316007,1.6229322727058868,1.4401280414412256,1.3184529514745138,1.2769692333941671,1.3121538263798636,1.302415813078659,1.407505918977262,1.2940698105363164,1.5462481043753675,1.3027864989170992,1.345056960885956,1.3380349317089657,1.5009610671601559,1.6143816530668453,1.089337246442693,1.1972646618485043,2.6293981948175107,1.4091019902945874,1.323798346681564,1.576148054957423,0.3691491864752638,1.148692473825366,0.9636873383015196,1.880948795519254,1.3515312254109646,1.3661015806888812,0.9395078199683983,1.4743958663685075,1.1954393166868318,1.1368698370897636,1.4285191667865256,1.1973761536888066,1.193225488871665,1.2798395924750618,1.4256989811674279,1.1174370103464808,1.8125871244830567,1.3960979208396496,1.338386601027065,1.3349461644342648,1.8627642058033813,1.1448313418078757,1.522749831122868,1.7906401344767866,1.5820594836437378,1.5318644178130287,1.2591202447701946,1.7393052277694239,0.9988149851023252,1.359043786588627,1.4950965182201217,1.1439480535625979,1.0724365199962673,1.0842525012849555,0.8914211188782796,1.6799575295040938,1.2877920793960138,1.1301076645549275,1.2801120830161936,1.9610407692258582,1.3836246674833834,1.5452826160063433,1.1466484417647902,1.9539417584696481,1.8532366498136377,1.1498556991095579,1.6720868015899395,2.3020083039145582,1.378220438267242,1.5387818203065082,1.0217906360206657,1.1921955582698103,1.234310742628705,1.6817710996142616,1.1788914313291206,1.3585923435484615,1.1405191241866133,1.2047301615630683,1.3908562293135298,1.4881317237635892,1.1878163007546372,1.2709807734739447,1.7293255056013703,1.29980709039932,1.0799936102120795,1.3153223145337503,1.676424622270752,1.114656214239745,1.4018277356791091,1.0654696729133593,1.0504925783640233,1.2289188397875244,1.3905009900910432,1.3610114230760875,1.794368775107066,1.4114831629142286,1.3934481983466673,1.2010004049872993,1.3377477968404383,1.146466464504333,1.8527481225469653,1.1781826804009818,1.3079885553666493,1.7926027301284928,1.102838593266553,1.304919910392699,1.0862435889708806,1.2962953080211594,1.0775521257525529,1.8636759533366054,1.805261699547235,1.1829861172534324,1.5680703312651731,1.3508240767719337,1.7442856621350271,1.5781778448830592,1.1036698715089504,1.7484544580163748,1.1044716271406112,1.2260038198312735,1.1582004866586144,1.400372851086881,1.506877212318939,1.2752246598793664,1.338038594053109,1.2760181406249218,1.449417831103655,1.0544014926380783,1.2797862248960161,1.1181192747939241,1.1066340396383578,1.090401486905772,1.3042686385406643,1.315873834098317,1.4032486074483679,1.445385563447811,1.5458262875609954,1.3749108626272717,1.612644426149596,0.9211359040313636,1.6476508884828325,1.4173437883069737,1.2602815652950468,1.8453796565876104,1.3432553508449736,1.3876161090585861,1.1309961928040657,1.4776041683295735,1.4959984266245048,1.7018321693063903,1.237720376628017,1.1973930687160137,1.4875884178463301,1.3489023241752283,1.5968786461684967,1.0416690425053154,1.3530156818428054,1.0691844292027404,1.3627056075220814,1.6809953974380787,1.277732407299007,1.1649103948208421,1.2506458300016017,1.2334781757942381,1.0818962430917631,1.2799242477761585,1.7313327775992686,1.3334121403587984,1.3200922570075801,1.6616226992117875,1.3092222778165683,1.4785426365245133,1.9857914456897405,1.2939711834025431,1.3095150195145313,1.1402339294915587,1.0846054772840747,1.1597437094659493,1.211955680758068,1.2721071679113187,0.9257152729265896,1.3799837154876384,1.6472173583337266,1.3452160637664696,1.2928002365478903,0.9735479487192028,1.3957628624609038,0.8595652064683106,1.1217525289667503,1.23575666084852,0.8373707344758323,1.8845596115926035,1.0364259336384598,1.4801056198556897,1.2559744076956714,1.695273543100167,1.3861674171937723,1.169756552964023,1.3232035439749952,1.2162551259734,1.0053943488611417,1.194968396514437,1.3302384543134902,1.115913826713952,1.4328345132486824,1.7155165331538504,1.2561014890544338,1.3858363704566994,1.350577089092675,1.6339704490704463,1.4821472005300957,1.4155333384914672,1.5096911337001018,1.8414053616098214,1.362136498878448,1.4074095310511265,1.349112334749132,1.834436460514803,1.4304956998760652,1.1610128635647672,1.3582274206783338,1.4381620429345334,1.4579157452261138,1.200893992603596,1.130035334366966,1.6669870763374492,1.197557264391401,1.1616436782940593,1.1198896885532288,1.536785907452511,1.1145716502866796,1.3084907260540446,1.217594397876098,1.400460386854693,1.2505400603087162,1.567297700760863,1.2972461096683943,2.6625024845395693,1.458904833507385,1.5283446268132899,1.688228633292361,1.6524859191995183,1.0149065448068173,1.4936024913219454,1.1065841095988609,1.4279244801556532,0.9263336781084007,1.253757410932193,1.080668155085088,1.4733821519019137,1.4261914158074576,1.3852025810247426,1.772954433392514,1.7291001231208487,1.1587083474148243,1.0750272926301156,1.6705906071302432,1.0408098478239327,1.2953614882136508,1.455464961399302,1.107872099821476,1.6706382663300847,1.3228198790055332,1.2627934918081203,1.4664186292697714,1.2873620710132072,1.0033656090819063,1.3776926824315878,1.6198009693436148,1.460243278405985,1.1947242032983207,1.2959002683459593,1.0951926871011257,1.4061526355212481,0.936452252232366,1.2772703004434782,1.3504464606181836,1.2196379361604128,0.9632792446787285,1.2724498405802547,1.0809633589925927,1.3539061372006578,1.4017563046278472,1.3654869702116188,2.042691557236259,1.569015904090175,1.4811309102406442,1.5329020557061677,1.8368123113786172,1.099168993138874,1.6509705277148692,1.0239828918139464,1.049979494452434,1.5927986561580587,2.025829225876924,1.2605834692043265,1.0151022617974064,1.2556290808291912,1.167937820449458,1.5417934933973916,1.5235038107738497,1.253330883281111,1.2802902158648668,1.9546408130948647,1.2800145280202946,0.7465032977307594,1.3793652308757587,1.5133647184706087,1.1251743928934435,1.4784101539744485,1.214751236934376,1.2623771493629792,2.122990847432587,1.3028665113127644,1.3329723934869417,1.3459847874683957,1.3927427830566925,1.1543161716486725,1.1333668435122775,1.1567049460831047,1.3684091681904946,1.1764982990225112,1.2586966843099503,1.6287848377178493,1.0593211050268672,1.8997419745938502,1.19417655640043,0.9598331380366272,1.4081412186241975,1.3136218041338066,1.2268611433133914,0.9965021308197689,1.1348753278501587,1.5063403330237475,1.0590376842517506,1.2854951737643379,1.7323713861800094,1.9560608918690088,1.0426133520407208,1.3353042250297376,1.4265339693168428,1.1120831258149333,1.3211190144054283,1.5082290718941325,1.4267014456120959,1.6129532707770813,0.942565074182532,1.1920108279628745,1.503297055410589,1.1015896579201034,1.334400811640937,1.3733302509611818,1.4539701168830272,1.3071684129267802,1.5357765047673513,1.476751848697694,1.1287768833361769,1.1620165517010281,1.305280144498513,1.3529105366517862,1.263734076772968,1.3948171994992897,1.2389360205570037,1.3537059111712093,1.5138005512627424,1.1651352653906468,1.0913937407915622,1.8213578274764972,1.3037218957522658,1.847097340136263,1.248211213741679,1.0461785738453966,1.067122188252839,1.1259982358253728,1.1915567279849784,1.3741705610998887,1.9817087971339216,1.0732551223550837,1.382054453963828,1.3144757307589958,1.4469656164088123,1.6401153496499088,1.3003369461764116,1.2438661411459577,1.2980706583750865,0.8857713884606351,1.6182066064970697,1.465371157086288,1.3219578283259952,1.4222171601854234,1.4493230505702028,0.9582142382587013,1.2030926314041803,1.6258596501954496,1.6351294854851741,1.3209363331080755,1.30975482215173,1.106454867686336,1.433266398670046,1.0112326660629125,1.3594011954662697,1.052088516351277,1.4673262802481628,1.1996435213037995,1.4250748425998756,1.3428079821143473,1.4300022048023213,1.5843409743328078,1.3967005688925467,1.7475001702383512,1.0888696539730582,1.6014273598772717,1.6372746931514661,1.364158977603627,1.0134385215390247,1.623700693081937,1.107815709004559,1.448047278397379,1.7422974462133436,1.2886195523290835,1.267292280588359,1.3375745109177692,1.510770444584336,1.5064158424001155,1.3918543098610017,1.3189975347037581,1.1126100837799688,1.3264550146381042,0.9652897021625846,1.3913257638571694,1.4459752165575264,1.5233296904119675,1.3505800927905631,1.1140887006184728,1.4473339086543846,0.9991924268761803,0.9882901404580495,1.2623436807034132,1.629025721197189,2.312472487049065,1.5297408117100568,1.1400442945192104,1.861019944603218,1.6521509183401024,1.2345856653923863,1.8570027191208265,1.1149020518173756,1.0813089226795958,1.2584139411159732,1.0651538061161065,1.2927644467321762,1.0628593015390149,1.697302961473589,1.8616855209649295,1.0966524522755745,1.1214529975406717,1.092183525267011,1.3897017222790478,0.85037652206464,1.3288504888174821,1.5928774387113425,1.041536302044621,1.0404767801766355,0.9711010456303788,0.8721719856036141,1.5486617581048678,1.5574569762421837,1.1029563463386607,1.3122720705157846,2.0043773141025762,1.3817793902782896,1.1913752643177058,1.519265056845914,1.2953511879934083,1.0749415581071706,0.7191521984242472,0.7023482570235309,1.3362926381035556,1.6330353667960562,1.1159475291919487,1.2448697516515188,1.98481720582655,1.7737686255640714,1.5805778111824245,1.1243229701413155,1.4755733923239915,0.9775251451203585,1.2391649313340471,1.4437470648105162,1.3458935983402338,0.9827551299797941,1.6546090961468605,1.3117843113770893,1.4684339581833539,1.3628385067963893,1.1359493526122164,1.4506198297699426,0.9452468540353871,1.0652247793565104,1.3479965937134673,1.08012268444069,1.0206386954873399,1.3165059038085911,1.332796613854601,1.1354174598772397,1.245808721219133,1.309313405982647,1.2094005923677025,1.0835377627675213,1.296250621163738,1.5146166024742682,1.0558964296397626,1.112725549103422,1.3429216945802185,1.4271996032313108,0.7557490213755218,1.664182634063564,1.2904193504401997,1.4974223671518194,1.9451295244732099,1.230844844453279,2.0087970747252824,1.447659067342516,1.7002514536795323,1.523494061990022,1.5432133566538533,2.1509197264482376,1.4861135857733072,1.436768428780813,1.073328511038665,2.7343733311776983,1.8887553869450846,1.463786371281845,1.534959388028596,1.1775468831792124,1.0726112089605422,1.6763910464862075,1.6836071081890798,1.2627621915061913,1.830905424589952,1.2970137002654742,1.132893170072813,1.4159585145897404,1.2137429884334587,1.0612887311471668,1.3260671692887358,0.4489183989252128,1.5308341832528278,1.6544243270163221,1.0776786086336634,1.2701858024969026,1.3156498417432623,1.4348095562186036,1.335467253493787,1.04050399942777,1.4461497060326631,1.6369076922714176,1.5238310301121196,1.8781029681627728,1.6377152694694406,1.1174229930373278,2.013529806279511,1.20503218337936,1.3158799024732064,1.423134872325167,1.2353546297396525,1.7121111189608804,1.12541419091482,1.2305742657264276,1.3332657238776602,1.0996117040055329,1.310633128620378,1.7146975461708096,1.2051375774210218,1.9603342627960112,1.3848834912714854,1.4153154758869924,1.3107407552506225,1.4291826560718115,1.4728252674940587,1.1290324772476186,1.020178167298033,1.4483397260885533,1.2291723108821735,1.6083011806166283,1.089597340588652,1.2221876236301594,1.444652655976914,1.4879419387135846,1.1296614739976096,1.1735127171813229,1.5121536639848765,1.4907098648608768,1.4724461634316741,1.1223414379954006,1.0508913423052268,1.1625220071178353,1.0732271389905352,1.257972410888381,0.9328357744366522,1.4808307725769372,1.9609734348141745,2.120681960265842,0.8459231028963539,1.443826143915881,1.2506984073406624,1.5999297543926114,1.2154896435700917,1.150495025620556,1.7580596600761527,1.7194075647838871,1.5134880409261968,1.1359454733783971,1.4032138740575473,1.024901467726138,1.3332484543139353,1.8598562322225813,1.2599981244065335,1.2198302814453679,1.1428456790895969,1.2585028336333943,1.184200242130416,1.5434545082133981,0.8289023444253087,0.9753044139721507,1.2299032983350142,1.403083609854638,1.1697417042480236,1.191610431392974,1.4095990319494902,1.3077298923084344,1.4417168819537074,1.0345796159260285,1.1334637543014536,1.5044802483427901,1.1619681658338348,1.889323846010789,0.3889235683491195,1.5928694034682418,1.4750073825405652,1.008639288873334,1.4070803419330449,2.1096122274206337,1.829646719269368,1.2335801146930523,1.5992712422081008,1.4260249070851114,1.53783964197831,1.3612180553634383,1.6984755918121033,1.272114330010296,1.0371030786327848,1.1433466124106224,1.1691047109116006,1.2766508462174435,1.2415136477659725,1.1419531957362452,1.100366927592578,1.8850923368743353,1.2898637918969253,0.777519174638218,1.2848778210619765,2.644746099319289,1.524477630105673,1.265525523394539,1.1155376414374834,1.5867556470173505,1.5677688026053822,1.5676866275699322,1.2231277421689153,1.7341082081248576,1.2071596009784091,1.3705083038899357,1.5020495817930433,1.3123805978906908,1.6416093334007276,1.0901871274812303,1.256198513023666,1.2937578693972225,1.6042207321733244,1.3140554196958565,1.1241170254570587,1.2310921057440405,1.5273424135604918,1.2831083047034249,1.9307250121328452,1.2033424280567364,0.9666180782188701,1.1464760332817736,1.4571767487827227,1.3115990059386236,1.2953675387146868,1.3857528682737192,1.3748842732430537,1.6562741529946299,1.6735488854410452,1.6571625461028976,1.4875553236345302,1.3760985443353513,1.2667381892277603,1.393104188745255,1.161476915131079,1.223325249507222,1.0977818135769017,1.346846381203368,0.9415582669283505,1.2382808355350423,1.3797273048355903,1.8465818716135625,2.5259221502935714,1.1412718682042453,0.9088353838121873,0.8946603698394267,1.4720710606014682,1.5962823988015655,1.6439161438406389,1.3200718615736253,0.8633140348551742,1.366362762406315,1.0736330608215743,0.6865430171522542,1.5057270827716487,0.9805536480753432
56,1.7603006002563615,1.4089814089658446,1.2838828613225433,1.5244778682529203,1.3083073705031714,1.7167379092051087,1.064920297410706,1.2203072799098567,1.4748014165160241,1.7271442498144403,1.5174358343711596,0.9911207364821102,1.1235673537947315,1.344015413202393,0.9934858760107272,1.3567674928812687,1.5194520572766925,1.5078037312842534,1.3307340600086799,1.4535212664795005,1.428341001398421,1.944167277781625,1.160977515408322,1.398760192343813,1.505679801032373,1.078159286488541,1.148735283984202,1.6269820404923436,1.118983539807726,1.1074235511444626,1.2389891174303223,1.214200879088442,1.0968789932672918,1.105497196245304,1.2712821562019547,1.1874491696588165,1.0139214403659427,1.851068811339935,1.4014912861434363,1.3302826421085374,1.5617231626723689,1.861473728773431,1.1493036466329767,1.2266487937169435,1.046710525075131,1.3208001224116819,1.2154390144783183,1.2610660734041257,1.4997579666507603,1.3705168477530165,1.3138322547717085,1.3004080351882048,1.2935864332326164,1.5631443206750242,1.0165484787313859,2.746673450444698,1.1237676444538385,1.1060196628278667,1.2056629901222067,1.687165773486535,1.239645488737168,1.220497642696246,1.0482057194648697,1.2232993752719084,1.2877517344642362,1.323197180204578,1.76347038945234,1.1713234187105734,1.0686020978340705,1.4794642602462516,0.56236516526151,1.803284499737362,1.272492041222722,1.4409267457606971,1.5353436540225331,1.133603106721996,1.5038331892288808,1.3413941445390636,1.2255280665449189,1.127679065335764,1.1893629079446386,1.4591406870915606,1.1060401526024906,1.7599958007170533,1.8466875927253967,1.1096824952005224,0.9820684596965095,1.2371352436527312,1.2105129734219253,1.3109507762723216,1.0238360508468802,1.30467524967322,1.5966745094050037,1.644820121976986,1.1565921830103305,1.0663694114034263,1.650445879593555,1.4175501821651588,1.3837420001359009,1.3306233771365135,1.3123116126912904,1.6020516347810778,1.4623608533429282,1.2797741400242435,1.0109681450970065,1.083058863419438,1.037319257613105,1.4690776537356658,1.1591622797762764,1.3255235809276342,1.005773397761934,0.97200403334606,1.5789889431062292,2.521647200550995,1.3863327919174824,1.3785968862280158,1.2701673311492452,1.0885211436388564,1.0759737444150117,1.2019172992217473,1.2312077442115719,1.3268310816296738,1.8179680641628249,2.4267091620200203,1.9976090144194028,1.83788964136547,1.7042970798273738,1.1345369605535915,0.7767617866787817,1.3538849236727626,1.5223773676502486,1.10053128871828,1.1686310045134478,1.184398677744524,1.5283911334180216,1.382431847456163,1.2823845125916278,1.269115200581388,1.1425092450573482,1.282616341890952,1.3091285235434527,1.0321953541885582,1.3772577116387978,1.1940790092214661,0.9434095409995621,0.8750146944870769,1.3002970258249065,1.0405033205316587,1.4255164629074168,1.2085435440052372,1.687375489543033,1.092511211813159,1.2414259252593955,1.1008750660261568,1.0543999236424189,1.4361747575205572,1.5242415929496778,1.1894795793823207,1.500905656915506,1.274903243469661,1.1201938268033567,1.1332290817463977,1.3754113180262855,1.4814901986592401,2.016049222683684,1.5564584543069602,1.2714963366076157,1.3622385489161601,1.4669059411075798,1.1763518897244376,1.0342816823592276,1.3535271623338427,1.2720019725912328,1.7155604602756316,0.8743240759424308,2.080834515788702,1.9960203860107069,1.141241640237419,1.231979191613346,1.1808985918061317,0.8479471693427645,1.4099234437276424,1.7399711921930245,1.0338943673331855,0.9660469464471673,1.989707027780141,0.9517965746609052,1.5684748675610993,1.2326896848577487,0.8562074450988812,1.1839325487809682,1.185463034686929,0.11874997022064357,1.193961308253979,1.2802996346069424,1.0667913826246003,1.2270320793699976,1.4214136604254568,1.2495063347996664,1.5240367010934666,1.2905769580863495,1.3766244206568958,1.2870478039585467,2.063189540806678,1.4333001978589648,0.8432307946226432,1.3278511091394885,1.1546841449782372,1.2384338705788287,1.2429447663318458,1.9088893375086426,1.4745951081778939,1.2224767197902184,1.5922017380767464,1.431646782484056,1.2476240949221649,1.1772263288286022,1.0107526753227307,1.6015907085536167,0.8401128144767835,1.3886949472646704,1.6930341094170707,1.7076225302851686,1.2766975138900922,0.0,1.106834447028395,1.091951465802593,1.1988433288594602,1.7880388848568667,1.410998172650121,1.4535777770291727,1.1823324802651756,1.2733187102641472,1.3693286162398073,0.8055364063795084,1.3703888211482171,1.3078347974904134,1.3783529598697466,1.2317116736977125,1.3293660487965342,1.254990769203804,1.8023325542024007,1.0634914631120451,1.0983645132431923,1.276614313355684,1.2510233892204683,1.2491523745713042,1.5427206277545167,1.1989084232561238,1.149598677561954,1.6043482810664922,0.976658291211807,1.0019890306720614,1.3596604424097196,1.2032340227530902,1.4597746250640404,1.337828058077903,1.3016924846631415,1.4884356121515467,1.2536604594077159,0.3994109366062254,1.3524039119904703,1.2024413742633318,1.2940709613588663,1.7247119343010962,1.0610619302211113,1.4847837794875507,1.1119408511757718,1.3253413247283168,1.029787528942841,1.1213577535490633,1.0696651291718757,1.3731984197610547,1.3928117353240215,2.0200604283237458,0.9752981249495505,1.6448204256686434,1.5241671015882545,1.466560670760193,1.17495642592678,1.238047492207348,1.1550456088803986,1.4541889945713227,1.342818402408138,1.3052056824680829,1.5209290236839215,1.468407431421374,1.6430358628445603,1.4264769121131602,1.4867193674028045,1.6957666499281234,1.1018574681594404,1.2326247830978527,2.3759931933618907,1.4840936718424125,1.2601357938303606,1.5567396523768668,0.3670663135315564,1.2145512206823552,1.158945953059677,2.033307135452864,1.138241534419268,1.444344961909051,0.6869212078431168,1.5678964866276246,1.2362133520148952,1.0596071822151822,1.5114288494141666,1.2131812735083436,1.1096341518631787,1.1699659202391046,1.1215231176618536,1.3751924241873188,1.7612417856458138,1.4089275090235862,1.1312671295317969,1.3172916085873985,1.7756310894931202,1.3261782856208688,1.3678592057564143,1.8572085341135338,1.5604522803739578,1.5790674779684437,1.1183911469860288,1.6332592412145277,0.9182860167975389,1.4092123877028078,1.731388616042648,1.062937263983988,1.0155618492621068,0.9801797906527805,0.8986473335101413,1.75328230791177,1.2499885175076721,1.243870061168176,1.2821593402584621,1.8564506190157548,1.3946477736027019,1.725629027525744,1.1412071469514564,1.8265284852233339,1.845609178895657,1.2169611121363544,1.585480456950389,2.3575340831815015,1.396144449322904,1.6220263186852988,1.0772643291111588,1.248582288443564,1.2918747164146638,1.5641626110358353,1.2106721826070643,1.3185214952196787,1.1542836047114333,1.2564418463526317,1.4595406841392178,1.4978638401431823,1.1337957958968385,1.2596289788217707,1.974205890785812,1.4175586125436674,1.123665859808638,1.1949020441159235,1.55435267134849,1.2480801890179092,1.357079689099233,1.0509727741028372,1.0986977803590183,1.3477620561686932,1.3191517424464547,1.2064560654116399,1.557256886640153,1.4968838694848596,1.5995128817310764,1.1927719539989499,1.2393796650135325,1.0767797478848231,2.062966123640259,1.2511939974969999,1.2873303187317047,1.5386760950479577,1.1628373218016097,1.2412058977611802,1.0620779390792436,1.3042647843889301,1.032794442365342,1.9720284471130638,1.9922893464691405,1.1092000755065727,2.2127092708860108,1.2946131310815499,1.7549529825858645,1.7202023464757776,1.251316532872341,1.7812070124304566,1.1717868748231024,1.2738300202885113,1.1314227124261866,1.4119584762052577,1.64381762154716,1.2303584702536627,1.2906692395620305,1.2189297605583838,1.3002456144486585,1.066531297952762,1.3245657026248758,1.0990322664388108,0.9879989890478325,1.0672036238839164,1.1401311038976372,1.2466355163411615,1.4621721780280454,1.4677599756777888,1.5668258341257668,1.2442364895402025,1.5853117786717366,1.0226135617404923,1.6712584826214003,1.4292476532624452,1.2443813235583079,1.8968176846737772,1.3899501450051455,1.4269212027190001,1.2134663054000443,1.3193358960639499,1.203759547258371,1.5935917743564108,1.1525717486796725,1.1443781998383908,1.4502625039346073,1.2885690563829093,1.5750922009411203,0.9722066524365557,1.3421415407278288,1.143252309403905,1.3416815832707276,1.5356380362906026,1.3168426763607275,1.178887193628913,1.2865210317749571,1.320901121308295,1.1282637171106455,1.2364870361446871,1.6299833616209705,1.3415739108608182,1.4656193645100069,1.4324333683046664,1.3203385289591802,1.5040116557461736,1.9795824126047339,1.2169927427457012,1.322591771299774,1.1268307358003715,1.19503838640079,1.094010243275131,1.2493057029542376,1.3450755058260302,1.1093188104730936,1.4061314950471475,1.5795012583794381,1.3148340846489803,1.2050981823485003,0.8996184155441038,1.4392602952196674,0.8457495553671777,1.0652283368268258,1.1787872978373912,1.0169267018743697,1.3889570729947107,1.0175525358247741,1.4361715410063318,1.1682643594138948,1.6675775122497023,1.4295653257198857,1.1225459364890176,1.2315388586652818,1.1804240165606599,0.9549837937394685,1.1773912840819158,1.4079350638210082,1.1970502876310123,1.393161315286851,1.9904695850154726,1.2000857574227333,1.3914009490833517,1.1740120798095828,1.5764499814797208,1.474452887652997,1.404533929184408,1.3414067911974124,1.6448089752636705,1.4083947798408576,1.285967637234548,1.2647731526770039,1.7997355451693229,1.3164793506454218,1.2294609604133455,1.519823552509838,1.3477394610498412,1.5145667438395019,1.1769226810157174,1.024306864587338,1.6618683280093594,1.243416956377171,1.1029818765952408,1.2193093009532547,1.567116975109372,1.0679077879315448,1.1770885165418086,1.1975977586603772,1.317847048683117,1.2181504208747422,1.579503083052489,1.3286368130668667,2.6941089344963496,1.5313631335423796,1.5338725639474533,1.667063462191603,1.5167128772681757,1.0872562615715708,1.671452707410765,1.1706696077722878,1.4499798106876145,0.921617231608522,1.2723655286228739,1.1186352647460405,1.5228607249652069,1.424302693901845,1.2639453962464344,1.5988952103219611,1.7459956197519122,1.1139629957295534,1.0981919064436938,1.6595072289636001,1.0101131990863488,1.2981507980898257,1.539541412548088,1.0037902538784826,1.6156916193671056,1.2366842609523485,1.1767489890425749,1.680790748594498,1.1013615255373712,1.0598799418434162,1.290842066872383,1.5693553909944424,1.4508170770027882,1.1775595182593315,1.3775516282740865,1.1678034311261247,1.2047499316399004,0.9734780643083288,1.3257437772401524,1.2997901291848373,1.287477381404666,1.0034076057530998,1.380142835458983,1.0596050685506646,1.3815004170164857,1.4063120146195724,1.3364245177682899,1.8744178905978126,1.4108980533475908,1.5004386876238776,1.3787072936117235,1.5739854614336166,1.0995854772825653,1.650557068673944,1.030452283926165,1.0929935718764334,1.6536052404900219,2.1638856873454486,1.1468608455698324,1.0616751935721365,1.2130678046706338,1.2860969165489664,1.5737636862860527,1.4601415966042728,1.2182023631509182,1.2367162833823007,1.7364721537595904,1.170431737586042,0.9195026547106006,1.378195028141595,1.538546745134728,1.0978221361436549,1.3374163991077874,1.2915888739361554,1.2699215012335967,2.020257885446303,1.1158716477476214,1.3124895741341032,1.308787236411603,1.3347901363117403,1.1600532624949993,1.1217788738616135,1.30583915627016,1.321384797165362,1.0278078788984315,1.277932103563782,1.538610213970144,1.1309159753826694,1.5940943389997009,1.1968700938432684,1.0475035028520931,1.4333280073731602,1.2860769064876123,1.308202199986821,1.1162630190897753,1.1721152287648733,1.6002670332694797,0.9313789025368668,1.277447520917083,1.6624134557828725,1.8759894398249015,1.074698345498797,1.2126923501604807,1.1429115531946161,1.1811097581448364,1.3035312747248984,1.4314669497301677,1.553996187231389,1.4366567976333093,0.9701934964739125,1.2227781826962283,1.4076440342077121,1.0402558868684482,1.3280787600219526,1.2862348609715237,1.4695754466719229,1.2912899063462706,1.66102402132451,1.341392056031613,1.0537918192911373,1.117348357943091,1.258859540101862,1.4735426495299615,1.3236637205402775,1.4598633574451132,1.374349059982166,1.4856415164376888,1.4013974769699564,1.2034475104293287,1.0375215422509763,1.8776844077883923,1.3309163454626038,1.767634586121369,1.2646940665392277,1.0431637952777588,1.000926715036826,1.0573954866196822,1.1892779366048178,1.3007225290364692,2.018184455291253,1.1785671090385763,1.452246723448352,1.3408725657054221,1.4677632126363716,1.588027558689254,1.4011476140700787,1.2679833365900761,1.2371930409867515,0.891102067777289,1.4628339213753063,1.3490232954071586,1.3501096870336262,1.3861024844608996,1.2297070348012404,0.9873952457328787,1.2489175672972435,1.5292606429715991,1.5742345862392482,1.2658555892264594,1.4508060921868908,1.1469561505282093,1.3621981357802597,1.0216065898711597,1.3148563533477635,1.0450319837987898,1.4624008924434846,1.3387829323461697,1.4509816632189119,1.6654914519627821,1.5396490450526117,1.6314610260153959,1.4151684240729634,1.582527307010385,1.0675222366169894,1.5929789405855508,1.6564422633307827,1.4772307881239422,0.8809905717995156,1.4777087895692596,1.0887327899544301,1.290145476085212,1.861697839139983,1.319219364920817,1.2235014303691736,1.2758151963735167,1.511701706896142,1.3375051467312928,1.2099979853345582,1.2434288549577515,1.1223138226259874,1.3305726113445635,1.0168958291912036,1.3223174370756527,1.4659234313787164,1.4849801625605754,1.2838770533600197,1.0478212168475274,1.3264372200534573,1.0757090696440903,0.9635084139850112,1.3260798652618686,1.6929728458857516,2.2957843783073546,1.6242105621055203,1.189573602031945,1.8668709930406506,1.7624612835724527,1.1881687658673192,1.790712945528007,1.215315093203138,1.2055138197567272,1.2782442650512769,1.1802370686480015,1.230383564760434,1.0477721222303764,1.6000827274960736,1.8801243762816156,1.088109603178966,1.047093586891037,1.1359631797050356,1.3120505560770332,0.9812755350086634,1.3978895956597515,1.7066832744752052,1.0597387186093714,1.0081936992793672,0.9630290600728317,0.8976734942589462,1.3984970983729432,1.494350385226713,1.115807744842491,1.3902720329528855,1.8644794325021643,1.3941863689254521,1.2521771806772244,1.4304500836241594,1.4160277017558585,1.0105521387919119,0.678353750279729,0.7276670515217388,1.3309404251187202,1.5404484444316175,1.0682256796826022,1.3089015185351867,1.5225398940078905,1.8524009748035082,1.6366385579048637,1.1206246551503183,1.489983497814659,0.9576657431627489,1.4374304056324487,1.4430347914033939,1.3330245085451748,1.11479750866151,1.4792367493615544,1.346443742555619,1.51573746513853,1.2390081710493384,1.1810092600908684,1.4160137726238708,0.856372077933556,1.0186803713934531,1.3449811334739685,1.0907950024761943,1.0573370730079303,1.3017928003634585,1.2644795347343,1.0929982236436704,1.1313731278288395,1.4170837081216678,1.141418305511596,1.0633474597631345,1.4515251999606513,1.4128607929372836,1.0062924239104873,1.0796488589671467,1.2651081772085204,1.4844949010010855,0.8141287797100638,1.6359453157676749,1.1999205658041683,1.4690553424390058,2.185616596530197,1.2347910682157623,1.9322184032693022,1.4376570480333948,1.6987228574174078,1.514509019199868,1.433836794779505,2.0279295462089237,1.543664378366461,1.4513126042001763,1.0358491364936864,2.3465253603486382,1.759741302042809,1.4797391949832503,1.6548136939616886,1.283722265355392,1.1571746522968762,1.5375839141935204,1.605105905191164,1.2285625629590533,2.024042390821817,1.2388275870337635,1.1253730649603684,1.4332043563201502,1.2424029385291013,1.0319904618888078,1.2199585059434126,0.6374030819959468,1.5374053021327743,1.563529643727775,1.0848129672863245,1.2523882997800286,1.3811247998052705,1.515190481206494,1.333744292386198,1.1888286336126832,1.4351343843968065,1.7096931260157961,1.5425564485755432,1.6584648179393469,1.3263349539957228,1.0611803081141291,1.783403517488819,1.1391949963439896,1.3591536055762121,1.3871166115001559,1.2347887024250155,1.7363662255133576,1.1264123833139972,1.3003114323035931,1.2338643341863031,1.02803223262703,1.2947302024995722,1.6919016765465895,1.2107053334892843,2.2814398538153693,1.4744619602628661,1.6200794619395764,1.3566107622530645,1.5831969464140478,1.5040204762321916,1.0750936562542306,1.0276073978738711,1.3738982201337755,1.235623405191867,1.456635814878839,1.0860413881547775,1.2421189971394204,1.421521575126273,1.4508100515155582,1.243534356475748,1.2123964225025905,1.4921798961943737,1.4906931192855783,1.448673032711178,1.0753742995130744,1.047118897429934,1.0970723385195562,1.1461914562727629,1.4015513068219054,0.9031779259265768,1.4156726599311567,2.4068126307043123,1.8825307931426916,0.8096371292592194,1.4559732772131975,1.2514547253030979,1.331969935507205,1.3021212296527378,1.1800813310568388,1.7871527490201327,1.609403463094179,1.4672745896992956,1.106458655227481,1.3523057782955363,0.9745135063897618,1.3464313757841713,1.3755019551164214,1.240080233845994,1.2098095363956756,1.1639955052738988,1.2695031844671327,1.3330849557278275,1.5892404538502285,0.8689789388428041,0.98969052873638,1.2784317926089208,1.4459918787457027,1.1252412596894048,1.2800053114027565,1.3022131329445439,1.0955106709237135,1.557950321786866,1.0276604951472748,1.1697576934832146,1.5097658260742723,1.0975630180571536,1.904876039453081,0.4207206366200711,1.4626499007955116,1.4842047022854337,1.0664278390919528,1.4458292008459166,1.8025347791382047,1.8521355326737305,1.2662076466017649,1.5268024322455718,1.378005387380547,1.4909635781651611,1.3368692984331891,1.6865824848250162,1.1366743201221947,1.106491486528207,1.2181776041239378,1.1910357471310165,1.2839643591565721,1.2212058546584281,1.1971031963091654,1.0442559132138178,1.9136463981862377,1.2469418222324138,0.8008055497390142,1.274180740545273,2.5206907635168196,1.6351056680073879,1.2989293680700862,1.0023895200115336,1.5215975029370017,1.6357195925123962,1.6472785481389869,1.374917354426115,1.6877301797663335,1.2066313490658238,1.3484961932628303,1.6234482871344857,1.2272610229619665,1.5969327902679786,1.186536261971317,1.2843895664680067,1.329647844049037,1.621277843549485,1.2944529155027023,1.2245653677782977,1.1445313111131834,1.5950316364544752,1.2449415453300694,1.7707168867311398,1.117986682619605,0.9332461881112144,1.120882922727851,1.449602428665083,1.2558638324540403,1.2418520991392241,1.530274566821049,1.2349916043386309,1.760706117790194,1.949871290853563,1.7015775525736485,1.5066823102382432,1.4134730233790733,1.3348723514759655,1.368107691775764,1.0809966928858632,1.3146905565852345,1.1499420775427036,1.2665095701498443,1.0443526079655285,1.248784954329897,1.3916656893457287,1.5790199307363972,2.443984027633732,1.0888406889893987,0.8794016695416068,0.9546087225801613,1.573577145525432,1.5149473197796266,1.586531600171466,1.294037945062448,0.9480875870629286,1.635183675331508,0.9871291187434927,0.6977501079169941,1.3648381280283746,0.9256703165386986
57,1.6465444443761874,1.4744347455910294,1.3668210977943163,1.6474351553359923,1.3109514389147539,1.7014124262214432,1.0943338734974075,1.1799998216760574,1.3723159537033767,1.7049488238665311,1.4072805958678603,0.9208160243310233,1.1381528707372712,1.320606809477849,0.9840016268011399,1.367957986897737,1.4771321818141145,1.4755546987573933,1.322313924568097,1.376638231192159,1.4581031189675293,2.086277396835698,1.1874283482214059,1.3956716679801129,1.3489894429528757,1.0787186109775289,1.2577485462993847,1.672567659176453,1.1415912013859248,1.169844173768165,1.2028807590862949,1.2223302137166965,1.2724302376476573,1.1473213645771894,1.2424726838805016,1.2951227031557049,0.9781422889128991,2.0017650980833386,1.4196773167551118,1.4011228463971,1.4202280632542494,1.8017942241650382,1.176204107727207,1.178176477245544,0.9999251666010648,1.2725997704385663,1.1381962684332776,1.3083971599264523,1.5461733344095987,1.4412216143876855,1.2708563234701917,1.38483409624664,1.264259218546503,1.5701298288457288,1.034775377949694,2.2337058373060215,1.1035663918268204,1.1750525757002657,1.179514349285121,1.5929897245788567,1.2590918930389643,1.3540576557881026,1.042846563991416,1.1390751144165399,1.3343036900324883,1.538678024088966,1.5362103335504356,1.1197430974650848,1.1518939589565775,1.547192152375853,0.8212139263200179,1.8131934104227119,1.2378516345989001,1.4720933831459324,1.6361972050005245,1.1545790286064146,1.5324685484573404,1.3816187185416573,1.32518568060358,1.1271006436892137,1.2006018221945611,1.496894724812896,0.971184830971284,1.706368719860032,1.847142959784771,1.1227680522216459,0.9664196883652483,1.1132905560029047,1.3772727052337062,1.3434321165976764,1.0112671382668774,1.3106081661990123,1.5038278846281792,1.6188215573098772,1.207220115928167,1.0175516886234424,1.618063077044476,1.347888408741257,1.3254715358447933,1.2971571649103013,1.1516887103659719,1.649883472209481,1.4010160382986687,1.2408818349200157,1.1420342834005677,1.0738259985438647,1.2493930985040946,1.6773911443552327,1.1933485718713888,1.273376064246262,1.0764296099287125,1.0476277008986021,1.4438962519207341,2.3957108869517567,1.2837135964740725,1.2230311550997777,1.2981653942194729,1.1229535530852237,1.0916672720783418,1.254013367678338,1.2578759489375604,1.2701546977725078,1.7861186073576913,2.8470942472253062,1.9080941652446548,1.9216366979002646,1.6929015860513505,0.4818558957889704,0.8454467858736613,1.41078115347787,1.500122411559869,1.3160585284765975,1.1473876684580955,1.1428643685174724,1.4595033419981738,1.3024108254056794,1.2865160552925383,1.2579916227151655,1.143205448462414,1.2694690242905897,1.2525943113208151,1.0983660649418379,1.2962285902121469,1.2128611780301395,1.0345137853212572,0.8644071616073319,1.2193923508042241,1.1108854750529615,1.3752740270564687,1.2410867373687984,1.9262629280455015,1.0530127365562223,1.2893983088394176,1.1892039196843087,1.0783468800398326,1.353561032556624,1.520496501165778,1.1641017975680705,1.3261084191900474,1.268198797245504,1.3175752250563935,1.0704852893782781,1.314842382753361,1.5464706632205238,1.8200957025637265,1.689385120861165,1.3548244314845146,1.3305027360318926,1.4106677441574804,1.1627786296686968,1.0360591504244179,1.1991557935307169,1.307174677938062,1.5970373241027402,1.0023639188629787,1.9919679073725305,1.8398309211957327,1.138394153326677,1.092452380581249,0.8648603241548427,0.8318935851763876,1.3262208679192962,1.790964134183084,1.335864747056425,0.9395487429567276,1.9074549088729515,1.0514863741053113,1.518535025846627,1.2450156539647166,0.7869013788194312,1.2990415674065698,1.092764948672119,0.17812495533096537,1.1649204868613847,1.2894327676144028,1.0473037780840682,1.183841725733441,1.563433741265152,1.1631394141695999,1.4749271616802748,1.1789435993039556,1.3672280967219566,1.3343759405596234,2.058363056075864,1.4655206318664074,1.3541623543715096,1.3150324685796613,1.1860089827755294,1.2739877051253283,1.204122334630457,1.7500897296533737,1.4152080432813399,1.2065428298264782,1.5790737738390457,1.2656153964691734,1.2663520519098264,1.103745448289353,0.9385804586965893,1.582192415794054,0.9123096308565971,1.325857122550885,1.7534439326180307,1.7321461158921239,1.414316369901416,0.0,1.1029715338296346,1.0621329012854281,1.2732583393353458,1.7605860894588312,1.4198074821046232,1.4144361918303825,1.2429524420974876,1.259355668019973,1.4806984157223742,0.7234684221583505,1.3649458029763188,1.4990326426938916,1.4275001850800506,1.2751150793048676,1.2705693997389398,1.3393562226176834,2.1794142276071216,0.9144488104200498,1.1035768192172062,1.0825804613433267,1.199675408443424,1.1246552160576697,1.539767501910998,1.0873404406593292,1.104033281281303,1.5359202034858126,0.9935280205884817,0.95958879279641,1.3370821702187525,1.1346825691617828,1.348764624084811,1.2828155366703888,1.2614752790699342,1.4865731104393332,1.2388575675730413,0.6943031081817312,1.2774022407107548,1.1828437334954427,1.236378542453489,1.8100967903750098,1.107334511949768,1.3855411596673148,1.1785326769230984,1.2990906952181578,0.9909065817083571,1.116000478982989,1.1113894150244474,1.3005265266982904,1.5239737125195467,2.030116409206055,0.9920284927273844,1.7307284216316672,1.5714219669547513,1.416842795075998,1.1709946812659702,1.184562808898943,1.0846869737926423,1.5234499388430898,1.3071509171772084,1.338059342597837,1.5394360805228398,1.565321807879752,1.679101108025693,1.539002893636981,1.320026003116102,1.6369080533347546,1.161585710265283,1.3546568137511605,1.4583769388735086,1.4105563838960418,1.151700082306969,1.495505910269627,0.31627625579876195,1.1822574571535782,1.4374005589306975,1.9803781020449551,1.0191529939246327,1.5485344123944698,0.7118224965085416,1.831158931490076,1.2013399190843563,1.0491593650810516,1.5617592780892127,1.202734777696992,1.0572324575027765,1.1714732127794178,1.0143845818983066,1.6631021995643205,1.6717521353549343,1.3415448200176745,1.0719170438520358,1.3073334873150682,1.584831070644688,1.4944187735056889,1.2843237433551966,1.805020851445509,1.5142867193233356,1.5430953654845272,0.9418746457092446,1.5650579185280014,1.0114749972078094,1.3644867430503491,1.8499039726483615,0.9837859154853568,1.0571727279389918,0.9473542307753617,0.9458784527918211,1.725867755370086,1.1939367799595264,1.3930047283945561,1.3374837030648241,1.666207355717559,1.4122461072312038,1.6224843968222977,1.087278537532478,1.7735263062540259,1.892067189797398,1.2615007242507286,1.4533420713852707,2.274327991959921,1.3625262818408814,1.6223352290606077,1.1216030508949313,1.3361571791761573,1.3492418128387635,1.4181963945602374,1.3561933599907525,1.3110539592312314,1.1336505893569417,1.222506420634819,1.471678077905634,1.457444934194121,1.2190663774943116,1.2263429582007568,2.078382823673427,1.5396943770088127,1.2141076543088738,1.1632435439515634,1.3729734833579161,1.488208346214579,1.2958254914219038,1.0892929397251976,1.1237970024553459,1.3456432654917094,1.289687590953993,1.1094024752354041,1.500186266069981,1.4670784071205492,1.7195290959305862,1.16163835639696,1.208447677715178,1.0020035672627428,2.20237879662518,1.4566335475923124,1.3940477001254348,1.5432414009148077,1.2657935103360431,1.3220017139642373,1.0691733758763131,1.2919787694528448,1.0009708711287173,1.935134104322901,2.117133342014153,1.1128621231687772,3.0905956541758774,1.3221225468643394,1.692070620891811,1.6875194120118489,1.3480325848196182,1.7444722279399212,1.2205639933905579,1.305532873820241,1.1443236033439885,1.3239183898163234,1.651926066139565,1.1401027027971447,1.238357489470542,1.2080680820145062,1.329122123962898,1.111072164643986,1.3730095994140563,1.0672439927185655,0.9291540317552271,1.2186137727132165,1.0366396235899804,1.213516114480211,1.4771441896788704,1.5090483224084004,1.4961764513166598,1.5275075937856841,1.4834234703822502,1.1559007110330815,1.5713494418330967,1.414253917591954,1.2254112362182559,1.8662533573584714,1.384261682055667,1.522377292062215,1.2446722257593368,1.2411631067993942,1.0388890372341872,1.5549747361686712,1.1510762774375058,1.3100903705635318,1.6366969598514527,1.2533812697688418,1.4289160565574401,0.9430042319198518,1.2374624567820351,1.1484774135633897,1.326889867405185,1.5603298517535198,1.4012707920840235,1.200076677121066,1.336844669248292,1.3403841659479148,1.2581090116718063,1.1499024200917414,1.5161312158595859,1.2758201615075224,1.7793554410492862,1.715338954910039,1.377161806670206,1.632801378462481,2.0842667197651283,1.221006672717212,1.389057772644625,1.1849100077766797,1.2265018977380964,1.0204268492941786,1.2473918105382578,1.4373225063635533,1.2189668616784706,1.3936033866883106,1.518479128977802,1.3404020333338682,1.2135596682678433,0.9403531575816513,1.4339183625418999,0.8574024506705856,1.082258819134183,1.0954400428161113,1.2154640268824055,1.2188970963727632,1.065675578907393,1.4119750730118708,1.2283785994446972,1.5465958631950616,1.4096700993640652,1.060344778629124,1.1644597419897813,1.1569356548842116,0.9377467648787959,1.1686262763959978,1.5159139271430426,1.213470160490376,1.3171667814168708,2.0725224187784645,1.1100351973745624,1.3628704272056629,1.0710129424272359,1.459313533756016,1.4609013331741574,1.3088517147052654,1.3182543775705104,1.4916532046543094,1.4614529529173965,1.2288701857479822,1.2210624563993187,1.8340146105255681,1.2182546998031678,1.2558444723945135,1.729992938821403,1.2053480471773588,1.5569029816205122,1.2409741491468371,0.9710004818419862,1.6226366491562647,1.1814475477571378,1.0572940387869851,1.1854294419108429,1.4317032227861954,1.0690250541930149,1.1730457638328646,1.201879841468003,1.2667577656269877,1.235924687789872,1.52811381342039,1.4451936370472604,2.6748528019230404,1.627605695331572,1.51800172557595,1.5399226939380726,1.3268267488159282,1.2263952752429943,1.6577032241032752,1.4986821476445986,1.485683292742444,0.996743449752703,1.255791208670832,1.126965574983574,1.3446929085706447,1.3511772171870162,1.1567506586508909,1.3520618306057308,1.7578819398799206,1.0578257966149438,1.2214855233840642,1.6335254652691995,0.9986221472756069,1.3900185269620309,1.5936195651939258,0.9577331478273083,1.6220764590332575,1.2003723628619591,1.184253246138621,1.751315593049345,0.9711753857485964,1.1306913730893315,1.177798257848258,1.509099068380586,1.4067394103681146,1.1732808970662456,1.4161945445278756,1.2149363912871665,1.061913587151162,1.017069581484138,1.3601788007274986,1.184330757738344,1.4905830007049212,1.1126088698947991,1.4974759075314705,1.1407471859633538,1.3445262046526179,1.3532568573051713,1.2311278056543298,1.7113117653010628,1.2515817836046126,1.3736275879993771,1.4333278960772304,1.2834536182533718,1.1284724723505792,1.6341180747921973,1.0102726230315244,1.1028538083889325,1.5633238757777053,2.2997959838465842,1.0444376846594638,1.1389032915251014,1.2127076866963402,1.458683112858305,1.5171144575939794,1.412029675914869,1.3085648241720125,1.1860145735416818,1.5703741176703576,1.1674072037002015,1.1869809988329085,1.2736227356946692,1.5386369296462847,1.0883241830823036,1.2452181869042105,1.3442022918144225,1.2709281678404065,1.8365786445114876,0.910131724474415,1.271134868163334,1.350129032176127,1.2068729140140468,1.143835539058601,1.0485090432756596,1.3732887779575655,1.44172199618753,0.8814920687386483,1.19451754990256,1.4045302989408284,1.3100669194410908,1.4017404337853256,1.1543662810596862,1.0950046610667084,1.4435140340287966,1.2351206061158762,1.2911884928371156,1.1982229397495876,1.2334956294006654,1.5543383054606255,0.7658277580936045,1.2644723518793333,1.4764720191886322,1.7833913232280247,1.1185370367247454,1.2087684147799065,1.0545207841627073,1.2405816160039653,1.2730609366143326,1.4478834878527385,1.5018269463989946,1.2227874265560361,1.0410136589991406,1.247228351944614,1.33997583218859,1.0171479238307626,1.2867992808533173,1.2210056744238065,1.434743170522892,1.2517308729585157,1.7693301049928989,1.3043601300507153,1.1117765931319215,1.117147697098225,1.1768273600319445,1.5772595786743402,1.352593627225875,1.4835045677176288,1.477517733558204,1.4355089945542183,1.3197238548059254,1.2067588492776211,1.0497844065394124,1.8838206136679079,1.3601355262634849,1.6987282053005899,1.3330531723264922,1.1089507017209144,1.0759404401706267,1.0354705321728397,1.2644310007238537,1.2632609301599442,1.9545165036593055,1.269731972975023,1.4789328410963287,1.4683441269022632,1.5179138657731006,1.5241200228143252,1.5943692150319175,1.2792022258439384,1.3068080692790451,0.8794490476571585,1.247949895379917,1.2566359285198445,1.5158346440061095,1.2831389070601142,1.1023105276964216,1.0368754342919835,1.2550057242590842,1.2892685383949125,1.5505631004848657,1.2712139012744643,1.6895465873405646,1.1098055963585853,1.3604288354425969,1.0613666996949687,1.2616191281995102,1.0933146068521773,1.4223438310424963,1.3737376412108429,1.4705456147611418,1.881018405721354,1.4955936511876793,1.5219910901166889,1.4775073315929301,1.4018600170021183,1.1602382893274532,1.5918623153549918,1.687266865149845,1.503315685034732,0.7243029103636625,1.4675064894176026,1.2070609691676726,1.223650917413082,1.9898963372953977,1.32739665378638,1.1640751648489063,1.173430657092947,1.4506899406603533,1.187059772040286,1.332686649532132,1.145949547377342,1.1251171604578205,1.3974269716350274,1.0462374893843147,1.2047652077160478,1.4742302044657192,1.4811663478911976,1.267704040815747,1.081543346669334,1.233572204718157,1.1405563179089526,0.834868568884943,1.3906349793590465,1.7258696596064267,2.1362101052640723,1.5801657009026582,1.173991719861795,1.9328274065366688,1.857436678855877,1.1914935637057642,1.8415216528475835,1.3342258239605984,1.2684570752448967,1.1885099551997542,1.3911241622253878,1.1652802666859032,1.1039946335094961,1.5403151893669251,1.9222323421741074,1.1463816464944256,1.0495426466491145,1.1380622980709207,1.212489851365883,1.1051641348393089,1.427701731747797,1.7660963722637644,1.062646952297241,0.9810360373038942,1.020752780774448,0.9356371386891726,1.4064446727666435,1.466660632425389,1.1574183679965535,1.514806706594603,1.6787252633786376,1.3621423660891732,1.2316581823164303,1.3834587363181974,1.5728016348543559,0.9947320694429054,0.6879316377537532,0.7556631034179287,1.3353744222639903,1.4725513013466234,1.1362421668625435,1.2737699455088505,1.0595171690545377,1.6138372354892865,1.5967455936479409,1.081594201688529,1.4151682353309705,1.0572648616438265,1.5859603558635427,1.3495838420793183,1.330458428567228,1.2854527441017807,1.2753853969263083,1.417410224579817,1.6094737729557567,1.0490701312121602,1.2528731376524669,1.3486597345284066,0.8784031968264944,1.0061467753100557,1.3390727649669136,0.9699894791434542,1.0727303215022885,1.2744563011520214,1.1885755128878923,1.0934632640606445,1.066201373105652,1.4172092960091383,1.0437498769655957,1.0542034195395518,1.4934019398406828,1.2966550375964472,0.9910404840040258,1.0960807990354915,1.081489320384477,1.616060014813623,1.074933366181392,1.60648996923081,1.2594666148431162,1.4579530032467238,2.2456570162598473,1.325299568924911,1.8541149937127028,1.4192736669518333,1.6390569291884711,1.4744555895062368,1.4582876737739112,1.7369194765703324,1.631753010509249,1.399355250818907,1.0303924560793603,2.108865753533597,1.8290895301869838,1.421257690670238,1.6986424890863088,1.2536836469239898,1.1895497157452106,1.5165216797244838,1.5310033817488917,1.2183637928633722,1.9902566794742245,1.267294763076123,1.102485840977359,1.4239621168898084,1.3342320717735554,1.0215908645067031,1.2074961799565715,0.8353544019197156,1.495553315159342,1.4696286299733468,1.0678738529221552,1.2402752033461848,1.5530495005542466,1.5892264788386505,1.3835916351723578,1.3489764751147426,1.475975272957046,1.764334681277215,1.5942225197265723,1.5976679783177636,1.0978292890187373,1.1104390570761127,1.6551427352145673,1.166564704533518,1.4409655663090568,1.4116390251567683,1.2109236303840256,1.6834945112515811,1.0639416964665318,1.2593190980879032,1.1643282372339383,1.0577525373319818,1.238733478784748,1.747628396247218,1.1766811346748174,2.202743318108696,1.62673808376017,1.7010933549557388,1.3610555402715625,1.6503783895180795,1.4299102383248303,1.060914797470078,1.029973969040991,1.2496941624936428,1.300979318302657,1.4404243812734963,1.0277590980023799,1.276083830611483,1.4295646105075015,1.445895113270921,1.3321521855935257,1.262178530971191,1.3581032329348928,1.5129019737455736,1.3889139177136198,1.017276778666026,1.0008141631382694,1.0782763540012696,1.1776855410786755,1.547123171768178,0.9597653530567838,1.2974867856214178,2.6901971526031225,1.8445180108183612,0.8578599395023612,1.4533556993257597,1.2242234182948044,1.252364062354389,1.3533187115627812,1.2480458708847266,1.9833843790998384,1.459808442952451,1.4172910327290607,1.0961209716370075,1.2401235740011178,0.9620500461750029,1.2818972046775738,1.1427326064606513,1.2544468094184908,1.1861459945808608,1.2335417471437753,1.2844316222645507,1.3483540619677903,1.624556479365435,1.0065265372619634,1.0390374511007123,1.2968891412209966,1.4642512088917847,1.0788406004312523,1.2851442660131442,1.1617859665280532,1.0022902084750678,1.6712892279957434,1.1462353951888045,1.2038998683364355,1.3701508645690534,1.0847087294509001,1.8677586229447918,0.40385498426773847,1.4454389763856592,1.5007697186193834,1.119615967245152,1.4658306632696068,1.4753441139255803,1.8327585099422765,1.2608978723684945,1.4756553525058402,1.37928034357549,1.3514935213460886,1.2783963004063852,1.5853879701071998,1.0188198838639535,1.1923859566283779,1.190830247335347,1.208070385059233,1.2503566100625683,1.1915776209951665,1.1820088913133349,1.0489359548126054,1.9101398602584954,1.1470681301171068,0.9577458532937196,1.2507799631093897,2.264237583955534,1.6714014601131855,1.2383151035950504,0.9366182506234333,1.4002013081441538,1.6037019620634594,1.6039326903199618,1.5057920881172406,1.5727031679672718,1.2347018537270937,1.293468016897996,1.5399149288803464,1.2521969356017586,1.6167514791680397,1.199949378012595,1.431886268981083,1.341281381757494,1.630782387099913,1.2792670324265805,1.3234239876449851,1.0968616889729095,1.4882659540234964,1.203778267981634,1.5364075116409193,1.1034200596600205,0.9282134341466999,1.1205786720979627,1.454930219250783,1.2329623620387715,1.1551590829147111,1.646602117362204,1.0560451651623326,1.7033569539401396,2.1075063334315747,1.7436650919173466,1.491185682747566,1.4125020887353708,1.3500578692618046,1.3841318907971334,0.9650366914493355,1.3687548172221924,1.2063883688617287,1.344290775031488,1.0682580133709576,1.2177744060531508,1.4536741269754465,1.3553089906457787,2.5340038949636132,1.0637593928985634,0.9468218436981342,0.9634638381734113,1.6941747134034875,1.3596716097301316,1.6777591668322591,1.1931486748329043,0.9983020208208604,1.7500135132870906,0.9477241257104516,0.7442298640563295,1.2240774618388794,0.9338918773664854
58,1.58545560322399,1.4774375893123524,1.3841736568868372,1.8658487891873767,1.2533768398213478,1.6263987744840696,1.075880704160318,1.2422977133677802,1.3035371765444528,1.6654454108147927,1.2994832023230936,0.9785098713188582,1.1816338388836614,1.3375065625508333,1.0348485350702403,1.5249720587720923,1.474538392586961,1.3864422218141936,1.3454144844253841,1.3061031085796104,1.5209384442008251,1.992090805259774,1.1861750261428294,1.3748586625108596,1.1890020439136795,1.1120116024001654,1.272249479258571,1.4798066485576173,1.1785201136527372,1.2027914997847378,1.168443533927473,1.2034781373649506,1.2692425317225058,1.1372413792080638,1.2212680694425608,1.3459991393165893,0.9939404593738427,2.108343285277782,1.4019724145682475,1.5014295326200002,1.321058138219172,1.7705009120924577,1.2777454310510206,1.1933103950816295,1.0036486569378278,1.2405411235741313,1.1732385042109175,1.2718332607055487,1.589052281157908,1.4903457271071867,1.242203516887684,1.4372446270959298,1.2532031588260018,1.5183077485123622,1.132545727938809,1.723683076374222,1.0893975033049972,1.183608451497363,1.1262889615318221,1.4984213638380057,1.2726592862045742,1.3094963857794768,1.0504920267831368,1.148063095525962,1.3531491516001042,1.8093320493795655,1.334139554862107,1.111005742968176,1.2362220774302535,1.5367268613441345,1.1275022232166632,1.7889307014577334,1.1988938467885961,1.517939630743165,1.5946258147555683,1.2217149329173886,1.6369747016611635,1.4552444649002718,1.4549046608195868,1.101616177335909,1.2846541256231139,1.4726767926102957,0.8109773136769967,1.59442085436023,1.808623296969518,1.188730191952993,0.9846144061752162,1.0064599473843017,1.634725476719311,1.3815470536935428,1.16411510307179,1.2756155020602147,1.3932603918503692,1.5563770455188237,1.2331155303326475,1.0061229446144524,1.595663498448377,1.2432344231137673,1.2841130283456037,1.2337562444193615,0.9696144327825857,1.7540223223245217,1.319238029711232,1.2680557687803464,1.2940097607937096,1.0687438371135738,1.5009626875298623,1.7164818243172932,1.2377229951817346,1.2758285241021363,1.139722343933919,1.1700585060688657,1.3606177157805521,2.127276469332227,1.2136159516636087,1.0993693857456792,1.34671696983464,1.1636140758226046,1.0891258643259376,1.2821186325903058,1.2288807989092096,1.1876670995494938,1.628215582970758,3.1215638632518816,1.6632201928769534,1.8412422995365803,1.6644420573165144,0.12290817037232013,1.0393883921943832,1.5105975861172936,1.456292614189365,1.5805428618560082,1.0843288965697275,1.1028163993495945,1.495353608757021,1.186195341141676,1.3571542535154002,1.2951240148407603,1.2030730708874826,1.2164159581006797,1.1949470159028648,1.1042970240278374,1.239514670692898,1.2063301301509373,1.0983104691783199,0.8697328007759586,1.160391062609675,1.1820237716915996,1.2021088583152637,1.3215580827776363,2.036430006153225,0.993622661237589,1.3154895193707046,1.2698343885540182,1.1322727235574725,1.281769662115837,1.6014908999510091,1.1808670765167955,1.2883725613094388,1.3885084619585901,1.4913439440106624,1.2352443291819735,1.3255512533338714,1.5309165074640554,1.6934748174946153,1.6058521816856508,1.4352755779843243,1.2230687077876603,1.408025249897273,1.1881043800139202,1.0271128735313586,1.103588865971223,1.2952182505096022,1.4155683223111741,1.1168504470248972,1.8952771234009624,1.785549521123256,1.1532796099702018,1.059915814818811,1.1678657949232512,0.8769931136204435,1.2807078702599486,1.7987262591352267,1.6696258333442247,0.9505464430640571,1.6213087812139868,1.2070729939590394,1.466359760309049,1.260752715441491,0.8078917138130157,1.4218868915992933,1.0827858849547087,0.11874997022064357,1.1124501118425287,1.3436966358548923,1.1140169924363783,1.1980094913954291,1.7270258136404708,1.1035385148567582,1.3725462779133424,1.2295962233244395,1.342639894978174,1.4858778258726395,1.6451088471827144,1.4361861073649442,1.818527806895426,1.2872782800438989,1.17551217298406,1.368655490355318,1.2642904861865851,1.7190153940588753,1.335350710193037,1.1749039687570988,1.5195698160439355,1.2700722014911832,1.336953580477772,1.0613603066843649,0.9858031066932066,1.5976103179945886,1.0092350853213903,1.2625910501794926,1.7796508146196897,1.7917088773829302,1.4914442109053399,0.0,1.1251610610560467,1.0668294540290322,1.3341466255247163,1.7253689918777784,1.3005049167285894,1.393826619735451,1.3181683336973464,1.2059393067496549,1.5775088170106333,1.0562832971236882,1.3145847289885881,1.664815136325539,1.4509313445276844,1.2251963517966646,1.1998398026540074,1.380063922930349,2.219298254937016,0.7788367086210111,1.0551926788670953,0.95474419947035,1.152957832575158,1.1052069384237622,1.5666126006947794,1.024149527532765,1.0615739771321673,1.5232583272393299,0.9951506757385049,0.9994149651002229,1.4022538944085947,1.052741584100351,1.2879772532700038,1.220019880842611,1.3601883508433392,1.439715361106068,1.2321459312128842,1.5547163584979882,1.2427437245712358,1.1267598322949266,1.2113917537408856,1.795532243346055,1.2148365197568132,1.3258236036613362,1.2775077237845385,1.2906235810899405,0.9421292402140173,1.1101063230447745,1.226913662952294,1.338979791400361,1.604854426475875,1.9500249352783976,1.0032899131052666,1.774331187853441,1.6590810537385305,1.3758399555796763,1.2728933904056223,1.112753865933377,1.051675143029482,1.470273846401855,1.309427635947293,1.4009316415731508,1.6632657874385859,1.5718830382437736,1.5319460059936758,1.5280842325073802,1.2701696287367181,1.470467265202169,1.165040014463116,1.4901265539782833,0.8326675299717681,1.2660990562415646,1.10303764309779,1.4796528339578465,0.4270850990544774,1.0898760469053508,1.5502302075723933,1.8516247759944586,1.0231209186388188,1.5977921963147306,0.931266997420382,1.9768730588318713,1.1958075041998553,1.1275748793422458,1.5117196575108034,1.1954236892731378,1.041826424947604,1.3041318193270264,1.0187329795087643,1.8036233436399032,1.6556675725284449,1.3083947419734197,1.1803528403199848,1.2905942562246142,1.4197365345218043,1.597203260084377,1.2338067662493395,1.709562173541101,1.5369703285676608,1.4461827652307606,0.8466292165307949,1.4965034801202362,1.2338693513311805,1.2751479977434368,1.8139548636776246,0.9512651188993615,1.2534007605021444,0.9761399070212843,1.0234882402955638,1.615878508984637,1.072948769137902,1.43202354028936,1.352565760119508,1.5132609134376644,1.365961508637061,1.2504363374038334,1.0302905965896272,1.7492723373027719,1.9712489239791307,1.1952799545264114,1.1717377428459212,2.206587061043236,1.3341280096619217,1.579308285654185,1.1698930602502662,1.3590919644220283,1.3654771920450133,1.364038773197739,1.3995632922870294,1.298481800355112,1.0428989209851909,1.2178192578762295,1.4303263521618015,1.326475871841686,1.2957198543266644,1.1813035497355144,1.7709535001694106,1.6122390353279914,1.2890760896130486,1.1443133967992836,1.2539952186713506,1.720689553673694,1.1572317323129901,1.1352341704496645,1.1474494628475398,1.3225948085611359,1.3173825078916832,1.104630909992854,1.4586183807768027,1.3734215720202911,1.748816027790141,1.1327278010869593,1.2174720579779474,0.9561790545117761,2.1008646833556193,1.6004500436885933,1.6203729057506226,1.48048163470343,1.2934009903976558,1.3692242214763533,1.1224162812995622,1.186548453098475,0.936623278794055,1.7209368853527698,1.8214388322506032,1.223868265278597,3.1696800574144355,1.2681503887640617,1.62082732191119,1.4929417479283238,1.313780610958962,1.7290900990826488,1.2033203846012166,1.3148015052219937,1.1311816326246926,1.2475311925147334,1.6324946437049523,1.0365680656162781,1.2095205801083488,1.2257106158881728,1.4283884525989294,1.1315515163588732,1.339087129609921,1.0538221401636967,1.0407634913399688,1.4541064673086437,1.0431783705327407,1.2004873413576806,1.4179987483254597,1.5437043435499782,1.4452620292809553,1.8709239379947746,1.334004887709101,1.3341874533516385,1.4863242932018719,1.4095789101265024,1.197755600569594,1.770512609287647,1.3647031781701133,1.5634631935989258,1.1797877050052712,1.3604450463282298,1.208799225708421,1.5481610667369277,1.1801966529979195,1.5435102990941896,1.910366059182673,1.297963444517818,1.308258210473999,0.9285346080008011,1.1083672867433776,1.1077914063120686,1.3545574287799622,1.5813866140040154,1.4501312763251772,1.1606454660086705,1.3380991302499243,1.260669718546885,1.3913988464445628,1.080601031854241,1.3752729406127107,1.2137385848690259,1.9708451755516543,2.4781097375203824,1.3979046104861366,1.7290827179403139,2.1941010002490424,1.2539427460285797,1.468931758342092,1.2427780547248515,1.1539014246168242,1.0114079543281638,1.2525865610353129,1.4972225813325,1.2558046693903437,1.3889697928706932,1.4424659692700643,1.3761699171613258,1.3074622664289637,1.021367228528866,1.3936568874252775,0.8806774787313881,1.1180447940827225,1.038173464313025,1.2554309418802982,1.3857456046058152,1.1811909685956539,1.386437431479814,1.3379960966821973,1.4371348579692254,1.2953011831695336,0.9518145436882499,1.2066989305454605,1.1428121150426906,0.938614847016132,1.1468701307258953,1.6221341993515712,1.2339852786224623,1.249002365015237,1.8826774922134006,1.0440626016822505,1.3258041167567653,1.1372302723819807,1.3893114646895572,1.464284976428037,1.2326704374245885,1.3844118475213063,1.4725691218925294,1.5464267203342965,1.2740302571136666,1.1947254857660656,1.741704157054956,1.1005966590055745,1.225140294545105,1.679644641020936,1.1338570536400718,1.5860396484649688,1.24652829047886,0.9861272352382465,1.6154826197407792,1.1227182364752093,1.0814480933642314,1.0574963401573847,1.4159816011132125,1.1373751432136272,1.3297922441285368,1.1679858635244642,1.2154391672938822,1.274915307852233,1.4492075051149056,1.4903593903838162,2.4408492403889435,1.6586085631533365,1.5807808361023783,1.427376491233102,1.205318145677523,1.35192217886599,1.5616324342256376,1.7713777862751439,1.5296236581134133,1.129512518159895,1.3613692394036008,1.0873059227096604,1.3339415253185867,1.2693221257140421,1.069146022885805,1.2541536566565303,1.6821523001529153,0.9710999287961766,1.282037720855104,1.6750905992766152,1.0172508454866547,1.5164787619787354,1.5054786973229124,0.9720111252396738,1.5784484409831971,1.2468967247643867,1.2149634661008588,1.6486799192742385,0.9496591339150463,1.1822792565449567,1.1098680374697936,1.545315353220596,1.2951083004561017,1.1248024501986464,1.4026207003429758,1.287098706352864,1.016696012464915,0.9910359426949289,1.2766745498993937,1.110346232575678,1.6349932230966897,1.2074532828378521,1.6009539556914967,1.2277285137227762,1.311023790299665,1.3143442056348225,1.1843704123050307,1.6620819057654244,1.1781786681087798,1.2664783381202644,1.4684821167970192,1.2270223457193283,1.1637013906187623,1.6591002914202322,1.0729658261669497,1.0811762694592948,1.3350200132817411,2.380307742318779,1.0538878758607668,1.2068645741413868,1.2480204204488428,1.5135610525200334,1.405934282654434,1.3326346569221632,1.382830632893286,1.1523226292499462,1.4354430942410126,1.216619522408013,1.395642157754744,1.132615804358609,1.5382699218596585,1.0775004384881601,1.2520794308403405,1.3317427181961714,1.2667502638735488,1.718159128555815,0.8234149213283877,1.2739739333279243,1.3975616841734013,1.1332616631196135,1.1141459708414345,1.027683003814369,1.4173601732959087,1.5488913438428271,0.8774765077310936,1.1929983594850468,1.2764185692593997,1.316563426862425,1.4594389342858474,1.1342631953712037,1.1345022750363858,1.378199753427788,1.1485854273813683,1.2566711980805358,1.2130839384329333,1.2938043695935568,1.4364210117058884,0.7368995098714402,1.333840534917112,1.3885791568361432,1.7094240116454755,1.1757163174761742,1.2836921817699385,1.231718264218931,1.2859429653788106,1.2048887318682566,1.4765917789396796,1.433670536935257,1.1435346622726412,1.0999762555648185,1.2816188221747555,1.349960248477643,1.0039473788068571,1.2582532115561724,1.1709835751541364,1.3738136370025338,1.209174847937722,1.7802459963668475,1.410808379414963,1.2663005206270346,1.156693664381909,1.1545098502116447,1.4498490854863482,1.2728686715298574,1.4760532636184038,1.5067884793588957,1.350194522978025,1.3531272713776183,1.2009062333485243,1.122145645437592,1.7950961268289172,1.3536858031697514,1.8233188663337339,1.4620711780860316,1.2322209062244398,1.1546344370962365,1.0545029406722808,1.359436242159663,1.2667441225313267,1.8118818606682376,1.289869005047989,1.4812214436726527,1.496536566194274,1.5248760829776655,1.5472277685639022,1.7840319417007455,1.2919495911858458,1.4594977652557364,0.8509894768416976,1.248662869959439,1.2403509116150055,1.6892091277854246,1.2850278871970402,1.0491208393789389,1.1099803407969102,1.12010649805238,1.162754419892202,1.528849346362462,1.2977634002397513,1.821542672206561,0.994784522189109,1.401866447555698,1.0773438126301809,1.239085475332634,1.1741154248792647,1.3115618038019325,1.2821811000131225,1.4668842709739567,2.083228407044107,1.3982556201850964,1.3077088467479112,1.4560091902342625,1.3139044327675005,1.3015559185170058,1.503924118453243,1.6921717110317258,1.461663771528774,0.6330796585618002,1.4601436367318583,1.4185357719181269,1.199005235664761,2.0581451865209552,1.3588847653332685,1.1782243101817809,1.0648495868726482,1.5237162266922268,1.0999099611702876,1.5297102233933062,1.0309118375600206,1.1724375693964508,1.448034005761785,0.9924278383648353,1.118060330388924,1.4223822659639684,1.39311058827658,1.2811026019113703,1.1138801476754006,1.1353475993619193,1.1612639619058924,0.8137039862811334,1.3809837225443635,1.60571798605987,2.1348577527605674,1.4586595568849905,1.2081301358359693,1.9476930229269098,1.802327724535751,1.1929158040702161,1.9340300327008872,1.4082382496290395,1.3263669988016094,1.0602046544301487,1.497544211721628,1.1117354283723784,1.1794872771834162,1.4692969303470425,1.896855184502141,1.1923892862409056,1.1194767518249462,1.1287638614272733,1.1898070886868517,1.2470938833879863,1.369180359980266,1.7035566443140915,0.978723674629638,1.0092709952308974,1.1057456455760561,1.0051065962220256,1.507825312600008,1.4788487289963193,1.194952707764112,1.6703718154682634,1.5451323465031686,1.2952381501727175,1.1662277957159026,1.395653243916774,1.689034899053354,1.0571754022925963,0.6385835670044548,0.8375858545074799,1.3301159684418542,1.539528338166677,1.2147347825830233,1.2088734676942285,0.8697032419920658,1.3246818407812473,1.4880206576218662,1.0885157489222625,1.2376216923451966,1.3717077158693085,1.6090781978889805,1.2249682988615613,1.319529355039161,1.435083518079478,1.1563074228924526,1.464400539819426,1.6372075059377786,0.9514394616326082,1.3579650629052435,1.3132663079810807,1.0000901165715577,1.0658013909811679,1.310356005914613,0.8416094164616442,1.0784987721190407,1.2673803485292416,1.1647847019426742,1.09064028830913,1.0690790672148853,1.268710690352518,1.014819316297839,1.0750439524309434,1.5195686510705455,1.2778885589182452,0.9565294930498165,1.1309919526606063,0.9746049063885512,1.6464991662484043,1.4340975633845028,1.5624406359906602,1.3497482031424428,1.4877863477151063,2.070618216467719,1.3776315327158117,1.753120852252885,1.4468981409149926,1.530041822348045,1.4464292109594483,1.5596065079466865,1.5732832188522765,1.5987197586287105,1.345473168605702,1.033630260870884,2.2420180724236873,2.059176583141373,1.3345432783811488,1.574277846709288,1.1569482932591741,1.1639454042263448,1.572985494776667,1.4945066430113707,1.2435936567303736,1.8473433172119753,1.2705231302618265,1.0612728693270392,1.3867127180990826,1.4704411478269572,1.0200592374088169,1.2414482077129358,0.8401624647152118,1.3898544173160357,1.4170338395108188,1.063400238498375,1.251544041362635,1.7879977041623754,1.539647117179422,1.4976323493578119,1.3417953360666908,1.4834312460306918,1.8250085708939119,1.6249939139571983,1.5744260431653823,1.1442176161452897,1.2203910267410882,1.6461273000663945,1.2503260565840337,1.5626205564052422,1.4785553944168495,1.1272467020277743,1.5886469824694847,1.0419431101487362,1.1715258021211943,1.1800082346006298,1.15057760725222,1.1944480587664241,1.7914733177104698,1.1577316514097693,1.8078021181088657,1.6187872509032784,1.8927997135206298,1.2696548394769973,1.6212490454599897,1.3180091147839468,1.0486142963201244,1.0304223198269367,1.1980156806800468,1.338941556742156,1.7362242894996054,1.0682927388180086,1.2976519578014154,1.4292134497731135,1.4158388584597554,1.2881658521040908,1.2399616045785131,1.1748383089494474,1.5424094315767838,1.3637596946458554,0.9893156245482833,1.0285253707500186,1.1926792923195713,1.1809368297398715,1.548635133827973,1.008008830924136,1.200544856172395,2.501129599059974,1.917133337116429,0.9272016976311084,1.4542500123642657,1.22058966156863,1.3482822615775478,1.2768517154005585,1.2960871307552924,1.9870449714539264,1.3961682213927018,1.399959176994962,1.1144523204234211,1.1511356070618741,0.9549601144950632,1.2095701812436304,0.9582232057511781,1.2294429645276574,1.1392403004326392,1.2708343359940697,1.279132015098313,1.249339972705114,1.5625562006927292,1.1015832072930276,1.0871686082029082,1.2839498000041987,1.4422439301711893,1.0733372062610669,1.2224494694716779,1.1485020612237262,0.9634600696881706,1.7089775044606723,1.2502477983984974,1.2385477987267595,1.2105389101758492,1.10763799508387,1.8275372565769006,0.542485458224508,1.5380654657512143,1.5636019105484125,1.202538059426838,1.4747156923879947,1.3530441479599116,1.772501923837146,1.2673235265470257,1.4578524333901997,1.47475637642636,1.261036783795677,1.1838630639299148,1.5411183276048308,0.9500990626874596,1.211474366022529,1.0997137790118143,1.174545859486801,1.2986365983017314,1.214223252540281,1.1022500763450536,1.034619006708765,1.8491040451813237,1.0853923559291732,0.9485997912545808,1.252025078918767,1.81340862967632,1.6132513116870753,1.1941760770261745,0.9437730880003281,1.311701213051616,1.5477023768272182,1.5950137263359392,1.5608492181394853,1.423364676963167,1.3236663807261038,1.2843148023908946,1.2839311787592813,1.3417051025668858,1.5905108656542337,1.1505757833879064,1.5490552303753546,1.3184824523061718,1.6330990070483045,1.322180670587482,1.3952482863167794,1.1253036900730506,1.415942651722139,1.150598837624627,1.414529337399324,1.1706335541187565,0.8959528938888471,1.13120988790327,1.442956548062741,1.1856226904411415,1.0514990330864415,1.657748811673573,0.9279480712427509,1.5720711724219885,2.227990529419413,1.7076282676274075,1.4685603985182099,1.3691966564333455,1.3313050955686283,1.3499009545739984,0.9091798804997665,1.3675437603886276,1.184059203376087,1.3945455006461887,1.082066159420946,1.121719646329948,1.4759941851389664,1.3160534095394032,2.897473060997553,1.0054825314185423,1.0320984344627082,0.9550537539840985,1.7174716616392283,1.245841975307084,1.7190565662962058,1.1141043632855467,1.028418627671694,1.6312858898150004,1.0175984685561406,0.8707816572802327,1.189379266100034,1.0275342454756853
59,1.4916370244488855,1.402602458112098,1.4116030265985557,2.0470861286146933,1.2093187134319598,1.5839269605549542,1.0961244938937602,1.2921119505395648,1.2668129707790883,1.643659738037222,1.253223118055516,1.058439290516379,1.1685379576014407,1.395480019459434,1.0718446297892834,1.6530992673390505,1.516472726193863,1.2868549906089382,1.348561375619893,1.3306699024017088,1.6062510213292656,1.8664839008454739,1.1857810026047009,1.3352206328719118,1.078099940488559,1.1427854156154034,1.2693105983879174,1.37504028025281,1.1664407682389908,1.1865574886050283,1.1381920870150757,1.1155758036162622,1.168738633516929,1.1459498934925725,1.2488693808376543,1.3162814580918498,1.0716818056131956,1.87384762383383,1.3362016787338045,1.5176926345537785,1.2506052228749658,1.6501604170410773,1.3210583044466668,1.3029892987023246,1.0495627764208268,1.2713284558804447,1.217476642230575,1.1942026042168614,1.6032175550277952,1.5210964720611964,1.2730721479896028,1.4678352046990686,1.2502581871281477,1.4828605800585657,1.2057818058085372,1.481415976747237,1.0973690127301445,1.1256180811788916,1.044243129777214,1.456949132548064,1.2494793304707164,1.1902776384768567,1.081679037678419,1.3717382081572251,1.3683013333642469,1.8939439015174826,1.2680815890064043,1.1446054515405546,1.282100331335882,1.5068178625080737,1.337248548457393,1.6551042519263923,1.174708882224038,1.6274962190027051,1.543098552854469,1.2968003667862675,1.687915847239657,1.482675632810555,1.4637530007860975,1.116613378472926,1.3859492452374047,1.4610022621546972,0.7381365438921709,1.600837794779732,1.6895804244700674,1.2664767816228173,1.0001433821964791,0.96491607759234,1.6727591802103192,1.3481214875844256,1.3803930960168977,1.2487434658615408,1.311015945071007,1.4150634637305057,1.2303745220022182,1.0464452143205856,1.5646938550918204,1.2090995558427828,1.3236542753636047,1.1778980223876756,0.8899032774653737,1.9074286920898875,1.2319440785204803,1.3356191955017673,1.2238921618026635,1.074856471118255,1.6266956122328025,1.467171648660593,1.329805402604739,1.303466497571618,1.1496210823962805,1.2627616050796668,1.29079639947637,2.0112366092747207,1.2303539125878586,1.0378656384816833,1.421738434013646,1.164039590510328,1.0750872138553664,1.3508279947526844,1.155074313418091,1.0540960758021631,1.4916487711733621,3.3416439344656723,1.5357358632768663,1.7068007428450822,1.693263652099674,0.15642858098174695,1.188017971589224,1.659650988194633,1.3957637714026538,1.8580266589675825,1.0493305266235966,1.0605669103915987,1.5449365277968394,1.1211396082588274,1.3892436209043606,1.3350276921804893,1.2252642888507543,1.144468651221197,1.2432016880958323,1.0958898374392176,1.2198121202843517,1.2243780190158164,1.1659489102310325,0.9540432012460986,1.1645043370393824,1.178552259220648,1.1017666830136965,1.367494158724536,1.9273601341525768,0.9670221170378706,1.2898238586535866,1.2834153816010803,1.1630038227825235,1.251292955685087,1.7065163982353955,1.2167207561390692,1.4099051480276885,1.436127704698896,1.4609285689552707,1.3439850932492883,1.3448136832755386,1.467791706255884,1.6558905395159358,1.5368583516027643,1.4672513723003422,1.200327152091631,1.362845239611399,1.2827186584019539,1.0462656238878865,1.1009960359121802,1.2620824774795552,1.2942769650281676,1.095656624289969,1.8669576999369661,1.7098676452452053,1.2200675541990686,1.1156835174229165,1.6930985564465064,0.9307243037360806,1.3003157417299382,1.769982894331822,1.9277253023075647,1.0413377982837884,1.4462498409519324,1.3389685662933277,1.451311151701587,1.2525716825375124,0.9514587937908019,1.4126211248673477,1.136566438262365,0.029687492555160892,1.1130860779283938,1.3598581436670656,1.196142683002756,1.2392899295693318,1.8074759729975327,1.1467545563014547,1.3035154617790747,1.3508025346805705,1.3411982994614655,1.599636100549611,1.075532620755249,1.3751055651833743,1.8903243987075131,1.2758780730958923,1.188538483790333,1.3420929784306321,1.2955191997262345,1.8011845638585087,1.3038409674895683,1.1908160734831237,1.4580915652922295,1.3813797170471216,1.351294177782583,1.0192408827954629,1.135839943309163,1.647781586127088,1.01696547572143,1.3634988809159971,1.7330134937292268,1.946129309784276,1.4875918497752287,0.0,1.1066300594148746,1.0411993388760443,1.2556904658156314,1.6430984182380932,1.1677813099554117,1.3772093111678538,1.3232232084554119,1.1651184994939092,1.651420391512889,1.4104985587380665,1.3041218474871727,1.7596799961088763,1.4827943779252342,1.178822308554216,1.1625263135453519,1.3612124592159422,2.105813215310061,0.7499157355436903,1.035853292655442,0.9520553412353149,1.2392641225443781,1.1782820904389406,1.6279474867700847,1.0810914339347724,0.9935691967729312,1.5042700523188417,0.988012069737207,1.0074403585190423,1.3601597289227592,1.0178743352019644,1.247654298012203,1.1932348571844589,1.5158331116343484,1.3347314286837837,1.2116036123594878,1.994566078066239,1.222168663989385,1.092229128540295,1.1366879922519653,1.7180395307181002,1.2794674643399346,1.3461359085247557,1.3289763740196672,1.2785630779386876,0.9171721936552376,1.0783586279754003,1.35258071621045,1.3835938472652098,1.6019341198676802,1.8955385764591441,1.0120858373727954,1.7847652801359837,1.663077000123492,1.3741108720140627,1.3512407805546696,1.0864951165178707,1.0305010285086147,1.418612379899421,1.311802179992213,1.414388830990719,1.6901579010475918,1.5596187292177701,1.7030173921588472,1.4820292389534644,1.488146932168962,1.3576965883490888,1.0716134272010922,1.5553520225383735,0.8483789551068248,1.1940799913850886,1.1437560678411294,1.491497057683793,0.674834831324002,1.0287926838393375,1.5309921536114088,1.7111720538787152,1.092442473813725,1.582664234648158,1.232192722394923,1.9153843846713579,1.2823532634890218,1.2100729555594674,1.4029732797446908,1.1983966640833652,1.0849387376008892,1.4196923834362396,0.9999151331963907,1.8124880335632367,1.7071611187077258,1.331248805508051,1.3031945978446862,1.2192082163356024,1.4490861954485408,1.7080370236176572,1.1797543256927245,1.6640913329348161,1.498650839611101,1.4266830966167845,0.9719847225874477,1.3560000910018066,1.4261281477116488,1.234166638357038,1.7352901586859053,0.9704172472898325,1.4557195011631587,0.9853459479807044,1.1293592835030544,1.4450343846463163,0.9556953926051738,1.4976730215559404,1.27813963511933,1.4453752350784002,1.219382235304898,0.8885989871564532,1.0406491428077311,1.6552514116726238,1.9514565746479848,1.0975717906377231,1.0405770970129267,2.1556556063719867,1.3019973671914356,1.5052407852933394,1.2473884614508624,1.3477320284388052,1.340357787572341,1.363005772874442,1.3517242461410683,1.2439019425620177,1.002793904138135,1.2434899659757415,1.4163358789777407,1.206228802074044,1.1650270610690903,1.1571608224920378,1.3468361489946734,1.5984312845526722,1.386117122284297,1.0575650994690855,1.2427107987916752,1.7855681009298507,0.9814024812431954,1.18988420487061,1.1311063837059625,1.3782111527140095,1.4128718806494949,1.1013964770771523,1.292673694048256,1.3050036822148252,1.7676755374882445,1.1336222199686146,1.159909109364162,0.9763896992555794,1.811655438044867,1.5394862721383866,2.0208038853208565,1.304004164371497,1.2884470060646087,1.292310858413917,1.1546472011832964,1.1281688220663206,0.8805998302750431,1.5512307865536088,1.3414726421455812,1.3854999517304516,2.390824576943222,1.177469248944415,1.5515075886125962,1.294000522869523,1.2735087791405986,1.7227986857793924,1.1712184302742443,1.277224850558841,1.0660575240546475,1.2675420382658293,1.702487111939831,0.9546839822225557,1.2582590334621369,1.219349279315435,1.496873765520426,1.144909533936537,1.2526076923197194,1.09162144150539,1.1966301921492286,1.6021375962742246,1.149902396502503,1.2206629224170549,1.3251409517153068,1.5329180100340265,1.481401080560636,1.9958159856839115,1.263789107369257,1.6163906821091725,1.4758381096043873,1.3963292613737535,1.1810031757623678,1.695760996016937,1.3793776674287155,1.540137851862814,1.0882402345179036,1.5466996184845798,1.3356998098010964,1.395484717039301,1.1459509699223962,1.7654936523246132,1.9523345474142841,1.3112269306204658,1.2919444925963275,0.928609581993731,1.0765639343857893,1.1582200217666634,1.4232889031964913,1.5303414165447602,1.4290109478251356,1.1018555934794276,1.2350542934435786,1.1509382333609537,1.4416706877487904,1.06458654223329,1.2600592772330188,1.240220062286973,1.9080602329487784,3.0126678694396345,1.3715218686618689,1.7178142865170527,2.1509075044267068,1.256870723124262,1.5025819836065017,1.2367806411713338,1.080316648212359,1.0182110304503975,1.2713098938985332,1.5615077238668076,1.2859999977365786,1.366207350033914,1.2894000241016657,1.3776205140983209,1.3120168255459839,1.021429326607122,1.3752489687191907,0.8888024140883702,1.1641815515527885,1.0252977396769638,1.1849964234307073,1.5497569885623066,1.2679127098045808,1.3409901153980108,1.3405501816856384,1.438784336647473,1.2208706415603618,0.8380601439244748,1.2724904651125095,1.1294507123482938,0.943490119635866,1.0566443702026072,1.6377890297506899,1.2460526211896148,1.1946970810160276,1.692489645581381,1.0453640629612266,1.3345473953905493,1.287696964494077,1.3917723855012745,1.4625108278070589,1.2335097311789185,1.3985212554197481,1.393201210461132,1.6603888799972002,1.3794896889033297,1.1607621235960683,1.5660366638121472,1.0047757861715594,1.2451700398002856,1.484705700346687,1.1190181736664897,1.6031658212989868,1.2336359758033333,0.9985436581956301,1.616930692790699,1.2403909913904907,1.156900449110736,1.063031435222683,1.50999637762598,1.1017408624958518,1.5087604611498429,1.1660547381290345,1.2086685327841906,1.301901845730489,1.4133365634110948,1.413023335351006,2.1243344437401546,1.7098736791554339,1.6978856354268692,1.3613202264897801,1.2238820864363587,1.3715845047231232,1.517971192600752,1.802633024163522,1.5398352699350695,1.2417104886111727,1.5865392539499892,1.0566954990339763,1.5842743924028184,1.2472329674884646,1.0183706706312985,1.28927317246816,1.548735198129478,0.9019082350152196,1.242448949824146,1.7941769885357923,1.0502395996784277,1.5545007629150343,1.3866518176588156,0.9771119904719733,1.440213989925494,1.27364131795968,1.1723630044777713,1.6066086427189368,0.9330288498603889,1.151540761563205,1.135304268629146,1.5691815626372734,1.215291868039488,1.0467354139448803,1.41070297661344,1.3663379176274317,0.9857058674685903,0.9423071544338825,1.2374032131589807,1.145130267481093,1.5826411884979938,1.181678278548131,1.6285357979578614,1.2686931581045346,1.349146758135747,1.2772759800228177,1.233861294707237,1.7123695016031883,1.1992755094604162,1.271086576039463,1.313942411584538,1.2097593599420833,1.165175362565762,1.774166257823561,1.2993362472118133,1.0838965342379883,1.101924568337963,2.229847007061352,1.1317699548621445,1.252791745887163,1.2777513899178814,1.4789444524563582,1.3634718282074563,1.2802318290748462,1.4077200547528994,1.1224210592113222,1.367764712589034,1.1987512063594368,1.453305592639789,1.1108027441763269,1.5556514501012415,1.082534527058832,1.3647812127708427,1.2827087031685545,1.267866599071962,1.7090830285124123,0.8810987403578072,1.2226999348746967,1.3685238731098512,1.1438409229628541,1.1081487634844696,1.1032276878527705,1.5067271266849938,1.519470032423147,0.769531202767525,1.2123336902544262,1.1709806104417932,1.2132850975977638,1.5746822385069572,1.1096703371249195,1.228264924314231,1.2181123356206096,1.0922902240133154,1.2353509868187555,1.194830173016697,1.3182899395928585,1.4162032581746007,0.8206599514076682,1.3621578117839317,1.4735795263750702,1.6711141046823226,1.2144379225462658,1.3188259801440476,1.461806013082299,1.3539385588144122,1.139098756043969,1.4543125055383703,1.5205016880762419,1.232410583013329,1.1300804998064207,1.3543328385384428,1.3831229809389731,1.0760374780032604,1.2387521091434788,1.1326141237065923,1.3093373845802967,1.1864041024870804,1.6855510373830966,1.6238508970359822,1.4544963084135403,1.1709085978950569,1.1906052066814878,1.123169870649066,1.151854370397043,1.4256381459342111,1.482219073185663,1.449281636444372,1.4805691161504222,1.258243586779194,1.210896314753979,1.719599907186684,1.2962468392370186,2.0673992862649104,1.5553691917554806,1.2874466659473263,1.152173722623567,1.0422846876217753,1.4008147579505748,1.3056518080662372,1.6339749404277724,1.2345974598382854,1.4998644390712812,1.4113845226165762,1.528328173110159,1.636414750384284,1.807416745287263,1.305261364336276,1.5035565554738537,0.8192255004712624,1.4496766562610939,1.197358395480232,1.7159916142896237,1.4351199075229675,1.0105399470128034,1.1692455049453803,1.007590535717567,1.2063021446802993,1.4861451635643497,1.2753444310848077,1.7486774215777339,0.910507664543235,1.38250142176354,1.0749996281614898,1.2642148693590902,1.2211956679882778,1.2272744136549523,1.1946178819730422,1.437712867336834,2.0846200659852188,1.3883771475268152,1.3251765934415414,1.350128660826466,1.344461924221178,1.3253989969574667,1.3994688935278365,1.6763998320604712,1.442627526552831,0.6268647375363451,1.3709366461637005,1.4925964077000256,1.2293854970998455,2.0469448144416966,1.3885531479448059,1.2278386987689434,0.9759968181879561,1.7158732415911349,1.0211587828990358,1.60892275559653,0.9304666136046941,1.189522185128842,1.4833983526566263,0.9370529481006762,1.147943165319706,1.37188137419173,1.2545481159991676,1.269378010275844,1.0749193233027656,1.083258453369294,1.1627493056749492,0.9229835944091835,1.3346384082195193,1.4095957601183207,2.286744504820294,1.393673094289794,1.2491898239988444,1.7752835936482494,1.5992381255356918,1.1486238930520853,1.882453261127711,1.3961109201708255,1.429180204119212,0.9886316624214131,1.3778572722038187,1.058833811824855,1.1833587468829245,1.343925985105094,1.753995594385483,1.167667549910067,1.1402245115286695,1.1521627690116993,1.222152302424632,1.380514590060131,1.2792153779082827,1.6309365105872269,0.9765986768338893,1.0765019912319964,1.1709104671344561,1.1080517497317905,1.5084320203784,1.4655550528775083,1.1899732112356156,1.8093880594100717,1.506276152102349,1.2333163211622524,1.1250842450687963,1.4042293136909847,1.6787939211989398,1.2302946335218718,0.6342425401836282,0.9536127735047423,1.2913495509076192,1.647980990186039,1.193509634731464,1.2648702067469755,0.913526375903139,1.0955900656801294,1.4034522097003985,1.1846222067171364,1.0726571171877006,1.6411466831371313,1.622914560284727,1.134001312045722,1.2503013386077328,1.5254564947888287,1.10033207207493,1.5461064108140845,1.5035630331654217,0.9988858737541441,1.5203287216671524,1.345687930522193,1.0834544262358692,1.1071136509578647,1.2736833733984185,0.7894395878939268,1.0971585818508118,1.2604131241083643,1.2159167828378716,1.1001275159345922,1.1231579021382991,1.152157049492243,1.0789357455115376,1.100510784467033,1.6429213069606503,1.370339190518463,0.9150258702727329,1.102833013286311,1.0134748297917067,1.5699371470855807,1.5218897261186608,1.5012343879435743,1.3586051151737208,1.489204700205633,1.8286297884575486,1.3549155530732286,1.6816134899521686,1.5148163190127497,1.4912868842664713,1.3934052765063865,1.604334670806546,1.62509649412387,1.487623800466543,1.3601331855086334,1.042005424967593,2.4191636898015374,2.1406052407455243,1.27813657496463,1.4108384020879943,1.1842752463315411,1.155591037508317,1.5032579422647654,1.5152555593481227,1.234231793851492,1.6968122504801,1.1789672993461497,1.0403586660312933,1.3314286679467058,1.5697964860485976,1.1023043599689852,1.2585070943797834,0.6718179416999044,1.3168887550293156,1.3682355276183866,1.1194163847038112,1.2209422665778291,1.914626321443201,1.4010321952115234,1.5699257805779852,1.239333263780128,1.420042882910183,1.8400837265620942,1.598127101081576,1.4547487812315023,1.3828238480664812,1.30688342911136,1.647650467993099,1.2896008032671895,1.6774514193742072,1.495162762759859,1.0524784127095481,1.4711933702320243,1.081422663591618,1.1106329026288375,1.1905598193036093,1.2067699696021759,1.201080655956779,1.7251659129309318,1.193544468763221,1.5890980120461913,1.5077549492756135,2.073756703034222,1.1764765952879788,1.5943620250810286,1.2770734156547527,1.0317938422574247,1.032551885662545,1.217426017483917,1.3071321779870604,1.9080762920796337,1.2165447524578588,1.301870973147502,1.3676922536956742,1.3238587966385944,1.1962664199593274,1.1422998555979906,1.0810454668319438,1.6450291428471264,1.3423325028391597,1.044419339094627,1.1850322805285027,1.3451919733615114,1.2175524798832238,1.3993995297581274,1.0438174900988417,1.171432830737918,2.133890309453185,1.8245564166843495,1.005434970049198,1.4375026867074912,1.2523614102558946,1.3983080220170072,1.1691965919149834,1.332231645714801,1.6567129436716472,1.3673914578410884,1.4162912596018677,1.135012513459678,1.0691871411016534,0.8793153509323521,1.2247551453069851,0.9065067276134606,1.164014608751526,1.1262531553193833,1.2628492679023542,1.2603026924728944,1.2407227266053205,1.5127543355973998,1.0989973456116262,1.101295604816994,1.2815128407041365,1.4420981705722271,1.1179931464742414,1.1850564479091386,1.1914205332081063,0.9220371125691247,1.6743852929598075,1.275465118387112,1.2575913480707352,1.1336871980177357,1.1077684669819237,1.722526297201392,0.9351327644047422,1.5459987878932286,1.6134419842832257,1.3252549361489214,1.4524192226171082,1.3816316326029223,1.652854555281924,1.297605227960245,1.4416770032416935,1.583457299651209,1.2895759712388923,1.0898604219890857,1.5896672567822692,0.9518067830787791,1.2245383306144746,1.0838670943541269,1.1137171662319894,1.458485865772603,1.2303389278026986,1.0240514627525636,0.990727991094253,1.6723777545648084,1.0809246772955055,0.7620765569534266,1.2282809506808348,1.4686694869604615,1.509343069662083,1.2809316633037615,0.9453079464711949,1.290942661240026,1.6516380518041767,1.6279544233401881,1.4466022737973097,1.375712693720315,1.4531700047032148,1.3023207398727534,1.2424391457599286,1.394386343205749,1.499690426395374,1.1275428449892513,1.540362397781276,1.3333948867233198,1.601911155846681,1.3519857335905947,1.4457846905658265,1.18908346908401,1.4482291366820002,1.117012723373068,1.4185458598244751,1.1928736905970878,0.8568891438010537,1.0902775335807875,1.398460438466082,1.1649483548459385,0.9761771604658798,1.5472572525801154,0.8828613194453205,1.5901498955026103,2.229932661116857,1.620941358714139,1.5002663854393263,1.3465258317853488,1.3535650608269991,1.330607628778141,0.9602592410759649,1.296008689060584,1.1165095771190516,1.2807628461476437,1.1557737917330662,1.0087496451975144,1.394906262805721,1.3816054854870796,3.3622891947835427,0.9632182837901886,1.0622017907785108,1.0109507954800703,1.6008376531722612,1.2175292033123968,1.591867412211783,1.0793724905473472,1.042337742024182,1.5565578366023372,1.0425650864256648,1.0208547396356378,1.2732984121138047,1.2058367916420545
60,1.3555822688735208,1.3094395274384345,1.4786265447658724,1.8916861062495305,1.191563325836038,1.5634156123119232,1.1753778390775382,1.2619205676994307,1.2023119496954693,1.643414219151473,1.27799324928479,1.1329685432817296,1.1012265017490181,1.4604689005550724,1.1222590972236297,1.543396820548993,1.5462390949008222,1.2266712167848197,1.3298778503489577,1.3340819667964392,1.6942424022149072,1.7719088438647561,1.2404695445783989,1.3226905579133565,1.040020321951498,1.1581549336839143,1.3708366401923644,1.560890672354165,1.1058250145485222,1.1729360508496396,1.1483592899062791,1.0940707125637943,1.2186763052275087,1.1356287264280789,1.2457105956575603,1.2070144940823913,1.1120835969832337,1.551319009648418,1.2533879535546784,1.473593025015892,1.1984388071584196,1.522614862659132,1.246893733362211,1.4097653866923952,1.080638652358652,1.3314333117009496,1.2162258562164823,1.1503661733625852,1.5686540577130925,1.5843525831919267,1.2896755411059404,1.530767994078402,1.2419602200813675,1.445911481534915,1.1860041007030329,1.5117048111487088,1.0603859302200156,1.0745935148807364,0.9713952465527933,1.3811767835158486,1.1978344705462485,1.2142690781162788,1.1346989950556146,1.7385420460517724,1.3905797032462255,1.7543426356384229,1.2982864015002005,1.1188016111201158,1.2995256377216444,1.5583235407370697,1.519331640401599,1.5632776023513035,1.1592512521119231,1.7393902970383066,1.63342524532107,1.3126176271160401,1.6517668982469957,1.4427170136374947,1.4372318445358339,1.147825735453515,1.371956763418022,1.5482967372777974,0.7521037184587376,1.67891120234344,1.5715310973448562,1.3248259086895167,1.00086497259644,0.8824048871556314,1.5668653817742813,1.345167123013344,1.4698754349316734,1.259988907079442,1.2629113803436605,1.241617145428234,1.222514882877873,1.0621380895177504,1.5008819384645027,1.2197856648834584,1.4616828189187325,1.231651710707351,0.9228644131709709,1.9876773847566627,1.126190030900583,1.3549967745121074,1.0086503712358086,1.1174969990566752,1.6804433824406502,1.2234792349175523,1.4091975085554695,1.317085043851719,1.142795168019347,1.310261499682826,1.2341511394751348,1.980550829762732,1.2549532507991306,1.028215556228549,1.4510694663289678,1.1390165808844106,1.0916523927713508,1.4172593729347938,1.0700305157975132,0.9610808981959261,1.467270470527375,3.3035355987900754,1.5561509181378463,1.6301288943715622,1.6612285340492152,0.2797665001391641,1.175421057431595,1.7880217472056177,1.3580912093138027,1.9891313915439157,1.0567298216347152,0.9832096506730729,1.5467563911397275,1.109176111045687,1.2911552194581029,1.3648572561477765,1.1983897141696422,1.119951821626037,1.3674344621726058,1.1572167853486666,1.1755799843304677,1.19611550534394,1.2311103429322525,1.0468171155391999,1.2190607995379679,1.1633603817712668,1.0966980288356591,1.3507341487089974,1.676804393087352,0.9875504963204254,1.2153599067459027,1.2820805790602983,1.1760723479474682,1.1726178862023398,1.725533301296388,1.2146433680098525,1.5394757288079353,1.3163885718276753,1.3768165745952665,1.291845313420062,1.3175552851447594,1.3590640411748067,1.6688603191137554,1.6486458159620758,1.4374537441266972,1.1787188587287476,1.2947261913148178,1.3617234210085334,1.1250308302469194,1.1339152522825162,1.2662491814977952,1.2288037992297605,0.9905518997394523,1.8171451873391546,1.5124915184029226,1.2677894220297277,1.1777821689355488,1.5486059094284177,0.916258017108921,1.3334043766091899,1.741612052063627,2.015535833289367,1.1180445963960373,1.4847623987232077,1.4149300598400334,1.4031754301231354,1.1880209225906198,1.037120975485316,1.3170626344120564,1.1198035633938157,0.05937498214157284,1.163452897333542,1.3213110668195962,1.1975619167698122,1.2952261358995387,1.7247684862818793,1.2019835586816199,1.2909810391819432,1.381233881031339,1.3621553371156734,1.5220567635605007,0.8287211479335018,1.3230533249995196,1.58631550625564,1.2238001290861054,1.2848171647524613,1.1641952707323104,1.2449267074225019,1.8595727869117393,1.3760187447795802,1.2838399490775025,1.3769530657482418,1.3720296976361408,1.3035847467381465,0.9972480657669126,1.296226276128979,1.6734284985797516,0.949908616881353,1.5655545866120588,1.6661660590605096,2.08521174548313,1.4212738565892942,0.0,1.057646082468279,0.9879479063260642,1.0869562833074986,1.4937110328863947,1.136848319197124,1.3889763561376416,1.255782363566251,1.1693091752615616,1.734365335629537,1.403687777666868,1.3119288197645202,1.7481053940343318,1.4878508893084599,1.232655026375465,1.1453409748051024,1.3444505542374534,2.0059782408435924,0.7948537352709077,1.102373181991779,0.9668203600070802,1.4101669054485204,1.277386707005573,1.6284838214035193,1.2588263156403254,1.045454331390631,1.481882110043484,1.034609831507301,0.995219450703647,1.155637040000897,1.0055147850547055,1.1982346029140396,1.1958427789204615,1.6278113299520793,1.196573665667453,1.1737161208683728,1.6534803429954943,1.1690202374697134,1.089894012881161,1.0770374049112572,1.670558395518881,1.2555676304578527,1.3959576278320664,1.2919177054215059,1.2678392639243414,0.9413653729191668,1.046824646737888,1.394794050718365,1.3513366883064888,1.5289773871213035,1.8627963552970086,1.007841323354232,1.7439180716553224,1.6150970216603189,1.3738131684104908,1.406050113363312,1.1366374309676346,1.0310808335684158,1.4662319217111253,1.3254122533871795,1.3179001844902476,1.5889026706049187,1.602477592303553,1.9185183606867764,1.4748488600380443,1.7805733590705346,1.3223032164091948,0.996342548540658,1.5523411541777268,0.9432897511546479,1.1972450711510965,1.2507519365288178,1.443183066662634,0.7677149442682827,0.986764743584637,1.5170262616519812,1.6383500001767852,1.1924059845460717,1.5128055486382597,1.533763296094336,1.7911315620179804,1.4290455099747281,1.2412423973371598,1.3472059955621132,1.2960445117223949,1.1506091104994152,1.4692984088005425,0.9920034957434462,1.8220562743962525,1.7633040694748074,1.3296412579362986,1.3118336225696945,1.153040071237512,1.5473063792688313,1.7377103300527763,1.1191852407866985,1.6088528028829754,1.3439132257107398,1.4592978259527463,1.2295605406003238,1.187789457911887,1.4852235299127423,1.2017679914195698,1.6551472647099084,0.9813590140214566,1.5226011748744968,0.9755618170167761,1.2299618134193022,1.3067707058277631,0.949059137894277,1.6023412093501548,1.210939150530927,1.4542896143442405,1.1212410711483385,0.6659391173474543,1.08951629116294,1.4993036824457142,1.8633075606162492,1.100241373578814,1.2285127254547439,2.0526305351071406,1.2776541696354002,1.4430347337246578,1.2850648369111521,1.3938215536882652,1.3047056586287105,1.3307355101838916,1.3187729077602932,1.198415428895193,1.0867373113162397,1.3172712579042123,1.4369218063788607,1.1629930337493768,0.9541385020298758,1.200273453545878,1.2538267323219467,1.4986664752411323,1.4673178932884356,1.008357609458071,1.2447240852013381,1.7419808371777652,0.9494576695217446,1.2380223562222692,1.0715671710944468,1.44219148548523,1.6159543503818687,1.0640873183448851,1.0952308523909962,1.28242965391465,1.7580439397972087,1.1246681684248667,1.0960819544252698,1.052623935372504,1.5654244854914843,1.4145059592432576,2.295566230786083,1.3256633522596895,1.3088568267596625,1.2283539319987304,1.1482222432568165,1.3036036555893582,0.9149253585272324,1.6546223895768595,1.1398625701223037,1.5207919804120913,1.9198631696712414,1.1667896920516854,1.460629333645684,1.1742101792097936,1.3040850532391075,1.6657984730802482,1.1616977225796172,1.1938664723268206,0.9993158703140286,1.3103926546905489,1.8388456129828792,0.9083599037598529,1.3471766058259447,1.1894863525442316,1.549316287617763,1.1542199687193837,1.1819501097784733,1.1187367699513084,1.2278329412692819,1.605545946962973,1.339458220357123,1.2012874360324965,1.2369115412992462,1.5293693918939004,1.539995437257954,1.9671270780820653,1.290116170529448,1.832364217638734,1.4613631414115111,1.36362329971636,1.155268493996893,1.6775824129040302,1.3910401398119698,1.50765838382611,1.069442846150456,1.5572180049142332,1.1807534353286193,1.2336437711692092,1.0586812227212743,1.9214406132147444,1.732565167852909,1.2010438754212855,1.2970262412149136,0.9920521696038153,1.142930390219589,1.2654028544027878,1.4594273495255665,1.5451195616253037,1.3697090062997248,1.0851284910155954,1.0844188520987,1.1432535217389772,1.3827612266252731,1.0735591218653127,1.2412574914668442,1.3086874300886526,1.7562555277361835,2.5796823560435485,1.3480663969551987,1.7047223678012686,1.9814334208237445,1.1815246305898233,1.4696750474290519,1.165921370095034,1.0590978855970563,0.9829746875786668,1.2809263984327126,1.6273801110715178,1.3104490345093824,1.2706704409507168,1.1396392391514634,1.3413091363212621,1.2591645625807764,0.9992546678962279,1.3723668682329868,0.8233719610624965,1.153595681081204,1.0307046627903118,1.1191733427676147,1.5778762117201914,1.2781351694205205,1.324515315224131,1.2891968933775813,1.4557198251956074,1.2072794374253304,0.8013278027348143,1.2548673288349859,1.1054130065682393,0.9742557749671206,0.943870258394361,1.689414527695305,1.2147582176018876,1.1746165147418348,1.6184182526187416,1.1115056582022427,1.3875144186969641,1.333099026096516,1.3430284831452866,1.4165778256257142,1.3002989180414715,1.322668354476785,1.197684292426013,1.761787672822431,1.4477020836180117,1.1374189832795643,1.4435024089115955,0.9726694392025832,1.3258910493223588,1.329986749938568,1.0627612017195207,1.5262401874696976,1.3802967774357389,1.0214367822765278,1.5712451691800529,1.4320077492917882,1.1704726426541083,1.142546157188948,1.5140851844636576,0.9797306110811864,1.622948706169573,1.1988090831346416,1.2802926109789385,1.264908484353114,1.437249414722088,1.3344427113593993,1.9671866150458794,1.7869813443892357,1.6982679802675553,1.353241265104829,1.309919725457506,1.2957427345578763,1.483731274623993,1.7282682309779915,1.5351004154521453,1.2720988095183325,1.6733467786601617,1.1214128329101518,1.7987600440056644,1.3089626203454525,1.00077105690636,1.300807434625531,1.4538572851841391,0.9050434741202158,1.2175680681071654,1.8357907690543405,1.0442510254337498,1.5403637319326267,1.3165501257205112,0.9297322205021388,1.3772817584130652,1.2473572615844701,1.121852436491675,1.6681272237677878,0.9259896025339438,1.1019210402294843,1.2108773581795758,1.5282035874634452,1.2095053107802676,1.0221362978630342,1.430016439358717,1.3694424326249013,0.9553930307724874,0.8904192607254086,1.3134808286686006,1.2134891582772438,1.4429041354631784,1.055318753529368,1.6159836358239756,1.2255117791994974,1.491436820926376,1.1683654370768326,1.2951438053589106,1.73552298352736,1.2800350865541668,1.258837373858814,1.1047362764337127,1.1001912902972857,1.1308054705651513,1.9056945986238085,1.5311249143598173,1.1920627814835985,0.9823107570162384,1.9180789291543485,1.1683972558104556,1.2865892930521483,1.2945534640439467,1.4080568189753122,1.363458179066168,1.2565822064241945,1.424124449371738,1.0744208404207014,1.3548922058825945,1.1624382121150199,1.5249539512542127,1.2070339477960337,1.565810698985969,1.0946200490843632,1.5094928646103238,1.2204428725195133,1.2480998850121394,1.7567525558004056,0.9838819765026274,1.081487041902706,1.3134420710152912,1.1760832035988096,1.1184171600416986,1.1571841923384083,1.6099405733393193,1.4559351789036665,0.6091938972644206,1.215947795858072,1.1538388915112707,1.1550241110506612,1.6641761129696517,1.0478040625015315,1.284878655204547,1.1083353123221387,1.1283060371155722,1.1716699418082994,1.139561010153089,1.243559909062789,1.5529910068483945,0.9305512366717981,1.3253509369979053,1.587489921622103,1.6368141883591587,1.231997886768918,1.3103466893843498,1.4466895001960822,1.4923731363546562,1.0878056475184827,1.4780250124255732,1.6368168755914567,1.3077877268850315,1.2851280667250933,1.4252097289599592,1.3916274810027256,1.219671831229641,1.1699834007794245,1.1191990320843268,1.3372533623608465,1.1649736351203055,1.5639482951992192,1.7404888669802991,1.5808762574150452,1.143349197079939,1.2037373150595534,1.0361258672446123,1.1058958236742347,1.3863438032611564,1.4769724841652576,1.614333824748016,1.5493782010998272,1.3518126108475106,1.2529124788515036,1.662730868751333,1.2411663360214717,2.345191056105611,1.5235203426667876,1.2404142869402284,1.1734601124340585,0.9709984063703947,1.3864423678557962,1.3494116138928678,1.5272632639825567,1.166402747717852,1.4454047849505136,1.3825905625796222,1.4963266132939952,1.5807141328466052,1.6623519140969991,1.2869801854570508,1.4807467145953912,0.8540796197010448,1.5330942798837093,1.1167198499419961,1.5798611752050222,1.6097176093870988,0.9814246229072214,1.1599193612740422,1.0190846594883742,1.3042915973232938,1.4496548349636562,1.2352668996634044,1.5462837206410684,0.9122139814894155,1.2610592647829502,1.078385152789793,1.2480937181046592,1.2223339739173493,1.1913713435930915,1.1748953794326276,1.3857157169421663,1.8376833696665922,1.4945958162057622,1.6193639942456608,1.1946701523587686,1.3676813718130156,1.2318212826465431,1.3552377245151184,1.613516775871978,1.427167584106639,0.6766237965211548,1.228946403144036,1.4257554105931103,1.2700138795509632,1.926721142144476,1.3677473639367437,1.2173816997302607,0.8945787004884348,1.8618359135634537,0.9462100156797968,1.6908805968673293,0.9005238987403466,1.1490985816778856,1.5323949084502213,1.0026901440691232,1.2644162504061112,1.3699453320709294,1.210625542809646,1.2232106817182684,1.059485825217997,1.1605784090294842,1.2178733061249898,1.0778984948577548,1.2847023723030124,1.3421668641075832,2.372294699864759,1.4283562183228784,1.2021457583729673,1.529353911332,1.3944085333569545,1.1208688083202252,1.7023665100333387,1.3292238076657126,1.539110977713478,0.9645069749374772,1.1460680813886206,1.035868926280327,1.1661575582146668,1.2384256333326533,1.502167857417878,1.0846631483078715,1.0806758415794464,1.2208250959846747,1.2839493122491152,1.3761794984240665,1.265067520478808,1.5960623631616637,1.1284517909539682,1.1664508634213764,1.1869250381381393,1.1440838679945609,1.410925299135628,1.3916736052381753,1.1378099038194067,1.7728916590472472,1.4516915932191297,1.212468342250376,1.12803194336931,1.3693755882574723,1.582464215794901,1.3295645487334324,0.7476932332654395,0.9931094533988375,1.2557593655589796,1.5856201815220907,1.1229143829878239,1.28942705091925,1.0390862612774985,1.1234705763404111,1.3688906197089818,1.3027477239948198,0.9705475444632968,1.5967517104771283,1.851086727786664,1.1377568220850454,1.1618837804099154,1.4853414711238553,1.07633798516339,1.705716222646288,1.376023025339379,1.0862595053737971,1.6362108468201693,1.3826062582549488,1.0877799029885977,1.0976603110346912,1.2766545876627715,0.8089272908830667,1.0978653227546715,1.2352311354978835,1.3502843975585648,1.097879753235315,1.1835969565940423,1.156334026289966,1.1633917943496357,1.1049257343833228,1.715616342421388,1.4027002435794766,0.8939286998646194,1.0451301460194526,1.0814780118175928,1.5246682691049191,1.3478343989164123,1.4981367427755865,1.313845565574835,1.4167322386071435,1.6878714618692707,1.3223483375560299,1.630996099452899,1.554500849541474,1.5100414434886855,1.3087389776457004,1.6201981572593065,1.6911780498722653,1.5334515862359313,1.4175780413102297,1.0546345871514768,2.3947809820139323,1.9702551369595844,1.2905440221724493,1.388491090158563,1.3072174416977922,1.1422195516321199,1.4146401869723761,1.5557392247528792,1.1497517499141874,1.6105622936062138,1.103692294806013,1.0843786399372377,1.3192665031781108,1.5545945547612043,1.2111242942230933,1.298780979810117,0.5694256855821119,1.288684484832783,1.3001068524177128,1.2274866791600645,1.1213437619844906,1.863644262952722,1.3125479598987364,1.5467029660618816,1.1863471037811348,1.370999066326462,1.7301532512897952,1.5438583534794321,1.303060503171358,1.5601491875276834,1.3247422387048733,1.5650032257952073,1.2862782202519898,1.7811285295636285,1.4004327742334544,1.0584782040498657,1.3661032770691213,1.1257457662030892,1.119207887591379,1.1451413676037787,1.1773803244818022,1.2016593318418276,1.6125965466706342,1.2486363514548793,1.6996376497845382,1.440984587415247,2.082343300465882,1.2201194694623547,1.5678374074469263,1.3257431514996005,0.999242154562213,1.0229083413396889,1.223673089305805,1.250365618325684,1.8464019669396516,1.2922288615673692,1.318549390144429,1.2499130412829218,1.1935933169576447,1.1946166309565407,1.0633155853360596,1.0862541751187365,1.7021118345893764,1.333184990122636,1.1219416472941084,1.4004023744235707,1.4181271047674948,1.2025284234126288,1.320235149666582,1.1273549250587576,1.223004936817834,2.0872796961372755,1.5644076930186395,1.0630208990779384,1.3290476990233364,1.3134777247215315,1.3662569850255781,1.1323123644149513,1.3809032122792553,1.323535748290542,1.3152651254224275,1.400943458054718,1.1092953062123894,1.09463787220011,0.8108673337507086,1.28718424602399,0.9542775124091571,1.0721154038590361,1.145226283611455,1.230125377754201,1.206298779287513,1.3049267378177796,1.6129515849349643,1.0677118401324772,1.099342975287926,1.2748871111425126,1.4516134373554328,1.1880800421677893,1.199147291238959,1.1347552309513715,0.9389837788857164,1.6727710922124086,1.2491311969663925,1.2995499165136493,1.1663161919189953,1.0686808644744759,1.5807463286675802,1.2557232083790146,1.4176347704090917,1.564645717875933,1.3625502906497529,1.4321468121998766,1.4207174027789031,1.5416040278095529,1.3008736065733069,1.3841572928717276,1.6345187897967117,1.3094721687380075,1.047105884026013,1.6701044051349174,1.0265565443376765,1.277181637155931,1.1829110984521687,1.0785522352662835,1.574727212416272,1.254874444142625,1.0108258651188848,0.9753989866023624,1.4323357759541862,1.1082255599482869,0.717962891445763,1.159263505842009,1.3976134420488153,1.4159742635843422,1.4372142298082466,0.9166140123235376,1.2707056360105236,1.82364630727628,1.522954616123747,1.213990366974698,1.45718785677075,1.5142426796362491,1.3025292409443987,1.5862750417948202,1.4440171440192962,1.3776969128880512,1.154264634975938,1.4412244366599236,1.4197027291468713,1.4934072401148533,1.343233560348471,1.4329481327149673,1.2331046719208514,1.5508111049697466,1.1079549590123208,1.430484400395458,1.1325944535641337,0.8968654575021855,1.0085071022273975,1.351363690527882,1.2022808077439937,0.9255402953030544,1.4219493031033617,0.910124411860826,1.6957025986425558,2.029021158965494,1.61684782041397,1.4688729767620394,1.3920426990055361,1.3750025246387985,1.3626459767193073,1.027160503967143,1.2456268532309402,1.1097694826790618,1.179093020477071,1.2198095810543341,1.0257409515561844,1.313013975374604,1.4250220846064285,3.335125410313841,1.047108729297406,1.0764799265839928,1.1195857438353671,1.4423044040119612,1.275830073551796,1.4381620530045156,1.059848151480622,1.040448203418978,1.6046179741670161,0.9963449395502946,1.1535222969521555,1.327709648924591,1.3606510712492605
61,1.2670200753289733,1.2825823750546879,1.5154421598130918,1.528702966277598,1.1722260221623713,1.5757684718482965,1.237828168094773,1.1997386877715424,1.1047725231043621,1.6429820288721002,1.350108105346791,1.1931235962012539,1.0468700280485639,1.5588643777651041,1.2198112431691581,1.353944123129311,1.583706548997204,1.2500573125654681,1.3189054527084207,1.2532400482353807,1.6995099797444448,1.6091356447355085,1.3271893453339194,1.4165760943968009,1.0997806493954059,1.1877948614827691,1.5589605180490667,1.8084626698430306,1.0618522601243106,1.2181947881507744,1.1551628532984295,1.18775302376909,1.3625113493999916,1.05926733045245,1.1438838976464702,1.0705383649596647,1.08958946671326,1.4312303729932165,1.1887417978928099,1.4814889029778648,1.1801540781767481,1.516373297298988,1.2328978543233995,1.4794602074722638,1.0831501540315884,1.3997787638542087,1.2454745400074883,1.1325979881493602,1.494443468426412,1.601148482284644,1.2648308580652223,1.613072122659336,1.2741142027598864,1.4300316031735743,1.1089984970193028,1.7662646646368723,0.9824231626635951,1.0737073758018658,0.9470312248591444,1.218557227439807,1.1803541977263277,1.358597933797872,1.1332967191047592,1.9877811861233476,1.3516238030898347,1.6613583132280965,1.3609144153824386,1.0384572722321674,1.3273428510979683,1.6493984992051989,1.7030388505599092,1.5668517631095686,1.1485010343623974,1.7595255776731982,1.7796875296078525,1.2659049190691447,1.625068673020082,1.439506094697293,1.4425154447781012,1.1599282385831855,1.2723016032346568,1.6893958449810427,0.8317930367978768,1.6638342471291085,1.4793605569564234,1.3113871205200234,1.034655578420593,0.7652032103243172,1.546052895359511,1.4339026577635328,1.4774232233755074,1.2847090398139294,1.2237068970964615,1.1911178332412287,1.2302909421585222,1.0052079582324662,1.433001089926741,1.2032144573869297,1.5552348307743122,1.39396533406082,1.0338083264347777,1.93137423386937,1.0655600804088299,1.2729438657076297,0.8210637551881099,1.1899681859161504,1.746032426847756,1.2900949171443947,1.4093038936252706,1.3214546165098966,1.1845866562960137,1.289019353258972,1.1866851569458943,1.846934573170854,1.1861201462063427,1.0519693307663227,1.3888396012641286,1.0890546545492181,1.1587363857651978,1.4274518283400681,1.0364321219518113,0.9519087183686515,1.4763531093334155,2.846543092002366,1.5066014580661993,1.6064641970835858,1.4581355492817947,0.39558381156071964,0.9753055818486951,1.7628353640563388,1.3154332874195984,1.8722622494700298,1.0524877903283707,0.9146520762633065,1.574842406553552,1.1030572074101128,1.138432045732247,1.355129108366829,1.1494961561695434,1.112101693064264,1.4385210731826017,1.2039526833624425,1.1631177682651095,1.1182613119869707,1.2247691756023944,1.0916462445328177,1.262221622025659,1.1876130407919194,1.119971722328193,1.297017603007356,1.5294764870056623,1.0017500458415531,1.1685038080139707,1.2837439822253782,1.16884268544533,1.101803094662275,1.6533601636867412,1.2023399406302322,1.570027527831225,1.1197269362878144,1.4221006422099407,1.306791357345637,1.3023811074743459,1.290652489696699,1.6854249145629314,1.6669291209979085,1.3820398255908342,1.1475764185928568,1.3001389593422015,1.3542879813944504,1.2471185606827704,1.1464650941859258,1.3055045247536827,1.1885103504055445,0.9600302028773124,1.7069574830533334,1.3015068624788908,1.265696483635624,1.2032551559949076,1.0568519326764174,0.8482480936174895,1.3042433435850471,1.6955091355451306,1.9485740479297002,1.0967621766361584,1.5976908692481184,1.4647082442952515,1.3116191673731692,1.0922102783896601,1.082651755969569,1.3357464561322285,1.012260547741388,0.23749992856629135,1.1760619348980434,1.2843025935714565,1.1967232439395081,1.3758930070157822,1.584321465649238,1.197897864581461,1.2619930150476,1.3918654890473698,1.308071267067894,1.3616366629310912,0.8894016613771372,1.2757577155384119,1.5970463555071785,1.0998868399194766,1.3507856145100705,1.0391161475296753,1.2496834064707505,1.7924459799927348,1.5272627926536497,1.3650092080035758,1.292352199423371,1.2391393279319702,1.2217445361360642,1.0129967678056429,1.3315543658418334,1.591287083744551,0.9730961524178949,1.6757632871838015,1.6930974322226482,2.0735766932043975,1.249771315167962,0.0,1.0302964200453766,0.9357081797504712,1.0083712836955705,1.3121071083241431,1.1712004755185887,1.3740496914696263,1.2545358219871665,1.2240614875937879,1.778048301405824,1.1837885589272332,1.248874112662003,1.6654548197917953,1.3662411199450606,1.2957318592028326,1.1367896267619577,1.3616431954080503,1.9039968648885983,0.7979711304474834,1.174735552127427,0.9739423428317675,1.4856225325066856,1.318925105856453,1.5623073024077265,1.3680054535833004,1.2920577189656448,1.4741454688163713,1.10342550291936,0.9728556341553359,0.9694051648024928,0.9542302523047945,1.1879694184754883,1.1639726551473875,1.6556536704301419,1.085186988156901,1.1973924355678796,1.3071064567426371,1.0939012051455168,1.0831908730030748,1.107677459976413,1.5670579112828174,1.2011538105167572,1.3997637133975163,1.1645560005608573,1.3123281803948967,0.9789659396208366,1.0519981222997261,1.2858304700976069,1.2713200551136343,1.3631201893666325,1.7659617543701938,0.9905911634352773,1.7497910684369709,1.537365522310321,1.363357342634596,1.4428938129591582,1.1862886609432162,1.0549987585862217,1.5922769055418124,1.3521786939697782,1.2084903530363702,1.5365930731719641,1.6281868323779527,1.763798159179045,1.4433892584725767,1.800887802119244,1.3027672511252375,0.9813167840593859,1.4862541353346503,0.9214227774176142,1.22694774084174,1.341296860825513,1.3721952525448948,0.7234619016220614,0.9647270604325051,1.5892512906332368,1.6621430328534088,1.3018813251823922,1.4693678071592549,1.6398946528720997,1.625575278676298,1.5488551294426163,1.2695782892511014,1.3459722935534484,1.487489078468949,1.1572872488191692,1.458101296750505,1.0200951944760965,1.8075884345774278,1.7964383818952698,1.2825922641055811,1.230624483983956,1.1825487084011628,1.5320611059195421,1.6726566842424442,1.0578682151370944,1.548163558592234,1.1936761436076118,1.4416524494680931,1.3563774170370757,1.1221451591342382,1.4434383056022377,1.1376983125603657,1.567591358569048,0.9497035614814633,1.511818516536525,0.9537247393588466,1.2887532943980953,1.2772608095466853,0.9714175717210486,1.6211016619005716,1.2113351266010532,1.507905332280112,1.177876726153232,0.5622695348420577,1.1037622878635518,1.3918732992717389,1.7944316265868667,1.21644729202352,1.503676195049116,1.8760235734718225,1.2679211622574376,1.399222208465562,1.2293576102330799,1.4510352310712986,1.2676596112890024,1.313815298719724,1.3290405637095901,1.165853797348769,1.1476705168758496,1.4100103250863831,1.4452700386459147,1.15906537868036,0.784784814152647,1.279741527656172,1.3728517268640226,1.4402470188519008,1.4093125528248431,1.0484825934057553,1.2397910316607206,1.715907028926766,1.0360929537023376,1.2364031043208055,1.0333276266753484,1.3497104800877318,1.8313474441593647,1.0750374886481888,0.9534247659888881,1.2803410577684708,1.6634971850883016,1.0882775006630805,1.0968732600328739,1.14178119695028,1.5480404054607417,1.3943334980348494,2.1278571063894174,1.5733998298363352,1.3190410258065353,1.228836861041687,1.1862397750078886,1.550761212151917,1.0426393346537517,1.7751034491026105,1.1640869956857829,1.5112251446240195,2.1605337479128863,1.205400079737009,1.3786061467388464,1.1036645283727884,1.3562863139491652,1.6343390435243061,1.172365912972338,1.1142665095821322,0.9797110543521619,1.3024364500909629,1.8687912562575166,0.9036135218057052,1.404205384652346,1.163836027846811,1.5797165421045014,1.1512028114394761,1.1713528335155083,1.1313350440043979,1.161644833703372,1.6141657570790127,1.5401621139723807,1.1412073239144302,1.1761961785782982,1.5951640673640433,1.6089825705707166,1.9425788986607107,1.2943196173827247,1.631765053438432,1.4092743164194548,1.3420387105026812,1.1024585131319649,1.673117943822446,1.3776198845695555,1.416026898734981,1.1725815426652078,1.52569587946782,1.0283765729095504,1.2052451482914748,1.0346003270204982,1.9258949902531288,1.5093072784017345,1.0884931202337254,1.2637941911108632,1.0692809214903134,1.217591011493652,1.2611329769131447,1.4544490881413297,1.7160703394314434,1.3161834181217178,1.1118830129177983,0.9985369187128368,1.3050695486016295,1.257418353933887,1.0575964416569015,1.2595938477712658,1.3106168687937032,1.7260182432254472,1.7251056280518768,1.3544166009431522,1.7946716361445825,1.7521415551820438,1.0434321115828522,1.3906560419984928,1.0891700774766464,1.0323133687610466,0.9805007543925592,1.3447219318685524,1.58948054704839,1.3404397228406242,1.2076351018104061,1.1040521339267881,1.3249401247232333,1.2980756106402034,1.0269958054702262,1.3548038630209882,0.6702798786628716,1.0658854992599194,1.0057006488394578,1.1299341377439314,1.6367918000222574,1.2696081606698333,1.3358623722415213,1.3059728920445424,1.3676421856804368,1.194823046632298,0.8424131295930275,1.201948883213797,1.0862054400459191,1.0504373030027896,0.9019202667964871,1.7975596038163382,1.2254617257828404,1.1832177086434843,1.5837454402485698,1.1633851159608326,1.3868079002050302,1.2277945914118435,1.2343485528392828,1.384833666056696,1.377484983862149,1.2444117672346515,1.1427296769288433,1.786536969608138,1.433482836759711,1.1345430001236663,1.3400570142193797,0.95456972102016,1.3519968538292677,1.2086581327145385,1.0544538485704216,1.3896605031791558,1.5383229743775462,1.1182782080669806,1.4977832087053495,1.4492312350505867,1.1216927144487399,1.2110193678556698,1.4931064585990481,0.9813557401933182,1.6416587276911385,1.1760304624366886,1.3135019641707188,1.1879753662099504,1.4853370412499798,1.388948080380845,1.8428154681382551,1.815363615672879,1.5831235700053496,1.3610581458152073,1.3689645229542253,1.200922402360962,1.3722057076957304,1.7220910565274847,1.5196313717869478,1.266922712831663,1.5656497781598433,1.287652560354128,1.729484592691064,1.3445279125572007,0.9824452083006163,1.2853126242830566,1.4247268763268384,0.946370817080945,1.245942957159567,1.6865401293501199,1.00072858213765,1.594468300981391,1.2160971334251547,0.8976616178431357,1.488926430633493,1.2173284157136863,1.1633327281383927,1.6277587716465338,0.9766068803956901,1.1203658436153898,1.2126088641983384,1.4575278758553702,1.1781689431891373,0.9995288595375944,1.3987225678674151,1.316993276249496,0.9851233054858084,0.8274133989078933,1.3390703040521765,1.235920144282991,1.321849361214157,0.9925054743221293,1.6106403823225777,1.1873028869543847,1.662523521177317,1.0316659671623725,1.3041909537460161,1.6607492528123236,1.3440628516676538,1.1753310215307784,1.1560956068027428,1.0240803046666906,1.0944578488591157,1.8625516731954748,1.5700169625231577,1.3526444041051464,0.9922177413119662,1.6892350538434275,1.161061765932947,1.3062234716031387,1.3022356159815756,1.3434153526131039,1.3054845489953313,1.2263918604086526,1.4118518349779956,1.056813556275224,1.3557813177481293,1.1984215310587747,1.7529357711606508,1.2994290850800976,1.5111403253442974,1.1023312925073752,1.5359808489577356,1.1795227681011204,1.2065381795004395,1.713469366092042,1.039988263677207,0.9565444384456729,1.294631892372568,1.215601266851544,1.1074339204242722,1.1157814756951647,1.6683179612393109,1.4481285831991395,0.7458317009670308,1.3277607245007936,1.2065826109199103,1.2095420086934556,1.6941359176368505,1.061380400587594,1.234109569396301,1.1418972653156394,1.2187945328439977,1.0964401252804514,1.0724460540087792,1.1570448069402965,1.7576569634285355,1.0877221418433831,1.4388928218134722,1.6117692918872861,1.6243912698336453,1.2907503776406626,1.3050534073697615,1.3214269986456966,1.6721192173900352,1.0422248757071118,1.5296627242638234,1.6329901472430737,1.3154875222790396,1.5308362320678657,1.4664152135907855,1.3546512569106457,1.285987143099673,1.0871046365144155,1.156141479327056,1.4209225862339558,1.1316072852611183,1.4884551791867673,1.6261489934126692,1.6212289752742695,1.12190935388733,1.1611000184737645,1.27776533018037,1.1263440056724972,1.3695929173583614,1.5040897529241946,1.6339094250321726,1.5064688388121004,1.3763621511958903,1.2283900676426343,1.4974657733293435,1.2713008788158846,2.5199005035832602,1.4180270199428127,1.203723807466229,1.2554099684225737,0.9060962118142152,1.3529293510302538,1.344608379998049,1.4678698085237356,1.1351804332008002,1.2910009401166593,1.4442259691249126,1.400883731268057,1.3667829055075886,1.4711527018052215,1.2484786995439474,1.5941729429013485,0.9985019662221617,1.438243041191519,1.1141302434656974,1.4377100614614695,1.6474638895047626,1.00130420742816,1.1170896048346575,1.0809082751340962,1.3316023006491702,1.4145121789698054,1.284571670839816,1.3219420563878501,0.9569020118097804,1.1273817664964794,1.0613099274151487,1.1606035534756838,1.1627950264119318,1.1523809353079697,1.1547651200485354,1.3175602214579383,1.563447885950932,1.6040963962410921,1.8227377929549378,1.0629580538032657,1.2955433189963736,1.193343095215631,1.3427651531856304,1.4826227158758247,1.308928766639938,0.7394127437503453,1.0625728444654794,1.490421451302523,1.2736543050321605,1.7542007709249514,1.3132695357054534,1.1633298597777797,0.8898800789455443,1.8863224953640487,0.8949658079535299,1.7185324093373535,0.9240549155625631,1.1662248871384633,1.6248986910152452,1.126879591188713,1.3197870222152948,1.39852862627317,1.271651870914738,1.1555986398434124,1.1214342093316332,1.3057592358738894,1.3515071096511464,1.2413555814004602,1.178646728979928,1.3466288526561503,2.3507025456316546,1.5138798794712056,1.1711331950199064,1.410703498843982,1.2933190486209087,1.1527611204409394,1.5762119910908896,1.320934783968609,1.5647457344605564,0.9880546281694191,0.9838729382545794,1.047436283935247,1.2146663373798816,1.1916236177773911,1.2898552736415194,1.0136027633152103,1.047185991907919,1.2789374955613244,1.3272906294385365,1.2579301584560447,1.3242324645863839,1.5186959577650776,1.2767835988856906,1.2609125089693456,1.1774333764258103,1.0529799593312805,1.3313079272069328,1.3569078341194651,1.10220779578556,1.5938336254965155,1.2728283194771461,1.235623466563545,1.1718360748864352,1.2997132607126414,1.4730705031931954,1.1989224963866285,0.826383061638135,1.0471920757852204,1.2535212797796413,1.359114227443015,1.0834628276798588,1.125376404004917,1.0871057377334408,1.3609564667543896,1.3869779009397798,1.419694753453979,0.8859274077177661,1.4659366487648622,2.1482427335550343,1.1974544852324693,1.1459114365203784,1.3814909866077658,1.1127004649530396,1.7934801409452559,1.3555925593671048,1.1230459499481218,1.6271563043202475,1.3688751154228616,1.088184719151848,1.0774615790102828,1.3319121605442845,0.8761499733046991,1.0888654235075057,1.2431631636773268,1.4076206003105314,1.0863777541873032,1.2337774414710356,1.221162611956712,1.2173762041894007,1.102178520092186,1.6350204304395537,1.2330924277181925,0.8960525608029002,1.0259256870693776,1.068361067090775,1.5179464966975835,1.3639670659763814,1.5507042218010565,1.3002304521190755,1.3505090731678524,1.6589624609757894,1.322865025730555,1.5643436555641577,1.5833667710502997,1.4829500496803873,1.1999718457932387,1.6788959704786737,1.6776883732060983,1.7312846031253966,1.4984045261889587,1.017713004082268,2.2394688795872257,1.6781899572386187,1.3114347335068857,1.469954953720587,1.3671210708509718,1.0848567819430932,1.436454532121644,1.482039707592937,1.0579241182623962,1.561518146392772,1.1834206721577352,1.1661512561321667,1.3182119940882524,1.4559448036069333,1.2152342717829638,1.4017827762884962,0.6426305132304083,1.2409279557086135,1.2696798541632923,1.2893766740804256,1.0547875466720957,1.7353489628898615,1.3253269741945848,1.5398439835471094,1.1996282412965542,1.3861463211918787,1.5949036620222319,1.4875883871830118,1.208964519332839,1.5369675402583565,1.3064306444491731,1.451114710246952,1.284147141509815,1.8672342045543808,1.2769775524297498,1.1173986018304585,1.2572967009421911,1.1405643348715935,1.1741174805779915,1.0642387241341318,1.1205784111425643,1.1801758921082763,1.5100097574551414,1.2437530955134828,1.8913946352911712,1.3869608012329002,1.8040632247788944,1.3020288906145405,1.5519579680445117,1.3690146004534656,0.9771868701112192,1.0032849131379755,1.1546823310425798,1.178728695912056,1.8248640841927064,1.237269552334168,1.3550581849904013,1.0631755799188758,1.0687433435234963,1.2983319227095622,1.0910935728436553,1.0802655170644426,1.667333949630655,1.3471438489060286,1.1194242056727128,1.4989011558045235,1.432901369644629,1.1548945146181415,1.4380766070256927,1.2416211721471484,1.3074714100435099,2.274724558187259,1.4167819997506523,1.0955882132039245,1.2765818817267707,1.3865056813326753,1.317304735493415,1.1370898700426237,1.3836500372973273,1.380609159605749,1.271446613300302,1.357439560282631,1.0404611907650032,1.2584840777068225,0.8590111388337728,1.2681710959201937,0.9017002654771105,0.9235335474696618,1.147342596389798,1.1380436559507938,1.0786816444053902,1.2774084716744383,1.7434041210821285,1.0435997453141737,1.1478486854789498,1.2395627836205754,1.3954611445936083,1.231494937302349,1.1832769311191655,1.0262087960741182,1.0197884430790285,1.7182865612645155,1.2638109775463438,1.381546783610982,1.3102734245513712,1.0414327822699814,1.5066082454000331,1.2497395928968404,1.315982120723941,1.4734570535893021,1.2802670048871185,1.4858126068660895,1.396523170497127,1.5376334167393648,1.2450447966166505,1.2792178906103386,1.653018517182137,1.3255100857023079,1.0247729097302145,1.7365801237190466,1.1576637127436058,1.3271760877409857,1.3032770256455926,1.0964454018080916,1.558102112571086,1.3314398932824105,1.0438537352515012,0.973135436853803,1.2848894167115583,1.1423331820306077,0.9387515212013007,1.0984728516409534,1.320853779741565,1.3955017596801633,1.5383764663375357,0.9039509904837575,1.216309842259334,1.7820151769964339,1.3508497842238045,1.0432022024382588,1.5524986481694611,1.4576288223451095,1.3350004792955907,1.918004128334712,1.4971040170826035,1.2753135667662228,1.2046270603431286,1.3273810493934983,1.5132350840921722,1.3763310090942593,1.3486817909468285,1.3933506627812489,1.272779131883463,1.757458538704618,1.069770930626532,1.3689612340412105,1.0664599077286612,1.0041635725135403,1.0046892181140985,1.2916377776497872,1.2357320684344928,0.9072836894312233,1.34771720244404,1.010588969186055,1.6801310647938217,1.7571930376626868,1.6956177308895537,1.280417567336993,1.493692555028655,1.3062328424062843,1.3546426667943576,1.0184391633214676,1.2662929538207395,1.1625009382183646,1.2070003580436257,1.224969294480132,1.1687581735450454,1.326695287178991,1.4318438585726216,2.81503518642781,1.2879662462684,1.154760314576921,1.182111178414883,1.388051330481584,1.3454250448525227,1.4090783794453683,1.0933480338975463,1.0818847552654378,1.5843694597607447,1.0309137664140062,1.2879385150109766,1.2868893375751878,1.3296418468332973
62,1.259720862674219,1.3359977647836576,1.4436527858012878,1.3732795059077314,1.1432957555348473,1.6568037115729193,1.251580475152306,1.1879194429084519,1.078079407024601,1.6126317779304187,1.4452899190205066,1.2089246586470015,1.0368795424122703,1.696592489773675,1.287860998901287,1.312528731216191,1.6533175860322054,1.3380309526650092,1.3158280196406031,1.1991832284790291,1.5899519977714056,1.4451846934277437,1.3578678393862953,1.5786420652547897,1.2331881628597807,1.2237861080254795,1.6380910263269,1.8309016460685614,1.0154728958078532,1.305243269368165,1.1059437753029275,1.3134996717188254,1.3858950667212118,1.0197027418924454,1.0636911848036548,0.9863252130339636,1.0349022297322745,1.5062311902883554,1.1603538565201161,1.5713951679150653,1.2010926067850236,1.5686221757502863,1.3440894287873721,1.5386459977291647,1.090441345488927,1.4284364314312819,1.3242819785766469,1.143363034212897,1.4100736396988944,1.5284418940437625,1.2388082645345921,1.623348009976256,1.338821048045222,1.4393489704166298,1.0584389806837748,1.9104240547351536,0.9733620602851691,1.0725568687111469,0.9541671761855927,1.0835672874865099,1.1931073545666269,1.4412562506934552,1.072089008032953,2.026094001945448,1.218277833363869,1.6959888136167682,1.3824120138729352,0.9752252903166649,1.3424697046414313,1.6963819737946937,1.801026445059818,1.554971028757422,1.1006667673710167,1.7192335429487446,1.8208191927762885,1.2106894324707136,1.7045930171161459,1.527037834511153,1.377988092193164,1.1893262119495915,1.282984096114075,1.7705929267602798,0.9050370973687694,1.6315644014298092,1.4084435806389775,1.2052417478302182,1.0786068892248866,0.7296380635035172,1.596806765776516,1.4444550655637272,1.6155602593504295,1.2842390761629194,1.1991956805573398,1.268754833557069,1.2368356243238035,0.9547654759418748,1.3741977367461797,1.1440391512840244,1.5383263996859802,1.4953982669400265,1.1757963303472663,1.781344512180683,1.085139507165663,1.2100692612427844,0.7325936199229173,1.2394855794640516,1.7771962340797263,1.525647055536389,1.4170782159234032,1.3218912035610433,1.2342786604675005,1.194413613926656,1.194890869079029,1.7069628719086398,1.1238936522915064,1.089689692932704,1.259933862028413,1.028046959150903,1.2149030831727223,1.4541809845347728,1.0527671363666125,0.962141596288088,1.478117736606049,2.215143442107498,1.4309140731796448,1.5819089523293735,1.2481047213836858,0.6282928000369876,0.7665077055105395,1.6234719591079443,1.2557558760535241,1.7157542359864257,0.994422159943573,0.8932394175873569,1.6157152624044073,1.0784496411717956,1.0652522461432838,1.3191599645570968,1.1109761390870898,1.1040263658793628,1.4037000416028016,1.1758954886828357,1.1853924688107114,1.0996076395629033,1.1191986397691398,1.110079804311975,1.2750379307192101,1.212565145632777,1.1760955230797099,1.2166405513223517,1.6067726070152313,0.9631205931695002,1.17766919641951,1.248883220825904,1.177250803987135,1.1345917162334658,1.5793740990160332,1.2073262033886927,1.5222767608756334,1.0008522836676388,1.4889608010363675,1.566708447625613,1.3509012759676673,1.1685539548401547,1.6886037548761823,1.4434826508302567,1.3771801670632056,1.2319983895982376,1.3259879688132155,1.2846827037265927,1.3351408213215032,1.1441545064501923,1.3281214063351032,1.198917745864484,1.0880280959062265,1.6980047323779732,1.169878572624534,1.2713326003538437,1.2209903673514853,0.9966050841256724,0.8075302235062614,1.2301325763110975,1.6287911482701978,1.8227411211893472,1.0273988447576412,1.5684286475588545,1.507878118551687,1.2006205392744222,1.0671467320349879,1.1712765444409858,1.4577980530860906,0.9598972009178045,0.35624989284943703,1.1049348515847497,1.3005305589109821,1.2983854371248793,1.4099008114023457,1.4942747631850328,1.1794361008235692,1.2196191594245813,1.4555507891911215,1.1752668835417919,1.293229621170699,0.9544617584942598,1.1961537636425263,2.103246408372519,1.0115029093640244,1.2972073591201565,1.0894610122880097,1.3574736515573826,1.62548836071556,1.6599345942016555,1.368286620484461,1.2326228848277176,1.119288925768081,1.124114001404414,1.0480513536266312,1.3001985690105238,1.44857376828238,1.1088809039830916,1.6879505204557135,1.7329173820931896,2.017905855143271,1.0618972290316655,0.0,1.031541272955816,0.8961152921844281,1.017462491738846,1.1434634576895784,1.155384230923438,1.2894539838996784,1.346253531315028,1.2485832425957863,1.6919767593901807,1.048627454322502,1.1515463029185873,1.5792439791235025,1.222525979443448,1.3615812981915822,1.1471389544049404,1.39167942423182,1.9109969749812723,0.778787328611359,1.1846686565010205,1.0298593946273156,1.4298712888264276,1.2365539656022353,1.494446454009056,1.2303228622965507,1.555210222692838,1.4364914872577321,1.1163171469973372,0.9103087155568209,0.9330704813662063,0.8822633024852228,1.2071890283235729,1.0832013966755654,1.5814421646037504,1.0700508491474885,1.326439777293508,1.5500503116636473,1.091066103440769,1.0634299721003702,1.170517563822643,1.4178896245803054,1.1936375871424842,1.3525506004212549,1.0406278249891645,1.42651826425331,0.9736573893123998,1.0507622482911614,1.1386622850350159,1.204885341494604,1.194679393301998,1.6556102477348205,0.9886492803488007,1.8558984276402772,1.4504452806166912,1.3280922272302829,1.3591030777838544,1.1703149780674424,1.081085939184712,1.6985599578206425,1.3550786618265644,1.1724739759710807,1.5548395545681324,1.572395030525013,1.6659192308865365,1.3557190685044187,1.5326843093039086,1.3374127466463523,0.9820187810298268,1.3913708514258898,1.1843002249405472,1.2783242022647396,1.3364879302791488,1.3278318407259662,0.8888420133591953,0.9720805233785786,1.6745945483124554,1.64276493555528,1.4064026891054393,1.5052083453175626,1.4909423132315411,1.4511030361126207,1.566557574556529,1.3031875394474435,1.346563072434357,1.6344297600975137,1.1235981089388547,1.4054257801703307,1.0095757142168353,1.6841381736058108,1.715324335168248,1.258851796123558,1.1767525137830581,1.2800799911083007,1.5174545727463633,1.608659970186764,1.0110010685589703,1.544786144926348,1.134611030743523,1.3771528597301987,1.3695556063971956,1.194832715544083,1.460864655911145,1.0905890140913161,1.452438879697985,0.9497835400548378,1.5294527971836946,0.913571877343118,1.2755020587480503,1.290498702463856,0.9115315188661717,1.5848914061855257,1.2083997122667387,1.5157315300351248,1.2773917657637037,0.6440727808779732,1.0637428870092038,1.4115873053916954,1.7014989047760682,1.331104583879171,1.6367900590222841,1.754634988819383,1.258280728471576,1.3767479394221214,1.1472544983639787,1.4457619761972182,1.1988617392999834,1.3360835196490939,1.3802269820262816,1.1739898328416125,1.1110642290757076,1.400834289622534,1.454900310806221,1.150036483787042,0.6364064523240829,1.2702019947154424,1.4248832756437455,1.5045691399580021,1.2759228142555559,1.0690320584566089,1.335912188306915,1.6749281357111077,1.1708548171788662,1.2588856015121164,1.046743036681469,1.1612234511685595,1.9248280777414757,1.127054479110792,0.9251213166234502,1.2959180241162838,1.5171176199484415,1.0913400710761956,1.0853326859863892,1.2502242772139227,1.6456640795036996,1.4259792717675464,1.7359197435552485,1.563136948031459,1.355646020357395,1.186831662580249,1.2402959636942896,1.6076992748159264,1.1374467431593458,1.6055636393003936,1.1717546533356655,1.3313414256042924,2.391160772548625,1.227970483302443,1.3515595974982428,1.0206259934884274,1.3790838866571935,1.5863868495468505,1.1691964947952465,1.074210278952278,1.015927826220044,1.2480982740804565,1.7213310444621175,0.9412106438297589,1.408169354615704,1.1360078619612533,1.5578622275409841,1.1633098175410277,1.174484269954033,1.180029276952988,1.1783898048832615,1.650356446232029,1.6978593054628286,1.1387892331096925,1.1729910862092146,1.6650653359049405,1.6503172112081854,1.9222851819713667,1.2410254979490198,1.140578153370257,1.363037780261707,1.3269730984283261,1.0671782657511477,1.6720182780530233,1.3582843847259929,1.2405992797537029,1.2930041694345809,1.622963312098075,1.1406524976695613,1.2097745321129483,1.1455121009125522,1.7836607849880022,1.4426680169682493,1.0678896324488125,1.223761840029891,1.0930030009072902,1.2212529350133532,1.197278960925684,1.4599705978848712,1.811521975725543,1.3132867325019006,1.1511991717624765,0.9940630169015212,1.486705631668132,1.1945834199601795,1.002600472264634,1.2343366717665967,1.2292644461433304,1.865214398881164,1.5095244206385428,1.3633637462447414,1.9467216951531996,1.5113997127884213,0.9787423715346784,1.3467481965733945,1.0673794003831014,1.0021216106245072,1.062858603717662,1.4652199899951368,1.448214024446355,1.364829425326025,1.240556977421415,1.1596980045123755,1.3628727273138281,1.4109507376510346,1.0655342740212732,1.3100245426580823,0.5261029571930393,0.9795763901102725,0.9672275357401269,1.2487617515067235,1.7267591780718772,1.3022469084481205,1.2690431386214733,1.367665886302741,1.249714287905447,1.160546706187296,0.9082919768527239,1.173274390489569,1.1247523596649551,1.1644709542232965,0.9339583962549668,1.8104251396424662,1.2653543293208882,1.169430098289037,1.5788083629366478,1.1803697665335204,1.3210029299934316,1.1433430189630438,1.1773618856937582,1.3728828295036761,1.3793054478451423,1.2141414478361225,1.2544053130412813,1.7282059528793436,1.379533021434161,1.1592653410801925,1.2348374084793148,0.925725121010472,1.266630520961815,1.0873448505592238,1.1822876395854016,1.3046545618947891,1.4725455092033188,1.2379129463761467,1.4691020707088898,1.2493674870784743,1.0840005681018263,1.3090357762707407,1.5479721642106115,1.2315936957432663,1.6404562562508147,1.1524099031774386,1.2545797326010533,1.1750190202071595,1.470373970125736,1.5621960425822987,1.6222155201523645,1.8189632622469527,1.5090628655391067,1.3368246324105895,1.4276779933110149,1.1339481890713745,1.2189232226425273,1.8820216539894976,1.4756881724265671,1.308572741009783,1.4662647213895883,1.420708174178059,1.5577850211218558,1.2961988079257936,0.9889415474010606,1.3522304384895034,1.3899578542557924,0.9292240718455144,1.233580815331994,1.4698894280757715,0.9755910444704764,1.6666075193158063,1.0936593268750303,0.9146727470131604,1.6266400554542964,1.19335802997816,1.2334571508597003,1.4801434747905238,1.0513570845078015,1.137964884217998,1.1135580739976219,1.3894092514488527,1.1045860760513961,0.9066490853812204,1.304336111367751,1.2935050038947313,1.0244103748349773,0.8019203227498142,1.263219957518177,1.2508023356671125,1.1843278865925113,1.0874601935307928,1.5954732258708106,1.3379325206313832,1.7593388750661791,0.9809118570299856,1.2713019007377715,1.5386370179724822,1.3221346099516866,1.1037254695988128,1.3574106038542464,1.0486097212217702,1.0191103784507487,1.6294720661933408,1.4890590864261042,1.3799045248380113,1.0625467614400241,1.5857300356771056,1.1475141169433427,1.2976556802605521,1.2813573799965146,1.327745945075203,1.2186501265166203,1.232357877088568,1.377324650635464,1.1153387420081633,1.3224974822000206,1.2311530382583493,1.903006152540367,1.3368708417266677,1.3911180986015648,1.125746612623526,1.4424717429444114,1.1655908757816706,1.1621288006682886,1.5442423095925104,1.0022391182627874,0.906848056950819,1.3008191488753738,1.2638093966415094,1.0734434592436342,1.0538089668486839,1.655272444544996,1.4496639443999562,1.1974021479781163,1.5083506504685307,1.2363766928701587,1.4292025986027421,1.635511974858646,1.268449642232961,1.1894095769461979,1.2466222494407468,1.2709389489630474,1.0881375966358091,1.045165924191425,1.1413640850707747,1.8930232148895114,1.251545127604736,1.7308287651519276,1.537329137240777,1.6256985032295619,1.3874081637368851,1.2838220535905382,1.3218019082879418,1.758194266322009,1.0258480689414928,1.4857158529665393,1.5157826014116589,1.3582781121285512,1.5871551415122955,1.486588997147448,1.2908196767690319,1.1996771967712783,1.0723369191175331,1.2005331796451424,1.3918560185276214,1.1071691093281286,1.4102829901739506,1.4702323209729653,1.612537090827409,1.1274858001884165,1.1056590103255655,1.4658854749098973,1.145546166293886,1.2708233173768149,1.5100526555730318,1.483743999238838,1.427913667052735,1.316423686893659,1.1659976166863544,1.2751856525437844,1.3280028682892255,2.3794710565749404,1.328805917184284,1.2387178063166395,1.2865036836882906,0.9097365993415476,1.306964710239519,1.2991747555008262,1.3653859770830885,1.0895060655606001,1.1742379524438635,1.4993690926884042,1.3079469694919483,1.229764261300298,1.3395454213926692,1.2387493080380751,1.7864356960072323,1.1208214407146593,1.3360935182428977,1.154806846261107,1.3687802809207898,1.5685893602991074,1.0348020178739703,1.1092669414166032,1.1183285533600114,1.2791896956287139,1.3866706472962909,1.3733914583568811,1.1635926985937013,1.0061821363485128,1.1046822813243815,1.0640244905233511,1.121525739887375,1.0152415148097285,1.1066959881668748,1.1211930019034237,1.2806525627369523,1.3627570285564343,1.5863904615032176,1.7749882105588024,1.065447378661084,1.217511236945817,1.1716255580121264,1.2789656562195093,1.3587665831741116,1.126537998360746,0.8017375608393573,0.9916555311589489,1.6622808286341724,1.3083277343126332,1.5990571716212325,1.2188036128975486,1.13517147044111,0.9691971474763692,1.801488348385956,0.867375951893894,1.6044141021853178,0.9195306248805302,1.2797173823965031,1.7533271225182512,1.1617898162494718,1.2449054634885053,1.4203638563552858,1.3599552376979005,1.0890422793905952,1.1765800723585875,1.351825310816554,1.4605455386603248,1.382166968402295,1.0715624242840005,1.3097141834522006,2.2330296382089494,1.5296331244434789,1.2477388971352297,1.5156467456859941,1.3224478433161335,1.1975704660427609,1.5633149587156026,1.3332056236197027,1.4400395037016254,1.0593408680604464,0.9515987653549023,1.06929538356737,1.3129239933027401,1.1789512397796198,1.2818296659049087,1.0760882755013688,1.0745770580881318,1.263311213556522,1.2967378142481323,1.2101590376985734,1.3290617107578353,1.4107380960905036,1.2937559829172987,1.344287952727498,1.2186391047895226,1.0140259586589844,1.2934884379869105,1.3732873538077204,1.153738175795694,1.555726320418311,1.0806978790238604,1.2434065268063335,1.232555906109511,1.2410396331555358,1.3524707482005467,1.1173920509674027,0.8251248190164127,1.2862601426583944,1.219899447992768,1.1704621379748126,1.067735774924398,0.9524261081702092,1.0236040938209854,1.4679979321241257,1.3945687991867055,1.5590080280611338,0.8681019414057254,1.449352995428839,2.160616041420171,1.1803302351038056,1.2216348908924952,1.3694983600914814,1.1934640077493206,1.7249400746242678,1.3664624606639175,1.1309639680600978,1.6281103016664484,1.2867214035003747,1.107028810481161,1.0801950074184896,1.408265393859731,0.9680249601378595,1.1076440924603288,1.319451071770357,1.277751003119527,1.1420238726464493,1.2569600073144795,1.251983988234194,1.2761674655171118,1.134115467095378,1.585336844548808,1.0208288112009183,0.915262057957314,1.0441840217692944,1.0517032719213413,1.4735140426425506,1.5512709642444997,1.5486298908039258,1.3315107092162541,1.3542829775453498,1.6373746175176551,1.3521167153834606,1.4838684062962229,1.585995659808376,1.3987923176176977,1.1501443343068136,1.702413395648722,1.6588533462284707,1.900083520835005,1.5646533385051744,0.9538204817437406,2.087693652420905,1.4084555709764541,1.2747397087148404,1.5281183556458846,1.3365400550976885,1.0602837422968547,1.456088221617877,1.3400620737705746,1.0446339729526688,1.461702716691003,1.3550630981154395,1.2083521900529477,1.2513416107789732,1.3923878868057837,1.1168536441940515,1.4402034752444655,0.777198734919232,1.180092760765657,1.282063519837319,1.2399523263983194,1.070764107674516,1.6056493684826205,1.3345712386639554,1.6076352867094752,1.2246753140667217,1.397455227178576,1.5562358681968815,1.4095270955582615,1.1932046757662995,1.4163717417671813,1.2712244671342754,1.33382887982687,1.2599662523428181,1.8527477482392132,1.2107450209386776,1.1694732778928703,1.142405015973136,1.102554779354589,1.1827006741360422,1.004053537346677,1.1179608652553608,1.1796786050703054,1.4634933842170676,1.1632354570152679,1.8216108848602743,1.315905097648054,1.3437245981182382,1.2591367916210428,1.623869018558385,1.2984727455367344,0.9889193318942792,0.971456745064944,1.1092006287983445,1.1142137695470822,1.7431270612506862,1.1703795730602335,1.341609442219216,0.8522897699591939,1.0114995973349883,1.3997919782120312,1.1857011043780268,1.015499400526016,1.7044961612598382,1.3889870335920702,1.0501847571171212,1.4655156453912708,1.4362543054984658,1.2499831707896458,1.571186523090589,1.2761508408575413,1.3243144542483838,2.32801274296305,1.5343112086048825,1.1550001752295234,1.3927153127388225,1.4537916926177141,1.320879642541462,1.0969026001045574,1.3428441510967897,1.719353424612301,1.2353869460186366,1.3592384163789517,0.9845460093232723,1.3444543260366957,0.9314086217688562,1.1453091733764535,0.8599996136990554,0.8034992292219788,1.1308710986393735,1.0336447377939986,0.94510547918823,1.1480547313210472,1.7379031596361227,0.9938368545778646,1.278795747625049,1.2244304039417195,1.3161662321194576,1.2309130314884136,1.124860845756607,1.0005494123613545,1.0591656616273724,1.7360227378582442,1.3826509766527826,1.4943142646699625,1.4871894054202244,1.102520854188353,1.4756443927271952,1.075115994874244,1.3415685713486365,1.4047579885757258,1.2292912018160473,1.5968831582622025,1.326002764492637,1.6363373712108535,1.1722788604445822,1.1803491266935682,1.6537430102919846,1.4245747203327546,0.9855672834794732,1.7406033774702965,1.2999483096149627,1.3524935456428926,1.3634310932949265,1.164184255701735,1.4961983334253197,1.4262791436230022,1.0443971300884531,0.9495107734817232,1.3068557904744924,1.161917091414826,1.1703277937783587,1.0696831930893753,1.189347092757914,1.435703837913785,1.5053978078211856,0.9184714667140051,1.1476041101211034,1.647169564658835,1.3119407058180994,1.0168568282766626,1.5732626836086165,1.367184469816094,1.4124668937846878,1.886179874966809,1.4835861552948546,1.2535822742162197,1.2257262017405657,1.286425110908044,1.5251437452354575,1.3289579022850853,1.3326716682012107,1.510274462506229,1.3786171438028247,1.9736266182078066,0.9933121115221692,1.2988098528081178,1.0511846052878715,1.1464070151286379,1.0829268667075551,1.2027421669155975,1.2477690335729223,0.9169618896889874,1.2765502104699329,1.1411637764120082,1.5452573492147397,1.561610971736924,1.7602155951192535,1.114772820017745,1.5600347468173565,1.2116894955210133,1.3256504125404847,0.98513311397681,1.2189368039673933,1.2278130578802897,1.2810812833738368,1.2454253301470193,1.2581765031867969,1.3953854208014778,1.4657213259575785,2.432564450940168,1.5188900161861285,1.2885792925193273,1.1781064908952141,1.423938892759994,1.3435314994511192,1.5021834171717203,1.213006558594077,1.1508857252507456,1.4661826078008733,1.1373605657384624,1.374221374829601,1.2585329533369891,1.1665774394283908
63,1.2528394395498395,1.3935970886300761,1.2938811468111184,1.4404260107434168,1.1232142119347954,1.7764470328724635,1.2578053299198395,1.2165789377213492,1.1883690983789317,1.5430597272391022,1.461005502471385,1.2102675795858222,1.0583956632156142,1.7636101099299986,1.2612021306280572,1.3150006430614312,1.718761894755248,1.4050165700092827,1.2767435083928733,1.2075683664950523,1.517519710386162,1.368291878068907,1.3121405806530815,1.729653611592843,1.3651890321546736,1.1955355377683938,1.4934526979052463,1.7433278482505743,0.9620189482543194,1.4095495927507735,1.058699962610613,1.359373245128738,1.290928176976815,1.074764052295604,1.0858948098951944,1.0060610192610118,0.9725990473753774,1.6599011908295984,1.1762830748997397,1.6552281780054237,1.2442615250456752,1.5329597526615955,1.44978958199518,1.5513876217373763,1.126754072282473,1.4063732725190377,1.3921760572088573,1.1928594220697162,1.3388846820859057,1.5390038861217121,1.2176286297054122,1.5292157831484396,1.3414699726482435,1.3480274030068609,1.1025215046507066,1.7023155183186762,1.0704281806467515,1.0398228526599937,0.9606368533699637,1.0489075405997303,1.1730898767373663,1.4134841011752597,0.9928399476042497,2.0351618376058864,1.1397560735866512,1.6553731259663507,1.3611278471365504,0.9647350146270616,1.3085327225448244,1.6186142459958024,1.7181072390877408,1.517303865351522,1.0225940128440278,1.7075603662981713,1.7696333712779735,1.122104641362228,1.824796369590231,1.6167358292720875,1.2559016288117646,1.2503792454867222,1.4102468041732146,1.7836472389693236,0.8902871256984373,1.6719282118285486,1.3523410147749373,1.1130539540755613,1.0899623031696442,0.8187877681432209,1.638581820876499,1.3405383594076918,1.7817589407640333,1.3378482532865101,1.2337640016325546,1.3364837121108204,1.1889359184128372,0.9878605220081306,1.283039938428034,1.0747173224586493,1.4630450785124143,1.4858663885027075,1.2475782539288613,1.6054844923834541,1.0853948282194306,1.220909037387953,0.788304652907305,1.2564603203101108,1.8375965403082921,1.656657494416292,1.5012559019296035,1.316465653870856,1.2211950092037032,1.1072423645375635,1.2537784562642722,1.6528924544659134,1.1921346539565434,1.118484749862947,1.1947239232416558,0.986076671251846,1.1849762110368294,1.5054331768032607,1.0434354570476276,0.9634436345816264,1.4447026629678743,1.7318808575892015,1.383805616493449,1.5394810440379076,1.1856607869142075,0.8676628867073498,0.8396173295553268,1.488505436441221,1.2046954472929179,1.706969859435176,0.938978015120778,0.8955222453015502,1.5415839362216173,1.054170961570342,1.0898415332295446,1.326329700034679,1.1222539447536692,1.1368049659887882,1.3081464889837098,1.205109172358167,1.2018412262334623,1.1584505735836803,1.0115759459365659,1.080914534775245,1.2711083843530444,1.1687945151834769,1.228341939518815,1.1651896675383222,1.8097820842209078,0.918094558430583,1.2009049157658869,1.1849457655798465,1.2318158496494707,1.1739844037238092,1.5139121389943209,1.1995213946962466,1.4293296924723151,1.0225329848426572,1.4923452197919536,1.876875310888423,1.399639342761019,0.9943467570709722,1.7161400919195064,1.287476757664272,1.408468772440849,1.3267575313410935,1.3381128930733317,1.2337628452987797,1.319917930052954,1.1183059596976828,1.339222398836345,1.2542955733338177,1.2638292139177274,1.7557558663100177,1.1917589089066958,1.2657033463281084,1.2497210855677978,1.2236221882201455,0.8155701848050005,1.1907648507021944,1.6065861480382169,1.6223070197289116,1.0007827020300766,1.3741633923142262,1.57099957249069,1.089789050501315,1.1301411863891926,1.2337641133620882,1.5099035168511872,1.051223592042848,0.23749992856629135,1.0356792380998023,1.3251128738781104,1.4122971503463027,1.331413559460852,1.417432318559289,1.182948070285784,1.213671886286904,1.4232567576734958,1.1015114406962458,1.2868652961150269,0.9099414999719381,1.1068518493584463,2.5254227433505627,1.0196569568215659,1.2078512993738806,1.2226224671186663,1.449092983712899,1.4617267240200578,1.6588449391688627,1.355089843952555,1.2294125714884503,1.0787604185770054,1.064228714112295,1.0596142606239438,1.3786104429821928,1.3628095433104048,1.2115937016938954,1.6647237097851524,1.649213336124445,2.0093517765495865,0.9949538326866854,0.0,1.0513311726025412,0.8856124231784431,0.9853097607698855,1.057706587167281,1.0757545885316833,1.195129050245636,1.3925462816526943,1.1634403441564178,1.5543318296337674,0.9672649869685243,1.0957331162330761,1.503331907088777,1.2111246872416306,1.4595333621681337,1.1910363920975569,1.3748188849100969,2.0564988279878724,0.8185961089683134,1.157151559912283,1.1123824794627757,1.3943154334952816,1.1580005699357712,1.421862180474211,1.0433837127888606,1.6459084434765634,1.3798541330396195,1.0632585621138473,0.8964359898863916,1.085990995091798,0.855967615703007,1.225468343306459,1.0074401618402058,1.4803574373505428,1.1232897188072395,1.4305006983988588,2.172807804006362,1.1373664131261867,1.0485279832639072,1.1861979470460526,1.4179859062224258,1.2369802456631165,1.3214984236421923,1.0066068528071372,1.502843482050722,0.9416938628722699,1.0225878667276884,1.1593580957129308,1.2103262519582803,1.152194722483114,1.6035603826423914,1.0109918736022736,1.9147387887427383,1.3924278667113654,1.2252454474911216,1.1776301648977994,1.1135122624764988,1.0974342851449523,1.71817730719773,1.3164686007605435,1.183557456183521,1.5661364394122752,1.4807485491912145,1.8055916729056598,1.2700373269937821,1.307444562789669,1.4271226505213992,1.0129532614049928,1.3033982567684494,1.6874609025015486,1.3510857564570973,1.3103078920159092,1.2515886511641576,1.2574523438696028,0.9819797574238366,1.5980214080649784,1.5756845803981017,1.4623475424463432,1.5431707034775433,1.3695836737367943,1.3528511036570232,1.4885889869379376,1.2639630758372813,1.3575077906694408,1.6241317461478975,1.0765205418208876,1.3345184641057506,0.961806848781409,1.5185521604437313,1.490448155220798,1.2725219902533031,1.2095161745434526,1.3652874890014717,1.5914039488886647,1.5260516332254948,0.9890594136219529,1.5488065708877388,1.1295489137028107,1.3477649502636218,1.455025603592583,1.285022618917483,1.6572750213277985,1.097558271227214,1.3422134937800556,1.0107622808980272,1.5678109382442273,0.9296381432707808,1.22002744597373,1.2604043123912747,0.8425627064479153,1.5673327588050436,1.1160048483891392,1.4219360534618044,1.2974496949269188,0.9420200727332384,1.019668755562268,1.4799728913007515,1.5500579214632113,1.3151451313817888,1.5840407120553448,1.7181135637210467,1.2483096154173676,1.3530826266363216,1.1135035959550745,1.4031952013102154,1.1955208307914003,1.3249912361395642,1.4403297472055352,1.2795213291903096,1.058087615925867,1.3080551866423802,1.4735909041349384,1.1517148542579174,0.48974333905212303,1.1537863610199057,1.4549621581267274,1.5913984056222747,1.1917053394660444,1.01195698365349,1.489196885628425,1.558377658283439,1.3950662616216691,1.3159720419757233,1.083083194795238,1.0919481919887102,1.8859908706816122,1.101774023163468,1.0405240588144544,1.3083656464256803,1.402204363865875,1.1430807551508355,1.0194798192351917,1.3427048156190295,1.666891177974675,1.3620378908944373,1.4895103277796282,1.2513639918910626,1.4285196544237302,1.1065371801720578,1.1883090200573776,1.5128289962476966,1.1024667089362312,1.3106419273991503,1.1827621512289002,1.1389443287941108,2.331582471129976,1.28528547289554,1.3809724511427954,0.944579192893568,1.3422231816784242,1.4543135684285495,1.1447707095718724,1.0751314110197565,1.0548291891568835,1.2288797897079589,1.5670744160577805,1.012088816196974,1.3892181663490875,1.123873433842228,1.4637070258891778,1.216340049848022,1.1521272605350066,1.2031834478549501,1.345038539929559,1.5866339320889076,1.757119974215076,1.1576342543086078,1.202367219529953,1.652526154152578,1.6029171165138432,1.8071827353403571,1.2265171632702574,0.8100496950074315,1.360529307645577,1.2661506309695167,1.102770479428675,1.6303507166438727,1.3195132242690415,1.1305870808976464,1.3014382441818833,1.6336138615499542,1.4437843244593709,1.1885715339723288,1.3118275453060484,1.554725202252314,1.4666116234487618,1.064839981862094,1.204251495265324,1.0706802479599082,1.1457414376800175,1.2141070685487425,1.4921828175594283,1.6666777500304986,1.3698024883645525,1.1518683781434333,1.0141137019715656,1.4612235464520693,1.2196817305910983,0.9534964889211117,1.216707014735458,1.1581408593390785,1.9601456255571377,1.8577359897325332,1.362791853326348,2.040769257085511,1.3599199016917116,1.0570250867882922,1.364354110269793,1.0649035339851425,0.9898839271206528,1.1410133113700156,1.5266878561283517,1.3559772438941733,1.352818353041382,1.2538988039447738,1.2262095484982776,1.4062980534840748,1.4530453001495451,1.0793106834321728,1.2994055986553446,0.4889315562649426,0.9580767886587368,0.9702164615144088,1.4230392118166808,1.689703964463301,1.3365952429768773,1.1193766774531135,1.361114519848675,1.1771079361515535,1.1420349413802549,0.9502426327164523,1.1546516163276923,1.1868685133072663,1.2474721772831454,0.9790645064557164,1.7097742448671942,1.2293253186897632,1.1343229992331627,1.5728016305145287,1.2662771597415514,1.2228467521646118,1.2830112980946051,1.2270229369510683,1.3506735924263111,1.3429076878486654,1.1896242576967557,1.3108396641472841,1.6952884789541791,1.32571724222636,1.1906177502132038,1.1960149464400525,0.9217502559556132,1.138801775332692,0.978149340405287,1.310761390330771,1.2732831319831628,1.306976446436547,1.3656980144479922,1.5170653127306568,1.103663063683257,1.0373504475168698,1.3351422230714185,1.5472514184275044,1.5851593805988835,1.754305994546189,1.2055556262281837,1.1985450091140415,1.2838055162708486,1.4222423787314997,1.656562909633821,1.4880560946385222,1.7897345485290042,1.471318699511941,1.3238990211545119,1.4797206611458253,1.147024152182038,1.093074264761091,2.080744933668653,1.484061290288661,1.3673977112610218,1.4568203140085627,1.4577999826892594,1.5887039527102238,1.255623312527803,1.0462801615474266,1.5667284723559196,1.3032484581355421,0.855025365432598,1.1580233079889404,1.3975999996978938,0.9649121659471817,1.5919254572853623,1.0424210365746553,0.9271535519559211,1.6609975381731559,1.1991128267312985,1.2130552058699515,1.3530244488774406,1.1003402561971172,1.112628110485904,1.0684477994156119,1.3942181512161003,1.0529520606656422,0.8495773060575122,1.2699225363684044,1.2878510892827293,1.0001103261597732,0.8179175019315756,1.1855992060185288,1.2605833590755473,1.038521794674881,1.2616440610026907,1.5638012092291285,1.5600535388193855,1.66816590735483,1.025112661831351,1.2365943479123431,1.457180693185211,1.2305350287057824,1.0937691126266433,1.413041127565205,1.0942702262940622,0.9121236455119107,1.4016514455657956,1.416999290262798,1.2691974793651717,1.1344390724181972,1.5287940162514866,1.1337945047990172,1.2885640933413365,1.2452574842401198,1.2953929996089095,1.1700469340055355,1.2754611553730038,1.335183731501518,1.2221220701156355,1.230088729128112,1.209843797133423,1.7271356937937772,1.3588759567192619,1.3235302745285669,1.1536929401575362,1.3582168030928974,1.1449674301610357,1.125345553249791,1.3847388482012593,0.9242543995027523,0.9202875010783657,1.28472538978882,1.268395786081413,1.0351484283704786,1.071542008874879,1.6105350465217518,1.39409753476926,1.6995582130383937,1.672990023496432,1.2522191173825703,1.6629989823742044,1.588105481698992,1.531546001424874,1.1856407343398732,1.2914281633312088,1.2452356249538261,1.1340402507555059,1.0500843615417517,1.1233887022738591,1.9077571348043318,1.2770084402938189,1.88409097707421,1.3804260466749114,1.5020744397054975,1.4527274854456889,1.2090991806046845,1.352344252477708,1.6754726945257847,1.0024939657456255,1.4120743967600036,1.3525310827096435,1.3978616665115426,1.4160202827247566,1.4261936805226783,1.2643380377642142,1.049409865523089,1.134219943967869,1.1852086930545018,1.251448021916422,1.0912328362400714,1.273887752517837,1.4510028961931063,1.5081920010157628,1.144163558207945,1.0985536728872285,1.4511607576025982,1.1055690333348207,1.130215542250246,1.4465031767258427,1.3263883704707895,1.3515178155796759,1.2603440219830415,1.0952239588150678,1.1409596675989155,1.2849527725959882,1.874021120078368,1.2927846404320227,1.2654772645433299,1.2301037541706403,1.0024658792209453,1.275600485310044,1.2710909162586774,1.3111216315119867,1.0299617331724495,1.1910243766678936,1.496127832445318,1.2572979504019355,1.2139616328807437,1.2971905352985151,1.2543483979725982,1.8649390556169718,1.097237178111677,1.2867199217229226,1.1452975568482135,1.327008326956345,1.5296123927264018,1.0226231296352892,1.1409360068234342,1.1295677294749003,1.2195609998633778,1.3872916583287767,1.3654493776094105,1.1287959198351412,1.0222733217089557,1.1271984424387753,1.1316753031980193,1.153799981912659,0.922529047680787,1.1011381782276586,1.0932929703520298,1.2940153695080232,1.260924090203446,1.482453557991691,1.605003979899361,1.1457288972278767,1.2072539426908881,1.1038554538761043,1.1657070941275571,1.3114232822235263,1.0830473275473038,0.8409351908330926,1.0937810409383022,1.6737181086887158,1.3700071345284313,1.479254546157466,1.112499592982302,1.1373329075629592,1.0251876053187852,1.6710535418177845,0.8545683173614225,1.5536834084376727,0.8999649412253702,1.3474470917336125,1.8628311870176977,1.1405402205698723,1.1198037653737642,1.3874022331615055,1.4171302428529229,1.054814953681271,1.1740374413796844,1.2625066088309989,1.4402273020114402,1.5119497683661671,1.074446493974592,1.2968578732252325,2.0501963807153176,1.4289138930028626,1.3620610551272252,1.7115284877416066,1.4331363387578644,1.2638627649198972,1.5483000233199198,1.2581784453645404,1.293903391581193,1.065985284726091,0.9999739690758608,1.0869901711696932,1.4001203270054245,1.2087916470730269,1.4069405869987581,1.269362922002822,1.0985312575029917,1.1960052739134448,1.23214341214249,1.2579567887826228,1.2782468926532649,1.384498971194504,1.2268958854556642,1.420028940025329,1.3137583054653272,1.1464083546938717,1.2671620332537912,1.3424028323650607,1.2500542575826432,1.711649300150662,1.04707196832012,1.1774093725769343,1.247683959755518,1.250862603468644,1.2809251265954102,1.2358484774636596,0.8765031498550315,1.591020750061319,1.1419791864649034,1.108127906090125,1.083878651453173,0.9423566395417171,1.0287586751636975,1.4398885993487245,1.3409160478729525,1.6434650316589705,0.9684259293661539,1.3600252694680623,1.9441377334808605,1.0782819570657973,1.3228029551788323,1.4721777571850112,1.2337363268487005,1.6236066482155178,1.370971973515772,1.1048948164511216,1.7391452011011395,1.1889045800607423,1.1151954437754024,1.1437722536675168,1.43187942480984,1.0500865612751191,1.0906538712185432,1.3806240143266515,1.1605114902144638,1.1843675596594605,1.2256777679881072,1.1730581795670363,1.3424400250635617,1.1876600669826431,1.68986941232234,0.9537604328853397,0.9205954781360055,1.0719741214691398,1.1423798728756687,1.4277350972752703,1.5008688276030377,1.4925455949550273,1.3518016714486012,1.3843367614524429,1.5896616575925153,1.35651307078233,1.4732082358913594,1.4914449497701203,1.2990323516286872,1.248458723878116,1.6243928811787198,1.5974477621030096,1.9700902420787638,1.561461581433179,0.9882517424358228,2.0913563970406877,1.2542772474620834,1.1993130440275286,1.5351504404041911,1.3124689537236864,1.0853729422267064,1.3991399483720377,1.3708920017092088,1.0767170331069127,1.3283955686156035,1.4151917087317576,1.1960831864085837,1.1781939616219301,1.3880441418894587,1.062262716666059,1.3585688534714357,0.8708454554099224,1.1450135401789008,1.2968447211803336,1.1578131605585096,1.120373675126732,1.4908273884729317,1.252174802254976,1.6179767072753872,1.2544105533502214,1.329548805183559,1.552273056289491,1.3413156213051933,1.199136464451493,1.3612226731439239,1.2094527679416949,1.2343575992156615,1.2470607372332583,1.7311571316183993,1.176598632054781,1.1850151318959297,1.077418132197115,1.0427258723450168,1.1239482705267516,1.0133928982383456,1.1539205939832309,1.167408530610338,1.4683550902432092,1.0916200641532523,1.5308389221231764,1.3057738710759694,1.0791849830218472,1.1638025506558345,1.6882128356464867,1.1706812397357933,1.0277910686738652,0.9161624890080351,1.2027123554182264,1.107194434245555,1.4692706619971205,1.162890550629068,1.2501694922571365,0.7902433318978911,1.0440251060059362,1.386585566483645,1.2333349639842162,0.9412463903834554,1.7506426162001194,1.4851283648768665,0.988593184655568,1.4493927598301954,1.4570652374676136,1.443964016965843,1.6010260612250549,1.1975457289488807,1.2655807771990715,2.1555352620420596,1.8008201373477601,1.2262537011169194,1.5067284206222191,1.4677295538349713,1.4118683657448368,1.039300813535446,1.347356391435516,1.874766868925085,1.1662704266446853,1.450679408201439,0.9725260445407647,1.267012731175447,0.8781958493790731,1.0579601231779145,0.8666556717471607,0.8100619644986413,1.0866704500643276,1.058369148930245,0.937810494642354,1.0359523579514223,1.6468285381896623,0.9306355343123022,1.4282766494337358,1.231693545942053,1.287434759764308,1.213597990829501,1.1262387007331998,1.0694301960809336,1.037397679796077,1.7139782315167753,1.4623914410664824,1.5856817057040211,1.542730234141238,1.2418714244742421,1.429468545850971,1.2938646503032776,1.4461406926369884,1.3181815455551282,1.2895072096261437,1.6590226049435381,1.2490408000799733,1.6832264263209675,1.1539425100280172,1.1280376392278433,1.6006191418809093,1.5214776428942969,0.9711194421433493,1.6520481951641843,1.3421068278303914,1.3496077353647111,1.3090027547071665,1.2359940926096025,1.481337281509279,1.4475167341012285,0.9943232612352727,0.9447324869507003,1.5141178791326193,1.1815042076745221,1.2228251640661303,1.040781293952011,1.2724681886999087,1.4029465711819344,1.3294612298503772,0.9452065458542446,1.0839198091624722,1.630323627244731,1.4103841493210596,1.1087882158843276,1.5361399682945422,1.3539280018743527,1.4813005405111714,1.661563165282256,1.4175367341556249,1.317135342981719,1.2004769387134981,1.323949648604017,1.4334314935743833,1.3462760727828857,1.2966084002324574,1.7277281009405159,1.5117544666921692,2.092098687575266,0.9395390774932602,1.2534411754664982,1.0958757039793838,1.2816123478926116,1.1280633989079398,1.1451491405305245,1.2632799526882965,0.9052302760721465,1.1956881722275277,1.2207129586627001,1.4012533360088966,1.5180358445518547,1.7708515828769777,1.0846088136323155,1.4950450476570318,1.1970446246234412,1.3614506524522585,0.9785064367195773,1.0703666440961104,1.2991836190861026,1.2778103590888543,1.3249484877164712,1.2587966719055066,1.4099069413408762,1.516590453054925,2.25350985886998,1.52615202489083,1.3496701343198445,1.2109245713334387,1.3973878963737407,1.3259886210724499,1.6828831320529407,1.3054353495961282,1.1638014677188089,1.4211133806422767,1.192009470824733,1.4649326782851473,1.357550750940278,1.0791813237414325
64,1.2136030829054882,1.4013710154111867,1.2221869133268426,1.4923402921555302,1.1289683369644927,1.8405182990928337,1.29514206134447,1.2489076862669344,1.301590137255475,1.45427920598127,1.3367868849028341,1.2388753467012443,1.0927822436191619,1.7552944421041667,1.1891750018713114,1.250634618874093,1.7209188197327396,1.3665349693441988,1.225606167885391,1.188048958186852,1.543441145366059,1.3141225329483988,1.3142291080106792,1.736790097624459,1.3973142653896462,1.1491503035380708,1.2425263527221093,1.8705642135251495,0.9747644780454384,1.5153677881753103,1.0880577307288528,1.2931399541534443,1.2309608866912547,1.1698122338617774,1.1259387123432951,1.0733006948559698,0.9804153840861296,1.7186467513603736,1.226178833347076,1.6468789019938872,1.2516265385258873,1.3899844992690786,1.4791546948593304,1.5067928202497103,1.1551524517641785,1.3570549499454065,1.3665582916592438,1.1772730540170242,1.2765347053988219,1.6893810549575146,1.2293124929558032,1.4465956590655544,1.236061853060253,1.1855076167330993,1.2024233271641829,1.3010696376435207,1.1510597621512029,1.0492493096740452,0.9386551452876212,1.054534545845366,1.1306804986203913,1.3724335185093441,0.9258583172538437,2.1104496357579086,1.2796301267363486,1.522121945847203,1.3426502581091673,1.041261567943288,1.224745674783388,1.4397436809689574,1.4939892685259506,1.490055307721535,1.0106612240525266,1.7377533489417893,1.7298784398250033,1.017368749391964,1.845846911408406,1.561181690916261,1.249222449870554,1.2871759463456725,1.4382466479647176,1.8381589720970672,0.8477330028243814,1.6445866490512395,1.308925410505683,1.1196351269931855,1.1203748449262352,0.9529256115944269,1.6708699970793028,1.2798464859355483,1.7200130744337923,1.5393494509491898,1.3413273323236155,1.3533099387870897,1.0978145620285957,1.0394391823677533,1.1655958746903745,1.0349680110490818,1.3840601959868928,1.450209066204143,1.2419142407841872,1.4559143016293805,0.9995349995454146,1.218829119130012,0.9830672259360437,1.3035850612381175,2.0510840333411555,1.6526782630541783,1.6352844247634533,1.299773216139835,1.17939050053771,1.0851680644364703,1.2777342830916565,1.572661502835099,1.2703065224797632,1.1160097170322643,1.233287240947346,0.9770615384923486,1.1187518411224038,1.4938921088553416,0.9894732372716558,0.9769967510850885,1.309859171532657,1.3980749419043277,1.2937474518551597,1.4790444261634486,1.171323920335105,0.7825726071643162,1.2728841364341452,1.4036687562780685,1.170501659303469,1.774406650518845,0.9471796784639275,0.8786006978932037,1.386765774798531,1.0642689254507967,1.1497920130288661,1.377331855665916,1.1344901729638037,1.2058429260673451,1.1858766427469658,1.3116636376182464,1.2510809586663985,1.2223976174434301,0.9799428002212769,1.0252173211559974,1.268284696903271,1.0668004957272963,1.1951470602447682,1.1938994833179262,1.943821632825447,0.9285484064629077,1.2381024640841893,1.1512488465606407,1.28276833473353,1.1205244578027334,1.4111778723651809,1.1907827771269968,1.282523922174647,1.0722427959192866,1.4933481180656545,1.9293700137011434,1.3994139138073154,0.9428243161508615,1.7732544608389436,1.43275452668367,1.4055872823100402,1.3796772485910265,1.3902778151795956,1.2273964700773883,1.2385672389398945,1.0431361435504871,1.3646843855439235,1.3286500328684374,1.3945629755662943,1.6503520336489135,1.3660966567773536,1.21706517663881,1.2735519237652362,1.120280055560077,0.8097367083777534,1.233537251577729,1.6356911309519744,1.3621290511384,1.0168018614248568,1.2308421387273638,1.571134615953604,1.0687780048296935,1.1944277844601179,1.246734083088481,1.410988685078662,1.1778123868987889,0.05937498214157284,1.0182021959208296,1.310554143388201,1.3811735651699,1.2104712286468582,1.3767226157264867,1.215818505227323,1.204361684875248,1.2653376120710491,1.098407455436336,1.2372543531441256,0.9042359220682669,1.0583004513775673,2.7124706168278463,1.0492000443061738,1.1345001579779364,1.3256914091853953,1.4917746433772132,1.3968225533894727,1.5219452784615994,1.3822809000473673,1.270248656963501,1.1090894295043434,1.0250842468899535,1.0680161368431822,1.5141012048316311,1.3295585906668645,1.243924051815961,1.601028959859227,1.553644098624043,1.924203038345916,1.0625429602938754,0.0,1.0385697774666802,0.885942232706399,0.9065962977645722,1.0825885693111725,1.0269285557124226,1.1483317928297399,1.364447707007902,1.033475969565853,1.573493954765836,0.8874509326653801,1.0665995060157585,1.4250474533032604,1.2584624371775428,1.5135164380197474,1.257724050886424,1.289129105584887,2.045635353525113,0.8695609205708844,1.162818711413119,1.1806863604125026,1.5205058547445574,1.2126458562262552,1.305494178422761,1.0597748280343913,1.5737655435951536,1.3256864451809873,1.0088953422864204,0.9350102295385703,1.3159606440082132,0.8748120847089658,1.2264610437147034,0.9908665247896813,1.3983700255801508,1.149891234004686,1.4003896667322508,2.7185760532269843,1.113271936283334,1.0585489300548157,1.1509854461998668,1.5778448233212938,1.2450798475898786,1.3413439423588596,1.0335242505760067,1.4698822998074093,0.9233670080257499,1.040464115996672,1.3222950031019935,1.2344025051289407,1.1981192649988208,1.5652746848203616,1.0210063487121843,1.8505418715860547,1.3551513345197401,1.0810122537786333,1.1100237763056868,1.0518081400405146,1.0810179251486791,1.6460636494163348,1.2751538975864014,1.2098051043285012,1.5588758576678774,1.3778169356091066,1.8023834508098335,1.228753340758607,1.3189608746214478,1.4690588956139299,1.073997259866409,1.2337600608275012,1.7459452164172204,1.4485256248664145,1.352679278922527,1.1457874542524082,1.5272181241698846,1.0227470767609648,1.4341246502283092,1.507961726916545,1.4593165699071595,1.533498407385374,1.5191766122550818,1.326813329760439,1.4222873273237786,1.1538064286909449,1.3733575350478269,1.5201295278223288,1.004402627245303,1.2133992619595564,0.9530860235413203,1.4423245467372068,1.3078348980805055,1.2733596605904458,1.2550806224072781,1.4089541390240408,1.6395831542877306,1.463603578822304,0.9719087457885098,1.493398970931005,1.1397717520753743,1.3380801762779493,1.5555051445549428,1.2658620279611945,1.8401919343890702,1.115798193543923,1.2847813980393346,1.0598441477920626,1.5625439943004042,1.0403632574430106,1.2140287704810366,1.1704258657956326,0.8383411152764718,1.682512286940958,0.9961655527488422,1.305687730659405,1.258122322963843,1.259964905713327,1.0418363279614806,1.5248060222938307,1.3907971151157452,1.2004740189348853,1.453511964726511,1.642606626659714,1.204322811111724,1.2893858128058207,1.120021355298261,1.3609745841606218,1.3077129829167855,1.2530554905589402,1.4477881677299045,1.398736221384338,1.0186732571925057,1.2740346778635911,1.44709079466828,1.1733940492828783,0.4221488147172692,1.0778153146306542,1.514130509153381,1.603952714528986,1.1548139000855033,0.9480522335794405,1.5301956566718813,1.4115853722604013,1.619165700088944,1.2956683404487694,1.101180640698495,1.088709534033844,1.8084559265677094,1.0408010766274147,1.2064839053966587,1.258486287972263,1.3915522265329607,1.1674485614086547,1.0131006463103376,1.3382548984299167,1.6188805443839782,1.2340579463198051,1.4841136803152082,1.2457486998978093,1.4219404128315016,1.0847804735934348,1.056763800407292,1.410279954533988,1.0271689357458176,1.106438232822764,1.2682979470779028,1.0624808630954303,2.3074590358582174,1.4240215629767188,1.45288078292593,0.9700848332700163,1.2957769330904383,1.3517141517169466,1.1403944562330592,1.085381548438065,1.0331412480578013,1.2835959074786438,1.5236836828564355,1.0822410271098961,1.3729202692173184,1.176715315615176,1.3042751485217652,1.2563399660552075,1.134662351224191,1.141992992862914,1.5035194404495338,1.4529615411598384,1.6988806824318103,1.1490625919533075,1.1895184780953452,1.5621089371181573,1.5387165982844446,1.5763678269027932,1.2854256293321968,0.7362900333750114,1.330555995038896,1.1343783358876733,1.168830646304312,1.5024341055465105,1.252947639641532,1.173612123236996,1.301893240679155,1.4740196273696713,1.6725471263638803,1.1863332542731404,1.3909355862967865,1.3664650715047688,1.4967077728324418,1.0306670644168294,1.197461022565416,1.0024597697789555,1.0805397563154364,1.2815823163413729,1.5064127082249428,1.4987790196840076,1.417230480879655,1.1102007753926382,1.0407202919542868,1.2736700278776247,1.2426309365820387,0.9189710819146718,1.275350418710964,1.1657376904150563,1.785574928979167,1.8127662703445002,1.3879568448842232,1.9866471130925918,1.2993047580437778,1.165439238961271,1.361830974103937,1.0319070634782732,0.9490301151150944,1.1654199717097637,1.4612741857295244,1.3534083037976243,1.3182060572501095,1.2061948215765212,1.2269997674675897,1.397711140530327,1.3735919205581468,1.059604047098322,1.3710929489446682,0.5625742439956717,0.9971360018077591,1.0324145152123678,1.56487980656214,1.488932631763421,1.2811833400062649,1.0116536395946156,1.245625716120494,1.1687127480251025,1.1948136168734556,0.953144056726359,1.1335259056284652,1.162632070350555,1.2519680950408794,0.9960296286654323,1.5783089456832746,1.1994968325506123,1.1122657730027798,1.491319439401918,1.4307926127974262,1.0922463019048307,1.5742620373658966,1.3278510612830035,1.3620654643256203,1.358619549822552,1.1673363335742846,1.2669913976673037,1.7252776576908828,1.2362982601825083,1.1537562633108387,1.2277115175562383,0.9379551737734114,1.0601212835195546,0.9623970968140603,1.3635018188504073,1.2648008428765782,1.1963129522604603,1.5445476382798882,1.5384978114322698,1.2000982332319712,0.9813227466950276,1.1757993372450422,1.3860907411671874,1.7491772619867625,1.8354622198489228,1.223083904126684,1.170933447752423,1.4118868099741366,1.455987696125163,1.582503922128062,1.543238315662237,1.6924149740523031,1.396660821946949,1.3298237780250028,1.4585573392067201,1.2640636441635567,1.0681264346287302,2.060588764559919,1.5225754562939806,1.403129251681954,1.475409670822169,1.4928634704864856,1.7326672008656447,1.2897993621381365,1.1089335379982608,1.7481900851583343,1.2324733025086358,0.8051290797435493,1.1270985795819404,1.466426605936115,0.9274711824997924,1.356936161748624,1.0539597924510016,0.9175447603939876,1.6344300837657477,1.26229024321081,1.1324134526528242,1.2679369269661651,1.104813387956754,1.1111597224453256,1.1142197310795854,1.482858182120987,1.0099751953652014,0.9166002053914011,1.340272679421123,1.2342260639126108,0.9844935180460408,0.843573546708876,1.1534544129311546,1.2200229709915023,0.9411737423006552,1.3605245576424858,1.4810825403400767,1.5768584653192061,1.4006359620375766,1.0814790823241718,1.2062536306049714,1.4336690161015686,1.1710493543389062,1.109625623802186,1.401776620258098,1.100174885404453,0.8745432527857848,1.2992555360553593,1.3646730532858105,1.2025451600933632,1.1371542514855522,1.5001716311430464,1.1703378680408483,1.3259100901829335,1.2185104296366136,1.2287652438447683,1.1522891856700426,1.2884391249096765,1.2953024160856181,1.318612248329281,1.1384932883186871,1.2337753658072241,1.3797418664637282,1.3338646183267835,1.3421998525731174,1.1559102153946224,1.3242746552573021,1.0871100259352717,1.113575444479323,1.316658056930284,0.911087968969494,1.0577837957593428,1.264885309382151,1.206526000049872,1.0062214740780624,1.150860604991119,1.5548028282041406,1.33196199202965,1.898627847309833,1.7357589730467533,1.267589447252441,1.6995493892650901,1.5654668433792338,1.6227300154721012,1.1415929856915725,1.2562357674619535,1.1963686159641562,1.184396806994106,1.0407766080956338,1.0873887314803918,1.8168518294833123,1.2036450611239884,1.7187266429531458,1.2273733631178199,1.2689001226123258,1.4349500902745502,1.1182103179748055,1.2360591144194286,1.5338229294335397,0.93533927948773,1.4074621335254345,1.271188239143638,1.3666914635696905,1.2102306807304775,1.2791465598155534,1.2757181641775457,1.011112663039208,1.2205058009872083,1.1286652895020974,1.1178557453227933,1.0434982402050428,1.163309572933578,1.5176006587197717,1.3472549885894403,1.1586284978446393,1.1275832409668811,1.3239075639506825,1.0137688624284782,1.075547512185103,1.344392940108273,1.342283733965396,1.2639165631426872,1.230734747011872,1.0576574850018912,1.166495126580969,1.165093510596145,1.3689858669750916,1.3121155249956549,1.2559211047859886,1.1586571197594628,1.1232293100137734,1.2964194444776014,1.2652259109806996,1.4135949873096285,1.0220924365730784,1.2905108949240727,1.4756714972400322,1.2579760143235148,1.1714974838533307,1.274059174634382,1.2656341715683188,1.8277371083948648,1.0515324720455868,1.282452341300056,1.1109077489865655,1.3069566056302437,1.5778967222454492,1.030151827975595,1.2137704305175847,1.1783815898319325,1.2418389516488326,1.3739053018020089,1.2743833691232136,1.1518460687688044,0.9893129996014052,1.0703417457046343,1.2182612352212987,1.157914963569697,0.9778940143768664,1.103810286873188,1.0537891965644777,1.2849660778170455,1.2144235492298083,1.4369672104164994,1.4467400723357755,1.169400573507703,1.232339688873208,1.1361799163577841,1.1012379707481952,1.2702258220419593,1.2621324533645888,0.7984232089978109,1.2314678662961613,1.5775957168857053,1.357699520939219,1.4925291756481203,1.129078018869995,1.1250166486574045,1.0086321818187889,1.6544092610979328,0.8653850553145597,1.6066722976215901,0.9263994980257192,1.2582689046753497,1.9266705401756885,1.1642449449500294,1.0189920858551749,1.3014208671814695,1.409166454334569,1.0616611220008505,1.155436318509177,1.1658558171192783,1.3218411072671088,1.5759984926293538,1.1186806601950336,1.2825335756906453,1.8672006799803496,1.3446918340544394,1.420142800490424,1.7279659986162124,1.4922703043912988,1.3920889511184802,1.4685938471104747,1.194123639807852,1.3142325073403571,0.9750825465619912,1.0774282996623967,1.124294367823893,1.4349242553183104,1.2635602140983142,1.4433904938644773,1.365082078475381,1.1426971382543694,1.1375449960140815,1.2007884568604634,1.2674082160501414,1.2533218116275648,1.399273908556132,1.1887810423042557,1.5187151925078348,1.3683080596817998,1.3039897772127862,1.2221238955515514,1.2773662732373123,1.271069613848569,1.7870492545154968,1.1089039341847782,1.0838470749042555,1.1847261695544498,1.3365147517557,1.32410686722596,1.2435521028682954,0.9647890723591328,1.7399348880961476,1.088846485190633,1.1096947679555584,1.1558495624887615,1.0262296035074439,1.1591986427486736,1.4632768912471088,1.3088883565850284,1.6217615843740514,1.0796173125187778,1.2537523742273917,1.7016483683509245,1.0665371923672824,1.3436415494078737,1.572769244804968,1.2464636681135972,1.584843805499446,1.386902877853866,1.0188954119250981,1.8716802917230662,1.1742012824367993,1.1227602115073683,1.2625842997714392,1.3521308463722166,1.0888748167522666,1.0478363231095913,1.380861520436643,1.201290941140658,1.1011413290388938,1.1636910783886976,1.0644540720160531,1.3496625545362102,1.235236074636538,1.7878595155242207,0.985145699518045,0.9129999207371456,1.0579618860801563,1.2841507248271427,1.4028180001956478,1.388713959023481,1.4742802407114954,1.3394068848571252,1.3831623327747624,1.5736481378706606,1.327376244143818,1.5207837229270953,1.371450371374059,1.2258072056232283,1.3649725028642585,1.5451723924288419,1.45799177577684,1.9761612648513944,1.5064030077661956,1.1290380083687026,2.1969456678041333,1.210506932495435,1.1428166219932068,1.4966599770222788,1.3411227225098963,1.1152305813482453,1.3148029959886272,1.575494845180418,1.087566750433076,1.2333190914524867,1.336238777960158,1.1413989854256625,1.1588046598575577,1.323309726634991,1.121741878752142,1.3332891873460564,0.9005908887401152,1.1198811406247537,1.3129876436841945,1.159398329214253,1.1900822212623687,1.4027515948274998,1.195722017818778,1.4841184272226093,1.2931032440305255,1.2333302672909583,1.493647942649254,1.3335503036792975,1.17868448608527,1.4017186900900063,1.165114300715239,1.2187116817464965,1.2916300428389542,1.5530791524348566,1.1555854491557027,1.1513729615902262,1.0515603441151982,1.0281103316044808,1.0785058891297885,1.0554984918132964,1.1486186315604712,1.1294959921145835,1.4248547322969234,1.0549005877015023,1.3864775378942173,1.3712775954871808,1.2101241253783899,1.1059805627322252,1.618306947320284,1.1261158572146095,1.0724001852669969,0.8698542776630198,1.3067988677132285,1.1546713161742903,1.2569900859333054,1.1495522110160854,1.1762957800813,0.9682354665137138,1.1146699723779692,1.2689864120976178,1.1934181350368527,0.9192201567110059,1.633717177430087,1.569283847881454,0.9712818319474308,1.43769615023594,1.5107148951381533,1.5986713519287847,1.6323994982055718,1.070911201555055,1.2253173242480426,1.9013012527972513,1.933827286538676,1.2808435315638218,1.494437690130808,1.415652250688644,1.511957520568793,1.0460157533240104,1.3603887211607786,1.696443947122512,1.0678971809812807,1.547558510280465,0.9723956790700908,1.2278359777179118,0.7991897619229086,1.0659747911535502,0.7639026113894052,0.8765735599479741,1.0065578248069633,1.1948067437237395,1.0262159485624567,1.0017919525934103,1.5690155532068024,0.9187716276042283,1.492234182983507,1.2354411920179276,1.2935153420177339,1.2074388735286663,1.1959814409649514,1.142638632261378,1.0164426470617316,1.6173006619364108,1.4081080727823134,1.6001215401452018,1.4116223468532254,1.2964179705222207,1.3852694736492643,2.152178435243197,1.495731325485412,1.343166440744736,1.3626536167401788,1.6076537912724982,1.2099294872318076,1.5485238598587814,1.198709167426398,1.1173340705035009,1.4788550686155086,1.5359627350086666,1.023631197134128,1.5297750835885333,1.2573168487415338,1.2993124350841172,1.1785493286436588,1.2322907180508047,1.4899632811621033,1.4361893188559625,0.976340216876399,0.9987058823937427,1.850315662539852,1.168097355022913,1.2094813522596906,1.0062940508043583,1.480479256944361,1.268116948597197,1.1680797342991134,0.9708166857531798,1.0587537762959545,1.591104685258943,1.4772751332146965,1.2090208524916333,1.508544429581279,1.4097594386867789,1.490914470315166,1.5962937762465703,1.3599334609616553,1.348479690754181,1.182217767491609,1.3746891794876959,1.3202568520099107,1.3816690561530773,1.3170049389294738,1.7433659739171408,1.524884186917034,2.12817825412491,0.9429914470357345,1.2316198884741043,1.175073095623396,1.3136690075711996,1.083151312993409,1.155757761120314,1.2674629374791462,0.8393738920815103,1.160859164168026,1.2283015449445596,1.3367092639063038,1.5706048877971952,1.721823935276883,1.1117720176856403,1.339542449207325,1.2084317225928585,1.434096088831219,1.0048726032260653,1.0091965316697218,1.3363921045386933,1.2637874111262168,1.452075685311463,1.273594168166251,1.3363662802333307,1.5211958848157492,2.1004604371509954,1.3937504731616883,1.301997231501144,1.3173309036467318,1.3061172793823657,1.3669645829480956,1.9022967024937483,1.2899595020762247,1.0938513725303474,1.5126924552407277,1.2066472751534094,1.6936863954084065,1.5285682028302139,1.1325103895513147
65,1.1890466862257805,1.3757600956556502,1.2873314799515696,1.4509822780062076,1.1629915496083354,1.7314591886611914,1.3337065821682144,1.2844739067671802,1.2782141962279578,1.3701213754728907,1.1715424743301819,1.2527309574406449,1.1158912918791268,1.7963372847961125,1.170679932536555,1.199603522556696,1.6696563907135267,1.2139115060685264,1.2276129434310556,1.1646524732564911,1.5307441900208025,1.3075743302813603,1.4498159807644968,1.5453908060942432,1.3304629833962534,1.1439826334382905,1.0768372083598619,2.173046963775473,1.0329135596340202,1.5762029700351006,1.14183785009711,1.1853520860776192,1.2358119738323243,1.220089061461815,1.1259157407561047,1.0861263106509293,1.056499803510242,1.6340096609244037,1.2511808086324683,1.5587719363696615,1.1921342373678636,1.2572820097170003,1.4404880436514635,1.457161528539546,1.124261790993493,1.25432640950732,1.2493686981816847,1.0805722188684848,1.2093194409533643,1.720459001163566,1.3018552040011908,1.4826886547025264,1.0970097483777066,1.1624734940644328,1.252457219895763,1.0287940835164555,1.1498437687520133,1.1073983384698625,0.8659229851037933,1.0325210252710217,1.1194512695246677,1.351780306312592,0.9082042321805973,2.205372269972794,1.4868555535676973,1.4374878398568303,1.3278945075151585,1.164937692393334,1.131225078189407,1.3156300818051254,1.438941535665624,1.4499561514824348,1.0376979170324798,1.7677554846990557,1.7212452383442511,1.0374762468553642,1.7686400341386115,1.3827292269501268,1.3988502434579517,1.2296597152476263,1.3194359426170308,1.8950774762715632,0.8552469763017938,1.5512788692875625,1.306158688904895,1.153374474581523,1.184824959828971,1.027526772060853,1.6839282503369086,1.2944293094320556,1.5741357485006122,1.7237326798724153,1.4338661965049861,1.3931936365709068,1.0263523514050759,1.0203949899155618,1.1219413516100605,1.019073344514308,1.342230372678229,1.4224614700771299,1.2303217659781718,1.333002647267079,0.9233473120262194,1.2051820740790382,1.2066662744078305,1.37769236464328,2.176514409770487,1.5936105389375228,1.7562786074250716,1.2287503189927484,1.1958891160299556,1.0943884143610425,1.2637528731643726,1.4121818505678592,1.2311382965560136,1.1202327097039544,1.2603666023444065,0.9993242532428732,1.121201454681745,1.416370658530311,0.9734184954896237,0.9860090479443956,1.1477224624862972,1.1841476897658483,1.244643922990345,1.4099529898592258,1.1228249853851566,0.393864792477185,1.7608716335840764,1.389656863458268,1.1640784964644377,1.7568040906774698,0.9947452634799383,0.83527766475049,1.2784825483497255,1.0941923183060447,1.1819259602326202,1.4025506851405425,1.0931541254243864,1.3089379843068065,1.062432892345967,1.33715829960094,1.3437287840211216,1.2439262936612425,0.9794594532060258,1.0213958353057757,1.3408019158087257,1.0350383263136047,1.1017945539822258,1.2360433672115687,1.9047387418320858,0.9599018323011634,1.2537255858363827,1.2024235547563593,1.3014045655111524,1.0478027670270675,1.2921164440041795,1.2395018938175748,1.1517700756208455,1.0764677677725718,1.4668929332286784,1.6670734814481074,1.3865231849581279,0.9922292423789874,1.726523513897784,1.7019665367430605,1.3732596137683113,1.4120525302542954,1.4210959498379396,1.204712039609213,1.1862770542013141,0.9703818592353546,1.3897285741482381,1.4072168530762001,1.5118061009742467,1.4486576586660895,1.4821678926361108,1.1769511336034686,1.2881091932809188,0.739878352802046,0.7551192870214952,1.3049180750795748,1.631367196953294,1.1356983616665988,1.0191037727446544,1.277709845559512,1.4315148703063538,1.171152305025637,1.20345531713805,1.3548451762135407,1.2439320143924033,1.2501829670928721,0.0,0.9883973295389623,1.2681582642895448,1.2485437427153139,1.1298670398121833,1.4664969784431556,1.2480436748268053,1.1548864711614597,1.135146783463274,1.057065264471452,1.1739010983588134,1.0603365076434512,1.0350405749485478,2.785847748764346,1.019900021531488,1.0942640319410186,1.3605915330160683,1.5102070319250043,1.4443316271263051,1.4098165206283988,1.3839770947848078,1.26436202795965,1.1543777262458268,0.9732829171564851,1.121201089472948,1.6098609365354863,1.305951008533759,1.2510759900026198,1.53797350500319,1.5934325029299017,1.734386022708441,1.1537442758880476,0.0,0.9588304908525207,0.878260776900042,0.8187530661203823,1.1425561947039427,1.0318417572253726,1.1080848865640853,1.3383925638371976,0.9630893192697291,1.7243721296350063,0.9916370635886271,1.0764392152500608,1.3814949077519627,1.246997258808403,1.5783525665736224,1.2977258005515404,1.1789870185318398,1.7857062261808614,0.8682774798812379,1.2265977846936922,1.2180691409683808,1.7416005384740338,1.2905022015079555,1.1869622628777512,1.1716971560135776,1.495321383225508,1.2433781697153492,1.0698537600785045,0.9255124708659557,1.4077106778810677,0.893957918341493,1.1964488701125557,0.9993216770064175,1.302876517536807,1.125373690092421,1.3143117152700572,3.035398532737341,1.0505156478802704,1.0555541649953941,1.1233057634821628,1.699546878969075,1.1774705356720732,1.385941730443847,1.03373241274426,1.3812230760298994,0.9249741818831655,1.1052291717872835,1.4125689985715084,1.1883938031301746,1.2039988377358781,1.4695563350820955,0.9688850255657212,1.7377218325395525,1.3279571863688713,0.945220559745364,1.2322590610955513,1.0109799232371346,1.0192648145664156,1.4949576924867505,1.26349100892737,1.230710452633891,1.4988483467448033,1.3274378160574831,1.6306326474772521,1.2152262999825336,1.4212122117280392,1.405533288597323,1.1058272492569952,1.220836787455825,1.2250776865634747,1.5340841638905864,1.4190583049529033,1.1193596388031484,1.4595205347822,1.1087634916832745,1.445917264679636,1.412411792776276,1.4818798435164617,1.476545325034127,1.7300514519099113,1.3698830593979343,1.408425069503079,1.0601834828089267,1.3319237004296964,1.4698364503645922,0.9805940651744646,1.1253874410014206,0.995015085836141,1.4563311381418171,1.3250977511014692,1.2549222885413658,1.2381466710668831,1.4505484161272322,1.6038759907291742,1.4711600660003392,0.93306910766609,1.3877597685819116,1.1642717147412522,1.276756867632796,1.5567725212357497,1.161522110396807,1.7984226214673018,1.0929761044237711,1.2432063651043455,1.0405188835600505,1.541055617958833,1.1469702901396341,1.2667875327440175,1.1130083973488698,0.859382983966684,1.875505117119755,0.9785159375134433,1.2661542557344925,1.2094206121760753,1.3326467492555418,1.1594831292575207,1.5783773767372113,1.282890142420904,1.1455187420960606,1.4312285575151127,1.6038357245725303,1.1255101977184272,1.2184815803992841,1.1339621467497731,1.3585914477362544,1.3408795561164641,1.2173529917817092,1.4168267103256669,1.427550434725496,1.0499081503025107,1.3233340917221246,1.3582023489145003,1.1906520453796028,0.5794068956962256,1.1275817647605233,1.5155815394760839,1.551185563652913,1.1426973890288765,0.9317120046224139,1.4834694607827652,1.3172626772652367,1.6253861666955447,1.1664145722550199,1.1110813589163453,1.0112558726885141,1.790743220329156,1.062483727492674,1.3438417307175279,1.1660039453548448,1.547689911096044,1.1660765818154049,1.0908303951884886,1.2954498138211992,1.5643907601662108,1.1748997422225242,1.5479241244227206,1.6923560944582288,1.350749536146445,1.1358431618004357,0.9676321047554939,1.3232100313908919,1.018671042653922,0.9947869981591295,1.3967279024733796,1.0408476544556282,2.439678165835943,1.5377823955317576,1.5159726251838141,1.0596250388352788,1.327749310351431,1.3187914103837421,1.1473787438584,1.0657101874712902,1.0204847244607447,1.30883642510863,1.5386335421292485,1.108619640496939,1.3537097932029716,1.2786561193053516,1.1518875404575333,1.2229260192460383,1.0924659612335594,1.084347988261559,1.5219700196520984,1.3450080381940854,1.633829253766871,1.1816936466302899,1.1329677374222988,1.4551404111531567,1.555143431061341,1.3677504393121482,1.3058787441557458,0.7636358969193857,1.245357762956445,1.0059131741165226,1.1786822002140107,1.4287415651553816,1.1945389145667382,1.273867274492471,1.4087911625576088,1.4167984289829596,1.661733095658961,1.251128493430417,1.3644388724358958,1.332727624819015,1.5487371886442132,1.0079791772118438,1.18629531343113,0.9623805712332831,1.0698160494131095,1.3372698266148049,1.4718280462899525,1.4459778374389824,1.394720257272886,1.071103235705516,1.0888219332346305,1.158388699013509,1.2399518761935275,0.8729542949403681,1.3484796343745442,1.221369511656445,1.4722415226560752,1.3335955772251333,1.4191264484199395,1.7997176308459368,1.2581060291569268,1.210343339971439,1.3280742491870046,0.9993063941743229,0.896538746411942,1.1881772687872658,1.3304558583164314,1.3439739362259941,1.2430667338901753,1.161134989987231,1.0902192159437694,1.333641019330986,1.307998005304833,1.0307757986761603,1.4383290600883112,0.7349011289175863,1.0291332187677407,1.111112165214818,1.6526808126924768,1.232442096236452,1.13541591955312,1.006501765597716,1.0898418716365597,1.2423431842428512,1.2449069264302017,0.9631724628774085,1.1117727078570625,1.0571045910427737,1.2391211018507016,0.9963139111059283,1.5046807881547264,1.2695556473603942,1.0665762124963394,1.3626310001731365,1.5358353950202206,1.0205070494652448,1.746147818900177,1.3872380511937275,1.3892404484184258,1.3913357760226481,1.1711014982997394,1.1683105552143245,1.6943234913940488,1.1085110871857307,1.0829137440077181,1.2632706440028705,0.9621094522991986,1.0340149039452806,1.085718577152992,1.4342726852821304,1.3045720430440937,1.09222401817538,1.6913745854397764,1.4170313487956545,1.41376506267498,0.9954718003450915,0.9609546411606872,1.2226523998238128,1.6612090813466405,1.6869719759447825,1.1204344406197702,1.1329765843899304,1.4443506979432736,1.4913606079655917,1.4533714623720273,1.5700427760811346,1.595359914520107,1.310851086057471,1.306259703571697,1.3686145618827044,1.3922253894388852,1.1524968939469775,1.8566025729591007,1.442561538428294,1.4189354369608873,1.4701894933556012,1.5567611114416362,1.7433394019397563,1.3562434365466431,1.137092434295082,1.6638570229831142,1.2466119391978023,0.7948517544278286,1.1642569518408665,1.5093300790297741,0.8984431972977868,1.1411122369834366,1.0725858052075636,0.9005595046132828,1.6582589530738794,1.3144849087384738,1.0786811835996855,1.1888394381997525,1.0609964356730184,1.1336409150480546,1.0830551217370405,1.536472444308652,0.9627494020424071,1.005365425072759,1.3637775050641596,1.1307594620623038,1.0470196134918714,0.8936025002236954,1.1243765691665888,1.155579688724259,0.9079378587556771,1.3265390175198686,1.3648395450253252,1.3991190475244497,1.2145223814486386,1.0965319693697495,1.178459330078554,1.4031890987878852,1.2186395113857682,1.0823029250032195,1.5009462159449534,1.103520216904175,0.9343279644374087,1.272396475788242,1.3644770640666493,1.2781518453975362,1.0624375210486872,1.4882531505530772,1.2493909634856586,1.389535297977923,1.1811282862904453,1.198483926117134,1.146682687719191,1.2605536872096914,1.3076773934434622,1.3515093618228922,1.0948451692329064,1.316793455767749,1.2378416854455547,1.238732730915777,1.3214151205237519,1.1375039563259708,1.2968985926150332,1.0056272026204454,1.1207478868363596,1.305807667678269,0.9851918795207124,1.297930056193142,1.2450610182841402,1.140828003966841,0.9833737027611659,1.2058504310519849,1.4800069472170303,1.349830894503809,1.6746181533857305,1.6278965757320918,1.2216907666946284,1.6454076093966838,1.4470073330804292,1.6588628921882598,1.0645579224421955,1.2244467655129219,1.2095826476953666,1.240346376731218,1.0155426832181313,1.0737777662406938,1.6843055001914091,1.1390765199426256,1.464401396453096,1.228429415568717,1.1355267523090944,1.3423730397902653,1.0799934875943147,1.0385452083449933,1.5062933338129185,0.9010796752411356,1.412594171233972,1.3567769788045805,1.2966384814708545,1.1048316138966765,1.1478439035073649,1.2422312865265912,1.1067730997786898,1.2641680169026546,1.087322273452563,1.0298591324620285,0.9621389587983379,1.1843966052063326,1.56200819712352,1.289349505507569,1.1759044696500607,1.1278286916186278,1.1133618713224025,0.9652301022161903,1.069837234010631,1.3357525229673557,1.497830269326268,1.1823712342052557,1.1880598811811414,1.09439505473155,1.3182448075770496,1.0656788999259619,1.2095769913520722,1.3457212192472192,1.3445372217937703,1.1142653281081292,1.1540413556089466,1.3271181900024172,1.2271947457836436,1.6081855475208535,1.01040143715838,1.3653769741474646,1.4780541918785888,1.2403168990802231,1.093726133744404,1.1930557920140359,1.3089990083425393,1.7566557877308213,1.0948694670175667,1.301190008773551,1.0856245417381534,1.2986079951225244,1.5971382656569664,1.1201900052732183,1.3556204224206578,1.2615533809159312,1.3724204219563316,1.3189614503086486,1.2047481022013953,1.095940046435845,1.0084216345003545,0.9889979451249988,1.286382183019696,1.162931988837837,1.0591043998987328,1.06856752393895,0.9968617677531276,1.204579893562638,1.1503065420501863,1.461589881079196,1.366298010529619,1.151166282616732,1.235540496170394,1.3206328685882844,1.118272268423783,1.185967816769336,1.4544328107843205,0.7051650345999281,1.296356593537917,1.5944588809760507,1.2971599084279923,1.6221793488503886,1.2971489469931794,1.0767287882534518,0.969776283760226,1.7841119737369566,0.9087774756346998,1.5844694076996704,0.9640618298356769,1.153388530920601,1.9130279573593274,1.1787535386711858,0.9794442098529996,1.2620981145495689,1.3774792125211288,1.072717359122364,1.1626688544733805,1.173674510813402,1.238020474264638,1.546696443883453,1.1299658938491182,1.1823550695979486,1.6943139562107652,1.4018619335054412,1.3843121932195819,1.6060119033729139,1.4407947173452258,1.500756605619019,1.374505511307087,1.2502403374815538,1.4248934030725602,0.9181390462214907,1.17074047787805,1.2212792388332885,1.394940143026091,1.2689324485767102,1.3277344677929046,1.2534914145675222,1.2411086211811406,1.1131997041997455,1.1851354011004116,1.2594052776711604,1.2286866706759607,1.3350757929498238,1.2384095723613333,1.6066519354417532,1.3214612343490242,1.3804207351765667,1.1956453526053092,1.2368879684547462,1.2191352435999496,1.6710121430903833,1.1231493615819543,1.0545237136862022,1.0815334521027689,1.415639309490461,1.3750805626397025,1.0879158900632109,0.9666348373982139,1.7557398129643906,1.1190082962551196,1.1264157538285975,1.2256099939402105,1.0921605578831028,1.23690341392339,1.5247114339770484,1.3442620512165886,1.538440960291085,1.134121443671664,1.3049062440934036,1.4693177659224816,1.201281835762689,1.2439171527108988,1.5867855928875887,1.2905276365313723,1.6041292877076654,1.440646811697651,0.9956572792251153,1.9235696716673552,1.2139900941455304,1.094583042398188,1.3211900929531635,1.251289408452973,1.085178684337497,1.0653502999576823,1.3471911554826348,1.2858250615913773,0.9811830323458806,1.1097823432982912,1.0694462451749847,1.2881633852775132,1.276192820366196,1.7285638392909817,1.0410368930105987,0.92205848441661,1.0088247625170723,1.3840861282457095,1.3350109566124688,1.5947384983321902,1.4670111705062663,1.3177359281096228,1.3514195036403542,1.5536069391962843,1.2967231864541162,1.4340065175177548,1.3567399673079696,1.189506051971767,1.3298404174400158,1.5381179433936878,1.3217428475117925,1.9508599230540602,1.4567032906663475,1.2105621752922318,2.22800784180595,1.2235273253642012,1.1408206339400355,1.4404592217034073,1.3697042134785804,1.1550390208717292,1.2732585494332753,1.6811318766916554,1.0879323246804078,1.172754442715754,1.344275514879405,1.0545183168030499,1.1386803491907216,1.189013583152852,1.1881372251478162,1.4142601934177634,0.9121626888332613,1.0842283167913742,1.300377461285632,1.2484580844298083,1.324758661173949,1.3535195990805564,1.2574229670302133,1.4137351049993294,1.3197652370961428,1.2117835960295018,1.4125355217151556,1.3741232799494734,1.2301756440870153,1.4078224136235173,1.1520196418880309,1.2355151823632224,1.34545426016272,1.3615495206521944,1.139288267842512,1.112170378405694,1.028948320578932,1.0405377155732922,1.092664230798081,1.0798795558303764,1.123186449192107,1.138452575233924,1.385000762216283,1.0011958350970076,1.4020016024894886,1.4254067047717858,1.611165764704504,1.0753406578599576,1.4643533004017333,1.1371005776423053,1.0726303446191916,0.8967692101807823,1.307507811988367,1.1885744102142677,1.2348217475054235,1.1011780259489128,1.1872452503021416,1.2357396508762677,1.1603789127786408,1.1434260475107667,1.1335779510059667,0.9223348660461943,1.476708170619795,1.5617778785463414,0.9934551237076231,1.3325139680406517,1.5354236716434693,1.7043850508411156,1.6829130280574047,0.9586888274484887,1.2159071377490425,1.7498211463669313,1.7794568078024082,1.338415255788162,1.4639574339361894,1.3680738635474927,1.6077313385694159,1.062542397006032,1.314816173353638,1.4719329189248398,1.0146655103040705,1.5314651473979373,0.9607883406450964,1.3199056653902212,0.8915315827662754,1.092855990494016,0.6705931960373137,0.910549497805377,0.9475481622215807,1.2804812307551066,1.044793022219804,1.0247761523721866,1.5181705598951725,0.9499034746228743,1.474703812766628,1.2614303880593305,1.3034561082424774,1.229282200824862,1.220856734731292,1.2025644347810318,0.9953378639655558,1.440312677207132,1.3270225897263757,1.5522688954968185,1.2120785806119398,1.1945710899979898,1.3473557805401308,2.6638429670919885,1.3992261259407344,1.4641743230195823,1.4010090938945436,1.510298181839661,1.2186401331738148,1.391325445297233,1.2508217969255024,1.1563848570184199,1.3358963581756038,1.543405433414351,1.1208179516287124,1.4595278696917269,1.2280630286417296,1.2182569571917914,1.0980804508425621,1.1578484840867387,1.457540873527989,1.5358585793301462,1.0333208168888932,1.067591640869236,2.058359692389319,1.0852822986650785,1.2292134418339495,0.9734021797351187,1.4668527953762875,1.1626333236487087,1.1781209205126875,0.9721435904730791,1.034846590535502,1.4593299590861926,1.441832348757536,1.2086049562070056,1.4898226967397925,1.4160098432059574,1.4269479979986954,1.8062318543963614,1.359328700250713,1.2447048670805883,1.1668911186836315,1.409806445372848,1.2964586296857572,1.4100392519554161,1.3599802565337722,1.5131845294775514,1.3852145831049425,2.043406456867215,0.9583134312140827,1.29270316223776,1.234242108600464,1.2899082495817136,0.965662920957809,1.1583424466714938,1.258577976793616,0.7813969496293443,1.1190017876420024,1.199932022140057,1.399457985909003,1.56680273001371,1.6435562677351296,1.1640635555194216,1.2321762787287516,1.1604731051627266,1.4293784020829552,1.0814449856663886,1.0802456821643633,1.2818184200735814,1.3436548166767697,1.612420065578626,1.3070419550296029,1.2273567339084062,1.4580345248256135,2.094963657892558,1.3414433720836438,1.2846895116191115,1.3742964518205052,1.290278611522575,1.4272692726561245,2.0417529517652815,1.2432001953262368,1.0489340879483597,1.6578893976748132,1.2360771717318586,1.8756910650208944,1.5865167254621593,1.214002259822009
66,1.189610891306092,1.336946627496946,1.3590111277159802,1.3361061239052203,1.2284891245588307,1.4733415011325994,1.3043550589687114,1.3001864254127327,1.179343257650944,1.2988912831806947,1.0789097702231825,1.241997406038682,1.1194822821297066,1.879623808165697,1.2147284378567698,1.1969432887908327,1.6093271095720367,1.0678800781734483,1.2719223855170858,1.1831955959754195,1.4752264721469386,1.3853092307146504,1.570609084659399,1.3708832193155023,1.2678976410113088,1.1277742589660185,1.0472051473888386,2.294330737257338,1.0628213548286216,1.6049949905807228,1.1403451278847343,1.1221815719333095,1.1913884357535547,1.180479851302914,1.1152679667041598,1.0485416518662187,1.0924245314380647,1.5513067298406513,1.2003558948062363,1.4679521901914447,1.1138609463054303,1.2229249742355106,1.3639600369886016,1.3714683315799854,1.083790975682807,1.131208227928739,1.1322975951984775,1.0348836529514542,1.1827183905010532,1.472290662148508,1.4021872191939886,1.5459315956243203,1.0059604282167502,1.285378289523893,1.2476515978341822,1.0219309497331166,1.1548451369175319,1.11831155824356,0.7966737913094675,0.969607484857574,1.128147545980163,1.2957078590797386,0.9429288282072601,2.2504799895533396,1.488349477526635,1.4243710020763136,1.359933098047219,1.2383161152174078,1.0499315486068395,1.3020055818061642,1.602085726125867,1.3822870919067016,0.9987070188937969,1.7632228255702853,1.7281717883759715,1.1623136960884575,1.6220961642177554,1.3016289180818867,1.465271037496619,1.1255974806098341,1.20003145432423,1.852284859054571,0.8690943935291835,1.5334315871305328,1.3447867825135509,1.178818312535567,1.1842706215393708,1.018860858751473,1.70227051728168,1.329070530034996,1.5650592055625794,1.6633878168887715,1.4392684108743286,1.4396617638800862,1.0056384721586946,0.9765474712630634,1.1730703705522085,1.0104928976788143,1.3370525309998937,1.3848702508958786,1.2430743544198857,1.209204588700438,0.9448992055769966,1.2510170257289523,1.3600744428622251,1.4130036261357053,1.8919557286031083,1.4569743136830484,1.7575780769403517,1.0986895376981072,1.2492605099757248,1.1020942476247222,1.2516085761255875,1.282877159800233,1.15683779495501,1.165999407265991,1.2402025140887,1.0099443728261313,1.174662938599154,1.354250220902068,1.0698091749327001,0.976715454234512,1.087594477607996,1.1209604271078022,1.3483884782222142,1.3307675054597055,1.0927865533609968,0.08380101914109674,1.8789292629048462,1.371757172092649,1.175990151807876,1.621041584994241,1.0680151493744976,0.8224640629566198,1.2397055150869114,1.1137904297080472,1.1686232178728075,1.3507004964926193,1.0312993811840276,1.4216558322512847,0.9798929705014088,1.244142860438976,1.421267645182723,1.201382904610237,1.013807175806717,1.0758788620029982,1.453154736673402,1.1022392704039703,1.0568021407239179,1.225115578269564,1.789036785505007,0.9648951044379089,1.1894203783207558,1.306702848079802,1.2976018147577333,1.0394367493092356,1.2047148670252077,1.3279662446674194,1.126466415739314,1.109540076626127,1.358476130046629,1.308051937978057,1.4040525998336888,1.0417524199562798,1.5191416468999277,1.811941349061414,1.350711585082573,1.3580000507287782,1.3828023134043135,1.1304038162910413,1.1928534627324017,0.9681859718336236,1.3948716922087436,1.4626395331750974,1.5593520813162756,1.4081538581210042,1.384916183777686,1.182489605471425,1.300754072063122,0.6028429330026356,0.7125566682588576,1.3263699505971605,1.5766578562383977,0.9718739602941595,1.0008379250162411,1.4690595916301987,1.286521516378662,1.3158605016968425,1.186651549511036,1.658539747131002,1.1530639493389578,1.2749563887236037,0.0,0.9768477840520593,1.1927800792389065,1.1589600957505066,1.0938846233271895,1.5442939753221319,1.2125623368790188,1.1020372491900574,1.0702818108823626,0.9974716626855511,1.184056523652631,1.2561283053046453,1.0247999519419666,2.491485004159545,0.9638725435952475,1.1433819373334249,1.344059418447956,1.4760880423695337,1.4832119909810397,1.4589031065261984,1.3018998551389829,1.1800937513542367,1.1943367641795541,1.0011350697975137,1.2055039531687513,1.6740649158211345,1.2660205174072394,1.256159684298717,1.4641827664997404,1.6449381970829953,1.5757980254149972,1.1577334718873462,0.0,0.870854493011228,0.8890747884882324,0.7296008258553247,1.1961703181275745,1.0410077131091289,1.0317963345339678,1.315238321048757,0.9465872809967201,1.7606896940363903,1.3632322890075192,1.1642052486352783,1.4332409337117304,1.1848093284156385,1.6734895452595455,1.3031172037096912,1.1057129534956698,1.573244419892879,0.8801486360423664,1.3014334249483526,1.172896169474647,1.8889062621389527,1.2877299621444829,1.1317799741870087,1.1970762301894475,1.4542774465175559,1.191637743075336,1.2689093845181318,0.9376037113294694,1.3379083837969121,0.8956422885492196,1.181069846443421,0.9560983909835217,1.242348108701391,1.0728802710072425,1.281367442176835,3.1134526551396373,1.0749836476068875,1.01954405261877,1.1422223559549158,1.7020080738647536,1.1046179857534955,1.4329766317317651,0.9877024947318449,1.3444345169192413,0.9552725415470373,1.1323230952267993,1.3787301985362546,1.1615347787446098,1.1646829940980776,1.3551718987726797,0.8803398325870153,1.6123031657656495,1.3198920645002494,0.8338936572277017,1.3803445174017566,1.0077366559056418,0.9713407311105484,1.4024378878588453,1.2717351362657265,1.2167762573006367,1.3867700200478812,1.3774577401062553,1.5159493770087575,1.1851346852806655,1.415156205358862,1.2853860647484008,1.09045677358396,1.240178150944499,0.7797243248949937,1.5174521273398194,1.478593841216453,1.1835540896737822,1.2457680923691186,1.1566878273677512,1.6240770995095004,1.2986069750295075,1.5301730859162896,1.3761465929573338,1.7043024917602434,1.42646467008906,1.3656950200022835,1.0027806745244474,1.2389581852048077,1.4469347556990904,1.0639014422640063,1.23303361459946,1.0374162497516988,1.5046123129600524,1.439405278042078,1.2304546728657777,1.1658292487940733,1.507704769067733,1.5270956105955367,1.4752229929991705,0.858027722220644,1.2768022109596706,1.147020323166842,1.187951833401851,1.5249504289026212,1.0800396877077305,1.7060459412468263,1.0611010719137357,1.2119238951441955,0.9791952306849794,1.5000872406905885,1.1845815757094704,1.3080308418558062,1.1727278958754543,0.8705078577863368,1.8886667754389541,0.9927693665492525,1.2802605884617186,1.1526670341415768,1.2483274572289114,1.3150739256591941,1.5545745896844942,1.2627629422732936,1.1529860098408617,1.5670529911108222,1.7789326011869435,1.083058491693072,1.1635222834609058,1.140241757222278,1.3934685008434133,1.2035630375895359,1.2853651328106352,1.3659952902288426,1.39637663006215,1.1690477719803605,1.3637258617704235,1.2354299025133872,1.2278398640542325,0.8870475107164475,1.2090457091910989,1.5068613421817507,1.4554207363075613,1.1673843289430703,0.9545431054432161,1.4687598390145737,1.2521079296594704,1.4350823910957176,1.0363488299954242,1.1515785007164898,0.9608021214597648,1.776143524617627,1.1258991686798565,1.413188775078011,1.0956093138477383,1.7486579364515178,1.1908548539408972,1.1500605066303273,1.2793986813687426,1.504964520379295,1.1860606909103781,1.489582194438979,2.108535674537294,1.3445961596083946,1.1964441559525447,0.9874018386039285,1.2834250886741487,1.0717007527296654,0.9749499119569651,1.492896735838623,1.0061626287179455,2.420681616274324,1.538603028713528,1.4991588520962855,1.1217990525058084,1.3971395552407868,1.3101686806026227,1.1572900477300403,1.0422994283414329,1.1007392040954178,1.282980304970459,1.5307639403110682,1.1168430498395492,1.347507300795963,1.3761086729887744,1.0742382979613956,1.1799222880101405,1.0410913046263854,1.0895628054968287,1.4968922989195197,1.2369429046596205,1.596052663175894,1.247122125047533,1.1012216363805079,1.3938520925281108,1.5936654836500475,1.297508973301956,1.2598414767503927,0.810420217102745,1.229068067150921,0.9735218895324584,1.1271177336399396,1.5082015588572883,1.1681903719174962,1.324409047847791,1.4710715539344343,1.5686207255933535,1.519222928991361,1.3462134437716404,1.3336724790006422,1.317931662238318,1.5826931480391289,1.0057610472242022,1.133387899123067,1.0476161979489824,1.0599979919828126,1.3782430021696672,1.3881006875831747,1.4144313976494653,1.3226464848627715,1.0469881169445876,1.1461019651929398,1.1709963344983658,1.2280681043477433,0.8628152882540279,1.3664641973615845,1.2693185325599903,1.2776149484226433,1.3569920015229364,1.4236082188989936,1.6191979973216366,1.2394244479400973,1.244225787521943,1.3356326033917194,0.9729480182222556,0.8977493072973041,1.2042270779914475,1.2354974687448963,1.3109397594208345,1.143333429565518,1.146500067170778,0.9269094408033208,1.261127742251313,1.3467176414475979,1.0642961543615623,1.4632034011119517,0.9150222715391026,1.0138635294162122,1.1237007890518942,1.6870162894878455,1.1114022295872528,1.0586939480257163,1.0629568662684945,0.9726577086939692,1.3140046193782144,1.2057108158807337,1.005255962114317,1.0713679862232723,0.9586792813756376,1.225264493022379,1.0214016529729597,1.4994568712263887,1.3448154683048965,0.9973979582081398,1.2745596086428876,1.5110088499504997,1.0790003409389302,1.7297176387798776,1.38816975394216,1.3676863167669129,1.3836065166564904,1.1715128080921058,1.0357452102188422,1.5520785550620735,1.0519181472181913,1.065118916312044,1.2426333915914705,1.0355359999507514,1.0633923286050593,1.2501017868305317,1.5041228413982042,1.359007883855429,0.9989230998716885,1.6849942087878564,1.2675349796455642,1.6008347980820141,1.0750609809033613,0.9208695671403277,1.1865251818633382,1.5400067404158342,1.494458276576005,1.010384517619006,1.102031077540432,1.4211337186973925,1.3808530526880256,1.3454431016712702,1.447992887444052,1.5237481307081262,1.2430575486345772,1.2619668520628022,1.2723260897721105,1.459329126487455,1.2199874844843308,1.6830676018709763,1.2871766859368787,1.4127129328027621,1.3994177741208074,1.5992496035942896,1.6067266934357645,1.4115428349780181,1.117254524818064,1.4687592289930986,1.30231005613141,0.7924574773718711,1.1786313237445167,1.4512737113237626,0.9204580965174046,1.1066043621670554,1.077010942394852,0.8838849146943857,1.7235815643985357,1.2885871880322495,1.0668043303088754,1.1160465726687896,1.0006168251211927,1.116845607363165,0.9345892229369244,1.4656935352029161,0.947056200116088,1.0351698677888403,1.3019532923507682,1.0481886902987252,1.1359360601928334,0.9805981342358083,1.0544382906163716,1.1349761203938677,0.9276091531481709,1.2664451543456783,1.3451907984975733,1.2191328293962034,1.2476461850306753,1.069179265379986,1.1800420323562972,1.3014701666578292,1.3169829469130352,1.0294703281702984,1.7724237596496162,1.120698886347802,1.0653824342887694,1.274589924845035,1.4267409232269554,1.412432054190109,1.0015470933799824,1.4398299705058148,1.2716804514780276,1.4101450654116578,1.1331269167650035,1.203433097472288,1.1496434242691476,1.2493644787187668,1.3845189858418885,1.3041914345853685,1.085484269064957,1.2981172369727034,1.3798596760072597,1.1834924772399105,1.2188859484565238,1.1274904187708406,1.274320690869635,0.9611010385292974,1.1458139270126164,1.3315768248957736,1.0843071545405654,1.4022843234776179,1.1597862636466312,1.1509890059069527,0.9707352917187289,1.2273673211949423,1.4338933007985564,1.4037867316907642,1.4756534731893756,1.5051325565103286,1.14625992343512,1.6659727457557745,1.328054036995372,1.8144785325036905,1.024448245442825,1.2768397906716105,1.2511992488857908,1.3103522698936718,1.0274189136788223,1.0428246483247845,1.5654377349793305,1.0817492561358943,1.4058104145723274,1.3500776120927753,1.179933079715647,1.2246861704107777,1.0669572399883194,0.9760993839146298,1.5852930718572744,0.9340425191144337,1.396317010453498,1.533633977785069,1.2588421380965715,1.1857692875438532,1.0686033894395504,1.1693001853344835,1.15780475852068,1.2323373846416446,1.06292396675305,1.0006871644375752,0.9054492624981627,1.2737889199387156,1.4886318577207922,1.3076021824378672,1.1891467431834415,1.1026267589473129,0.9786779851171339,0.9623861471750955,1.0574802787484818,1.4161836709800932,1.6214769328661922,1.1679694780214978,1.1338850620426033,1.171378763903658,1.4630256369564056,1.0552718198228646,1.1667676355040788,1.3529906777039615,1.5398958142174077,1.1059448448432923,1.1045208622080502,1.3204485140556512,1.1517824330087656,1.7747473724681457,0.9301720577435649,1.3513696643250417,1.4963927128702093,1.1667669724713292,1.0950477094177895,1.0967121998639278,1.3784627168064598,1.6764504848985469,1.1510519994618185,1.2980073426132737,1.0595532603590099,1.2456778807931215,1.4952054018486773,1.2186064884191246,1.5007090209529037,1.2830772397126633,1.4608714984225784,1.2804187024054055,1.214152705034606,0.9837556809082412,1.1125640392419118,0.9900765882094527,1.3231715746506394,1.2354356757944807,1.1735783994642734,1.0673957273933623,0.9367602971627863,1.104068017047337,1.0786595322860395,1.4713444073319828,1.3109418242959876,1.140369084204176,1.1866247110388515,1.50123082872653,1.1517911213745082,1.1294635791906047,1.4426589552411047,0.7074592707553975,1.309825011717512,1.6320483877943945,1.2410648805047895,1.6422089781927378,1.5163600230437198,1.0313471960969771,0.9961045896783824,1.915083756102519,0.9585482800221844,1.4671236717695049,1.0024045618627908,1.2216355302174775,1.8208226568969867,1.1134802270788084,1.0205114684455414,1.290247409523785,1.353196746585194,1.0664402861103306,1.200559194227997,1.2465691053047743,1.2743474506502186,1.6110288293476132,1.1667546860532494,1.0801127101436627,1.5081528841656398,1.528629359506471,1.320665222969387,1.5528951127571111,1.413169949993525,1.44913746657764,1.3041171959377036,1.305528572838349,1.3631347326279757,0.9850583258630858,1.2496206309778795,1.3303874773782778,1.2895632779991422,1.1884249337715782,1.2424831773042024,1.1460482714781768,1.2966690119090833,1.0937236464407358,1.1343334105652163,1.3226078454731685,1.1887615903931579,1.2205352385535715,1.3226257331827609,1.5874103923066953,1.2162595866697183,1.4070618816140352,1.2218002029247457,1.2065520362185742,1.1785324562013646,1.5692136871470037,1.1322263659740734,1.0966934029539153,1.0147879990459379,1.4035938173706313,1.3107490386006273,1.0504531663133267,0.9177964438584114,1.7709109126164977,1.2519905360638348,1.185781649828029,1.2325312473117098,1.1204679263983643,1.2425566009091578,1.5401479069478634,1.3533610762021095,1.4652875860092285,1.1532492752326549,1.3219923231846211,1.2936414503223395,1.3029462479531666,1.095736304059798,1.5747275862924512,1.321415527130187,1.6306264696328356,1.5217988384747518,1.120754587862543,1.9052655232922724,1.1916311166206386,1.0128720530537962,1.2440483014161918,1.213191275041971,1.0722191129422363,1.1033531273858321,1.272637379927692,1.2806262717785981,0.8824048192318981,1.0707944133172325,1.1857812455161307,1.2147484459574738,1.2874139237999858,1.5820947632151277,1.0921923434342617,0.9219611427016245,1.0105318778389873,1.3966588783013856,1.2461920535618172,2.0118261525288466,1.4334228221628238,1.3109218208423232,1.3115497800926021,1.5075357444175088,1.247099904395387,1.2691383307571522,1.4137738361405559,1.170971028407227,1.209552621340581,1.537738894599863,1.2083754223786585,1.8427224519463334,1.428300985071571,1.1649095591530898,2.2515788526800735,1.320002141614006,1.1697690829736704,1.4114080195744834,1.3321816843254928,1.19468882900004,1.3312487070851096,1.598392445947483,1.1244660678259293,1.1021772467583206,1.5243081655559467,0.9694624095838241,1.07868329607861,1.1849879140208879,1.1507285695468255,1.4378034102802495,0.9553403837058407,1.031002037796255,1.2319787936296753,1.3096272493862393,1.4951715290458942,1.3518140493205595,1.3172159032767152,1.5929447458230233,1.303560427609837,1.2466454841965309,1.3548528901054304,1.4108814963872185,1.3679823722985622,1.2900772745368112,1.1165578694566591,1.2085319367962437,1.3613786819099567,1.2554967222768008,1.0826592846002394,1.1279624087647269,1.0358918342669678,1.0369492589271008,1.1420084814248455,1.086058592237662,1.1853206432108074,1.1904258083933659,1.537165802203429,0.9252131666165537,1.3783884249236542,1.393094658950051,1.908159800435378,1.0786323087111578,1.3202719580838511,1.1280805703668542,1.0164622853722893,0.9813578704271472,1.305313799817435,1.1924305925104322,1.2317143939914559,1.0827334451833521,1.238949520313469,1.4179842369503288,1.169200456574663,1.080283283706386,1.109310337053861,0.9001766308871889,1.4681162749534917,1.4869979605644341,1.024049431025255,1.2127416000700306,1.493755299087681,1.735550109100131,1.659995956137975,0.9366056343415816,1.2179831638760081,1.7621720097073492,1.5323117996723168,1.3954781059138532,1.4586318114112962,1.3411336850097642,1.7091436282352366,1.013184843449359,1.289424075331482,1.4761767975750764,1.0239563934715417,1.4447725158185407,0.9690402328832257,1.3794521650743619,1.066450201037835,1.0943262543537569,0.694930064694083,0.9079274141665442,0.9524019961272756,1.2666144847034053,0.9789479930762772,1.0689800971219903,1.4816357891683576,0.9863892675043896,1.4621536468236196,1.315288286855073,1.287985098645578,1.2678925661689742,1.1765453138195427,1.3002278008342443,0.9583399003827963,1.3033725258034536,1.2541275177691278,1.4906055863515886,1.0857359230426855,1.1345256185022374,1.3444177705308449,2.123511574959963,1.243952102553885,1.456153635187238,1.3831193193888351,1.4932111789333644,1.2225343429657554,1.3715233477389857,1.2650723783905098,1.2221443353699804,1.2563494103192683,1.587949298912112,1.1991354417921425,1.462838820388595,1.329577946396156,1.1995529919222936,1.0922695606009998,1.1288013826404948,1.3473627542646374,1.6232978427336304,1.0834190378718382,1.09152740175307,1.9733744325130826,1.0273830844109937,1.2785343051308171,0.9393685608419217,1.221776691703745,1.1414450492332457,1.2690364260046112,0.963194656194748,0.9925650418954753,1.3980158257527755,1.3864486817462058,1.133431150457598,1.4306793747123154,1.313816672385413,1.3597549979644308,2.121263426843559,1.4615777631425368,1.093014539334631,1.093845917960199,1.4139847417930524,1.417808594476217,1.4329265064973211,1.3478334192507255,1.334237207812276,1.217860618097554,1.8446271730649295,0.9365656161276452,1.3736009083664413,1.2320662584478952,1.321399934075297,0.8661329167507158,1.0962693149798557,1.2707737566184059,0.8218708804474737,1.0760228816296866,1.1320816655219912,1.4927346700975033,1.4839062111891244,1.5819091341508482,1.249336924188842,1.2317476634462703,1.1025202821082947,1.322759401783693,1.1741076932292527,1.124236700698627,1.1573041197958998,1.4045496588903728,1.682279086734282,1.293364722653991,1.1305287106828856,1.3656350125637085,2.0605007015998984,1.3509483365364172,1.3577255953114526,1.3188704631053012,1.3094192745804356,1.4823199202917428,1.9956969259186517,1.215832976983098,1.1375456155325818,1.783877130217523,1.2380659916605148,1.7542641769372556,1.507223479806615,1.2147324636038204
67,1.1773796055914099,1.3035555925308973,1.3198748384254841,1.1962988075370635,1.3094930032232468,1.2844941462667796,1.2443535003974562,1.2742246201471548,1.1104695685161468,1.247820056076824,1.081161890791237,1.2508629180319386,1.116777936166421,1.8820041627046429,1.2738251458019176,1.1724735242756852,1.5273666024969654,1.0277562245381684,1.3117009568170779,1.1667194429915713,1.4592232847145272,1.3696354688585912,1.5329175713865635,1.3482869588344004,1.203424366365599,1.1018692178346008,1.1032228589290562,2.13398964176234,1.055178289971265,1.6512138491408883,1.1097812116770673,1.1342193561825906,1.0925431929912592,1.120861027283785,1.1050543112538547,1.010257947080491,1.066041990829838,1.5334952584325305,1.0968774700797397,1.39245572950953,1.0960638233003006,1.2308398630517126,1.264830201265207,1.2389601283397578,1.097020571587507,1.0705862014053975,1.0821807996928439,1.0679116758918474,1.226565382556639,1.1581744662972058,1.481858963791442,1.5336712522970686,0.9620502375896003,1.3682447126614439,1.253205495712554,1.1899438884528628,1.2068235929786206,1.04153685792037,0.8046364599238902,0.9026809557198037,1.1332463443274632,1.225736662012457,0.9990789946311093,2.156909837486025,1.3439259725383152,1.4181780978275016,1.4740862042762657,1.2341215269217696,0.9863062509606899,1.3125985077819384,1.667574351558592,1.312741604738124,0.9342443815481809,1.7606129279085512,1.7567658715067895,1.2308895242493543,1.451782792949511,1.3512227461899118,1.3435660651530612,1.1200275627812621,1.144398616571492,1.7745293076429052,0.8570317858907508,1.5677753607927836,1.3664610549060874,1.2386035048243238,1.09048782197855,0.9405785705694047,1.728704097367725,1.3898570233886816,1.6235419294131819,1.423865058156149,1.3988184901345626,1.4119075685009717,1.027628423389592,0.9938495171134585,1.2159326606683987,1.0385414284604237,1.3373312516868305,1.3535553003567835,1.3172515934400857,1.1040098962510978,0.9865552572904359,1.3105748502088874,1.3468827804666994,1.3741802517091206,1.4587667518457146,1.2289770417996397,1.656113667923572,1.018889484273325,1.2466360668341925,1.0746931563515418,1.2265448438816053,1.2948936903477442,1.1431064051442186,1.2125504220781282,1.2067906172356906,0.9645798795833087,1.1824061988695262,1.341131853309933,1.1643400208658563,0.9694986107003507,1.0937911657179205,1.1116244767466545,1.5079402354445621,1.2207507214833218,1.1002944634001137,0.0,1.6878278450902402,1.2329501928054445,1.1701601013985936,1.4972888122681351,1.1480696010235414,0.8489890332295384,1.2405852566829965,1.1269216898926635,1.1151750626701902,1.2586329803320682,0.9896595601126768,1.4676445681738899,0.9556736464753416,1.1545082645124705,1.45053446163088,1.1260323784374748,1.1308185687880707,1.147815602412406,1.4206224769837543,1.2006672738080424,1.0861488655128753,1.1920138333437953,1.6781083681303732,0.9815699937661118,1.1334080837765521,1.353222433746751,1.2248540504837744,1.0627560858463898,1.170888110192242,1.339091973939948,1.1455064586797263,1.175618135262129,1.2435962983887396,1.1174086970213393,1.4590859727268866,1.0829597302770835,1.3216281494950846,1.693668814243104,1.3252376697206585,1.2660201166956493,1.3595028653051204,1.0463235110640332,1.2082233288506892,1.005806473766719,1.404543296502528,1.4759026814037166,1.4745035351301694,1.5201902954627573,1.1910705275934532,1.1943616882696397,1.283317652499682,0.7644870079723907,0.7338952036536996,1.288194843777465,1.5268325273323518,0.8941788175410159,0.9987029918063464,1.6640936675590186,1.2293873283461694,1.4113810795181208,1.1645073927127578,1.9924635925170628,1.1503693917987667,1.2201976757391884,0.0,1.0707072572882699,1.0664790228511232,1.1000515479799802,1.0780330195860328,1.4298142935926694,1.125564467893269,1.0787809215096589,1.0790490915153355,0.9857485338196738,1.2187314091808474,1.3333993667143538,1.0735107574351244,1.8791604204384056,0.9720040981295122,1.2214558018612698,1.3460036991910849,1.3841128481319118,1.4070173667226302,1.5644657983576327,1.2095139751785304,1.0874301135525306,1.2527406220703392,1.084620238049411,1.2598997243396854,1.6106557967912467,1.1854610537969394,1.3191115355052612,1.3276398897830082,1.5478902226466875,1.5021017293552021,1.0941165443267982,0.0,0.8406338132075017,0.9100667345291,0.7272800843698144,1.238519911932284,1.0684911211698018,0.9631716738779218,1.2801636221648878,0.9389026044336806,1.5968545251477402,1.682057213363448,1.2321674310674344,1.4983545327109016,1.1126943872054418,1.6370421857242914,1.3223558733744465,1.0927513173047405,1.5333460780252968,0.9668678656813727,1.326150253341853,1.0354568918945588,1.8978053034109155,1.3011935748321437,1.1347531408278937,1.1488036178934724,1.3110773957056527,1.2488161175722645,1.4097344433044863,1.0314728808359415,1.278716281041979,0.8933501676496973,1.2030919244208118,0.9137931365499329,1.2976547449855935,1.0324485296821093,1.3103128129533417,2.7158363886044565,1.1532112224161042,1.0334674964382793,1.1529718752815787,1.6573464705709056,1.0806973313126405,1.4603537590680054,0.9771262878354151,1.407719826411415,0.9968753893039798,1.1176990916640572,1.3401108407823972,1.2475939114826793,1.1710186647402379,1.3547561110024064,0.8382286327137818,1.518628749011011,1.3214790701388828,0.7830345749523941,1.429733312809293,1.0325406651218083,0.9987005719098234,1.5578254734085935,1.3167922687485767,1.1916316503782858,1.2826481750360734,1.3958999382521562,1.452132634850182,1.1333504547045707,1.3074586917015794,1.2069115725639434,1.033043992398393,1.2488147353788066,0.877132565614552,1.4305107752056756,1.54456532904464,1.2185015167089006,1.5585630165967146,1.0993458872516193,1.7090713359437695,1.217654796453176,1.483268043152639,1.3293383049292722,1.4731589447915894,1.4339363243086303,1.2684190347511668,0.9942599403923617,1.1723685072888792,1.3684483533178302,1.1614199199005912,1.4345537110080935,1.101851592075532,1.6172190760333762,1.4804206530339314,1.2032594323378936,1.0768139208577001,1.5271017780148497,1.4694214918822928,1.4354665409798684,0.7899851488566854,1.2231117708293504,1.084433650214008,1.1269585119331937,1.4977102369998443,1.0661241232725882,1.7621487088678376,1.0698215383885366,1.2144559938613688,0.9514672772410837,1.3991807557074452,1.1988178929936424,1.3134652035554526,1.262536698929344,0.8784012865612114,1.7202511322584781,0.9470967101089327,1.263128564986658,1.1134114095447278,1.3017271934467045,1.3547372391194434,1.3846609740882336,1.3294958481396817,1.1290588115378766,1.7006344655853818,1.985353576021299,1.0764026111123643,1.108491106103127,1.114744948926555,1.3390130528710955,1.0886373837383223,1.3461492435654814,1.2899181095474197,1.3507931956789676,1.226838643911171,1.3551086023161918,1.1233109335152145,1.2941789961594856,1.117873816219923,1.19283818401232,1.5423111545422339,1.359432852868188,1.2162297499328452,1.0033491542283381,1.4625603930565458,1.1810374221951356,1.3642301428883112,1.0145858008415831,1.1923781915910583,1.0159509063372358,1.6857017391441893,1.1574974263630764,1.3886724895734357,1.071477585389383,1.7633786737503034,1.1992485148578025,1.1923052481386889,1.264003687767699,1.4505712331680636,1.2303423629721832,1.3430321509328038,2.270156931495984,1.3443310320208928,1.2090002522492702,1.0655222998586527,1.3953331598652874,1.1084278181080003,1.0012494567310124,1.5221973294166524,1.0155631018229458,1.9931346039260651,1.4952982480960388,1.4163234514186593,1.195912578048734,1.4153443332378344,1.3271160481154445,1.1940653969261608,1.0397728522210388,1.187134596960178,1.2824989017475041,1.4969981446588427,1.1610419032216406,1.4114449872092834,1.4259841188763056,1.0412739338798096,1.2198240307918595,1.0698769534809038,1.0909692635952937,1.4954137689594946,1.1660518292044029,1.4602139696309049,1.291650900542896,1.088122554467415,1.3752888399044494,1.5474501465578403,1.320022563280275,1.259511455206956,0.9158753960020902,1.2778204306750625,1.0050042908513044,1.0766397531548786,1.573016124647771,1.1797197838882518,1.2720058109571604,1.3998628460566804,1.7473339337760105,1.439267192533185,1.4393753710793646,1.3234605322555772,1.1848970634867777,1.5150737685218685,0.9723820216387031,1.0657560662509156,1.219994194492473,1.0240734404097849,1.3806728139894033,1.28845831694803,1.4219392216974138,1.334528919217818,1.029919451090968,1.1669997933614764,1.1787260363246892,1.199766695939346,0.913485604426112,1.360889721118386,1.2666762230385142,1.2715419422820795,1.9051365587561238,1.4000932735091616,1.5129359868652101,1.228589893864364,1.2746732442785151,1.3938966065507874,0.9539512935260235,0.9402581072357122,1.1631636785971318,1.1988967458903255,1.2808904742488971,1.1069130669244822,1.1654273048733024,0.9295532995891431,1.2256697395009446,1.380028033467274,1.1691117241833666,1.506265135115293,1.0009338380392507,1.016421290713577,1.0441544941279766,1.6977615220146007,1.16198264789795,1.1731463273498166,1.097885333165474,0.94156931877816,1.300673038848689,1.1497951117599712,1.0482241088127198,1.0094696829919247,0.9316077838509885,1.1558941800203963,1.056631309655467,1.4768363243070681,1.3275329196727335,0.9911150507772549,1.2378464464503514,1.4097832416354463,1.1803409355304315,1.6438605420893837,1.385137404306636,1.3058426440669901,1.3686959852756102,1.1630307291935265,0.9679334985154495,1.3886965401553812,1.1025979312502519,1.070393014419159,1.1748495524008216,1.1209859409784002,1.1733504827488797,1.3486740931945524,1.461648016979217,1.3399415410162114,1.00347710631291,1.5440090826842388,1.242556517787698,1.686570766962639,1.142962146809916,1.088329310769668,1.18038054471595,1.5691877985058302,1.4213976114437554,0.9977168343677066,1.1134629028613081,1.4113101499630032,1.2100607676980757,1.263068923351578,1.3162820140821805,1.443952910452024,1.2159552993111984,1.2227069591700659,1.2196226260529253,1.4562926814932478,1.2510781632899768,1.5661561592130604,1.1862843740291267,1.421222801148414,1.2935802588905712,1.5715055950682306,1.5078686563302053,1.44990566349251,1.0546333114298911,1.418417526477465,1.2964539479548614,0.7977935531321376,1.1446647872097513,1.2981201092312307,0.9686882665672721,1.2426280817149442,1.040040791705237,0.8625590692715512,1.7184833322848516,1.180645695175762,1.1079013650396832,1.1137987929623572,0.9935123552838865,1.0937106408623403,0.836814503866443,1.3276519956806716,0.954505598544833,1.0483127975771858,1.2369332526363945,1.0255193676644425,1.1902081826806912,1.045285198158292,0.9648663410339667,1.170630059898142,0.9519079878402473,1.2496606301381852,1.4418317045557194,1.1547684835043075,1.3456519456304712,1.0485123222240054,1.1898928792717618,1.1168279525514717,1.3612527833484334,1.0280121120038912,2.099658109516941,1.1222329325087754,1.1895549964007466,1.3296443113657732,1.5078658048239875,1.4786263649720803,1.0052929354831175,1.4012384872693318,1.2565887723818172,1.397947760859204,1.0799991426977018,1.2141060158487402,1.1375784416260935,1.2899763695365867,1.4244684883166896,1.2203448829410946,1.0925560348807952,1.1486777262134282,1.5766912433120983,1.2250178881287357,1.1339680391449933,1.128357396560196,1.279473659128153,0.9599804583970137,1.2084291201838342,1.3815989023264186,1.1580255115062807,1.2954417769963849,1.058420354598934,1.2219013706960484,0.9787691938911975,1.2517355431016228,1.4547734958356469,1.3766909650740498,1.585673594831459,1.5293011835001427,1.139677195127045,1.6919306639014648,1.3922498646135073,1.922136451029202,1.072614742216925,1.4115332098547002,1.2436577605300574,1.3885264162950102,1.0740403481979737,0.9841337937600678,1.4672813227067847,1.1022984329483347,1.5164841417142434,1.3861928400291748,1.3002162961761474,1.1295329990823646,1.009023267806879,1.1757619300093998,1.6168743961619274,0.9805344134380455,1.3905034587742364,1.6294700297953346,1.325617219481922,1.415944663076945,1.0172515466418997,1.1524000204824538,1.0994554467246325,1.1617829488418074,1.0250533593392974,1.040582089375833,0.9128943828953229,1.271535530036405,1.342117751357825,1.2802100403149232,1.1605245737924355,1.1097388305181624,1.1019823196239162,0.9236978359014796,1.0567309265049074,1.4181918234634798,1.6319879653749052,1.2464779027078288,1.0875796762467405,1.209718300387752,1.5229988017546723,1.1405756024705584,0.9490407127497734,1.3344566111820684,1.6624937483657756,1.1319874300921733,1.0807043255051614,1.3221433808560858,1.1102291335508205,1.8550186254036314,0.8740659689069186,1.2596332707823201,1.5182009185423668,1.1490836004828302,1.153037231943236,1.0696387033503552,1.3715516328604385,1.6183468890697195,1.1973417643327828,1.3068076174155077,1.0219406911348963,1.1282931899562376,1.358387827989935,1.234363370062724,1.4914453556082572,1.235885297786354,1.4142899516928462,1.2785104727625576,1.2709228751388457,0.9670991435682748,1.151560514576683,1.0646778608295202,1.3332077857382252,1.3405637305540739,1.3301612688292463,1.1335821422891443,0.9227800772583723,1.0503726161148879,1.0416048190462164,1.4477752311518717,1.2456399316602949,1.1251109903886254,1.1243025689229338,1.5263685442828283,1.1885446039436849,1.1266777596261601,1.3383529373538958,0.8422992439471393,1.2760225377408045,1.5290669368073373,1.175472087681993,1.5293740074573063,1.6782082085236723,1.0335066748491148,1.0987049182174748,2.0475376897743383,0.999475023332674,1.373553422386541,1.0855033625432688,1.3593393841321117,1.7348704598851696,1.0198250358576235,1.075718077759097,1.2816588766082622,1.294909686699858,1.0812971783146357,1.241788303804703,1.2684786669171364,1.3689444926337213,1.81361802615907,1.2312875012910713,1.0639934690705832,1.2887976923901674,1.557493881585442,1.3122154720529822,1.57175849720974,1.502874624947054,1.2918909127892575,1.2798241862162398,1.2304380383087756,1.1430857712610814,1.1049715698263376,1.250746519364888,1.331089590137923,1.2393944492591646,1.0690276749423673,1.262669891818901,1.1663117398668645,1.2570611330544206,1.0750429125869525,1.0567383890400142,1.4156752553929948,1.1888180844748437,1.11478314678331,1.3584299398415107,1.5048272820925659,1.186531443188921,1.4048925541501316,1.214632588953406,1.1548800023529453,1.154199646972505,1.6042212556521327,1.2740882186609683,1.1503906396452281,1.0194884854115296,1.3211489902996028,1.177615973188245,1.1457389630890629,0.9354680593116489,1.796334950035757,1.3835726999425726,1.291163325209089,1.194497782347945,1.158498900894128,1.2849652013068866,1.5170299652448684,1.2943832682779959,1.4740460127713477,1.1232904359901612,1.2268233086094162,1.2355000548463067,1.2834042079314152,0.9843664191055066,1.6050323768459334,1.3203767347487636,1.570264506191752,1.55031574039728,1.1969263834513186,1.9038976679515955,1.1415485048257872,1.0117541832205377,1.1450279313674185,1.2127070855374738,1.0839184790237884,1.1221432244993714,1.1914340170572397,1.204067676286651,0.7923872720670706,1.049704165488647,1.2887257619121515,1.1895293135315896,1.257223417321112,1.4445042064610725,1.0776078947459071,0.8919627040172123,1.0472307054204844,1.2952243133268635,1.1940446960970361,2.306614131148062,1.4161079338775635,1.3470847706770732,1.2623086242831385,1.5158067077683441,1.1934098468322358,1.2908182355866578,1.4406913247964512,1.153275166197993,1.1377514909480972,1.4731088227726912,1.1345761057208932,1.638259497854671,1.3823815943102433,1.1149580759752649,2.413757015067091,1.4923628948926186,1.180822674813573,1.3890117837518916,1.2555850368828019,1.2185340267713183,1.4156362538672305,1.4874941498886272,1.2105265307616917,1.0322344830308845,1.642907995514318,0.9206842045507372,1.0418354949356528,1.3240993973204613,1.066413262217614,1.3629273246923845,0.9553125831754461,0.9799424639973376,1.1527873920615874,1.2676515449639196,1.5796679740932773,1.349365467051805,1.2937028532300254,1.8047402680303217,1.250157391921618,1.2586368445005074,1.2858078828697979,1.3775564404426905,1.3921845615064694,1.1502414491339215,1.060917244117296,1.208728917768746,1.3608792107244654,1.298600788421079,0.9926866593862499,1.149263686002175,1.060534508140221,1.0303471137497417,1.1434364862798314,1.0415353422853668,1.305536257741396,1.1745224640665284,1.829850286897711,0.8568283227900703,1.426511259099644,1.295988176036872,1.8766122129436507,1.0812953555799554,1.2269703766748221,1.1471951997510277,0.9738769668018701,1.028547033749641,1.338810077339423,1.2361325568809831,1.168998313652943,1.0689703170785312,1.256233555349067,1.4939490117692789,1.140310649768392,1.0885711423829916,1.0922923770170196,0.894601794431553,1.568066849114528,1.3920492382674758,1.018036437167329,1.2210639521328814,1.463747414289045,1.741070937004181,1.5489640220013716,0.9906599014051746,1.269960990498015,1.7587332710599377,1.3899237813205725,1.4412237619044523,1.3876013223585055,1.2921969451661628,1.7082888888280605,0.9709320773466386,1.3188735554557058,1.6830011568300143,1.0513220414133546,1.3742927820733897,1.0450750603457424,1.3169260265555123,1.0934934358318362,1.0955185481226632,0.7377333369099763,0.918893783993138,0.9918075274497948,1.2185966789092784,0.9542937232819751,1.0929473854516947,1.435121038908334,1.083894904249369,1.4862533698520266,1.3870093734119664,1.2269318365707367,1.2926036484426837,1.1466778650483307,1.3655640979345764,0.9356169591647662,1.2644319706071956,1.1481028390526216,1.4352944666099714,1.0816381616879875,1.2124715409255389,1.3685014427275686,1.6512105121292489,1.1656035033546779,1.379401008111941,1.2127617302191664,1.5286769295105973,1.18414764461261,1.3636152860170476,1.2279202409617935,1.242257030021822,1.2729788458177742,1.5927352230281184,1.1985975652943512,1.4786589605477767,1.3859461607388839,1.279823233068936,1.1397448260973615,1.1856687580914973,1.200009048566188,1.5155201447078315,1.073075105027091,1.0926748320148016,1.8101194788574653,1.0761197070977153,1.368061592002256,0.9396858074590044,1.0666364140077553,1.151926754160642,1.2740434326493073,0.9899382039791118,1.0384606556688907,1.4434413414455243,1.298216584885164,1.047728759696736,1.3750546688335472,1.1904040490581291,1.3400180918719244,2.1988448986663,1.6113868038288803,1.0125242389399343,1.0113285025684928,1.4010542352225641,1.5881726983549216,1.435381663364864,1.2885941912129406,1.3997287700337004,1.149420963405108,1.6513827605138514,0.9073405712537129,1.3341536473607205,1.1939715443833676,1.3215617351689546,0.8707479592496445,1.0253264889484173,1.2888449772284254,0.9259900277884491,1.1994689580773037,1.0335360891662657,1.4468347717401784,1.3742594824996386,1.5332081536503601,1.3046052465867317,1.322681007897903,1.095610629123789,1.2587978124852932,1.1875937767087816,1.1037753774734909,1.0793135884934888,1.3814342943225129,1.540840164033511,1.2420052220220597,1.0695885000792766,1.3104055279891806,1.771892424721375,1.3185764935822955,1.4400054500559485,1.2471084852179817,1.2491388443262945,1.5488304983492447,1.7949460165000395,1.1980241312430762,1.2615620163567376,1.857022883870134,1.1948256030058646,1.5241693485958003,1.4579081321006082,1.1951044955026668
68,1.1147015737724242,1.284778300515143,1.2134382404384643,1.1171309072072308,1.3154109668042653,1.311895501855969,1.2229077170675144,1.2590173784076497,1.0801311152853876,1.2128156058326163,1.1558505714800429,1.2194534493823506,1.1214479414562315,1.785388059111177,1.3454554039301427,1.1269948929120277,1.4206634186055793,1.0421089245615478,1.328996655051117,1.1362834688090113,1.4534672745536574,1.2520460903428237,1.4504089452276672,1.3497618381628036,1.1290723997034193,1.0881000471915927,1.256326289906804,1.930402262783917,1.037816294810064,1.6559825844582423,1.0942281372630769,1.1673812407250959,1.0903745488390337,1.1057646116642077,1.0925876554256433,0.9720521267267387,1.0064616427699713,1.5544263399148333,1.01332733954685,1.274907689678324,1.1840487770585035,1.178788181742353,1.1818518283518242,1.1645255359859943,1.1167808747984442,1.0799425434993775,1.1573018118968874,1.0917813245780807,1.2769719433470015,1.0115597497359696,1.4927148045635321,1.5203220777128126,0.9778410560732014,1.3512069380667828,1.2851196796900897,1.3370638313287646,1.2396147341338075,0.9501177409622834,0.8494378077024743,0.905989939637514,1.1349753749002385,1.2069347596123634,1.0314985148114082,1.9564073457138054,1.2997213862162518,1.3842384141760509,1.5018872886180372,1.2233250320959184,0.9910164229568361,1.2995441175057891,1.6440141981011855,1.2600269722764132,0.9537423983855711,1.8235032614642637,1.778380682543713,1.2578666620395111,1.4239575070435166,1.3702973370984788,1.2804193517357874,1.2527202027382742,1.121979275989423,1.6804183458006074,0.8663567642496789,1.5644465769297495,1.3194100257054497,1.2826757483310554,0.9962159198024904,0.8425174354311922,1.6448111364252205,1.4519044172688418,1.6353824643792338,1.197253896945815,1.3295431350526483,1.3713527329419029,1.0585585685099792,1.0495657388539599,1.2313663655191471,1.0661124342948336,1.3573354191147022,1.3737319485468569,1.4010421610786634,1.0322753453502718,0.9787093548691257,1.3147281403248507,1.1372685768907393,1.2721296316809891,1.2778632606301394,1.0620973362225066,1.57642828660037,1.0478258746045679,1.201407725082467,0.9911106694579062,1.1864386573354258,1.411170434210347,1.1718060155506906,1.2213660215635382,1.1551837058676306,0.8998736218278665,1.1533037655392449,1.3475036045099689,1.1253049847656058,0.9789582835784787,1.0647380283819294,1.109797178011869,1.5801386395111217,1.099242682044931,1.0783228857978746,0.09776785333680715,1.5800684110692036,1.0603878297542217,1.125540159783614,1.431786761286285,1.1658121044753442,0.8322191455177584,1.2377494707976484,1.1467379397481845,1.0255605356907096,1.2088350135082848,0.9821124790101691,1.4334379486032018,0.9733495703456725,1.1475803950816121,1.4444788350962035,1.106190009006949,1.2517473081470238,1.1820273496906066,1.2893210423486559,1.3036979227955523,1.1064586043201723,1.1531715100043793,1.6108191130839757,1.0300127772337142,1.1889217970858754,1.2885808384433737,1.0828125676253857,1.05026042339253,1.1890649988009216,1.239733618322221,1.1143760564049665,1.2167908452182234,1.2152857208751275,1.1076986827310484,1.4799600124718797,1.092724685974908,1.2638591050240922,1.4980134239774565,1.2766391449856882,1.1821883584632604,1.36750600403865,1.011440173157995,1.1842646369209477,1.028908694043597,1.4199300044559575,1.463363784861873,1.3604524858145544,1.6123818986592615,1.0490576351350247,1.192216782384866,1.1977325768394365,0.9308569866106003,0.7711880212111858,1.198835779687989,1.4994878619248573,0.8862644623940651,0.9890913377848021,1.712534881499468,1.285339615149177,1.3885125922587012,1.1202846110216038,2.1251334098744428,1.1705602950522507,1.1643770414925025,0.0,1.1823701737269001,0.9688543717018419,1.031839058687519,1.0740230648700206,1.3471918683593667,1.0722628843532203,1.0732285112206075,1.1829888944351068,0.9655031960198808,1.2205050786868639,1.3166120821122829,1.131525415325909,1.5171687791202344,1.0776445212041015,1.2415729154030826,1.4188294572930265,1.2500897780961542,1.312126708751598,1.5327761545061034,1.1718179236614281,1.0340695591705138,1.2885871467119383,1.065511439318998,1.2699828871494019,1.430002967953634,1.0836143682132002,1.4328466625685614,1.2329628896023483,1.4018108733968542,1.4762987147518905,1.025652076263091,0.0,0.8693642090488259,0.9045005275855449,0.857328800976241,1.2614541523733667,1.123273831685792,0.9586760387662006,1.2654314348658762,0.9409374103853704,1.384229235178794,1.6577542967542578,1.1759620313803891,1.497288558737973,1.064147782569227,1.5087522527784878,1.3310550111568764,1.0955481255149184,1.5324906005495627,1.0849645441664784,1.2975178621430512,0.9171496936664751,1.7921016135468701,1.3859028481373872,1.1626386410521445,1.2079372853896468,1.0914646181650531,1.352084418806617,1.3539959758266575,1.1029214090384847,1.2875000721089704,0.9012977126530491,1.200212385798422,0.9552540185971248,1.406750806950872,1.0400627540759535,1.3220472075973335,1.8073061757855653,1.1491280800380035,1.0746549882629712,1.0877833357409472,1.5981478955081554,1.0979057328712623,1.4500169787306292,1.047327710053206,1.454536013342655,1.0179655204070266,1.0892935997209727,1.3534117457823536,1.309106548955665,1.2309741011748294,1.4383072704491284,0.8475678110401077,1.5148544146391223,1.2992244543192522,0.7895035600395882,1.3661362519046834,1.094522592300049,1.0725769636778693,1.8243391185016449,1.3597133934277013,1.1860021869918094,1.2306598858855273,1.2996499196604563,1.415912944842895,1.117588176750178,1.1771447436357658,1.216412794111473,0.9459087637624908,1.296716351823434,1.7450912365819942,1.4133235931758523,1.5819549612607628,1.1840518150032608,2.1143377344780063,1.017147588818228,1.622499314636668,1.2211863639431144,1.343238902076669,1.3876997780778486,1.2961916324233695,1.4855966156714815,1.2037994737142086,1.0746743055048698,1.1393095183169775,1.3138009442260996,1.1462098938941547,1.5170824087746118,1.2325571676019895,1.7220979428342968,1.4400186078395498,1.1862658236021517,1.0305708274027339,1.4670579696634585,1.4119457386113357,1.344361546090863,0.7945832938676691,1.2260743984067348,1.0689344004506791,1.0925877531008765,1.4337147587852999,1.0992529837169898,1.8345466486277777,1.0875043677282572,1.2109851205743065,0.9730484331744328,1.372395885228885,1.2140084052100217,1.2963580906549854,1.3047485885818697,0.8943196040602809,1.5946449137461278,0.928961609785044,1.2288484214797384,1.1410328816795074,1.4595635884416607,1.2645492789724933,1.244502235966367,1.465254985767519,1.1398596857146017,1.6633618242768489,1.9082104380535616,1.059084047909839,1.1103936143527773,1.0785594553610056,1.1833099686208495,1.1416376308273155,1.2773487531228573,1.2672960685507393,1.285446887466251,1.171269237858466,1.3035347394452725,1.0776968263260893,1.3095549499279218,1.2284470211653105,1.1223562975933723,1.5118529174157622,1.3425779946632959,1.2383198555317878,1.044440962086042,1.43752065133379,1.143435122532165,1.5029250312326068,1.0416737358884411,1.1963166975567672,1.0824261316850028,1.6146086039536136,1.1644440429165457,1.4038400958262476,1.1193751157943255,1.627767200151043,1.1344292507520537,1.2298175873785628,1.273746765710703,1.4258712338386306,1.2853539161413559,1.271479905909787,2.281857973215642,1.2746489757438157,1.1819470073700862,1.0636820398760045,1.6403042451210177,1.0610680314770506,0.9779872444364657,1.580542033825119,1.0226631335729723,1.477027494312538,1.4595991184650505,1.3172319125922858,1.3105631048205661,1.3869610923051954,1.3304596122935535,1.221859184274757,1.0229420367336957,1.1866197622327548,1.2753086764088302,1.5023721825537486,1.2566247557163979,1.5260310481733157,1.358912637020475,1.0128421337166684,1.2794216678289687,1.1660832775575285,1.062338840938319,1.4008900494166219,1.2722228296640217,1.2957435570256128,1.3545648365913028,1.0634841109886728,1.3358443560312034,1.4555262577961638,1.3810413198894866,1.3047942603798268,1.1190066231057443,1.2591152332651165,1.0428725162935237,1.0641440747558322,1.4953735775722938,1.2244827418261715,1.1967582162697685,1.3552078685357498,1.7832818038601794,1.5022313359758181,1.5825224963486217,1.2661955543489785,1.0698142788239826,1.4294671418424985,0.9222457530209174,1.073288222572638,1.398202321149435,0.9734077650343088,1.2978920046736218,1.2317408443696696,1.4899085812253618,1.5013940515288358,1.0322507302697388,1.1593750341077982,1.1257741118299922,1.1695727003519547,0.9502019003076373,1.3634439196846198,1.2260175381283496,1.3758590061231075,2.0204474582330434,1.3317404428882007,1.3866513738394728,1.184899429015605,1.2077100775085305,1.45769809874961,0.9499521653191894,0.9619941841593347,1.1032394201380114,1.1918126611843334,1.2256284898837286,1.1406680127987099,1.2106638750769658,1.062520736709153,1.2189799041458338,1.3307471783540272,1.264713220399323,1.5036756953797883,1.0595439784006648,1.049787899284854,0.9614327787052819,1.6941841300703953,1.2584934078504788,1.3275822690206276,1.0505233874466242,0.975164787783706,1.2583425573951543,1.1575716275094907,1.0731949270492123,0.9608964296284294,1.015633861539283,1.096805922014796,1.0724975002403192,1.4484803548360494,1.2245381353801177,1.039282385725406,1.209578808889822,1.3136197395731757,1.2423686027506469,1.5841965158848088,1.3848914513562918,1.2273809546572643,1.3624131199891103,1.1680020295747895,1.0119674128289984,1.2753568760510978,1.1695451396769605,1.0627062299299406,1.1460699580396208,1.126880288566205,1.2596543558041127,1.3988032013583467,1.337648787429215,1.2840884358036249,1.074186785251203,1.3895220347749688,1.2731311161175296,1.6615224572884597,1.193764255398433,1.2620843015439123,1.1491990082915875,1.7237604454003868,1.38640937947445,1.0678154615123268,1.1496164273661533,1.4302156508301989,1.164337708257233,1.199638636059606,1.2626375662005187,1.385192044237036,1.2103981234465033,1.1709127407982538,1.174198786889936,1.4106014723626807,1.3114303064225212,1.4664172483704578,1.1611968020285754,1.467913111847639,1.2188013907830404,1.4629177421159645,1.5735278176346372,1.4574953790996217,1.0370361746493315,1.4438161361015542,1.2145276381199008,0.8314893449715071,1.1100285582750358,1.1067496080647294,0.9906404801368939,1.3907720715276972,0.964153861801057,0.8315011007566149,1.6101419321134474,1.079856232190347,1.1834217430452296,1.1674688780518336,1.0429153538496898,1.1496961826345364,0.9014267364065313,1.2280177897790603,0.9467494205636034,1.0690509377610213,1.1771175432033987,1.0136686275010454,1.2073273933679927,1.0182580203618203,0.8991782562584376,1.1950778335028123,0.9463948573515009,1.2004973128631737,1.5161978925316983,1.2428858402725127,1.3737791755347502,1.0570245950911943,1.1722651658598258,0.9552720657785044,1.3266030890292702,1.088251813592914,2.2396233281885527,1.1385899519529754,1.1920619251831455,1.4067600352298542,1.5852942260317624,1.4886853695258506,1.026669696272047,1.4629089470839696,1.288266460780851,1.3960989140087627,1.0301411961436011,1.2074873129716428,1.1115438958239627,1.3376753304367568,1.3701171830721854,1.1569450562456534,1.13127408702149,1.0899056557626343,1.7187441166664412,1.3021975188771964,1.1400934698948955,1.1161428324569018,1.310442882443052,0.9534719934773912,1.2972896984552564,1.4034171449945032,1.1916253063303204,1.2184943914965347,1.0291486978410684,1.2592856128976204,0.9935782836209707,1.2812506412833677,1.4955684295684797,1.2648964835926972,1.7392237351992326,1.6196639244029554,1.1929113253768535,1.6384470810782426,1.5165963974919563,1.8457984134592231,1.1750442525355933,1.5333026985560925,1.2345995425096064,1.472216730935523,1.0907784326508807,0.9912197115661644,1.4318183202175538,1.2057711366780617,1.5693731605709393,1.286343530989746,1.3987248171189015,1.1056331097092769,0.9496914743832529,1.4944307916073902,1.5409893381120272,1.0048013573799455,1.3773089036346886,1.5809647000091567,1.414407410395472,1.5823852559246352,1.0229401749426394,1.1796971204479272,1.0552674220528542,1.1329554864386684,0.9589710128144165,1.0878360479669533,0.9648500179925075,1.156879495465132,1.2943893113564482,1.2545167963721784,1.088269097275981,1.1337099856465107,1.330920447977207,0.9057509150638583,1.06942869345005,1.3430297075185333,1.561275448081456,1.3475280774361718,1.0700545551016474,1.1968764477916554,1.5061637279837308,1.2056826934191038,0.7785573555721196,1.3028374969963123,1.7063997772625692,1.166110432216228,1.1408383962957258,1.367877485894755,1.1258522231905546,1.8392706684934896,0.9119241166095812,1.1531683375052557,1.5075922082124191,1.239352459461208,1.1469485751972233,1.091372856360224,1.3026816509425672,1.5908743355602346,1.2677821602061674,1.3690579806669678,0.9830202295754128,1.0351647565040625,1.3170930292114387,1.1784919379541703,1.3216133016576372,1.1901958119987404,1.3573387366152088,1.246368727504914,1.2838963244139878,1.0454454994480837,1.084245309750618,1.1102523009641663,1.376552388748688,1.429141709424109,1.3526746900710673,1.1452663409023232,0.970297369794044,1.0435161870810266,1.0729729049400778,1.4190585548539927,1.223472906959067,1.1179062532119328,1.082865976700104,1.4542398881181984,1.2553484351956308,1.113369868296076,1.3413193475753773,0.9978620455729053,1.239760853218978,1.4129943405920975,1.151067295040661,1.4503528625603117,1.680885409606955,1.0403811047263163,1.2082602177779878,2.1868868636876213,0.9924411828039539,1.3827503874975366,1.15821299154411,1.3748876082439039,1.6825138517479663,0.9594567095512038,1.052207466850307,1.2128836691644331,1.2258599361484857,1.1092891020217923,1.2796450943434488,1.2296178451177453,1.381541245704435,1.9516212006046647,1.22022298127364,1.0879598813152809,1.0979930073427817,1.4608313290287889,1.3093729589014265,1.615128245787109,1.5893151830635366,1.2523068096140875,1.2812112117653345,1.1071732115709139,1.094019717533571,1.157449315873005,1.2095176008605693,1.2159965926674605,1.3139639214735008,0.992083917344055,1.2738648714112908,1.1726103610879242,1.1882100403566145,1.0833314250390558,1.0076463309457768,1.4843016885123634,1.2401043226101165,1.0439569942586384,1.3342414494176273,1.4645786493653856,1.2938571939296644,1.4131296880972772,1.1500147656037025,1.0800499169455564,1.1390320785834298,1.6447054931698566,1.4742093107131182,1.160049625680528,1.061469827451507,1.2615628534155112,1.0853490495889888,1.1176927012791482,1.0247635120754641,1.8314336010530474,1.3836518180549064,1.3950768115536238,1.161019413750099,1.2364107974577505,1.2777035645905017,1.4840351191279388,1.2425134381250065,1.4669159402643837,1.0827587022682186,1.1443455171125398,1.2766377680039205,1.240604173847287,0.9518308481619786,1.5899805077814233,1.327527467822953,1.4086362633105252,1.4463547869980364,1.1195270241049462,1.9274902882536213,1.177103853085482,1.136359203381711,1.1761854488818915,1.223786237613852,1.113001659243428,1.116789538553664,1.1880529808373437,1.2058985688870854,0.7880695575183864,1.0504322226502794,1.2904636693649034,1.2330655199379814,1.2100222287559204,1.3419325968896305,1.0210638557445282,0.869413940510735,1.0317154775184572,1.1876602100274984,1.1824223420569522,2.3768660406007305,1.4128266047033848,1.3982699598379353,1.1949775401372056,1.6100238643539369,1.1881063392112632,1.4129943692354423,1.4129751242235895,1.0952567037338015,1.114315758770018,1.3526776910312783,1.1593261344307413,1.4582827511716006,1.3013536329892197,1.136486840096028,2.5772989915340556,1.6127202758100307,1.1571819603844171,1.3501502325615689,1.2269927552956172,1.2304794282583256,1.3762916280221706,1.4559351147162567,1.2779979705181055,1.0185821226442366,1.5498690762181757,0.9204435373452804,1.0899320741921166,1.363540366275637,1.0631980359489868,1.2997405921860667,0.9322769270531885,0.9783705278159008,1.1005653344669686,1.2140623203757084,1.5384718195100058,1.3291570590153048,1.291034806923081,1.768844888869865,1.2552912210655616,1.248873554464598,1.199263606281917,1.28517192208939,1.2987223052704915,1.144822382205471,1.0366222528795455,1.283884331053756,1.4039967931750064,1.3738657706473478,0.9500568796814888,1.1134306364713922,1.0513029952932897,1.0124131907739937,1.0445961556012429,0.9523172346399822,1.314608422354412,1.07922405280569,1.9601816548549365,0.8240691584293847,1.6334153260969961,1.2039103628992067,1.750094183501258,1.0629097335120634,1.1789734433712749,1.2296884448863903,0.9793998792383463,1.018988961632287,1.3452037383519209,1.3080352792689367,1.0921858082584026,1.0415257846188002,1.1933060006087222,1.4987299870260262,1.07773817527834,1.1182678547536156,1.0572611499248765,0.9316137221382284,1.6610373562249985,1.3187041596958633,0.975835331353529,1.3578867840374995,1.4716330182866741,1.790432782141075,1.408760526679609,1.0320384229400106,1.3687178896144911,1.6629434714545024,1.3266169814819482,1.4474611409439486,1.2771037491930861,1.2340965182326096,1.6130946622627496,1.0155425767350725,1.3108007225882923,1.8487174997530402,1.1095225472130992,1.308489789916931,1.1534815280340256,1.2730492704343046,1.0096073655024052,1.1420136686006044,0.8211560868896363,0.9965271396560285,1.0131369793346743,1.1806495503379881,0.9952852032725625,1.0855276277942136,1.3950702186009938,1.2523040714955835,1.4984330641338066,1.4673861719436214,1.1659800379309258,1.3003571904072193,1.1732931089919783,1.3168456443215524,0.9845186266925212,1.2745214116410004,1.0619131145142024,1.3839611838982162,1.2174957095864403,1.2649623479498229,1.3307446005122423,2.107897891874705,1.1377743857295246,1.38335693049544,0.9700117990017341,1.4865933533324744,1.125708611778752,1.2824956136567267,1.148565083273235,1.2242246912877983,1.3153632181066164,1.5256780954501603,1.15818292396812,1.4572957659137775,1.327677021523183,1.3272599774582252,1.2336137959369444,1.232691607215698,1.137013483717653,1.3830041709932819,1.0386323073608148,1.1131274003859308,1.7756462710089314,1.153054264690437,1.4622230825135643,0.9825049988466998,1.0766378107456402,1.152858314442553,1.198812268105073,1.005759677407203,1.1651030246253218,1.438488916861334,1.1661362373964301,0.9740137043896513,1.3538473762252898,1.139291923889425,1.3278966776217551,1.9196672038893567,1.6856848972268574,0.9909613285929973,1.0008822347140152,1.4263228685424019,1.6156085282552657,1.4099940890772267,1.2313051093036895,1.6078392924846798,1.1601513542649056,1.500075730577818,0.9333392729080767,1.2100285176709986,1.1879834180373319,1.2412715417914795,0.9511343871375182,0.9864238946983069,1.2796915205605006,0.9906358956395409,1.4325666773290207,0.9957732133051408,1.2763265263373165,1.2768188863395125,1.4584614202361883,1.2727606859275884,1.4637504467977305,1.1066883336212192,1.3264897448012927,1.133147586317454,1.1434293152025528,1.1330620328772874,1.355793067091974,1.3167181050364327,1.215079805104196,1.0324734197796595,1.2986741115635987,1.4952310619026092,1.2923978045482898,1.4627872299152238,1.2180253743384137,1.1766041488276575,1.6442037416698843,1.6301117591055991,1.1856622706446238,1.2666882725375168,1.8529720286645621,1.148784686853551,1.4421698055133403,1.5113804826259682,1.2685271625281342
69,1.040431468148889,1.2781469842731146,1.1658459973302757,1.120612020344984,1.2082578727819056,1.4764803160092583,1.1825589754073282,1.3148672678497162,1.047865906196442,1.1724662786260542,1.2359705545230462,1.172446503747175,1.1423827289900579,1.6541328088348115,1.416544183083392,1.1421857907584338,1.3655053030581135,1.0370616976749059,1.2983824892209614,1.1908181112020313,1.4365944957340298,1.261968609591312,1.4145004880323166,1.3043838612111678,1.1447199720938093,1.0428449538064648,1.4481334062165199,1.8299050594770767,1.0485794235242172,1.5445185338938816,1.086113299509789,1.1829540175130475,1.1989640362085354,1.1549243499001052,1.1044959617577026,0.9394528552962438,0.948761034066114,1.5795301538057032,0.990103882217617,1.1513085077821434,1.3356230601383623,1.0944034741285837,1.1827752935254394,1.1611680893769332,1.0902363345683115,1.1507484819093152,1.3361242924824288,1.0649825840053717,1.2643117814931604,1.0212490293034406,1.4357209597165737,1.523285333046699,1.0797228410812545,1.30712902600625,1.3224769783054877,1.2622751061093935,1.2076774673334965,0.9374758654744624,0.8481886888765913,0.9614759551487929,1.1207527643127837,1.2047033391844335,1.0007586775568171,1.7520299926557894,1.406500280723874,1.3534851101236363,1.3395063969623406,1.2992397443540837,1.0394624333346345,1.303347752688789,1.596729318036594,1.1987393392174903,1.07461948205155,1.8576139310505346,1.7695577064393642,1.32635781167218,1.553533650575667,1.320399588501631,1.363213660212075,1.3926470216793192,1.1327186228874537,1.5529991260838432,0.9070493134224868,1.4846845236508606,1.2767899787572912,1.2269511492144487,0.9317615974961545,0.7778513411918335,1.4470594262820373,1.4625056664719198,1.5418843151710333,1.0551407258517733,1.2453686632404413,1.4017149705435576,1.0635603361979278,1.0903211161883664,1.2334542929606447,1.0202608545580072,1.3801355306427832,1.4504514196419183,1.4096183657507906,0.973997822936904,0.9850317926529312,1.288154885851189,0.9177058029909807,1.177810161258538,1.2655365600566455,1.0782001908969063,1.5246481645925403,1.1103068987402547,1.1942276339453306,0.9166067348061868,1.1516582243636586,1.4641790356651525,1.1818486423945824,1.2003651073822836,1.1069476178395148,0.8799276877872115,1.1272158968510544,1.332286794041369,1.076435429445567,1.0327001445786443,1.0011165601317633,1.151255305554089,1.55285504843639,1.0275249670783657,0.9830960426141518,0.3910714133472286,1.5770920930418804,1.0204344550543465,1.0599486148726303,1.3937449022809434,1.166189657383939,0.763285530975126,1.180285022174792,1.1838858602326958,0.9462616251092968,1.2046608412694737,0.992005349327596,1.3662468626441047,1.0171275559982345,1.1672388396491258,1.4211417625375042,1.1752941479578949,1.2787492453018388,1.1451072674732132,1.2862232196072103,1.3360597854907217,1.0866022771673793,1.10309700479777,1.6500146345558673,1.0490667013839818,1.252069267348764,1.1574101602095113,1.0048583619048108,0.9908447249848134,1.199170304808946,1.1247210860150632,1.0671511744433753,1.267691584153219,1.2249053830147068,1.0856583330754652,1.391946462754901,1.0488276858768555,1.2943824554844008,1.386453840616626,1.2364644889084273,1.1093587594230403,1.3411975847421598,1.0364787782872456,1.1694249305372952,1.0323189601847178,1.3641376704887502,1.4686923545763633,1.3244112652402278,1.6277159480203605,1.0257400354315331,1.1864962916846857,1.0945762608513971,1.142894908371031,0.7778036749982997,1.1198945960383564,1.4615353452612132,0.8774641200611447,0.9386965780341443,1.5968232737770176,1.4500440179289065,1.2938331652639088,1.0939627027016288,2.0945540015426882,1.2139563572533014,1.2239783108372249,0.0,1.1858085170413508,1.0290190942952624,1.0243847805583235,1.1116310043974638,1.5089221845474086,1.0861078678437028,1.0529939860550852,1.2769229556042099,0.9204661957468658,1.2347383843289088,1.3134088575774021,1.0881322921764267,1.6593988885609703,1.2242465206157362,1.275931028256918,1.5166244189997111,1.142620352071981,1.2988363381422043,1.379993749004519,1.162846451807844,0.9903222009027572,1.2702558208195165,0.9753925356268862,1.3269225920426915,1.3535008560938564,1.0011315021556877,1.4711494633786164,1.2813147021667413,1.3529367518974948,1.461676312184001,1.017299547668748,0.0,0.9246478920407167,0.8890496924920983,0.9989346700569499,1.3166438774607783,1.1532709885723742,0.9831031502180572,1.2710760978966111,0.9522203115857532,1.2470708131455495,1.4451359915750743,1.0951862393027938,1.4811349098917939,1.0442863394915607,1.4554493918018123,1.281815205414621,1.0774658358806801,1.463003387335992,1.1012928852259685,1.261549716041767,0.9113093164119745,1.661388249989428,1.4373692850105209,1.1933496017963792,1.553069002944795,0.99978057241573,1.440551389389917,1.248179233485263,1.1319645429096095,1.2934404920776985,0.9106296968853621,1.1595234915553627,1.0344969782825126,1.4348156811523993,1.0447252760432333,1.2683885271922186,0.9694212966180347,1.086352137236207,1.0268183289505068,1.010996050660041,1.4744261735262483,1.1241057822961655,1.4180887856179956,1.1389370349370587,1.414361355917746,1.0445047484365273,1.0369670421377772,1.3903729052063318,1.230173390867395,1.2588797365608608,1.449422681777104,0.854432733574188,1.5540112816100042,1.2559377421786682,0.820042349595314,1.2186363440543961,1.1762642851388019,1.1181622420071562,1.8587187100196774,1.3060168875529743,1.1828899935770216,1.233171825264947,1.2161557628843829,1.552457657277798,1.1472607419925294,1.065844669642979,1.2469157525577341,0.8844254236310192,1.3685255393462465,3.0792835779587353,1.4533235599716396,1.5913428288407143,1.1503508384235797,1.9600392134459235,1.0493951067831084,1.5028481334007666,1.2798709458481372,1.2336187978147732,1.4518465304211134,1.4448250243360308,1.6173917276166605,1.243718415051997,1.1429816513931481,1.0934113832174344,1.348206480132625,1.0304395084288194,1.4653646762339845,1.335397666945182,1.6738609466492331,1.3708898527945728,1.1998810476156945,1.01657665616709,1.3613975212109262,1.2818036654951834,1.2474087747794345,0.8408813637650914,1.2207736297377734,1.0908375817887253,1.0482628857514924,1.3564160539837267,1.100515766163155,1.7758985734585941,1.0616481005251777,1.1707546189773343,1.008326826613378,1.458771425305332,1.2326452191548591,1.2589863205036238,1.3325267989110396,0.9185305882302246,1.604252850355502,0.9694850876085573,1.205317720519251,1.1911950527546515,1.5623174212391204,1.2216820781823106,1.2256252520785011,1.6280294462152787,1.2230800813503655,1.4980521262115365,1.67621062250798,1.0534356909620126,1.1905868410441454,1.1169144023848503,1.1141703629648243,1.2881506556199351,1.124873717966242,1.2874341878264595,1.2222863751536024,1.11101385021237,1.224545669575211,1.1135618324558192,1.2374154345061579,1.2927622482545067,1.084994705092001,1.3757108346995932,1.43834381748544,1.2279673082803084,1.0443788512713814,1.4353274092791763,1.1153688630268093,1.5628696247620717,1.0387088903603487,1.1736217411466416,1.1006789476857248,1.6142528386914756,1.1430737406511333,1.4882474878537963,1.1825548217837785,1.4770049255070263,1.0295278176290141,1.2116364692054735,1.2902940817735882,1.4489695307434736,1.2887390599977004,1.3315629624062593,2.2251325474582306,1.2422907380093842,1.1554718350745647,0.9671032268170917,1.8011282363299477,1.012128065554107,0.9637486688939632,1.7853853350412525,0.9589013486104654,1.4038513125543657,1.4179678278475674,1.2175003839513252,1.4140697410664826,1.3249788704995256,1.3012743541686034,1.2146281943358865,0.9915759455435249,1.1442661247269261,1.2494213645970524,1.5336972149142105,1.37891962221616,1.5763541610126992,1.1943867732231612,1.0025871135688917,1.2704231140624223,1.2460585291345707,1.0420100351895634,1.2277005991617873,1.498460283563054,1.2772015250366548,1.4632576185503274,1.0697575908966708,1.2496617352993382,1.401806070917472,1.4556961502254964,1.3383357560720677,1.3155914095480532,1.1667922488253542,1.0813754178626551,1.0687371572799473,1.3958610743123971,1.263357664721474,1.262156399131483,1.4384930177441575,1.7022273086949853,1.6101894027793147,1.6640225343352055,1.2081341424911625,1.090608910428822,1.4597930486513537,0.9347229888649611,1.122832787521034,1.478004009304564,0.928078670454631,1.1789687055884608,1.2323048238615992,1.4634109668366237,1.6329275468621842,1.054079661103025,1.1903315728703172,1.0927006902722172,1.1766110064888875,0.9360072977483389,1.3284685060634192,1.2054315732605057,1.4395326020879815,1.5725732545035669,1.2318541623830463,1.2211181458291482,1.1296328428694191,1.073878951009318,1.4738320005246779,0.9084702564728537,0.9445122435552531,1.1051185912635173,1.1735985981587134,1.1328562614969666,1.1732702178242522,1.252369737238015,1.200375292226176,1.228063379387634,1.2816514410349606,1.2979574089671388,1.4294266724390448,1.0728458048249396,1.0435991730616165,0.9505102312148145,1.5466866321258943,1.3419519881301123,1.3431385039086603,0.9828250700796802,0.9816728416299292,1.2530988665706166,1.1825925746580839,1.0962586064759796,0.9514566516584706,1.1459340385442927,1.1268096653491626,1.1015600888129218,1.4610927081399905,1.1078200020434796,1.0729449663648118,1.1873228348151526,1.291044821377936,1.2737575393472844,1.628470009137048,1.350936638632681,1.1802308459292539,1.3217204845852648,1.1749438670281815,1.0798335450969954,1.1955174929249401,1.2021854846773126,1.0506518298125291,1.1968025246224259,1.097926436731044,1.246769777121027,1.4868848862204023,1.268432482154358,1.305998969481779,1.1312151727497401,1.305137318126887,1.2765218471098478,1.6306696211604097,1.2548433116963087,1.2958649336859942,1.1207930378079762,1.830537974737111,1.3711692605068468,1.1312908371957318,1.143583705404429,1.4945253343253055,1.3098939334151019,1.1410383230491123,1.2712352534869429,1.350133699902819,1.1828124307471053,1.0995054169611551,1.0970262177374783,1.441764606872579,1.3592344113264447,1.340648299534,1.201122994287518,1.4928221605406973,1.1440995112095218,1.3623176886689634,1.7249182544533757,1.4472022407622354,1.1513616055713762,1.3747816105277264,1.1357841913693956,0.8914822496130574,1.106558762943775,0.9951311326536398,0.9500279838288512,1.4156355084016825,0.9050271736004549,0.8482952779303545,1.4712498083257608,1.1073769870794388,1.2257316309897541,1.1732604622551992,1.089841089266381,1.2421171458718527,1.026571155139662,1.1847256064459661,0.940432628245801,1.0568716957824,1.1230345335278964,0.9933797719003354,1.23609339353485,0.9947116100200885,0.8814407269848068,1.2163137843355554,0.9354739134373036,1.0879916229360216,1.4697518173784825,1.4130983276838707,1.407674372771421,1.0537333881611817,1.155126620587579,0.9358086468348719,1.2572699835328254,1.1688322457021578,2.1486165055695254,1.214788069233702,1.1201663800707342,1.4472593267296832,1.5959038705951354,1.5129223156294966,1.0114371899359258,1.553843494446733,1.3630275250023745,1.3793505057064044,1.0210513250798785,1.15452837621854,1.1141097093569474,1.3388847072329866,1.2944878838108598,1.1426105063928493,1.2001470221769446,1.2137604336797672,1.7868440661951803,1.329544166953346,1.1805388037748883,1.1103830461068418,1.3298052334438681,0.9486271366952479,1.3633198204323862,1.3536465080405473,1.1831349708167869,1.2789166671732057,1.0506740034434814,1.2557393465438105,1.0028416272891754,1.2995417007124224,1.5187718116475164,1.1822554117392325,1.8272550239873002,1.5852029805979952,1.204609200437651,1.4995041315097006,1.4918925415004294,1.6848022107192677,1.221652247959616,1.5682225392860314,1.2302278669470739,1.5143687331365476,1.0516673571532837,1.0920141688152594,1.4678453907047984,1.2459888224829379,1.4835616369122446,1.211481284721591,1.4429398935871414,1.1342723150521004,0.9699959974141549,1.6157053336812246,1.4138911263463028,1.0186118541725047,1.3298884756739326,1.5656351401717505,1.3846497721250541,1.5304562771476196,1.0864203627870486,1.1669458950773757,1.0855854755853238,1.1583739845909125,0.8841261232952508,1.0827483846038009,1.0056405871142604,1.041146525926783,1.3668923204323618,1.2765416564989567,1.0365671926733695,1.1021913962811845,1.3960298260942967,0.9720144558716571,1.076049548898418,1.3295591314827684,1.4803573925326656,1.3884487773845147,1.089905227917738,1.199846530711599,1.4245694258934498,1.1767056252234525,0.9249418420759541,1.2728588746130205,1.7918882344702793,1.1701146803692608,1.27967679785067,1.3904515340253483,1.1208957044561019,1.793934381654988,0.9664695762090393,1.085761975818204,1.4490492685983205,1.3451220158989476,1.1238608472777742,1.0955320157408768,1.265727120050507,1.5369263415272278,1.3533162593228107,1.4428367884940547,0.9537588043736793,1.035750508200905,1.3252338387376998,1.1374552225194716,1.1929064876277724,1.159083992891912,1.3418734635639222,1.1575364068263874,1.2359904641491872,1.0799309595033484,1.0496814231046443,1.0880781750933752,1.4497996435092702,1.4304716553114158,1.29556329386592,1.0512804707665697,1.0115161161069144,1.042859950940251,1.1304965410955283,1.3956089889810432,1.1857688427506459,1.1289996497106172,1.0469848002248017,1.4216671972215238,1.2915053706841368,1.0681850547487248,1.3943364032387042,1.0998112802303601,1.2597118505052103,1.4309056730016134,1.2038832832744482,1.4073847902534284,1.529397953202515,1.0288785336044188,1.2956396724587211,2.140833883335585,0.9010545220101921,1.432483008579712,1.1506894585892795,1.2905196672012913,1.6312598402345442,0.9230042818028336,0.9675167516091402,1.1319747750122635,1.2076565076975885,1.0853116437985628,1.3316395940831793,1.2133964174002976,1.3309365579947428,1.9070379427426862,1.1039842466675516,1.129954586112889,1.0389276152016107,1.3665954005877898,1.2401359370561573,1.6704231630345816,1.5464914461048518,1.3198270554743863,1.2309764193168515,1.0632379274170307,1.251470607408172,1.1431444311257577,1.2184868616686928,1.1198279414663084,1.340404236908198,0.9567567499547152,1.2327020626899952,1.1172149261404174,1.1292542467730438,1.0711084227694312,1.0193363868896734,1.5832133537574664,1.2639473063142366,1.0584014961735229,1.2813827864406158,1.4283989722796062,1.4134455602894163,1.4739781538822212,1.1499204671068868,1.03051197582257,1.1408570494095378,1.5560351356372804,1.4802009672287877,1.1229915240819908,1.1201906093835285,1.2811210057630142,1.0694216953543378,0.8748496516385392,1.139084613680899,1.9114253211461119,1.289908233336967,1.4324909096855287,1.162368989923997,1.3341832226936954,1.109334532674686,1.4994282644668706,1.2383454807886234,1.354198009631979,1.0809302881451681,1.074960972144993,1.3712669130356216,1.2006441259928968,0.9885624971589647,1.4761674804871403,1.310260276541274,1.2831939658360652,1.3011025888415026,1.0966892918378612,1.8645682605072504,1.2952911995387684,1.2366009497361068,1.3179850890595803,1.2377800874667408,1.106203602135507,1.08122034019325,1.2654753990405505,1.2861292486147584,0.8656876248097187,1.0660504245167053,1.2289830040904266,1.2682765412455455,1.1534026562842568,1.2975798649393293,1.0423834164162828,0.8882730760873365,0.9866372752844639,1.2308960151956267,1.2395205488275922,2.3549942034964686,1.3888798530116226,1.4201782371847647,1.1147876426618326,1.6839829263422226,1.1856493206824772,1.412871603118944,1.3582922975338965,0.9983066550298169,1.1024623599352996,1.231046415515162,1.2456985769604385,1.3608973712699823,1.227550642573867,1.1691282523426425,2.535028077747949,1.640764865850512,1.1005264264064314,1.2887922483851173,1.2653607852919166,1.20568702450823,1.2160719717713306,1.480405787136117,1.270711026285265,1.1045114576143162,1.4185738912715198,0.9461312667101712,1.153998788568472,1.2476253116584317,1.11665996691758,1.286548096930201,1.0473037880504577,1.0270840650240487,1.0625177975890157,1.228534097862227,1.4099184040140327,1.3511958656740135,1.3861030581860434,1.537593876006977,1.3494410777162975,1.2246693166255298,1.1635500437278252,1.246224437897909,1.2986982978249841,1.2767221221890348,1.0397422234550686,1.353447359530775,1.4889584135541056,1.3054421895007677,0.988414345328247,1.0768461329727632,1.036551527239615,0.970184376475834,0.9583116815240171,0.9312229299786583,1.2082912772042413,1.0206236606898569,1.8058400609355227,0.8423263180575747,1.746734002291257,1.1401126557837045,1.783310297468299,1.0730958395133214,1.1492530563878236,1.2897896159417526,1.0281434571899797,1.032605637170962,1.307043947778129,1.3372466017434999,1.024542565571829,1.1043534071226968,1.093363082420385,1.4328801454058966,1.0393152147933928,1.1195285757913198,1.0293964215809281,0.9475593598479636,1.6851784695221914,1.3039394735051304,0.9462887113371358,1.4806589638022547,1.4448327741522125,1.7689437488922999,1.2819020011028062,1.105325799396451,1.436063289162456,1.6490709290787946,1.3067953814434818,1.3789511999823456,1.206765454666724,1.1741675850841373,1.5482311605439572,1.1073549570199743,1.238600299787222,1.770645718943169,1.1597568496415889,1.2579559055921399,1.1857344462939672,1.3919296725905603,1.019080521447997,1.2178933982405038,0.9185051734130298,1.1049244200753934,1.0147480023576358,1.1842890464677502,1.0225376996856297,1.10000312442024,1.3973632536689422,1.3843162434772303,1.418868504070602,1.492147815317641,1.145888752697357,1.2955309689068681,1.1876394416209273,1.2522123199578346,1.0825082932997934,1.2759749848320001,1.0667070377452552,1.3451649177781038,1.461972252467788,1.2413846078858648,1.2768910248393448,2.7122101518639328,1.0758189136333236,1.4609121912019996,0.8685288991835887,1.3720385353713294,1.1124302907272277,1.1887142452837898,1.0716437478857106,1.2106344209133997,1.3316752525757403,1.3935430888410985,1.1871203249977582,1.4326444103157856,1.2986019057584008,1.2869200501953053,1.2650913744907288,1.2080414105526094,1.188581461116042,1.376938769787262,1.0273857323002922,1.1628453540444195,1.7888963776156035,1.1664044603873702,1.5295183022589691,1.004433725696445,1.0301230652038869,1.1440058098712305,1.169731403925407,0.946429522394945,1.177298355272347,1.336837695707247,1.0981470405150775,0.9152532840423632,1.2800086490980402,1.142389823883354,1.345987841452701,1.5392677628818245,1.6602899124666826,0.9941137766730388,1.0260916674388096,1.4685880689622857,1.491211326819116,1.3569627526018047,1.1903342496874991,1.7878633256353484,1.1411430731794412,1.3878534261704547,0.9977248051289085,1.1428293910532803,1.18567440850202,1.2499579153896576,1.0393590321745394,0.9705499468550015,1.265716260395432,0.9982863879947871,1.522072274693647,1.0619394185775812,1.1443591297101334,1.3027988926281906,1.3487994781103494,1.2064973470346179,1.5297914345288675,1.1201693649733024,1.3953282539718743,1.1519943065148224,1.2907253347474303,1.2174568716340264,1.3718978960216623,1.211531246428937,1.2332076610306117,1.0104271755176837,1.3203021936830195,1.45607840175661,1.305998992810519,1.4520972280392226,1.1829151843745,1.172942152503874,1.8026298094030917,1.5952645002606265,1.15370611436965,1.1597619997749853,1.787522285811995,1.1059424556118898,1.4265858114970993,1.6017381620584379,1.411734278903611
70,1.043599554043585,1.30626558066393,1.1944811927487202,1.1586553524283523,1.1073580487256631,1.6348749708729653,1.0811792167988616,1.4020735357796061,1.0032009456409245,1.1177008635433006,1.2081841630144838,1.23490309760987,1.170658508896583,1.4990995300829937,1.4292661152277284,1.1886988982432216,1.3960071912390064,1.0116158093308192,1.2208646352653678,1.3084916493288765,1.4352620106491183,1.3977841465783372,1.3398872918095854,1.2339267085436276,1.21204636919076,1.0090329795491577,1.5340407951697914,1.7618787838675887,1.093143628063637,1.3760244229427654,1.0767353478447097,1.2221158680239694,1.2641213864449974,1.2818057734292787,1.131008354532974,0.9311924262607213,0.9404399324536616,1.5513976960300184,0.9850337649584535,1.1390725804654116,1.4192034027897378,1.0820859203051343,1.2301211834995187,1.161781351018564,1.0511025344650535,1.2373358287559102,1.437152715129559,1.0173396391256153,1.1915609596597418,1.1145874507609381,1.3922842676258238,1.425364439876143,1.169279634880418,1.3069525524206456,1.323350814849516,1.0765098268555051,1.1308211964215276,1.0080993400306313,0.8082752894866813,0.9915462986186974,1.0998591303873666,1.1815237402824037,0.9578998378233871,1.5716590102895245,1.510213313276516,1.3434155957322356,1.2186308198906841,1.451772453155161,1.0272167101938565,1.348922269240124,1.4252954798837072,1.1073993403920852,1.1826146451365505,1.713309731361615,1.691528818181434,1.3484944293033134,1.6321745619903765,1.240899110378609,1.4632383973468601,1.4401814682848317,1.1734203197791189,1.4703286202769148,0.9571092215247948,1.3688230695817358,1.3334581762996909,1.133006955576848,0.8688710439696291,0.7251508144972543,1.3096488923461913,1.4394702711203813,1.3705052542612048,0.9810735103824868,1.228372535206925,1.45995698626059,1.046289145899362,1.1196068638817511,1.1635193631696863,0.9564386887893747,1.3380456302561534,1.5219651134345784,1.4209305307976599,0.9556133007158873,1.0365187965618885,1.2486107610905963,0.8327968982863186,1.1638153696306892,1.1983638168460766,1.1872472741515847,1.4766603780215322,1.1350542166698983,1.210277467985822,0.9022379240161452,1.107105426451597,1.3834528829238515,1.138935276863195,1.1729169664481889,1.0990740622943371,0.9070017084954086,1.0849586211660347,1.2733693611984966,1.1129100614480274,1.1308321472392509,0.9497727240218364,1.145829375927586,1.4381631000438755,1.0238419353469004,0.8928936183507225,0.5866071200208429,1.501314486009344,1.0856747273169605,1.0410650977115248,1.4249834449936722,1.245998222275519,0.7496904291092015,1.086216585052474,1.2189598566498163,0.928586118690123,1.1807180312515815,0.9892410536321281,1.3026010424512338,1.0506217816751862,1.1595411798766553,1.3644787171038428,1.2730720308093142,1.2487242863301786,1.0991916717365597,1.3899667760938634,1.2746616396176418,1.0838885392544408,1.0705491490125658,1.7123106607730314,1.0090516897262183,1.1931305556577336,1.028592813312329,1.058991672177286,0.9543340408988896,1.139765087994193,1.0451852022082655,1.0921926975768304,1.3648201355649752,1.1883338759812194,1.005300593395894,1.2683045713980423,1.0138494584024178,1.302108437740806,1.3665382128658963,1.258504425025442,1.073435769548379,1.2918187029569521,1.0462124208620074,1.2104449481035657,1.0243624949980785,1.2514445637679321,1.4896305216567383,1.401706796167828,1.600062685513534,1.0735510209638166,1.1720632050265212,1.0529144997179114,1.7451518225339508,0.8012721733246031,1.1304497517172685,1.3871196541632806,0.8057964237950209,0.9237363798499041,1.463330705239518,1.537792779391817,1.2619281912602098,1.1031870642810528,2.082586337207875,1.28651431536957,1.2781017296268946,0.0,1.1043145890734518,1.1889475945454517,1.0810502565985853,1.1957606224799058,1.6786119829314377,1.1450053319451945,1.0248311386927405,1.2799340429946566,0.9108256177834132,1.2561728310411984,1.4089817333191894,1.0006572470028814,1.9654421355865215,1.2811992555430427,1.355496296693994,1.525353808381193,1.1199587537897426,1.319097279161418,1.2808779067029503,1.1855864621962025,0.9282440009727984,1.2463797427660666,0.9172991495832956,1.4401374915804706,1.4156823246071335,0.9899252855305634,1.3980695789655608,1.3893869880550063,1.34225723571709,1.40119424698878,1.07902777722617,0.0,0.9856469236552536,0.9067152330700061,1.0733633210368982,1.3856233317092572,1.132170971898202,0.9385783886601181,1.2476901925490949,0.9469471043732822,1.1558247146841905,1.2765568730534398,1.0933942008889814,1.4530858438585088,1.0131613630908527,1.4330412927236647,1.2132586514304693,1.061062214212605,1.3046321874500793,0.9966568583432127,1.235960403985322,0.9854245360252736,1.5864883347438998,1.3986426841207273,1.2020043236556806,1.9118871124324943,1.0965594768382392,1.4987655361935388,1.2129363568617286,1.1901996907748382,1.3482438405420818,0.8965643653083477,1.1468034157489524,1.0982151628088133,1.3683418535756515,0.9953496589594075,1.2348737748816405,0.7954546347129563,1.0744956483591197,0.9341373143427578,1.045866527451936,1.311075429674027,1.1048256646393173,1.389060237812295,1.1898412521042627,1.4082928275008304,1.0759349317418536,0.9736919906431437,1.4211183431548051,1.1409663064964743,1.2356569126810866,1.396827737319555,0.8611623031849178,1.5918632925057195,1.2156768812504193,0.8804700040858278,1.1300454433886848,1.2206589309016833,1.1142809123298627,1.6919827713594167,1.2245658703464308,1.2004245826233864,1.225239126757831,1.2138462049395073,1.758963628165393,1.1560960576914223,1.0177695320940439,1.2375289866054033,0.8864262992890884,1.372390062961339,3.6914024724555814,1.4302362980659435,1.6084935336259423,1.1424842703551736,1.5106687059860437,1.1963150338223656,1.4600737433962079,1.3843133412509134,1.1993077793429374,1.4599949771061205,1.8255852593313862,1.6920703108552024,1.3163852695408094,1.0687665625932343,1.041454610707907,1.4052228287609392,0.9686288744307845,1.349131365109585,1.3241102854033366,1.5398952464512345,1.3117785067938605,1.2387564762261836,0.9833383855458098,1.265331265207342,1.13456619091568,1.2763913661010338,0.8559628042954118,1.2035187347057739,1.0988462126558605,1.0041347292772633,1.3126738833438472,1.0204194636166402,1.6627708638038279,1.0096933441533154,1.095503904690993,1.0584827876494673,1.4654445830639329,1.2657946857587534,1.199271770949597,1.3319411746172722,0.941218632226726,1.63110444220942,1.032408330179598,1.1295810658222551,1.1695487793214312,1.6352506474729518,1.2188546468886756,1.2004097288132614,1.7657096694091285,1.2628715847934056,1.3452659414371468,1.6191571074372846,1.0484713403208294,1.2436272907228954,1.237886611433041,1.1910922237865778,1.4194076789827104,1.0113075706746484,1.2359538340520393,1.169109848730631,1.0848975745895588,1.1582042631480798,1.1721455717639073,1.1691391723268705,1.4442471938898476,1.049154817162429,1.2650832101282943,1.6131410520683889,1.2220577362553335,1.0269885265091612,1.4249908220659446,1.0624232212077886,1.4086477305493263,1.0636406864163261,1.124475025579714,1.1522701236500121,1.5970153052283753,1.069192192664557,1.450382075966584,1.1504870242701128,1.311419884373989,0.9831943889820083,1.1824140189470234,1.2439374727441777,1.501956731120174,1.2525227693762564,1.42147944873635,2.0374916906171556,1.279554651987654,1.1543220826611196,0.9316108487241852,1.739805623278416,1.0921946515597099,1.0251666188608675,2.024457232826537,0.9925361355089288,1.7232514906857683,1.3936257225112323,1.1126062980827154,1.4519797864141104,1.242440232460973,1.2689782282142446,1.1894543362187824,0.9748531042488087,1.1332099696732207,1.2612131942372433,1.571098897189758,1.4239846992320753,1.5128538629170483,1.0974386609563298,0.9942759341954869,1.2538817172798593,1.2582471680382796,1.0626520380124895,1.117527210529814,1.6401878860026107,1.375181198438756,1.5212947776468124,1.1016563000909776,1.1566741953734943,1.3563680850572652,1.5022642816675815,1.3733545611231843,1.3820559361031075,1.0921500499820513,1.081704758061661,1.052960060395118,1.3909653288544903,1.2583244647197258,1.4061692059348099,1.606515277981084,1.6568794896969739,1.6140521051007646,1.5087911718294222,1.2647081874345616,1.1633614656396103,1.5581523270299913,1.0082619665041337,1.1439625883907574,1.3828157865320048,0.9278779963710425,1.1758237911940062,1.2610785637680468,1.3246449066573065,1.5949975644403924,1.0607781944843653,1.272482466045541,1.1178953088371384,1.2383349249721043,0.9191935738622723,1.2519992452505488,1.1981579627126715,1.3951510701029888,1.2144865874209076,1.1497821361212215,1.1303194324048875,1.0949723262291737,1.0295233689486443,1.4243110702964383,0.8425424074992411,0.9238509128221662,1.164348477335039,1.1093438533981559,1.0534367822313289,1.1744776306169467,1.264267024398884,1.273136196134698,1.2231371916555516,1.3153315074458343,1.2740647947176398,1.4103766873015484,0.9824639528198732,1.0414972109017344,0.9749046526293614,1.2765061306603356,1.448569476433951,1.3068228814678553,1.000383160616372,0.9156294279932184,1.2681363429628252,1.1462186969266244,1.1272791801309474,0.9718584042704683,1.2007770344674622,1.145437160333514,1.1706977389149391,1.424305694625416,1.0335374570616236,1.1090219667076677,1.1786058615445774,1.3711057168682794,1.2807916860141142,1.6945279085607048,1.3288845174679593,1.2109287846696206,1.2436223198198701,1.1527448020994104,1.113633906677184,1.120330657319068,1.2065826865158846,1.032730654581542,1.2741590069053106,1.1317930217174474,1.228301312442397,1.6182627867237493,1.3079141097461358,1.4071801603490848,1.1807206726319333,1.315136441844552,1.2798365194766155,1.616888297431537,1.2814498295553847,1.2623537672504221,1.0605519527573193,1.7236284060724492,1.360497419388481,1.0829319936767032,1.0861594847510776,1.5432026329206867,1.4991629874209902,1.1044858126460713,1.3318484479756352,1.3328071918055395,1.1710950878959143,1.0426264311856304,1.0648645779625219,1.599018244518301,1.4050736283351757,1.1802172528493198,1.2737597090459745,1.4680542254513886,1.0482578861263199,1.30557151552286,1.8688413225457507,1.4050961082425963,1.3077794878680953,1.2464177974576989,1.106281671969703,0.9452808620382416,1.0920895898355956,0.9922988051015966,0.9251395172859822,1.331145932962798,0.9133213115282192,0.9649725795034113,1.365798763168379,1.1841154949162116,1.216905825660954,1.1175355703481042,1.151005017236821,1.264746501056858,1.0842036556097372,1.1609418174655752,0.9513239803108486,1.0015823582886423,1.0950740706798674,0.9988316310389416,1.3098063215646452,1.0914315329567066,0.9043161973384596,1.313314234379921,0.948704254388258,0.9992432197684762,1.3460004103379593,1.4740402212115251,1.5617761870789488,1.0523909872936963,1.1646675788785088,0.9975743374125041,1.2026317313861161,1.2226057550625316,1.9240005885344853,1.3117533601510325,1.0969736087165576,1.460305011649676,1.4948486954187272,1.5653431284009813,0.9725341200469635,1.57687546834992,1.4263569512660936,1.3371629365209796,1.0302691431270339,1.079133327677271,1.1340848059134507,1.325914191599362,1.2621771127849803,1.1865182135993881,1.213158449110809,1.3118699027242768,1.7649849834093263,1.2797529193981612,1.1764944920022742,1.1420663542621623,1.2888996359423368,0.9653459287083977,1.3750434299871483,1.2448498494081455,1.1739580429854322,1.3443017997214417,1.1111242039538132,1.271059759652694,1.0242163850947117,1.2979614971626408,1.512788511401689,1.1742659067667194,1.7915553740221892,1.3985559482858543,1.1105211590739035,1.3079784073153338,1.3378241046612773,1.566976673087433,1.1996686916428312,1.5105531414935038,1.1554646007202596,1.4743112065289532,0.991565419472436,1.1693777386369166,1.4823973009139748,1.2168690883146105,1.3793642537984399,1.2790383890296104,1.4274507738974453,1.1385563841959587,1.0323579506216103,1.5203831552528986,1.3079768239047462,1.0607347117131602,1.244819885797705,1.6662365379358128,1.3060178853797977,1.338269270876971,1.1588978000259837,1.1211985763685552,1.1384436156719424,1.1535201407753573,0.8525725014914234,1.0362795888882896,0.9849400736555125,0.9914079036397075,1.4308134007379074,1.302236184369122,1.0245102974438516,1.0282431011344564,1.277644969916539,1.0362834067954978,1.050055751276284,1.3622669487139474,1.454745008577319,1.3843354684973965,1.1317902348728874,1.2284780413110616,1.3365964189945105,1.1695764791473702,1.2014825738294337,1.2441726196909877,1.890570477372648,1.1436975914716268,1.3596454808805989,1.349792389528633,1.0634335937283677,1.8510273455383803,0.9888943644722388,1.0709915633944624,1.3658251311674794,1.38749604537103,1.174270115489449,1.0707611686065568,1.2441454525884448,1.4461211268535152,1.4583138931309558,1.521134778262989,0.9419928752755244,1.0720152009882857,1.2794596146008215,1.1653741523699657,1.2101443726026424,1.1451905085134775,1.359122007997325,1.09050791785369,1.221442396559992,1.0597506663022214,1.1327109993117594,1.0607337139711994,1.4683846281797872,1.3441556609124088,1.3204988869094816,1.0224856743035617,0.9936006868867832,1.037947219336919,1.1662890063489537,1.3427434195829164,1.083804058455414,1.1284825523294204,1.045391201741848,1.4009516782468694,1.2483740882079273,1.0224336268908683,1.3516011460044015,1.1863472821089596,1.286255924805293,1.456763402870151,1.2661416079078212,1.33584130889661,1.3440517996496815,1.074513595437403,1.3255804579459012,1.899953372276235,0.7953327735315832,1.5033396670311272,1.1230112818078202,1.2194240127659017,1.5813372690830345,0.8920657939110143,0.9193935166718987,1.0827098791926897,1.2206906062997485,1.033509484200879,1.3574614306702215,1.2283481238957215,1.3734084743259987,1.7665667028453993,0.9957832922826828,1.1779332468759343,1.065776441935335,1.3533095909753474,1.1918436097545129,1.6799685685734542,1.4093718916860416,1.2910438074288004,1.1745439852101236,1.0807573279496279,1.2880161033744781,1.1544838655590417,1.267697188954437,1.1284031969512978,1.2435237706374123,0.8984060837652443,1.1543949164942624,1.0976188679555676,1.0702553815705218,1.0245065979954,1.0490612706454092,1.77218248325745,1.2156073769324964,1.1463099930066842,1.2213897544104777,1.359251350246889,1.4046344911148403,1.5085417021725624,1.1987925008082014,1.0525440866289462,1.124481427349893,1.3964599317615805,1.379088604961903,1.071437940778699,1.1710118520547734,1.325297161863149,1.0976186946728523,0.6835740899961279,1.2803220073721588,1.9477151348460922,1.2101665671458939,1.350573187414764,1.1820274676264744,1.4168745474585407,0.9203031609613415,1.6818384588562063,1.2411057497153934,1.2908144994926198,1.1004849150699894,1.07343939250456,1.4215664480669266,1.126190384988162,1.0266507965160665,1.3999051449663695,1.2663154711743796,1.275226953418079,1.309357016782211,1.23470171539872,1.7064752427115124,1.4297451870506261,1.2657391867231202,1.418474474942459,1.2292394898716865,1.0705048623528282,1.0785086534027966,1.3221467801373237,1.2801186831439357,0.9115063050204004,1.0801800022231258,1.155626892980857,1.2163463601373965,1.0800190001932166,1.3066410875754106,1.1256830775042987,0.9525874572512641,0.9748726004905917,1.3487807787566664,1.3255613101040753,2.2321840847393872,1.3526887213982195,1.4140752203026736,1.0472639644461388,1.5792069505692408,1.1122333734148075,1.3347446089141726,1.3338560411352633,0.9461546404430019,1.1041028121243563,1.1362477893068026,1.3111518116734817,1.3187156075140418,1.1972546156512167,1.1468893752125269,2.331184833595401,1.670040666182202,1.0203006150591944,1.2092547244042855,1.2964122453222395,1.1632565569454205,1.1179911766268986,1.5164132499104863,1.2333732827248634,1.2575584681604968,1.440217162524128,0.9605134576675686,1.1664565853242264,1.122789134364822,1.1452665129100004,1.2768470807794858,1.2826565719445635,1.0698919859943548,1.0473956038510734,1.2460643369940645,1.2336153863786206,1.4254914147524593,1.4707651990493789,1.314885097136239,1.4162442262801078,1.1469256373735681,1.172725801304362,1.267716691085856,1.3434251613584132,1.3633071474588394,1.0386467635452934,1.3613461753277494,1.5403099836817369,1.154855306012246,1.0413952283035668,1.0715203210334456,1.0545570444424164,0.9559865674575213,0.974955959436862,1.029295163585822,1.165092323796108,1.0288221488636893,1.5372164128641104,0.8919103315077087,1.6308194216520455,1.0979523697647489,1.9020790669001848,1.0953345935039167,1.1214770594394312,1.257316402101244,1.12304056755827,1.0934913415494405,1.233286085077376,1.345320107690942,0.9531374620839614,1.1981524421510736,1.0552676293319891,1.2807172433621736,1.0473122454346795,1.0888359270089218,1.0249649411609751,0.9164896680873482,1.6079325934967226,1.3143740979741285,0.9469040615280643,1.4603944499694905,1.3445257131959172,1.6179246059270436,1.1951220666428783,1.2548415218384652,1.421770746117248,1.6762626672810728,1.321628859280091,1.2582194242748592,1.1949699928753108,1.1007961776450712,1.5268971186795683,1.1755122865724856,1.1640904705925896,1.530899328990467,1.1299690012768535,1.2630374018498418,1.1366621123910736,1.6338309767314274,1.128350293837654,1.2474719455304775,0.9313785432902294,1.1680284900883067,1.0517658589497099,1.2399351176325684,1.0036904364146004,1.2030183268643906,1.3897822792124932,1.4348903382780205,1.2754991655613588,1.4480888809289076,1.1240571913148472,1.2552525659913034,1.1177441987206875,1.2729926581065016,1.1432911429492099,1.2198633874498603,1.1243536933315563,1.3131442350823024,1.6834380235861282,1.249190954578888,1.2980747196301878,2.7560072044978092,1.0022293173864858,1.5682914155390644,0.9091013689327125,1.29056382580027,1.1620228208333587,1.115908266849641,1.046118126741983,1.1912671724321502,1.336932613100689,1.2144137542683044,1.2402047141413148,1.4098597165880444,1.3846742405338737,1.3000159151960953,1.1701458418758588,1.1535091145597416,1.254602703354756,1.3705742206233709,1.0530740712035827,1.2267803504916432,1.7205910525687635,1.1570159097526727,1.5650285777551152,0.9795086381613446,0.9531106675855481,1.138952894928363,1.210577740114133,0.8864848109832049,1.0418075534953328,1.257839173251607,1.1020938957974602,0.875731779731882,1.1419195899879582,1.1402993449174361,1.457596898259143,1.2565250596785773,1.5495994557395436,1.0177890506510638,1.04587819427153,1.4497404823572178,1.3551200236502463,1.2687396128302524,1.1793634505705568,1.8002228777980593,1.0823552810870805,1.3532889634674263,1.0321300099776765,1.1465380421515545,1.096490061034476,1.391201340659642,1.1112095411614165,0.9765624256127257,1.2722115715243691,0.9852589479601397,1.4588961992869478,1.1296798527253231,1.0961774959000525,1.4871091217615435,1.2351118990041987,1.1649780170123725,1.4370830631431726,1.1387465940449266,1.3522568744360708,1.2599509007843066,1.4496567743067619,1.1837789520153044,1.3801549578374588,1.2612456409425727,1.2669580329277073,1.042493672493273,1.4177476476455386,1.5036825547224915,1.2937222611531993,1.467823690705958,1.0946158590048458,1.2297360301178353,1.9257105491549993,1.5685684351804239,1.0817314366497812,1.0506457597356145,1.6643734134657997,1.0794640172665788,1.3609295916403035,1.6566927321877645,1.5307138800575417
71,1.10631634828448,1.3737332418306778,1.1702538066524437,1.2054006528959287,1.0905151311814016,1.725295962179274,1.0105260450900697,1.4451380512423184,0.9751054220700104,1.0527967855927574,1.075815643239056,1.314245686864841,1.1736583546971138,1.3219130411751496,1.3583246020697404,1.1883282233693266,1.3965011115178871,0.9782647448647379,1.1596096098988018,1.4151631684408907,1.4227767994757246,1.4778165692537943,1.2199334941617914,1.139473739273133,1.2102506261283792,1.0652644976332093,1.5434820320644178,1.6945432830018816,1.1194708365106467,1.248253681348094,1.0926624081738199,1.282306868507699,1.2587409391870334,1.3679644292697044,1.1265758342958363,0.9259664907508939,0.9439148255104661,1.477139573415515,0.9574171301081958,1.221175904934879,1.3465845416607534,1.1349110100622195,1.2752059603388122,1.1796920933098045,1.0623005042103206,1.2462814387908798,1.3827337123805958,0.9842296560674784,1.1225983795950536,1.250564794988837,1.3862099890590482,1.2134478651072305,1.1572360001654456,1.3538177046393176,1.2837642650607526,1.0862300566507048,1.061852759119284,1.1111186678005094,0.7924254596348874,1.0223532575682,1.0781972116999599,1.1693932958948907,0.9725746290520036,1.4520606935114868,1.4718176396187186,1.3354417284568982,1.2745041451129924,1.590775171533443,0.9754255917993045,1.35269665775682,1.2677335110374939,1.0223757642628761,1.184832397787107,1.464727102095583,1.5151162136604581,1.243517067327348,1.577241296904312,1.1776897778516346,1.5700420310276424,1.449505034517959,1.193044073766636,1.408705433892328,1.010829878224412,1.285114796144398,1.3753180962616849,1.11309210354431,0.8344442290093051,0.732661960466729,1.31802041854296,1.4268428295255973,1.2311622539453246,0.9557870760221764,1.243748494418366,1.4808478685325568,1.0446758273257202,1.1369392699634857,1.0701299036381597,0.9423643375742013,1.2462062317727822,1.4834778236906634,1.4254844119439691,1.011268976979514,1.0831208991324393,1.1972416196312408,0.8139618549552963,1.2170831077215019,1.0564624398776092,1.3094911827517426,1.4178800272707708,1.106847393711794,1.1695471915176827,0.9274463694676578,1.075381511785212,1.3261131673457174,1.089594809432902,1.1280209783410036,1.145051750601531,0.9366939654996761,1.053030186222544,1.2254497277074057,1.1044793263767676,1.193898785954765,0.9279822445219109,1.0489399468557827,1.274297390468187,1.044684828133345,0.903342060984393,0.3910714133472286,1.4419830033447636,1.155528838754423,1.0953949079947847,1.4781432614714822,1.3394310891463679,0.8449256823658904,1.0426682696722702,1.23928628027244,0.9762344151210143,1.1154292605940488,0.9601840173690253,1.2865838778699954,1.0323845776435356,1.1727998951021894,1.2728925651175629,1.3308432724443366,1.2032738451044933,1.0769681445996668,1.4022155091221318,1.2425161417760848,1.1001135108575064,1.0442534754116837,1.6266092087985624,0.9419876135698209,1.0884300074927822,0.9603084879806292,1.132807356720656,0.9909529518411496,1.0526684270229114,1.0065809474621241,1.17326501191094,1.4973153610846668,1.1406372196300012,0.9493105614742487,1.223254108346005,1.0747323288203652,1.2470508665244806,1.3763057243895962,1.3152169310329356,1.1366833082871572,1.2684529914574818,0.9806430418901613,1.2141848705124398,1.0370311333979076,1.1967324788539302,1.488729777398329,1.5288696271965632,1.570943854180733,1.0999655304747837,1.1677142347183498,1.053436800950963,2.5886199081981363,0.8756289767058572,1.1819260838817187,1.31008672701831,0.6810082731194032,0.9751789254310183,1.4178445562886477,1.4527326155549476,1.304293275859599,1.0922188487640307,2.1935553761728515,1.3675569595757928,1.2020291353453119,0.0,1.0285780356928789,1.2275345993714166,1.1377798144039954,1.262801080781356,1.6279513453323626,1.2137198353229204,1.0298922906852015,1.2309936844244664,0.9509098442020048,1.242776558121369,1.5849644259485551,0.9804640239617664,2.052003159807144,1.2015137020066977,1.3906031095903593,1.4625556959196264,1.1425980850039688,1.3591478512797468,1.321383109916425,1.2396742374877372,0.8759553487780091,1.2263384364501906,0.8983797517028363,1.4690742577373985,1.4182775946230621,1.0313168671886974,1.3105297136295708,1.4429471263446279,1.2777164676559352,1.2708432781985874,1.0898866968762349,0.0,1.0224951392214778,0.9619978091542027,1.1521815354054885,1.3949281748999636,1.0747423334124953,0.8616073935420641,1.1757133700433315,0.9069642974129184,1.0824331508238947,1.2398453975471078,1.1262934685324053,1.3989459851831305,0.9573718616066236,1.3650069961638205,1.1726040430710307,1.0617458983562393,1.1536691483568626,0.9600046230908583,1.2242763810483994,1.0591412579875192,1.5699034922644386,1.3164951513745367,1.169565203561536,1.9003064102023417,1.2731630318478588,1.4643013032345535,1.1955966551859396,1.2509036160890439,1.5135225358675015,0.8647858238302644,1.162273983431208,1.1644574933928205,1.3025385892351737,0.932894062043652,1.2741308564744898,1.0367965375575479,1.0811201469927032,0.8891636311231167,1.162400779489802,1.2413181306976249,1.0318182523275263,1.3778502489617455,1.2099414883051396,1.4520074346716205,1.0663877096885144,0.9225962205988264,1.4473907682963942,1.169358261779346,1.2486086936978522,1.3497232402030201,0.8849094971671556,1.6601123851424047,1.1845691909064235,0.9596045994024133,1.177796532871283,1.2356943698300777,1.0867711823740993,1.6816257310182496,1.2290251699645536,1.267523796059578,1.1881031727959832,1.2009091397731688,1.8045777971348853,1.1366691381953626,1.0263872607458184,1.2442863366574952,0.9203925474174414,1.3491224055045679,3.24989894155925,1.3160643542286012,1.6173834866741255,1.1309516200000564,1.7950198156801016,1.346682160172397,1.511346963132254,1.5877967035876,1.1922919690452616,1.4291583677733277,1.9855318868401581,1.6426297466770423,1.2958236154968172,0.9430249714773962,1.026484557965289,1.4235631904587651,1.028299365001725,1.2890401722526743,1.2706332347310256,1.4696246328341689,1.3191057642052313,1.2332109140133491,0.9843287048026629,1.2101596698792911,1.107066756863599,1.4038957919715922,0.8292826061234737,1.1865235049242626,1.1465806568640278,1.0044440728620736,1.342018965736796,0.9400621340934859,1.5478450341612207,0.9977153583499755,1.0208689841984802,1.0975624929376822,1.368892298898559,1.249324355143107,1.1439968262370446,1.2706872679530277,0.9550730793524764,1.5891297103161697,1.1278614300147183,1.0223016256843727,1.0865077523939455,1.715035201835372,1.1354971833897112,1.125928027818719,1.8335954549082598,1.2540655954118933,1.253600099128802,1.7101621837894534,0.9810687992149187,1.224091715549456,1.3461011601714241,1.2892390418161788,1.5501323850700803,0.9701893529471022,1.1309836990333282,1.0742049421185107,1.0817238364580122,1.1251128179004242,1.2059153688759081,1.1592913006252512,1.8168934682824753,1.044830520416422,1.2869883495602028,1.7767828622833923,1.2027991000242126,1.0327673630800798,1.3506702095922063,1.0464390790743407,1.2066115727558566,1.1446841974910058,1.06022001436,1.347285572188345,1.5311055944225949,0.977756262153015,1.3191865262628006,1.0643297194008758,1.1852295605575391,1.0505594658650659,1.2239086592103927,1.2053867792665502,1.558431662049044,1.2489522212728728,1.4177202573188963,1.606142653174674,1.3111721467576918,1.1951582070958304,1.0401510259200415,1.5749718499282064,1.2223177852914158,1.0920582739365317,2.046099826927197,1.1778540793208652,1.871719018539692,1.3783139635776607,1.0005893871617786,1.3975883905300335,1.2245435429827358,1.248227607346196,1.134945495227895,0.9943756635845997,1.154611188067652,1.27760758259862,1.6389397735953692,1.3418753733880977,1.4142884844697812,1.1195064343916765,0.97121184209366,1.2518371592020576,1.2154716774737782,1.1449425981856551,1.0821139947816445,1.6649600060159633,1.527030992251661,1.4375199947494963,1.104868997397284,1.0988672416041347,1.27237792277834,1.5406992742256975,1.3943925990119268,1.3149199575971968,1.1144495504931913,1.0594005344934874,1.0109647821110224,1.410697197473669,1.2129503028262976,1.4555553731155406,1.7483348118296458,1.7215361550453259,1.5631931625248787,1.2568726759915798,1.3899391166202135,1.1840454553587323,1.6163620345828447,1.0698435176017789,1.1710444713666837,1.208447639983889,0.9853430722465168,1.2923446751933103,1.271325030930533,1.2662001891675458,1.4931338089114574,1.037834270407743,1.328455888847995,1.1921310184157006,1.316968216591966,0.9234534919471202,1.2297030074009347,1.1581402246926156,1.3447793269934014,1.0583079294589828,1.1406963851133012,1.1389499705796196,1.079411847065037,1.097597512883329,1.3535737906213159,0.842789685964397,0.9221966938537329,1.2104306806978746,1.039111972357253,1.0349783790026457,1.1975003362858705,1.2429279893102132,1.1938981170968903,1.1570015140130758,1.4068298283125902,1.2224107098766825,1.3965200144509342,0.9281168372299932,1.1035202773612984,0.9968265124300788,1.1824137388014977,1.614771197527305,1.3152449255788432,1.0533463914562957,0.8293678923514631,1.2394397222163962,1.0715517994530792,1.1391484808020726,1.0011908506971485,1.1924635737863845,1.0759856592541355,1.2658623711014325,1.3022609692969818,1.0183671901291516,1.1779383258522715,1.1880252889042122,1.4730050330956062,1.26366041234925,1.6083931994089609,1.3676600993968822,1.2392788539191886,1.174478507165579,1.0795081370009165,1.1219876366169683,1.0572375057541572,1.1901394571237107,1.0127969316294612,1.3318118510332364,1.1934889208050055,1.2706428372097627,1.701074407163356,1.3514537285690416,1.5022934700556592,1.1861453545714438,1.3853429941340414,1.2706457310566313,1.5390937825689408,1.2189883194618654,1.2696358307930835,0.956163733475917,1.4531760307886659,1.2873588713314796,0.9768660610743709,1.0474170671426486,1.4920525531133035,1.507474277363702,1.0970706843699811,1.391136778449745,1.3425947911327365,1.1832754789092963,1.0431328820175447,1.1174168120580443,1.7794094086045216,1.473101862163229,1.1664673064364164,1.3354194430703075,1.4706504298706162,1.0299591472115153,1.2168936227346525,1.931940293652476,1.2809470852907525,1.351730124807684,1.1628085324139863,1.0937024979142886,0.9506060459472849,1.0174883885932668,1.0211678480606594,1.0188587705315437,1.2490358107676853,0.9729424100065871,1.1004710645992242,1.2994597365334477,1.1551476930153404,1.1887816915454108,1.040617205035717,1.2373669631912398,1.2434748662166637,1.103534104614491,1.1585766003826543,0.929481939710439,0.9779997131853083,1.0925960226472804,1.0320229789231572,1.3498194040519294,1.1938742840254761,0.9326426896474229,1.4097307325834776,0.9987748090216659,0.988933718148785,1.2529994672811324,1.3569821319800563,1.745864183852714,1.0947151581728118,1.1794586431571972,1.0142938836681723,1.1602276635770676,1.2209053251680413,1.708212712891932,1.343476193517207,1.069059781039569,1.4492452297742942,1.3878887465036978,1.6385507681854032,0.9486276349421252,1.5576096236252828,1.423316345145902,1.2934667419583672,1.009098114620572,1.0388481059314416,1.1162758798552137,1.3524222385865787,1.2724459074578567,1.2458914305884674,1.1605470238242117,1.2533886414580837,1.8895429754165205,1.2184071802901337,1.165180418774003,1.1745310434019156,1.2304870895041085,0.9574582693252993,1.3553425246578215,1.1265105665390562,1.1626331330326487,1.3911672950078695,1.1971279005553004,1.251144094181643,1.0676900215628282,1.3093435547800478,1.451071991329144,1.1859229002761262,1.4466555347148768,1.2768890738923537,0.9707212130230152,1.1705676950667838,1.1658812534217855,1.554244877023053,1.1888429116202177,1.436570403802925,1.052081512502505,1.4101606108361338,0.9450059291435804,1.1638056558968985,1.4194882106135274,1.2292661122388735,1.3337039200246714,1.4087967093090954,1.3793668134371142,1.0829070871720874,1.052840067229246,1.4458379416016682,1.250324687805783,1.1399049605971563,1.1700356061693962,1.6760440109802202,1.2759401263839172,1.2234716541181614,1.2087946569313437,1.0984793188884379,1.161586407988061,1.083781420246831,0.8965754535211927,0.9784746035736507,0.9250936152468676,1.0247292242765569,1.3966232732712838,1.3172475791716516,0.9871157556177681,0.9772734980811599,1.1566066091220666,1.0382408224128516,1.0147688693899677,1.321113259289712,1.4925332380023941,1.3905328909226191,1.157599545801345,1.2042302937967886,1.2926630883042898,1.268162754443837,1.2881002443788088,1.1903125974844064,1.9597243605403094,1.1288877752891877,1.281644210428103,1.3242029124148003,1.0125556162784817,1.9821563237986592,1.0023388461184255,1.110706033956493,1.2626256788200403,1.3986091109169747,1.2350326660618691,1.0237827041775998,1.2363393484024154,1.3696552471713073,1.5779291703614406,1.6119992555693639,0.9774669492214069,1.0810739195117216,1.2131274999853892,1.2264415961190918,1.296513291073925,1.1742766491435317,1.4549637200981103,1.1422543525148985,1.2898225151308644,1.0629137481007227,1.277971281409498,1.0611498889920696,1.4391134922174305,1.3025947169414698,1.334100057073869,1.1183473874021623,0.9562281505716571,1.0375427344442913,1.2214485316616734,1.2372683481609732,1.0272160463919087,1.1162271061454716,1.0988381983060056,1.3409621587685945,1.2142518847592103,0.9925613561318214,1.243459729632175,1.3859101456348095,1.2647178046585155,1.3279138343587158,1.2805128711065992,1.2708453738749452,1.2330511520751064,1.1571857831032843,1.246767052244812,1.680356589927879,0.7568982214946394,1.6812361482630864,1.1347764811980656,1.2249998411733405,1.4977237193876292,0.8901016351164196,0.9343451783286856,1.1061344418284995,1.20438413097823,1.030724042448696,1.3155401840342087,1.2071037548042716,1.456643650410619,1.7236019587654374,0.9890405634100483,1.155001325262695,1.0680159136639822,1.3627554997143383,1.2505755643600867,1.5847589620430618,1.2903444798522807,1.1852806028228593,1.2071017811115716,1.0766953221067603,1.1373070375115528,1.237749519757326,1.3071572840312455,1.1836543186578936,1.1859002933058722,0.8444098537980981,1.1061577987421785,1.1043704672790424,1.0137459350592506,1.0044512080369286,1.0201437902017352,1.9527235971997987,1.187015732480671,1.2559328500885296,1.1833808434695539,1.3042899542332924,1.2759135810140334,1.406237369723504,1.1478315019871714,1.0967189361463752,1.0847567726471607,1.3253276618626568,1.4106152730234585,1.0385518370422406,1.1740608494445428,1.3175610234226403,1.1040995944076468,0.8037030493785269,1.438449277186069,1.8607336701482526,1.1800202298886375,1.198022187627767,1.156804835590941,1.4630410590738185,0.9234676501561793,1.9171050577034126,1.2183852208192967,1.3625550175425603,1.1698601265504747,1.2460385115095476,1.3652874531433286,1.093652543124262,1.0115359963871497,1.4124056011213622,1.256499750853545,1.2778171163965197,1.4329543941966674,1.3898014512172598,1.5630978728680516,1.5252137231278826,1.29827422537444,1.4075981576955137,1.202301463591934,1.050968512115132,1.096056779201577,1.285198435739093,1.1975900944917868,0.9326672796991647,1.0636539819361883,1.0694572830814115,1.1250202520858057,1.0312756062308324,1.3546083425151636,1.1245631566201322,1.0314343343470314,0.9808357421062411,1.3275595509519764,1.3158348249048708,2.0763284108173936,1.3194015306400608,1.3590565752451653,1.0134825819406441,1.3909740315484789,1.0352683966164558,1.2556995627798233,1.3384570052074678,0.9702738984081456,1.1132216376453652,1.1028924506908617,1.2893729770856641,1.3428695586685573,1.20627735785992,1.0832234869694473,2.1140235802443414,1.7060988568091289,0.9482753323660209,1.1812196267438533,1.2737011271596466,1.1797920478138402,1.189066531217678,1.519188047032277,1.2083543419369773,1.3451656645364132,1.5557079481332012,0.9402524564954072,1.1667954874979851,1.0736900596638914,1.2097447461429627,1.2659902736115805,1.4918105122045038,1.0578002247189873,1.0757420557972615,1.2348017286198412,1.1140730755316546,1.507091971269044,1.4054568463180575,1.2044443141055465,1.3982107548473635,1.0517311974777734,1.1456463851471954,1.2467358808119604,1.2883729727472233,1.297424102728774,1.0562781468887854,1.3331467328991853,1.5120566568747151,1.100440102744324,1.0575595950840282,1.0379525128625122,1.056621602097733,1.0043255095795947,1.00226100848791,1.1550177688199508,1.2212722740501276,1.022647936429955,1.383213908279536,0.9382943900076962,1.5260780678250556,1.0656761880417878,1.8909023670226695,1.089136846026359,1.0948709857097252,1.1941366476503794,1.20732159946731,1.1300032667481865,1.1437374854675335,1.3407714826352446,0.8735212034912537,1.1863330156583274,1.074615395445006,1.1099769588366997,1.0468877210824674,1.0276341058287184,1.0088286501169743,0.8713795591356495,1.4724659500273671,1.3067889812223639,0.9631036111974498,1.347524488355886,1.2181950612441388,1.4315905216272733,1.1983897808552024,1.3452848899786638,1.3967323940162069,1.5626945213542203,1.3346204481052562,1.1437516384405095,1.2493810470194076,1.0580019008216979,1.4936763005692921,1.2071038964523213,1.1308023928224669,1.3869467621777747,1.0705713340456189,1.241212475294155,1.0915268398615265,1.8507780370761615,1.1881079483698702,1.1929299403686173,0.9739355717245238,1.1967198824244303,1.1300653290304892,1.3031837512189324,1.0071257577224901,1.3368067626704894,1.3207646305874707,1.4753369557848184,1.185567151118194,1.3865683162316769,1.0612916047490524,1.199533615632963,1.049744760081662,1.2886227678544993,1.209854456078559,1.1436860230348747,1.1598556583456159,1.2680342862498293,1.7123431239903257,1.2944788842336779,1.3158927610587117,2.4930544710934344,0.9610007684661309,1.6302117983957167,0.949891630354621,1.2795987740198294,1.1968221989656262,1.0891826992153066,1.0387180883565263,1.1829233995603727,1.3316122990842225,1.1191957783475324,1.1933300823147277,1.3690949682329996,1.4853055882108928,1.4188339211428898,1.0587228143071734,1.1111782080602355,1.2649130495167076,1.300609121062646,1.0764798583433162,1.2299976114861777,1.5721998940904331,1.1583269663118227,1.5033464966850278,0.9445946562709591,1.0286428984204652,1.1348112243660304,1.2180634405211521,0.8914358986201617,0.971375372482494,1.220217799989053,1.0800775374305829,0.8931598479570975,1.0325005144528587,1.1074044620315533,1.5585242025049735,1.0680442218110007,1.3867227571266425,1.0602666864382484,1.1003996469028676,1.3520637982327761,1.2415721578039869,1.1907728874274006,1.2351997739768414,1.6408218319222903,1.052214388294331,1.3298242541067455,1.0446199432458183,1.129991026432095,0.964039834562463,1.4957766757678468,1.1528101959482502,0.9694190479631613,1.275565493907076,0.9965442382158551,1.4720413654717048,1.1090911000863948,1.0637647491566653,1.664713726405039,1.1593872949937043,1.1131840754417324,1.29752764755349,1.1090419784259848,1.284255808330023,1.343172105717768,1.5034070814040839,1.1126470737764524,1.2726209047948582,1.3591034940801014,1.2605168426006657,1.1022730225212358,1.5016824764175212,1.4700378735774975,1.254846392370417,1.4607039847866505,1.0167491637584232,1.2856837497285263,1.8427112724045571,1.5181623312274848,1.0147235701129862,1.0102076472414856,1.4797680369892356,1.0730886889376978,1.1959583378477023,1.6254764085324607,1.579776085118083
72,1.1310325489151456,1.399149814985368,1.0494754826386874,1.2550159835387455,1.087833584819348,1.7465344011655701,1.0370902460318534,1.4408474769550397,0.9727036994626777,0.9873492729347807,1.0153600889407481,1.3277318477967899,1.1534141903980086,1.1905517791703617,1.2758259825728036,1.2278109688540917,1.3007587814772807,0.9471349602753596,1.1341460744412577,1.4259337885037162,1.364209831443074,1.4192424345319166,1.1615137218002378,1.0640845279521973,1.178437988906806,1.1146188690066825,1.5418100576457823,1.6531101838967586,1.0920055002392162,1.2188565710496015,1.1539346381735005,1.3229408975321495,1.3091711188177788,1.3279702340435704,1.1061286566097972,0.9248499476788232,0.9130772286633431,1.4045111574029825,0.9283762207620929,1.3216771796700435,1.2101027975675638,1.1886047182004522,1.3614549463367203,1.218590463247743,1.1402585558477099,1.199950476147252,1.2933260332616958,0.9905846539216182,1.1177984492045878,1.3427777062681876,1.3759169784881582,1.002373527661991,1.1226053423449738,1.3640163286829927,1.2538058410485329,1.3364689306463038,1.053553793860922,1.2089291087799798,0.822247952439169,1.0755602521353032,1.0711568999646377,1.1590503410435073,1.0191300179682719,1.4265895735708478,1.338671111880267,1.3131692448588366,1.3342813893130296,1.665262713803545,0.9617755682875775,1.2578577574334928,1.1660214153727844,1.029960916490158,1.1630264994255928,1.3016092657776583,1.363329149576917,1.1349077940169232,1.4929193630096655,1.1753963993466137,1.6581440444183744,1.4203401240693654,1.183374160183909,1.3422424182682213,1.0158426491974757,1.2269070031381466,1.3172234256592954,1.1646438426271064,0.8380144297208274,0.8261611664159259,1.4434854457200137,1.419579732752518,1.2008288692498543,0.9522265831320171,1.1830977230546835,1.4711566289578162,1.054327605722313,1.1102814904705562,1.0785571119653365,0.9427724079678702,1.1514222392384315,1.3253451430236671,1.3215007812604431,1.0974049755594322,1.0799392854043106,1.1593651478917435,0.8341475416280054,1.2668062353059393,0.9443158226460698,1.4476248370961189,1.3456391598967472,1.0410671275516137,1.0879931684106836,0.9740502620330658,1.1284066551362506,1.3528220987622688,1.0722576720945418,1.0580437082925176,1.2164640518143917,0.9370122394413711,1.0479452489385608,1.2596510293738739,1.036124685543811,1.169786603527251,0.9414002494368026,0.9874190505520515,1.224465073260964,1.0577464460733248,0.9768786264950735,0.2150892734302624,1.5430739233991857,1.2126502538343722,1.157641336779933,1.4577784168555215,1.3546523575947371,0.952854006308588,1.0690158354192583,1.2712459824279374,1.0256278131286616,1.0488095101806374,0.9034456745443613,1.3734911779297407,0.9931861309726013,1.2271018696631837,1.223494010911263,1.3263710228562748,1.1336403341964267,1.0302467531498511,1.2881990097219784,1.2941076195651697,1.0793624714023968,0.9956865775912074,1.4128121152950286,0.8771532605937005,1.0800067363081949,0.9688664618640473,1.1451337866067162,1.0564334131993358,1.0108146675520633,1.0177436667480093,1.170131545859649,1.6266839242182827,1.1267157367858236,0.9082237091236692,1.2345039994498193,1.2341638416924314,1.2019286998544518,1.4145118576527431,1.3171325375162206,1.3711759576803033,1.2600333445448542,0.8866782152975327,1.1318558992142262,1.1149498921218561,1.1848336285901788,1.4778134547820787,1.5405287433749364,1.5286331910103075,1.2073960678526174,1.171246091155216,1.0387270457589066,2.931976324716156,0.9603856948362723,1.2018123844019601,1.27559771559939,0.6301436471453314,0.9966292723311148,1.4305387176365967,1.330038277171358,1.3420115055157402,1.0796219417802568,2.4050504991941053,1.4354607618018869,1.0912330772149306,0.0,1.0297233739013056,1.12281578120194,1.186641335829442,1.2594880089217124,1.4559614144370836,1.2348672406183385,1.034001063473473,1.1598390384524757,1.0520615618852651,1.2179069577459458,1.6923797124435689,1.0272426975562379,1.908665922429492,1.1255314969570496,1.388685331788774,1.446622804316442,1.2140660194852073,1.4363732293313818,1.4025303541502228,1.2479917813997652,0.8491452417405817,1.1882992340032634,0.9481234289309723,1.3864360791753016,1.3039143722245632,0.9985480899542003,1.2888328963098008,1.423013053401654,1.1885204509341383,1.1388298827508618,1.0105583932927236,0.0,1.0001112017161646,1.0034116251850325,1.2882794956253214,1.3719303034848847,1.0200207343775576,0.8807151000097935,1.1063668909566364,0.8588319642358445,1.0634394956296953,1.2890674683502594,1.1814688342403643,1.3617047195113847,0.9087462626069248,1.3238432548134584,1.1818412502944375,1.0692030653732116,1.1274538779742098,1.0044435206071003,1.2305332148497472,1.0775249894532626,1.5973492866663643,1.238020688724729,1.12799210234472,1.7707978254333314,1.3500828006068613,1.362153088621211,1.1962191891592677,1.236760958498246,1.648917423274435,0.8417209616293881,1.1613639963052562,1.1982124191923018,1.3049289662415895,0.9047011681311666,1.260342927689876,1.0297583056545194,1.060535099846819,0.8905397550701297,1.2263829285354475,1.2715387070724353,0.9883769288978923,1.3474090066506756,1.218116310710883,1.4020134946865945,1.0555753024739882,0.9038766469320488,1.4617012343258753,1.247249993829175,1.3403480372669663,1.2750977804285797,0.8870277531464038,1.7180194211565758,1.1687388189011867,1.0075083454565852,1.26875731182309,1.2512402976427444,1.0522359882324617,1.8819628226140233,1.2414818398326,1.2890096029000768,1.1588259293395713,1.1515338082807154,1.7535045513988616,1.1039746079010357,1.0559709245446638,1.3124748417569858,0.9217552874489966,1.3835820366144111,2.6609278744306586,1.1801691210779546,1.5820036028606679,1.097230056345701,2.6672499801641925,1.4304431855633273,1.5648115812642807,1.7858482684318653,1.175960867983425,1.353542204563055,1.7963392265439866,1.5281083973412364,1.2143103705807987,0.9235334602928825,1.0665389669552985,1.410074746120174,1.0690918546796406,1.3386222852338499,1.2394418555307947,1.435338162456612,1.37759209754998,1.154740393762684,1.0249157153851778,1.2008044880924214,1.2076071104235924,1.424007279429242,0.772892751148441,1.1443580595998726,1.2500571439862118,1.030034381109056,1.4389026189386602,0.9350215178455161,1.4512502343966907,1.0338730163279104,1.0266837935578916,1.076350630010569,1.3192775678095856,1.1551026151127601,1.1352229664408344,1.1887423726849105,0.9649247003781,1.5742990164734365,1.228452645826116,0.9779755082176103,1.039885112701143,1.7670297431153026,1.0278717237628077,1.0620010378169966,1.7655747912257265,1.2791430619030821,1.2139686365471507,1.735038084174191,0.9137710098263996,1.1967599698393914,1.371140193314872,1.3078841419727376,1.6966260391696002,0.9442678249009153,1.0723885574449439,0.959055729426336,1.122035011358652,1.1618284514155208,1.2073127118267541,1.122342729640687,2.1684441069987073,1.0935862506966991,1.385553751232586,1.8104660737811598,1.1320246002421848,1.054927502161688,1.2482108026738064,1.1457713526518984,1.0970230581003915,1.2079738468373773,1.012256560602998,1.6710811326305848,1.4816835428607444,0.9285737097642414,1.28819627125674,1.0329954981228526,1.1516249076100016,1.135012848573749,1.2915624340669298,1.2473864260264724,1.6176875085839808,1.2686316914229132,1.3289908737052878,1.177857936654525,1.3184557777918904,1.2398766340366971,1.2221083415265293,1.459628488777644,1.2172586017820783,1.1709584616089583,1.8210673114134273,1.2912696200834177,1.662612913543644,1.3225243692216107,0.9455474550982276,1.3046437598205136,1.281135915904121,1.2481286134003253,1.0773738199448677,1.0350439381595122,1.163213213441797,1.247930669065223,1.6764374602287586,1.2559001888124262,1.3812721097050809,1.1249914685970708,0.9722467894700937,1.1741637191454197,1.1782789637950752,1.2112129717784228,1.100295796540486,1.657632789094765,1.6798204690208376,1.2945015916219678,1.0828145114586185,1.0865889270983764,1.1983768533163484,1.5935512704578934,1.3885780891133086,1.241627045945355,1.196887743645248,1.0886480395897817,0.9612541964149841,1.3898866042441131,1.1619218969489853,1.3946666122556786,1.7227482506050125,1.8487983943690427,1.580778575027819,1.1922198541487088,1.441219723722413,1.143877387397794,1.605792280566881,1.0771109053650412,1.1908255056604442,1.1068427764185647,1.050771947890038,1.3555532685208185,1.2446003655430666,1.3364863358190189,1.4166200659430297,1.0027467559771084,1.2859172676091037,1.2896281817150426,1.3431404908399491,0.9274035377558946,1.2611988376237293,1.0934568361054544,1.3757760774041297,0.9281518098220889,1.2220868298001268,1.1481925613064603,1.0849708016123358,1.138617856400788,1.3325116719145988,0.9122746488108316,0.9380356762813331,1.2223209930934624,1.0029867496384999,1.0488471889669586,1.3019264337018572,1.202365228601115,1.0488265739373879,1.0553855329495614,1.4552287047282686,1.185105508670429,1.2896418967246213,0.9785344040275381,1.1481310087104957,1.0365779763422251,1.3932612869361343,1.7725170161472386,1.2942636720844864,1.0513676264032705,0.7931916173217197,1.1194176739313801,1.0529843380202943,1.1148660674113633,1.030012952951253,1.2140409128806784,1.0411189923169701,1.3340285810714916,1.203568202508646,1.0820333393625419,1.2299649863790316,1.2249449661976177,1.4745435414156867,1.25671563436059,1.4682267392646977,1.415898636021363,1.1773725466147413,1.1591201141849499,0.9995059160953731,1.1254557918159023,1.0187844708460894,1.1246248586324956,0.9754871158079014,1.3964688123919047,1.1742614357839776,1.367267165499268,1.7194953178437424,1.3060347594765518,1.5511361235524606,1.111460200403737,1.3949896414883374,1.2013262122457862,1.4064353700716807,1.084429490756158,1.2912680505564902,0.8872101419962574,1.2855114941322876,1.1646271123176766,0.984764885047289,1.0442072952768005,1.4052702987174746,1.3662525929236116,1.0871378233121014,1.3494900774140666,1.3130028074501872,1.1823957366560878,1.112332747641358,1.1733585029782216,1.8824525953452307,1.4664503887592546,1.3179245900350043,1.3558682141628708,1.5071966553765792,1.1041341688737487,1.145700398468266,1.8618302235302338,1.1535183024530111,1.311576784595901,1.0929588756651993,1.0667420054999872,0.9024399963125704,0.9347401917363869,1.0410180842581038,1.1360166058551435,1.26444232897977,1.0191271783831688,1.1401038932288368,1.26387957251971,1.0590364874294904,1.1750617658367648,1.0097456480844356,1.2609905601861944,1.2627768457969677,1.1307204344499897,1.1674096247571761,0.8770274412462602,1.0108137089839915,1.0829676281671512,1.074556704751657,1.313114547538198,1.1985169124822574,0.9559220972868752,1.411866328848765,1.0668480365032256,1.0146202079817284,1.2389907895520582,1.2195953646112394,1.7798974428461742,1.1315007964715476,1.1691250138197948,0.9631039167130329,1.0910405600847601,1.1846201421455205,1.6673273654630854,1.2707635012496323,0.9491056176873315,1.4105178852207163,1.370559573825635,1.6895010393837435,0.9440267764302649,1.5043521785936855,1.3518966705172428,1.2284534601489407,0.974936782428608,1.0856407195191635,1.0723333732092748,1.3753017193905788,1.257772434831531,1.242241735128764,1.1715450882649259,1.1510796182841487,2.408306092206082,1.168645330532624,1.2188840514943318,1.1712653493489844,1.2210090841159962,0.9306659686985831,1.3169899963020901,1.0418612270001675,1.0882701855721633,1.4913980916203684,1.2401072173516299,1.1513465446577218,1.0912663707971408,1.3530693934422118,1.3852858563347015,1.1803026261051157,1.0526193558603598,1.377353626762463,0.8806211056510789,1.1723792562232944,1.0552172841120289,1.606074912619366,1.1798656991789747,1.4369848284550693,1.006386443891089,1.371563418677525,0.9295214538434169,1.1359570728439243,1.3360116085199267,1.3008065317175201,1.3378363178096833,1.4312799392177094,1.3632002635208105,0.9904148994020238,1.041040738950347,1.4402691430286167,1.2201073120706785,1.2372513150556692,1.1713406583150674,1.542803070927795,1.2274182830430256,1.3380619201072361,1.1943447091527841,1.1121985752730776,1.161140224805008,1.0077605100450349,0.9897129974511008,0.9430500585950814,0.9033475750632419,1.12592249980864,1.2752711080132295,1.3012433681937514,0.905477874364386,0.941765094920896,1.1495591637760758,1.0001169142529862,1.0101909550962356,1.2084330012105942,1.5668994101394427,1.3916919724458339,1.1354042731699363,1.14127293232278,1.2351965958777464,1.3564876485329953,1.1413516988353078,1.1007585496895804,2.024263166999739,1.1111202713211783,1.1834146701182817,1.3368976824218817,0.9802524913635711,1.982047157557038,1.0033331491750015,1.1687394911498135,1.1490333876435423,1.3822559544343986,1.2626527723625043,0.9612541783841203,1.2756485400314654,1.3233545970359681,1.6729612126167783,1.6728344248466138,1.0775786193765486,1.0594305612446289,1.1912861316259908,1.2444235769925172,1.3646342729003407,1.2032482887016842,1.5742523041073904,1.2803902347058596,1.3856168916339353,1.0521615979764087,1.373177264929014,1.0676702804240623,1.415306547547391,1.323329546371022,1.297075434537893,1.1481177297346634,0.9716721337440428,1.0389790386856963,1.3024661393625356,1.1468461083812644,1.0815978258904755,1.1124682616029058,1.1337797067583786,1.3072849487227085,1.252873249756572,0.9799379266064108,1.1948677610673162,1.7228485709070118,1.2242200652676671,1.152147441854669,1.2561796796919977,1.2249783448197114,1.2028472396340837,1.1870091474667102,1.1139913092045663,1.572910333838641,0.8037724693030935,1.9162655980272578,1.1451339760795354,1.2965460293338613,1.3581162470754697,0.9154398722906405,0.9359876168990678,1.1568772836197683,1.1386054335665565,1.0540716345750458,1.2581031670662777,1.1570469315192813,1.420668209004783,1.790628917821239,1.022101700510858,1.0600120181011863,1.064635215788528,1.345532924605486,1.307899464047638,1.4420638059449096,1.2711454867944734,1.1572921434722976,1.2628468055714592,1.0455777982978844,1.0299843101177184,1.3472877054489354,1.3535456057827306,1.1974085493117554,1.202752339703356,0.8724503945225603,1.1412884650725361,1.0696107244561477,0.988629719421023,1.0212571945673423,0.9381998885441295,1.9777189684434102,1.202103583941025,1.3378887389394236,1.2124103808568862,1.2582156654392198,1.1331018281428928,1.2458666298251602,1.0312396641501635,1.0974149868043406,1.0499766370568182,1.3702983620636435,1.4151498018603381,1.0723172159103809,1.1790594197926754,1.2739084212984684,1.0257620846658677,1.126424617841362,1.5904445824055085,1.6733673580731834,1.1844967197410226,1.0838133923361066,1.0727779167359524,1.4487865808052147,1.0186965077454477,2.005319247032908,1.1602954592091101,1.4508202300120994,1.3173478838513244,1.5456103919038169,1.3084233555943698,1.1809007034201127,0.9696296981244964,1.3711385286788444,1.2248454256484835,1.2077733323587636,1.4419910278617194,1.404042427600979,1.4534623535720232,1.5336077128403411,1.3372295221183963,1.3398354155506578,1.1777681193304637,1.0409471095979397,1.036409324847937,1.2186350221398805,1.1563242709797583,0.983590491946798,1.0155569142672558,1.002279282597565,1.077435124463619,1.039896624709607,1.4237569435638429,1.0707077749042835,1.083546367965488,0.9619770400448822,1.1849626652019143,1.2250617098725334,2.1856365618673865,1.2939985431313452,1.2854421066237118,0.9939910359570249,1.3549857183275797,1.046520081275067,1.1499557147269883,1.3085231105105626,1.0074141191862838,1.108699404570536,1.166861557211973,1.176306855862608,1.36583552830505,1.213146864960243,1.035068692008783,1.953838226195464,1.6475247687672478,0.9169027653250195,1.2156672228676204,1.2573195505948593,1.260453656336658,1.295609359237142,1.4474322862902795,1.194673130112439,1.3255487878416718,1.6051082448740226,0.8960237019111892,1.1816861835099912,1.0992036434329395,1.362012283514672,1.2807033681663396,1.650448951882709,1.0214709886436986,1.1198302207571924,1.2411275130341686,1.1223568898920921,1.5514391048065233,1.2562743335351438,1.1841615252636692,1.3445120363177376,1.0289491370383173,1.0934675883805913,1.1866389180643901,1.2567385031887992,1.1986514534391228,1.081745788044714,1.3130679143119552,1.4225776531500827,1.0891444928279084,1.0570128934236007,0.9891377616863839,1.030703509742845,1.0646164483169924,0.9959496199675117,1.2284060356619453,1.268972186462848,0.9830637730489178,1.5043425774124612,0.9639892354809712,1.6369376334572538,1.040418237756434,1.7525572624639543,1.0906390542214182,1.06420163476741,1.1705626268955736,1.2462114392288255,1.1147493868666076,1.0755434880700512,1.281144374634843,0.8665454671059268,1.158555850795011,1.0428233579663697,1.043112519683128,1.0414266170505577,0.9740377554468004,0.9743425944045865,0.8365479928664482,1.3815306820808422,1.295990728305234,0.9812977623445791,1.2667156466209715,1.1269973640874351,1.2926152592147813,1.2949002057445942,1.2876794953790704,1.4258019980147472,1.4098015813656688,1.3172370570102356,1.1099100102259427,1.291357180251477,1.062350009580035,1.4192950597033611,1.229756993461379,1.1320817078108878,1.4080536998839752,1.0365770013529043,1.118380258136828,1.0601068715182769,1.9397034236678978,1.1724067944767826,1.107125576681295,1.1949976751228646,1.2438711042259367,1.1970204069173311,1.3446892585984271,1.0981364024255202,1.338885336766436,1.2642946738092367,1.5267761282684273,1.173346791047528,1.3195975046093198,1.0115860932513354,1.1912011320506837,1.1166642048060458,1.2014466771948544,1.326941080619365,1.133577057316947,1.2283414523712177,1.1969631998553854,1.5446105906177763,1.3101763060622673,1.2711311599407065,2.3061934822284407,0.9453549470040574,1.614972828607974,0.9736249563969033,1.2748781976585386,1.1702065233110526,1.1321114744925773,0.9798901297681586,1.2098618369463081,1.2849907899144624,1.1728068997045817,1.1244790254059103,1.3381471774269096,1.495278844044396,1.5207575762553467,1.027093713628013,1.1048901043970414,1.224540487764035,1.2451607270071179,1.07268565393934,1.1284379033940346,1.436934460933106,1.1474762774924825,1.33689898551994,0.9160047724478908,1.2057307318127624,1.1226394315997847,1.1574622284955336,0.9256535676144628,1.0675805883847196,1.172555540182016,1.0369897152368188,0.9456850096994126,0.997399458767384,1.0693188314878401,1.4956273704280747,1.0465801505845824,1.2782693397374962,1.1254594875904713,1.1646772469493523,1.229222215970817,1.167128514772618,1.1830358672683698,1.2838589862017948,1.530791759790094,1.080711409992512,1.2234999701168197,1.0909902008383616,1.090689129588554,0.9281306918692028,1.4728736203128934,1.1567274768402676,0.9494709041093794,1.2492716048875714,1.0738158208276758,1.6010217722123121,1.0587502355472282,1.0326005023447744,1.6884010181149958,1.149788004595547,1.0403389845114768,1.2636870213680877,1.016390190894433,1.2999118424703087,1.3778237105263382,1.464875006330144,1.1380314397389548,1.0881797638269457,1.3870309808708694,1.207709219760945,1.1168710145399858,1.4251903686918328,1.3777859321993962,1.273705670150476,1.3766899327712996,1.0465026215837363,1.25418075109895,1.5652483556699481,1.5195146405032112,1.005186243859841,1.0454359827919333,1.370874283046665,1.0582770409447142,0.9796557796122246,1.5031381886630182,1.586090460556023
73,1.0955822172860157,1.3181278560069976,0.9464931601445223,1.2774041755012373,1.0381757267270064,1.6845346506082983,1.0945143295352904,1.4082092627300895,0.9630016504331673,0.9538337688028958,1.109860564561745,1.3869957254850023,1.1522790901550217,1.1599793571884518,1.2586510065909668,1.3885813002139646,1.2269520590979748,0.9564202246456752,1.1100706706692054,1.303147001672618,1.3071948523545989,1.318807751374998,1.209906521194462,1.0461778129835715,1.1939655675159182,1.0652762116398007,1.4514262352744773,1.5723583312842855,1.0566996949456242,1.291096648792377,1.2147435839919156,1.3363823813023992,1.4827062311725479,1.2993565479898734,1.1158404393713046,0.9850849891128475,0.8834481527962237,1.3450423346034588,0.9193980510402026,1.4413116961732038,1.1432367470049518,1.2091592059415388,1.455828574587875,1.2377597640314189,1.2073686388861322,1.2036657923147174,1.2648197183848011,1.0382945517665079,1.1778465844491506,1.333442540650498,1.3816151064413877,0.8478663310738653,1.1308780707236652,1.3123371237275978,1.2295166532077408,1.6963938003062766,1.0943553313212637,1.245988267944579,0.8542582979819413,1.1133627108301083,1.1001473446272803,1.1194792315571953,1.0593482749901022,1.44946677041295,1.2410816172335923,1.2678782489150768,1.3030753586601709,1.662397013640985,0.9607470967206945,1.1723191936773838,1.0162693509293548,1.1571847967203144,1.2016184223125044,1.2833131358967105,1.328191437024734,1.1460734776230623,1.4358219803171908,1.2015602728622736,1.6240095227512736,1.2824442827118667,1.179714297759214,1.373452005869522,0.9757876519315187,1.1788509831752418,1.264703306587659,1.224560449746371,0.8233822584468862,0.8708186302955496,1.6377926058065346,1.3809456877746271,1.3189434362560606,0.9299951699454925,1.077802454547396,1.4811797903983812,1.0369159622774953,1.054054865072863,1.1456061363371481,0.9175186196413393,1.0825769130892622,1.1889052518298888,1.2388543769439169,1.1613653951796858,1.039606535867667,1.1443646409237767,0.8798115889569963,1.264679525505362,0.9480082283933902,1.5196195434799775,1.3422957060633525,0.9840279307046832,1.0442297364125666,1.0082941209997962,1.243810740733132,1.3077135141996303,1.0291832254807969,1.001604965291658,1.2420616090898997,0.9309069082055161,1.0385016734764292,1.3245584771926122,1.0171964118361951,1.1214007250285707,0.9769215683993472,1.0483411504196083,1.3569364458070474,1.0615725724418943,1.0421416779704507,0.8212499406541867,1.6696520265121597,1.2412094641216176,1.1371790305272529,1.4038109724585637,1.3202731970457853,0.9755583043236483,1.0952743854084444,1.306166994296243,1.0141804679909212,1.0266592588844081,0.8616290993848063,1.4903823124977968,0.9787162938008986,1.249036337978577,1.2490936615931842,1.2752594101846322,1.0616698165611105,0.984672729936255,1.169110306900909,1.350192690948088,1.029517776935772,0.9815644593116211,1.2962006241173754,0.856126976688605,1.1642362259488883,0.9870544284157201,1.1586666990212509,1.1218864619900266,1.0354082634558035,1.0465718650329054,1.0322018387220706,1.669387770258791,1.1028616217211598,0.891187968654532,1.2127451852804991,1.343294379333152,1.233927496899584,1.4903407687320485,1.2641260009025848,1.61178317456366,1.2446032454513873,0.8359683160475007,1.0517661883211538,1.213790478344034,1.1192840128808208,1.445463237053469,1.4312154217108974,1.460096474089354,1.4429015041231215,1.1335097085835162,1.0272457499501217,2.598130488767268,1.036056791167245,1.193717047126123,1.264043915869064,0.704460765902815,0.9735494384191807,1.4837279098401606,1.298870892611071,1.3389754153655593,1.0913723784979075,2.4700912924929486,1.442954721730338,1.06543151404308,0.0,1.076899241849759,1.1130602832991985,1.2377155897684555,1.229902140181819,1.3372148875251768,1.183152961004321,0.9750156717341454,1.1187665023722428,1.194776764185376,1.1926474070363935,1.726327735959385,1.0964509945678096,1.6508216257657278,1.1565527569883718,1.3933594390395396,1.4234949586236707,1.3256750321433344,1.4988948628468401,1.3811426043804291,1.1970876083936257,0.8519728667421597,1.1429712172915285,1.0503077692319782,1.3156813960958793,1.2106688595746409,0.885231940711517,1.346540057039865,1.3675322965555,1.1140043244089903,1.0965484234804919,0.9438664298110162,0.0,0.9357398917739326,0.9779943262024731,1.3848312185679534,1.367106575625016,1.0335851501634743,0.9423290356756407,1.0857846620213343,0.8608698965600492,1.0960631132840875,1.2713138768654635,1.2721616408956282,1.3455576209722193,0.8992635077069281,1.3914813128727657,1.2354256881191226,1.072234315808096,1.209145952457237,0.985075913854414,1.2257755985468999,1.0645857718331027,1.6064263526593523,1.194476566186746,1.1256998392692297,1.8111322320437568,1.2202849481587972,1.3427039885665186,1.2307839469983173,1.1657452436372946,1.5978216889806671,0.8122533571467857,1.1713921182113536,1.1369287442881804,1.3537031789918523,0.9281675332271722,1.1312292803966773,0.7238990143264553,1.0885425161005637,0.9083843415778171,1.1990950568673204,1.2766904446203946,1.0088447091852624,1.248704790736734,1.1942060212066905,1.2586839280216304,1.0890774635242428,0.9197007997379205,1.4353856206291153,1.2692767848109854,1.4165714526032485,1.1756781979376423,0.8579312459819902,1.6801105172779383,1.1381725829341307,1.005772341335335,1.3807374502607597,1.2501143905446797,1.025056738131414,1.9782372019772152,1.2014806743552717,1.1742182036241664,1.1382998475868362,1.1284631138271244,1.6617306820009001,1.013811184396024,1.1178285959773429,1.3932440241729969,0.8803754112505178,1.4249660628286276,2.2241082710565694,1.129324032483917,1.5045591132791303,1.0720096134696728,3.1024049105033664,1.4369401501133097,1.5240414374860745,1.794904660389081,1.167182388471937,1.2408878643258339,1.5495376767452238,1.4338687241209789,1.1784710828803626,1.0090770694719446,1.135603517409217,1.3911432179417877,1.0049662067994107,1.3529354144095043,1.1996464720265476,1.349764566815876,1.4137555752970379,1.0990178360585812,1.0216627083890175,1.1988607385057928,1.310363882232041,1.2866908160466553,0.7264882954276988,1.0959341281019426,1.3294962812820172,1.0359125736509682,1.4998026682003032,0.9938972650835662,1.4423448910910128,1.0759411982712987,1.1219608528029483,1.0197472938526138,1.3221516476237976,1.0966932180041418,1.1724456396741088,1.1129252579317794,0.9781736790656286,1.638642917516485,1.27513538484781,0.9802352005889367,1.0593069883286645,1.7017732941158208,0.9905415402976591,1.0277021946631109,1.6139564546561698,1.311593020359615,1.1904759104735414,1.664996364126496,0.9505029904349147,1.212424630398492,1.3433636492954129,1.2556343709153304,1.7115084260691207,0.9397799677849252,1.0808999461829867,0.9089985052681332,1.1786293481398935,1.2776681658995919,1.1404860782516986,1.0625163310682852,2.1383302729363285,1.0973296879686458,1.4446929898506626,1.682018427440861,1.063477014499255,1.0430387235821872,1.1848207786756402,1.3141983624336346,1.114180755939198,1.1985227629945008,0.9861496395999938,1.977410188557339,1.4879445866285503,0.9238841037317891,1.3066813071705328,1.0500338454280502,1.1606977778592138,1.130690895093283,1.2881835599211713,1.3117046327427162,1.6440196120922144,1.2704973733706817,1.2970384156374373,1.062034408219013,1.304790358428623,1.266881467511077,1.3593878067821623,1.4220600910627224,1.1122443383156768,1.2974282920651614,1.5652012682927157,1.2450321722581408,1.4315866253321985,1.230407767245735,0.9808474021699529,1.298428678024403,1.3174744556160505,1.227079518436804,1.0710784528137947,1.0308102119251548,1.1389798144707823,1.1987216722100305,1.6297113171524875,1.285432276253214,1.38215241767747,1.049446734413822,1.0018634793333236,1.0445403960850146,1.196907292131184,1.1542026003491126,1.1514914864281436,1.6135975401402796,1.7592454077466937,1.2140053378363116,1.0391646189608728,1.1099629436901295,1.1692970261512268,1.6154242557215066,1.3569184938130456,1.407718454189089,1.1993799279404223,1.1168600535105584,0.9146107494786647,1.3762618576312429,1.1361576270573361,1.2798510310418774,1.5815762737651362,1.934074361738279,1.6218592897550383,1.3327398380474964,1.3809983505687173,1.0992736685544922,1.511110438735939,1.0496607809718115,1.143061221956562,1.1366333386909115,1.0773080089801628,1.3227489436209319,1.20966792341394,1.4035361253151415,1.4259613168199063,0.9651323422776692,1.2035945869834468,1.310388417669205,1.2834191859935744,0.9273389083501269,1.2792997850295509,1.044176504412454,1.4147775599552141,1.0668374172361088,1.3039061069559157,1.1126283267397268,1.1064753380893226,1.0844524843817114,1.3628171422604902,0.964288403902236,0.9783671259907566,1.232329819302476,0.9685610874321499,1.0561659653462399,1.4525562146861932,1.174036610050437,1.054064071998913,0.9694784786944102,1.417656669956791,1.177112116793536,1.217910106406284,1.0170348493259713,1.141743738891444,1.068173064293099,1.6552483690804152,1.8430572062183221,1.23715054271216,1.0411318214265397,0.8051252321442082,0.9780101616733935,1.107947547137657,1.054684717494983,1.0317565414572736,1.2777431473438423,1.1235532115527458,1.3368742707504766,1.1909366128853742,1.1737670374694402,1.2150254208268434,1.2433290105080967,1.3833797852746659,1.2666019376839308,1.4379327268106072,1.415859513517535,1.093259981930526,1.2060840185604764,0.9786763837547489,1.1329617368031224,1.014608784635703,1.0072228108437877,0.9542558973356772,1.5049826854102544,1.0587361565085727,1.4377512146642508,1.745609989966192,1.2218918950011208,1.5512903064316863,1.052996895835498,1.3219962644361094,1.105316842826236,1.3391643754117062,0.9428259544122913,1.2513279224635367,0.9425915967589672,1.3391112939418868,1.0680955945879376,1.1131109540272648,1.031254839004874,1.391711611102465,1.2708134868755665,1.076860932944607,1.1973220878265387,1.2274151067536812,1.1888640004841937,1.174892935736056,1.213218723746666,1.8909046424539198,1.4027125582085955,1.367063354891341,1.3350771859597155,1.4953609826810836,1.1232990060473569,1.17516162781766,1.7592394847760848,1.1428321182653864,1.2946448590184696,1.021230131313941,1.059230525512355,0.873564638812142,0.8959789451060289,1.0574475861771495,1.1377165582903108,1.3058235783470207,1.044103534692863,1.1319161541500182,1.241878602864756,1.0161370085586063,1.1702696259716707,1.113251647969466,1.2115818599017385,1.29966429941641,1.1402658739505227,1.1279330571109978,0.8755165834344109,1.0310016366891244,1.0522191124494795,1.103084875176846,1.2780870451747026,1.1976291442889269,0.9874965618343792,1.3883285118591733,1.128202178617641,1.0284401330250403,1.267486810943212,1.1790448442047183,1.6629545567342114,1.105838470964061,1.1357728251848689,0.9016796712878745,1.018762245933252,1.1811409618667863,1.7346474348339767,1.1533910439091626,0.8336546620878305,1.3516008499076424,1.389392055361585,1.668895089031435,0.9216905459322895,1.399896799156025,1.2636465608832606,1.1107714460295044,0.9572368963305067,1.2232667286016912,1.0575438919869047,1.3318930174901191,1.1914938336466836,1.1751875789724906,1.264623414150777,1.1226587902779255,2.8401242296945917,1.1045554134635758,1.292568645867883,1.1464367445135735,1.2319823475829081,0.9832593710825461,1.2546157492889785,1.010415511918883,1.0316568629680363,1.6055332603950687,1.2541185244658815,1.0963390722200188,1.068738037217716,1.3539896736769583,1.37644702608705,1.1555089939630887,0.9797439960443464,1.5826509941831572,0.8569283237926748,1.2333816486669176,1.0495643924099929,1.6220124564059275,1.1129041452869284,1.4572953972325986,1.00575483621712,1.3160070366814849,0.9778375260905379,1.1048248289124705,1.3116743506280302,1.3248347861432508,1.4400348397948641,1.2978563133065049,1.3716055517217032,0.9431480609321644,1.0873564026988989,1.4354836608471337,1.1913707483225324,1.3202822224930812,1.2114934139714617,1.4677892123513658,1.1167498681991526,1.5515561386305263,1.1408660030544753,1.1490763701158786,1.1810458170637537,1.000502104244962,1.0725966448297295,0.9663918728095987,0.9429588899997564,1.206638501077291,1.160925077910154,1.2497803571969113,0.8584061467683353,0.9111071106618589,1.2952663362395973,0.9385412403343825,1.0191205237791157,1.1196860170182599,1.6704762644013846,1.359070928636391,1.0940749008098636,1.1331894229190804,1.1155214672287095,1.3358217931936955,0.9723485581064826,1.0135470247673322,2.018839042806941,1.0721329186030566,1.178352206925932,1.3164997336695565,0.9493591375737288,1.8245923705185878,0.9829184260741766,1.1681844365114955,1.0507569702918973,1.2828000280792224,1.2914910636863572,0.9308428111313003,1.2953290195621752,1.2918996630311963,1.6953650594354128,1.6868601087876043,1.2142856907425812,1.0558091676857735,1.222809339468438,1.1777579619512466,1.3609045711615648,1.1294669448365648,1.6072013836720864,1.3412926904926938,1.4417669300782578,1.0023941066457234,1.3414387324905634,1.0440080533159426,1.3600161398393802,1.290899313211623,1.3128272848173954,1.0811080351943316,1.053733370849983,1.0475569285949016,1.3435475459136224,1.1186780364249211,1.1757228869428122,1.0959050982436982,1.1086837209555558,1.3573215024943062,1.3068335707488583,0.9733890135860391,1.2131635585856007,1.998299844410969,1.2198018985252088,1.0778333447944712,1.26016124318345,1.1313625267713412,1.1837474634161507,1.1867471757000077,1.0058397487453148,1.540722423674672,0.9060767072106113,2.1052299231890728,1.1457552402200792,1.344948875914798,1.2258071811490803,0.9101893226430401,0.9026702844342077,1.1717704201782733,1.0746742947449,1.0462010618552493,1.27336043037517,1.1295394442062892,1.2926823340324578,1.7946599186897818,0.9877724603186198,0.9600464014828747,1.1268132358637808,1.31226388589993,1.2580400353349206,1.3834274331136207,1.3358887560971593,1.2232716576570521,1.2495193319197102,1.030509684752536,1.0388934923923185,1.3965929657793208,1.4401691761689221,1.177299289452185,1.2109493753767022,0.9554016608420612,1.1677223155106706,1.0333910631518155,0.9937835223798185,1.060234458457427,0.8752220302838649,1.8807970309317197,1.1559686534365392,1.345009011723431,1.2781134553338624,1.2020909627793095,1.0515356984123962,1.2460347531606746,1.0019505227075685,1.087397690874302,1.0206550637374303,1.4012491806138545,1.2859691425021254,1.1304558905324864,1.2351756703754564,1.2268822415049168,0.8959779791048236,1.3671123226816346,1.8020917654627153,1.4705233765699783,1.2002479686506606,1.0618495409187894,1.006768722245099,1.3614566470187226,0.9822789282651022,2.028978448605898,1.078260535140737,1.485140285762653,1.4350624696092944,1.79618081266793,1.285447650758353,1.2725146496574808,0.9500869763219396,1.240970856984192,1.1029937458300179,1.1196868751506506,1.319566490640406,1.2758556435786614,1.365442720015337,1.455530714529529,1.3816009764161405,1.2768356467637796,1.1542007638736804,1.0302876683762592,0.918704069379368,1.2107082700431933,1.203790452036543,0.98302665901681,0.981693463830317,1.0106190222120766,1.0796390653581946,1.0457505304466426,1.5004237479788995,1.1069440908387875,1.1077826739187733,0.9131119965245105,1.11514177449342,1.1878769084524636,2.488216697225916,1.2649695612611724,1.2592398705670347,0.9482273643811462,1.4292155770872716,1.0900070755677358,1.0579047650049038,1.285048115795434,1.0199763572190705,1.099801695472638,1.2502073566227927,1.070785794604991,1.2470362038488156,1.1657412837547962,1.023568474936471,1.7967364258465641,1.5182488248667771,0.9225659037453724,1.2440983403295303,1.3085964673503916,1.3464087979467787,1.298328805857473,1.323811211747081,1.1901687732241062,1.3033174324056958,1.5387118741122423,0.8700279678123811,1.1933865312887755,1.1406039559645529,1.4517298382975918,1.3225680794731276,1.7309194334083258,1.0505478309271838,1.1586358565201433,1.269293964615552,1.172612620486949,1.5413064472050908,1.1986922722753917,1.1936228210467827,1.3197236253037783,1.0836683863154386,1.0725290053382945,1.1330359107481889,1.3564601258226472,1.1677723785512382,1.0314124827180602,1.319744701054529,1.346757810377579,1.0139289493082473,1.0631434251576977,0.9822822379010873,1.0366865121748834,1.0823617681252171,1.0045986769564517,1.2663087379100662,1.26320781721542,0.9792712936164973,1.7470947579651344,0.9737711649935179,1.8868233339654563,1.033866276598204,1.7313605977125017,1.1062771011076271,1.020447347764005,1.1875603603682288,1.2752146504389725,1.11645953086735,1.075431806026729,1.2167809624866646,1.002363317403735,1.166173648603165,0.945993237579197,1.093348129724304,1.0792783527826104,0.9940834778348163,0.9858572854973187,0.8587315490949186,1.3886491611554792,1.259066189151251,0.9764650104783756,1.2318288017716736,1.0529558595357524,1.2612017259218096,1.386679604132337,1.197401044334253,1.4275840111797036,1.4154664431906674,1.2858367073494643,1.1327774582249315,1.270054042287798,1.0996267843333054,1.329841986286684,1.2713780066361264,1.1210719099708029,1.4625656789713966,1.0109091032566844,1.0138769341852898,1.0071903203183787,1.880536376215265,1.173692600332825,1.0788655141829842,1.4689954116463986,1.2832059454490434,1.2581586211064424,1.3827028293747536,1.237144154810553,1.222911784170031,1.3023455767530734,1.4967836887903347,1.1888961960018216,1.2939185990106283,1.0624765570302057,1.2289626850230975,1.2370965349680336,1.0897101567443346,1.416539622003361,1.1834199301412145,1.3578230199973023,1.0898911961372628,1.3920937786119958,1.27724126049643,1.2421669250622467,2.1520574898126497,0.9631477731930357,1.5470889848665652,1.0019671993421888,1.2164293286389962,1.1128432508106574,1.1990725460986562,0.8999925323844096,1.236981795650311,1.1893619199128402,1.2676330450324427,1.1798270825487875,1.3085255521572137,1.4903797742797684,1.5155126331208284,1.0774966042386342,1.1438504147616222,1.1798048449242282,1.2237307037511216,1.0703770459998985,0.9954616928823261,1.347338314344936,1.16628537351304,1.1886106307876554,0.8965685773347847,1.3288196346830095,1.1022677872941111,1.0818484978742666,0.9612084281057656,1.1791213643582938,1.1824537801946113,1.0609956008574744,0.9590847154746238,1.0272782584366602,1.0596627858239012,1.3437612193141852,1.318071132110345,1.2689317355221559,1.1690303364973238,1.1708642745936424,1.168333671028984,1.184559407640692,1.2244433848350451,1.2208613661860694,1.5506300038563758,1.1816360016555603,1.1215994560942895,1.154040392792293,1.0810458610438525,1.0049589820921745,1.3904899171304959,1.1405923383682575,0.9872561073921031,1.2033017182128445,1.164844569493856,1.6291278975340198,1.0559236811996136,1.0261558566322413,1.593373623801054,1.162446184507024,1.0293562336965274,1.3102973748819533,0.9299100642305751,1.390939599760352,1.407851846758326,1.4749513456423635,1.159281523359705,0.9538204848102152,1.4006899310157312,1.18283990092334,1.1255282306581191,1.2924301062011208,1.3104734373923406,1.4222839997760781,1.3087674048160043,1.1057181090353092,1.1708093328376288,1.3078360240293692,1.5095181068881298,1.016778566804499,1.1365379960888333,1.435238969638481,1.0974215271151369,0.9149101448346496,1.334332998954081,1.5696783201645144
74,1.067641269667291,1.202892252585726,0.9075876289020265,1.2499579852128997,0.9640715357602185,1.5602331092150263,1.1018919141308845,1.3529785661104334,0.9135011467037075,0.9980449590152582,1.2436123318378214,1.4877849303122643,1.1495636977201118,1.162127557691648,1.3010517836339712,1.495975402242838,1.2360600472020695,1.0018719083069607,1.0974165072939501,1.1507218950333842,1.2869037251738311,1.347117361824269,1.2673446161972832,1.0588797854462197,1.2541122220007148,1.0116064902904292,1.2873034364490505,1.4404036112999339,1.0619350134990182,1.3839861685465116,1.2254055531525863,1.2874849123210883,1.7060532416756615,1.3442214500602288,1.158934245598389,1.0805220084620228,0.8965290651813903,1.309582239280171,0.9035279079653986,1.52824615667883,1.1161661781723315,1.1978377850817759,1.4892068618921634,1.2368182744140375,1.2051942162096676,1.2844807260450404,1.3116939081692756,1.0835989244550461,1.2491796398876662,1.2644614697066618,1.4055519970337305,0.8025509971563247,1.1506078536672901,1.2866343739136794,1.199275639834082,1.951230270772736,1.1154628829320574,1.243711797454993,0.8398400800603698,1.1259863322891175,1.0960163674745482,1.0801099552624225,1.0755646404080252,1.4674214812636581,1.2289892572289143,1.2194391076575166,1.2563130921114827,1.6448937822175165,0.9686228912904962,1.1613913871386412,0.9622556383463456,1.2467217448719459,1.2665962260821126,1.330915181547398,1.3216110266151895,1.1973852653259205,1.3872585741287682,1.2154614831429986,1.532640189426222,1.1268105086893532,1.1953597861413938,1.4609211904376251,0.9959216435715448,1.1712065126414308,1.251294231677468,1.2686067299536268,0.7707908572239455,0.8667033795871625,1.8220389205125413,1.3111757111223548,1.5043104277368342,0.9123911230172977,1.0127368521738505,1.4915153708558293,1.010240113340919,1.0164166751229633,1.145632467803006,0.8708795488233613,1.0804160403980285,1.1473103353591423,1.3064594584320846,1.2126027083404598,1.0155292643277054,1.171358639745157,0.85414399535942,1.2052609682514253,1.0367772538793107,1.4831182421971878,1.3600416138609446,0.9804991393062878,1.0495660850305988,0.9965340722831387,1.316285706390515,1.1561618575471575,0.9560945787042296,0.9668155232883993,1.2082760114678655,0.9538497870305451,1.0319926735365397,1.297369286297597,1.0066433018513585,1.120933181069184,1.0044769637713917,1.2037440673451343,1.514747263196127,1.0540792659564628,1.101622250744814,2.1117855616821943,1.6142860948302946,1.2163434032348883,1.0523911612852783,1.3697331670780146,1.2986808152274978,0.9564112826576434,1.1083836145413812,1.3130135613637144,1.0051009025517,1.0526949648223933,0.8864711669402188,1.5006358218221636,0.9985325196904596,1.2554790558137965,1.284807393746679,1.2586672250964208,0.9814589879245994,0.9603517604991381,1.1163476335255322,1.3404882706956955,1.0185295238936738,1.023929632591076,1.346929493047499,0.896143403283404,1.2092414973275416,0.9345032488874974,1.1996691137349982,1.1912413511341082,1.1068215632362337,1.0639206583896186,0.9275877860094435,1.5818829472022997,1.076364093177554,0.9597410678195619,1.1604738029543538,1.2425824583793093,1.3110491310714798,1.5477544463554291,1.2170675324197586,1.613988774879655,1.212006120598438,0.8490901903415503,1.0089102140257755,1.196439369911194,1.0213227285015627,1.3936249076627663,1.3560863217284616,1.446719169749978,1.5754878521598865,1.0538155004146808,1.046403361569113,2.30590807665718,1.0863846077310844,1.1590139572737488,1.2261447661499842,0.8359554171591667,0.972444751854445,1.5519977334749335,1.4007863790287862,1.3051784672102975,1.0682497617016844,2.1882168912669977,1.3608039418618223,1.1553440238427661,0.0,1.0345919693854884,1.279343804491306,1.3258465336190022,1.2511389771797439,1.3205467436548766,1.1552419312706759,0.9137612104161768,1.1603447978815953,1.311748113324213,1.1348204795582253,1.7961776923099715,1.1387519407037159,1.4528710280932713,1.2172741872753916,1.3506558538123505,1.3196108492673877,1.3386062277466821,1.5037188467600073,1.2523525568375442,1.1341383831406882,0.8932015973435308,1.0855384407652349,1.097407670460027,1.2776623297176797,1.1744326291702438,0.8432665981078535,1.4248116041152934,1.3205169849112495,1.0571634735267148,1.1630603326541147,0.9106396079406218,0.0,0.8766168475949132,0.9229217996646744,1.363990919438696,1.3914693360070565,1.1416441879537895,0.9130224663464477,1.0883238276183216,0.9088615754123065,1.1231184497678866,1.2545483324481286,1.3212248901515122,1.2994244844790814,0.908452041991789,1.4871544991802055,1.2502629930145812,1.0565962279318146,1.3153497439507502,0.9420382782108565,1.199399828401813,1.0958405050292606,1.5436036021096697,1.1690566281402845,1.129347720086836,1.7934027853548395,0.9971703033500623,1.4254335725785083,1.256807257698681,1.1138803225056835,1.3996699950413745,0.7852356570657665,1.2058940365102184,1.0808247542789478,1.3732513790141312,0.9897371806812947,1.0280468934335685,0.4965973902959533,1.1610571571010873,0.9209910970916266,1.1287473277231093,1.244575452392044,1.029218411097324,1.1434514423982476,1.1449628200340185,1.1566597166216637,1.1320559797033733,0.9231646123139556,1.3969518387715878,1.2385393325858827,1.3976557490022736,1.1135518542197103,0.8556850909313454,1.5677768887553747,1.0855297529941472,0.9876056089086909,1.5151446815855676,1.2234049953900648,1.02591831398852,1.827852752178015,1.1870822569948516,1.0330419254694245,1.1425020430998312,1.1129583004593775,1.5184612900047596,0.9174868966444275,1.197944112357896,1.4279968140495132,0.8356636294110588,1.4068056455294213,1.867022599379133,1.177660499451435,1.4141773681977463,1.1107957180323833,2.762811177950741,1.3889623191591727,1.436741730589817,1.6081680710475816,1.1883803588407316,1.1464206595154964,1.4468268307992473,1.4317932253550292,1.1697402404724566,1.1100952023913542,1.202626592929122,1.3897069711660321,0.9392563249476062,1.317396549392604,1.1336650970178348,1.256905128838921,1.397489586947712,1.0966049074276731,0.9905080521604648,1.1688637913186748,1.3303483711316175,1.1612076210213413,0.7528225815987613,1.0891545145316133,1.3186717406956407,1.0149387236857268,1.4796505452521829,1.0740041514681031,1.4553195938392833,1.10273226761224,1.2230571881790202,0.9713880509713666,1.2898885658181993,1.132600510875459,1.2275177502658963,1.0454759836470844,1.0108783256331035,1.658693568279737,1.2280326446609515,0.968436366124342,1.0739943868221296,1.4826833047937509,1.03055091965392,1.0367730721490178,1.526274424693049,1.2926758428397225,1.1484559854230085,1.5721274823750033,1.037639590034427,1.2502457626484924,1.3596263710295688,1.1931844242144842,1.4971740651927412,1.0169915988517007,1.0604438946079657,0.8935677700396735,1.1977756396603152,1.3714703095807903,1.0360870348406224,1.0816863147609714,1.98623815331297,1.038608002501238,1.4375000586197075,1.4990936991655712,1.067570035358909,0.971889471656971,1.1657496198810695,1.3833838059007098,1.2124349343744711,1.158204288621606,0.9610075824174656,2.095122150691438,1.4924331179959238,0.9266828029532191,1.2370243530970755,1.081787768714475,1.1912989264519651,1.0840176374698132,1.2370510214765529,1.3613733984622893,1.5939562900650035,1.2728065515944356,1.367670983820656,1.143251501207585,1.2753890432406618,1.3377935730601374,1.3697691658628495,1.4721426374759838,1.074794080663799,1.3750975139683357,1.467141741547913,1.1871948478327259,1.329985579016281,1.1717032287419777,1.011840037117939,1.4020714608745664,1.329962668774607,1.1570135950540341,1.093001945003362,0.9708199268813842,1.0844102209558502,1.156996171539052,1.5220680784739968,1.373099584800254,1.3070397885945026,0.9719203085871702,1.0386677450831243,0.9961200425426612,1.2550564008089822,1.0405497186764383,1.1838090355521027,1.4949710887144332,1.8191979806777454,1.2034949971452076,0.9818439784780669,1.1229556638236233,1.145834592511444,1.5990615465914544,1.279814737721297,1.8232179223124394,1.0990069751182676,1.065959523740731,0.8802244954195678,1.3639097255617831,1.1211590894674388,1.199078801918673,1.541149870292771,1.8845095846402653,1.6060316926363503,1.4636664707647347,1.2929196723403846,1.118118996501023,1.3972224648157832,1.040190607354274,1.0565844716644772,1.2445521381057973,1.0683604662041402,1.2890809451477145,1.1802094199090554,1.3800477935532833,1.5497251905520222,0.9233161153148314,1.1849670585190006,1.2460730579625086,1.2036616848859403,0.9275378288890294,1.3066327338906574,1.030909240019145,1.3655256133038263,1.6036744346782639,1.298545883143527,1.0752385858478388,1.1484995083611715,1.0053767672167888,1.3425499938361218,0.9581229002862165,1.023593485070441,1.2341969492636933,0.9272389106423217,1.067341484762868,1.5586451632830216,1.209112054573574,1.1578024059239995,0.9290705527454023,1.356786474825972,1.1822471937434598,1.2333366111495723,0.9106187518047524,1.1485508113146232,1.0158930747514021,1.660613018042885,1.8166108834066228,1.2619120162336532,1.048554346566232,0.82140372530828,0.9081245899905341,1.143477513572403,0.9786909963828043,0.9905489957068438,1.297314836848115,1.183703275228034,1.3137810319070191,1.263041071720064,1.1822027903254124,1.1977816655786548,1.2218857805504273,1.3125987101507501,1.238456504975507,1.4399861240980527,1.3512369257180286,1.0725273910212334,1.2485105569048667,1.0109989324302888,1.1310867697059246,1.0279122959215847,0.9562699139924731,1.0127336487795322,1.5723366552985738,0.9595495431279206,1.3734231369650103,1.8053873705569414,1.1357675311328639,1.477591512314944,1.0958931930667781,1.303345533108244,1.0418468157705918,1.4331910610785565,0.8886719265452308,1.1831819398910208,1.1076469021375759,1.4034447378016188,1.0907300093302676,1.242069675644786,0.9890142657634924,1.4716174179546875,1.2731938320181753,1.0909270357581784,1.0612762210682214,1.1490426630560724,1.1930073145499742,1.1443926757333167,1.2882922612544292,1.8448718437482898,1.4337634792580902,1.2667065983324581,1.3310405540186887,1.439404006722694,1.057377509749818,1.2349392845594005,1.7144608483010542,1.225223550132805,1.2905071946406856,1.0117350344841012,1.0844904758192624,0.9096293806798765,0.894663931390338,1.0860757932756129,1.0885854186287485,1.2405460639075754,1.0663241194967368,1.1634874160715158,1.2127266740149318,1.0203337750239294,1.1493877445773875,1.2762463013460144,1.166717886718161,1.2878447906236823,1.1219060562025736,1.0422912670121434,0.9368509974154242,1.0304683449452208,1.0755951172149436,1.099569319406176,1.2296884114655273,1.2908440380945425,1.0068425843816078,1.3603131207810348,1.1752558646195777,1.0083655673905416,1.2680378883499208,1.2318898689389175,1.5667910683950068,1.0565471145283238,1.096858095093158,0.8846406798140198,1.0184767390016058,1.210099053546322,1.7216541014549742,1.1122253775462607,0.8473739945456064,1.277190690491604,1.3811269626745042,1.6002817500390174,0.8783328091899784,1.2962942270904882,1.2107412736464174,0.9923408131804101,0.9677579235235108,1.3510431545705275,1.0726690611492318,1.273510445953043,1.1594329972847475,1.1094776790706042,1.3094449889686666,1.169507709180087,2.536159266968199,1.0513991669738152,1.2932251877765322,1.1158563596326991,1.2718709335141893,1.0995894568708735,1.188552712429657,1.0243339730885475,1.1110411776753173,1.6720907820575601,1.3369188005850625,1.1284633624857925,1.0592882905335963,1.2770140716698921,1.37047387326682,1.1088472484186984,1.143925682781532,1.671539904283985,0.8982417615963506,1.2064435908279263,1.0779119707822316,1.5760324642833219,1.0128206563645838,1.3962015949516573,1.020220720942402,1.2502092605095354,1.072112278918524,1.0783549551867924,1.3364093756382072,1.2678196076828057,1.6120338193842094,1.1482625525990715,1.3017567690595422,1.0062987085446435,1.2078627344142814,1.3957342196157725,1.1285711336391704,1.3362557109203288,1.2359267701133152,1.5152545995249849,1.0182304882292286,1.584724763607253,1.132477158215287,1.1756894491219314,1.1887819749192676,1.0713163743480503,1.097440362459599,1.0461684794975366,1.02234600746503,1.1906360077283606,1.1150117501730448,1.2487454514444893,0.8883979069419287,0.923311067641974,1.622674706403644,0.8913222290067402,1.0359299775609556,1.1018634402293113,1.7231416265452943,1.32265524636466,1.0669754147050963,1.1894109973608527,0.9835816568356639,1.2616251658613815,0.977824702847351,0.9791222579273022,1.878137127157709,1.0512465405733036,1.2225489017942284,1.273797122388809,0.928723548255793,1.7276030685373622,0.9646467135202885,1.1043859459390952,1.0107728833779113,1.1794660258152105,1.2965730238542594,0.9685171275379418,1.2323178114004623,1.245920000930588,1.6445185663696438,1.6591716170222615,1.2919957577091363,1.0932193464606907,1.2854591568570395,1.0822908041495563,1.308315412234084,0.9860913414632585,1.5244631499512884,1.2727671900744648,1.4066788601189226,0.9945359234921306,1.2103202301110325,0.9944543644684014,1.2601389538845091,1.198632248285673,1.3426679410032047,1.04869340820628,1.1680151998465649,1.0450691458993284,1.3705573624374123,1.0948192340157374,1.2176977967457172,1.0717713605253385,1.0731931279427993,1.4271408833872457,1.3565588507465773,0.9640128861856339,1.2038782981233778,2.055253537886064,1.2489111120446277,1.0760071115003154,1.3673693859079208,0.9895880220556998,1.1425221603802853,1.1797393194269874,0.9467594867270608,1.5270204869259492,0.9701076584011313,2.22571664076648,1.175363214843296,1.3340685031503012,1.1428504451759913,0.8630568237680458,0.907179512482794,1.163168281883232,1.0537392473724498,1.045217735051514,1.358850587175135,1.1148308877874669,1.1532530441737152,1.6385839455933924,0.9172758200404636,0.9017590712274797,1.266774366881149,1.2315531423216477,1.178642209900913,1.4144483024499457,1.3538151561592149,1.3217567247958686,1.19047701364775,1.0132980290834235,1.054828648431104,1.3931711254638646,1.487625838431058,1.1443626490320125,1.2066362554458294,0.9965166436987307,1.2104173524365662,1.0611962154106813,0.989374581709636,1.0897342975431445,0.8436520133946984,1.8005006789981393,1.0537946128665503,1.3359739863361968,1.2775383704711085,1.156591263484829,1.0599838836086226,1.4243916843369582,1.0842597157068286,1.1259800348071551,1.0136702773416117,1.3563351476269396,1.2414830316693863,1.083840126365299,1.2787283611193698,1.1879572660745146,0.8424844105103855,1.4430689282293163,2.055696100169477,1.450459319822023,1.235053285809846,1.1421044313127762,0.9988425751517486,1.274856987762785,0.8878010634205432,2.0538743567672055,1.0175469628619553,1.48442675647477,1.4110170840825038,1.9025769148180318,1.2471401659166284,1.2412775188084295,0.9628313456185487,1.1397085045527506,1.0108161130206925,1.0628206372680178,1.2567982571665413,1.1582059495258485,1.319817334926833,1.334949448562818,1.4360680424883585,1.268913892624063,1.1326686541649593,1.0014945573669076,0.8605741068815018,1.2377605817912998,1.3346557427885082,0.9068478899864774,0.9840508002533856,1.101842171208717,1.0775322678389452,1.003600554627354,1.5973214299486544,1.1994544842044361,1.1104140969358594,0.861788666296553,1.1481942910731227,1.215999630664569,2.633235405783819,1.209100562858949,1.2323770058505108,0.8851089173948903,1.4652881688518913,1.1064465526985676,1.0689070066338027,1.3437485420746365,1.0293325930139692,1.1131795227774237,1.2370180566888052,1.0546666177647968,1.0571610008087642,1.0925038204362898,1.0291107532809276,1.5923213544651609,1.4596759679915743,0.9198092991400753,1.2568334263454448,1.383442511894022,1.3821181834601637,1.2199304801952167,1.189044584047147,1.1777057963876483,1.3217510497475222,1.4098797835595764,0.860929805868481,1.181412821676874,1.1531742597058736,1.3703111561927173,1.4068090632461954,1.6438266823388321,1.165771907708661,1.2262484795068684,1.28079954990968,1.1748334476167754,1.494794519204099,1.2312640992724313,1.2090247560601288,1.3505554149832149,1.1430562402014695,1.0594204451762816,1.06776710785413,1.4830747106861624,1.1704915686246173,0.9344541310905286,1.2988072138161706,1.3086362889533125,0.9849285732860723,1.0660395635519762,0.971785392747901,1.0953447052740921,1.051562334127276,1.0119375019804093,1.275612049623037,1.2263548903359336,1.0249319426110903,1.7590310507133535,0.9794928813034502,2.1362172730870825,1.0329226362270671,1.8537748957274685,1.0846075949270721,0.9964686972596714,1.2020879395115458,1.2747920289316423,1.1558668514024029,1.1568582875755693,1.1957363444826183,1.2803931298545612,1.1419581533694225,0.8861934063233872,1.1882676017395875,1.134690056492875,1.0418383265179734,1.0579878653744839,0.9577227803079827,1.4307522671612047,1.1637668249828872,0.9581094295283002,1.2568766782162262,0.9807773504592812,1.3046681152557214,1.4304162720969922,1.223662095763126,1.3240228664859077,1.5306206543822918,1.243030819043439,1.0804778280238638,1.2615328611723298,1.1813959205493672,1.2581785050494094,1.3278610988003627,1.0828958529826336,1.4522426215007886,0.9768084888091851,1.042796944006391,0.9601339850376365,1.7564367405028276,1.227504720243475,1.110287390506274,1.519765783015316,1.2424765825246984,1.3797380351228803,1.4030821950719223,1.3302631260394748,1.146133074590446,1.351902221186562,1.387308247462428,1.163515465225973,1.3012588873901247,1.1966793536688718,1.2834984191624428,1.2349007223604835,1.0241907055241248,1.506140493301615,1.223959622036276,1.4131692931495616,0.9732368375015513,1.3749843326926876,1.2228988065136877,1.2973445743502274,1.9437464223540792,1.018104128131174,1.4198586513015368,0.9738861734165555,1.1377098756421686,1.0482004343627265,1.220200725419613,0.8829588003275126,1.2155244683961923,1.1186183471981344,1.3094757279330336,1.3524404971518265,1.2590899377816032,1.5559477714906338,1.4433073007363957,1.1861628120998158,1.1413166614465442,1.1993879791910158,1.1809146410149478,1.082670486291934,0.9287496587521031,1.27631854753681,1.2259411060603231,1.1337768981247929,0.9008703412082184,1.3371956525353041,1.0750324048887485,1.041356749170014,0.9908590040684259,1.1682481978046972,1.2779619951055952,1.1021087814036172,0.964603329560129,1.0723122386855066,1.0646542917641044,1.2798364298629663,1.7132865955376568,1.285662916428273,1.0981512817083345,1.1684382979890762,1.1907705287607,1.23011928491741,1.2547124964054703,1.1125742044641145,1.55067928831674,1.3179088246697188,1.137955279007191,1.1586738772012828,1.088313320707746,1.0673114213679855,1.3377339013421734,1.1456677900784802,1.0724694034800881,1.1535471165680593,1.1754737834046327,1.5237620993763217,1.0847966342901547,1.0194830335999885,1.4753553222097975,1.1484481794959087,1.0954510882978594,1.3348586286744497,0.9045712980496181,1.5033773903210725,1.4498210572880845,1.5682208207605917,1.080557543776255,0.8846119268593795,1.5588326944078887,1.1975844600699677,1.1786518094341019,1.2333013301087266,1.3190802333877272,1.60676518337804,1.3386825478387985,1.0855341916248418,1.120409493986807,1.3262337691883936,1.4059147550724589,1.0054468916031898,1.205061446926568,1.5105457207845587,1.218052549715433,1.0255249173564396,1.1900594236341722,1.4939990365832636
75,1.0805662654488013,1.1353042851895194,0.8856197289050917,1.1805386583186646,0.9162499125128589,1.4783338780579778,1.079905025658782,1.27958400347561,0.8667983337063546,1.0922326187632379,1.3119331706916086,1.530498147935352,1.1259365603884794,1.1116848765832064,1.3870202004192491,1.4118108636624467,1.2509602786287237,1.0534212245052188,1.1153304231616232,1.068937205680766,1.2768253353316998,1.4724048933569285,1.2300428209519167,1.070085174533635,1.3304184708304307,1.0126783866250437,1.193576345107422,1.3660507728860676,1.097210813169064,1.4217163882160737,1.1906421410481294,1.1548060238120463,1.8470127185395264,1.3555426616713573,1.1907313357771008,1.1088228380716818,0.9581247651179221,1.3113529094620802,0.8431363894914791,1.5139556299941843,1.0550113912861216,1.2030169286471628,1.4941910818837654,1.2231725063539212,1.2054376519627905,1.3727367508109043,1.373924750776945,1.1091916442231506,1.30465714099758,1.1970712319084629,1.3895515965299894,0.9284460429555572,1.1937238324356105,1.3148984286660617,1.1847323326689523,1.8963765501493313,1.1094955079316393,1.2967698501138363,0.8035736707251626,1.1119159850399432,1.0322856262336293,1.0886487982940554,1.0467291072111082,1.4634742524491124,1.2699006077986668,1.2104611122309192,1.2025678910951827,1.7046515093248535,1.0345803541754088,1.1465245451548731,1.0910980604269511,1.174353556700201,1.3039833270923396,1.3479210470771121,1.2782364743787904,1.202493545728052,1.3210596762668791,1.200740293459544,1.4818090585735968,1.088601146956598,1.21770734680516,1.4618612946105762,1.0516823525860017,1.2004878251491653,1.235136688930521,1.3184129326112546,0.7350910906838155,0.9348094873450572,1.867767182264755,1.2447519547022807,1.5703408910303005,0.9326687352604284,1.013592540999493,1.447600860255016,1.013921868296656,0.9796005315052297,1.094945823984411,0.8519360698794984,1.1354777540064267,1.146841859595265,1.3989243767849875,1.2540961339736771,0.9999398508177163,1.2545300085067441,0.805265023380706,1.1138931904173996,1.114494353339904,1.3945170269228464,1.2891306402414764,1.014770235371503,1.1022912236870641,0.9699286076269802,1.2920839297723643,1.0361526955024327,0.9299569391281782,0.9452634724410421,1.1795294415606206,0.9625421720608784,1.0216822594074433,1.1719934305126787,0.979527583364062,1.1521279018737034,1.0087302685169512,1.3293309345477593,1.571412873138063,1.0436660408664111,1.148741874020395,2.5810712420560153,1.5278928027564054,1.1725985483100003,1.028476453377277,1.3257860529311822,1.2992505722136094,0.9643632003512683,1.1406557673485664,1.275184358705694,1.0556933516984959,1.0680863486825083,0.9655180146712639,1.4437790593006388,1.0415341224313472,1.344206467111059,1.2901954018821014,1.3272761644642126,0.8919554082747773,0.9282973581059292,1.12232823473492,1.2920770335574567,1.0716712615341248,1.0331713764155883,1.3906546099842765,0.9386758429070878,1.155068447172238,0.8483684812448248,1.2033075607434007,1.221949565838977,1.142980036471341,1.0600300829373173,0.9753216934050085,1.4512116581119465,1.1112419847926152,1.159532010175929,1.1432494005092153,1.0230510952122214,1.3504644309978715,1.520052730619128,1.203998358247783,1.4301750815908432,1.1620670003094702,0.8798655542233951,0.9701378590579304,1.0645257604668248,0.9857203799752157,1.4109025853638606,1.355269146363642,1.5005521563457664,1.4740648888112386,0.9926258358628903,1.0408791916310804,2.331460618416646,1.0609438437369207,1.132000112301367,1.1624172449901717,1.0176915818885324,0.9948469794436701,1.571217625926078,1.5296188373957968,1.29787031908399,1.010469509926798,1.8198636942257052,1.237425253196277,1.326586653589053,0.0,0.8863771229060613,1.3991554454911908,1.4366630441803496,1.2835070680032947,1.3094739337934738,1.209832114403266,0.9124800930456012,1.2051636543183215,1.3718045889309236,1.0812327523078618,1.847241530219005,1.1340636115197338,1.5229780780029345,1.2289304591648291,1.2755874956476339,1.2386579735220589,1.2580973365856019,1.4666386285782094,1.1445574807430137,1.049428564232508,0.9369612127469668,1.0089659323383795,1.075126707999571,1.2019980425009702,1.1256418169730762,0.9101433786902988,1.4260874133771488,1.2955517441688047,1.0060092431206202,1.2364077655275882,0.8560774526299898,0.0,0.8564930422482354,0.9345201962310665,1.366339922123935,1.430114078162489,1.2448920241990489,0.8426249249638985,1.09374572522467,0.9395790236650028,1.1051769523739323,1.340002380824543,1.2980936321466865,1.2160036327170234,0.8946576098286925,1.4602115663946589,1.173552211923375,1.0287377088558824,1.3871419380795178,0.9824705657584092,1.1829496337939693,1.1733716078640752,1.4754837994437104,1.1238047283021348,1.1106547817801822,1.6344267291629113,0.8748479224711223,1.4568144814885948,1.2755744887143678,1.0893188152558453,1.256101706691949,0.8258173893065797,1.1893386382996867,1.126019165374233,1.3601808099296833,1.0565205576549106,1.044085910294306,0.4532701006576063,1.1519786586240395,0.9424169819542477,1.0797665370817824,1.253022748269096,1.029506159200693,1.132845109034906,1.1318270400733255,1.1359053665749907,1.180735412706839,0.9073932435529197,1.3859441101282504,1.212635488846234,1.3374850107654788,1.0924668554386083,0.8820061956671144,1.4532149998498762,1.0631938254357738,1.0002005682309836,1.5543572414367326,1.1883233041239767,1.0586702193215798,1.6266587063630513,1.1887180049074244,0.995124868787563,1.1468218480933572,1.0430048922872055,1.3976888662897489,0.9365777060681548,1.1865495380200797,1.4032884225831297,0.8122334599744936,1.3554476430064533,1.9377113112446667,1.2128920263326937,1.319181740834025,1.1661192730329448,2.3795798567435806,1.3078448489308714,1.4021815753555287,1.375901906841904,1.2197617232249929,1.098871748237587,1.4506302924526446,1.4699824224009737,1.1462941738042347,1.179136625229505,1.2527558898703974,1.4222906257189578,0.9435555028277982,1.377433518709202,1.0770687487838067,1.2582308233986645,1.3321982295021007,1.0699559166322512,0.9837141280612984,1.1387887271128017,1.2679156341157332,1.1484952257822005,0.8273701036495958,1.1464765140424797,1.2314663116423044,0.9883463387131994,1.4437608300988316,1.1189443625254287,1.437411915879939,1.0658447527333965,1.293210442680677,0.9484577043807132,1.239414885437184,1.1861315930170742,1.2752056695153424,1.0151913055276458,1.0431437754517325,1.5264560174655313,1.1376563925171759,0.9600544934329037,1.059105374263321,1.35088079440929,1.0950174298543085,1.0417387730962915,1.4907837736289034,1.2412596363822057,1.102543240590078,1.44792523272069,1.0831844661877934,1.2425044046762288,1.4348392170047028,1.1414208729890105,1.2553003105049354,1.1124593270862484,0.9670168641119741,0.8523718521096467,1.191792540308437,1.3578734466052989,0.9914466902410835,1.135258475560642,2.1832462910031034,0.9790113049168367,1.4305650503446963,1.4247168506160506,1.080306895638334,0.8913635750252323,1.1760584240459628,1.3175259129972545,1.2631355293530167,1.1408685171936392,0.9352343471689523,2.004390457718446,1.4427174917825423,0.9322183283941659,1.1372661594768454,1.1168255587747535,1.2351466418822525,1.0651731785481133,1.199929746244064,1.3453409159148453,1.459218766987637,1.2646231724259316,1.4718918590609558,1.246562377934386,1.2396103221979116,1.4128276796206136,1.2892337540463799,1.5635898619393112,1.077155748125829,1.3501079964403893,1.5356957824394164,1.2453696655878181,1.2685475407035054,1.2001659902040278,0.9902694633368461,1.4847158652314483,1.360042163536833,1.0994095429388986,1.0899356853641113,0.9200823366584496,1.0143112383426436,1.1048224803499918,1.4110594946832484,1.3820570959060237,1.1937653248203293,0.9507384513816174,1.1028933118592987,1.0523149936148737,1.2916068967792094,1.0079864703250339,1.1991018826761208,1.3552347108162854,1.954532655197504,1.2074159870682537,0.9836150700951986,1.0986297429728056,1.1293065901491464,1.600344612499718,1.2051525192797794,2.067657741952991,0.9987189478629086,1.0114500217734657,0.8825156432146208,1.306342359595829,1.0908753805040243,1.2030031429867873,1.6455766997200874,1.7587693873401904,1.5116334495556534,1.4457378664914005,1.271670620486194,1.1893046251187276,1.378948066461718,1.0601491098072535,0.9844316404912006,1.2986523691042346,1.0594293966579573,1.253376587928535,1.1597229985413011,1.3263865062681268,1.6623058016203929,0.8698416152143535,1.1954479961135243,1.2137434278564823,1.2090543816009158,0.929771975500847,1.3318889292958291,1.052156885570016,1.261432329485758,2.0718197557474904,1.255028342783818,1.0723737473320079,1.2123403094132217,0.9645103373503947,1.2658945898013634,0.937704806161949,1.0239377064001296,1.1873232896022055,0.9236544015715795,1.06654519785395,1.587533930053738,1.2963149709219945,1.1710801275384242,0.9436227315894037,1.2986141566942115,1.1962872206468549,1.2185196821449216,0.6836937013513436,1.1584367540433553,0.9184707440780904,1.4782679103817302,1.631792185660093,1.421727410836739,1.0309893143972766,0.8366814864011692,0.8866512350618547,1.0940703276988373,0.9330921981356528,0.9598603827419029,1.2173991366481176,1.1052060397423003,1.2893411392266523,1.403869935414791,1.1264052070876645,1.2255008032340338,1.2015540921333114,1.319738898498107,1.1656746954791348,1.3925081572546454,1.2565494227041623,1.0846429680302656,1.2313525001187557,1.0618017726911284,1.182025688109876,1.0660950609596747,1.0133811871806433,1.0825792676232977,1.5174623044679734,1.01328683806569,1.240050733082109,1.8427299109560078,1.0512736183765794,1.3875616793127494,1.2269243934893916,1.3713320103656987,1.000298193121667,1.6370523674679973,0.9494970750501441,1.1958583480407805,1.2321214038347499,1.3141776483243404,1.1771292264845212,1.3376948595587235,0.9233153295616929,1.5573185519143775,1.2963931260080508,1.1052741313696877,1.050154903990884,1.0773114470403278,1.1624386943990106,1.0912423051066673,1.3566036780368416,1.7834577292754459,1.5527928240760889,1.2110027965265924,1.3629416996090138,1.3987731998763397,1.0328583117759755,1.2638991642798243,1.7155305864067343,1.3077551854305671,1.2803684386743641,1.059772234886882,1.097699057708411,0.9455975030146637,0.9224951839604308,1.1340585314960285,1.0949874971384368,1.1535705771090012,1.0532821864970772,1.1447344435878681,1.1708989835340715,0.9713221829568188,1.138972815080372,1.3298373844796285,1.1284800474102628,1.2400962406126914,1.098274838905211,0.9966661154636232,1.003606845718793,1.055113721582047,1.1756814146465921,1.0703030251833723,1.120061089709941,1.4480589100571413,1.0041038030901877,1.2888257861742682,1.181759989155295,0.9368751684757219,1.2326057504349284,1.3234596094391753,1.5753630277591943,1.041784056057992,1.0448164211103772,0.9114362869729447,1.0754264570673149,1.1702039760859566,1.6648321629055485,1.2062212649923627,0.9220863659568346,1.2446793205991231,1.3427986447641471,1.5409791652911173,0.8782060592831655,1.2459584097188734,1.193706486325925,0.9430032981620058,1.0051666204316794,1.3642912879258433,1.0895111093110612,1.2561648275070763,1.1816030194101865,1.0855440820113074,1.2495533069638542,1.2513073541517612,1.9604402123053661,1.0354555982168607,1.2357763623281715,1.079128120544404,1.3608984346929751,1.134798288623697,1.1337359426031055,1.0485016565243874,1.250909497336617,1.665768984671224,1.4596985193524135,1.1209796705736974,1.1104323011354236,1.2050337501547659,1.3149611962325853,1.0553708943002136,1.347804961478253,1.5830137604426475,0.9867780807631269,1.1176361829457937,1.0396040739278805,1.5489754802895763,0.9640811685117682,1.279151119305142,1.05510974600401,1.248419598072872,1.1234156808422955,1.110930332127299,1.3578557721695281,1.3147550775335435,1.6389171621971843,1.1233640540327237,1.1846322310689934,1.1251579356515893,1.2871406112434476,1.3172425374117647,1.0457124841337924,1.285559110328915,1.2591670643674069,1.5761021539853521,0.9941537042032904,1.5258605300437886,1.1613643045519535,1.1588696142842987,1.1286151283326782,1.117019687768861,1.0557066269023565,1.1310293966597502,1.116752688776029,1.107009254125496,1.0985706128924935,1.3376813527453828,0.9328006157698139,0.9707570216429606,1.9610191600122049,0.9158746895156128,1.0638435324309903,1.1323587025539017,1.6503675014397985,1.3016805888858962,1.0438166096041939,1.2608717792154704,0.9574849759815585,1.221474537042858,1.078486230117041,0.9825190022288216,1.6961673129003656,1.0288845618901283,1.2947717081895025,1.2519858899708787,0.9092859888281363,1.7421856428533995,0.9820115179193111,1.0463619163156077,1.0529068015304455,1.1687997149583067,1.2326437332644404,1.0199093264047818,1.1458622454827938,1.1617451910851753,1.5558232173798046,1.6140870781035672,1.2382615038787634,1.099240568253109,1.328147332009825,1.0481175748012652,1.2908699229265759,0.9726793324725496,1.425674001415702,1.2125525674678062,1.2670757981749783,1.0393097483325027,1.0945493810008422,0.971257515460775,1.191873827912013,1.1229236340238957,1.3281896179791282,1.036271657213359,1.2249416399678117,1.010185840330752,1.5157404167587791,1.049934891546411,1.2081113900093192,1.1019041790123172,1.0775044899134913,1.4028743976020035,1.4501289742402088,0.9429366487025896,1.1609328225338906,1.9513320577382762,1.2367346498740222,1.1025052201386731,1.4806241580829314,0.9351755788269768,1.0953672582426885,1.1332790482606612,0.9628183586240775,1.4870417427531344,0.9389029957444597,2.2195013479847367,1.2091459483777913,1.3508216358510057,1.1045782726116369,0.8387486807204639,0.9533771138657321,1.151584188107886,1.0494457894775753,1.0819489727174725,1.402193234722903,1.1099773966729112,1.0716416831127233,1.3643955296368653,0.8970159815022092,0.9037793148924907,1.4399567555249415,1.1099320587120753,1.1546247795365459,1.413199201323016,1.2680970627356805,1.3737564074864543,1.160680816315569,0.9852284293797962,1.0263034429523326,1.417630464330808,1.4126368634014788,1.0826307117940766,1.1829895826267012,0.9788600181712717,1.4152093562592039,1.1072357330648301,0.9685608866738032,1.0798640934555328,0.8356582227378332,1.742011848363866,0.9713574881751933,1.3928253266987092,1.2159542910689416,1.1067911173395313,1.1646632465864242,1.5668708048388713,1.18529519708177,1.1687516277084575,1.0335304997146824,1.3078535328963896,1.33050616567771,0.9593146564051007,1.271742460122368,1.1798232755282787,0.9105756245812451,1.4565391494588975,2.1331263953813164,1.6189858793669911,1.2792784951333442,1.2370531469508517,1.0282152594348166,1.2459948342403018,0.8603089692681041,1.9766439719474482,0.9756765399120821,1.4415253324363846,1.307317039081159,1.9459662221790193,1.2642674587586384,1.1671143991643576,0.9802633115442059,1.1461638349147443,1.0641982312198062,1.0282503174477404,1.3014416905951762,1.1285866122249144,1.2888799442697325,1.2197058964064944,1.4519095306650762,1.3176454184688546,1.101336969930312,0.9601793482671747,0.9333420500052767,1.250048418587161,1.437578104845246,0.8906209353641349,1.0036975966718809,1.193513106377845,1.0252087339550588,0.9600399526011582,1.6788123939937836,1.2533883746027314,1.0908104283878652,0.8417188121330751,1.2221356501857474,1.2024008867028928,2.463921900034528,1.172168493194586,1.1630955318146479,0.8610670366766322,1.4466552243243858,1.1528968878291637,1.1743487001278388,1.4408040082119697,1.0418853726551587,1.109945033059025,1.1603983648596101,1.16168227988435,1.0126240620401137,1.0815741150228546,1.021405265237103,1.4463112952311588,1.4924209657026264,0.881903472886562,1.236500329645657,1.4084655779402322,1.3559652977299574,1.1485190813291328,1.0859827057213702,1.1506866629565877,1.3821643916753563,1.311826683994177,0.8379871765410007,1.1419666317104817,1.1600355372675841,1.3271557659106563,1.4954833873132944,1.5822153734977167,1.2703221786641634,1.3284486106556714,1.2673498939423549,1.1504624969265391,1.426442280765779,1.217469531846454,1.2266209712917573,1.3799970029080824,1.14001517269746,1.0108165134245384,1.005625858085024,1.531200576456304,1.2004075587550638,0.905513130838928,1.2110967788889533,1.2604040373891146,1.077911211777748,1.052561730029794,0.9127421747059713,1.203340007551498,0.9925756652220227,1.0150795251345552,1.2213002914451874,1.2055231487999059,1.0745422324116483,1.5730065231540387,0.9866518054482576,2.303423020582904,1.0301992424661683,1.8561284264054934,1.0337908936230311,1.013285359422516,1.1406386927967798,1.2176518796470255,1.173000977533344,1.2273255649173005,1.1409764657011707,1.6709037494192218,1.1627527053320552,0.8953958410886231,1.3018175450648921,1.1622127613270397,1.0259574831602798,1.1215233688954271,1.0512838766352106,1.4141682939190385,1.0717698754950153,0.9853452704724281,1.3914928806421052,0.9372568363104448,1.3121006368761354,1.5245756974060711,1.395285809242494,1.209001050684217,1.564634624604431,1.1583045790623605,0.9717584289975981,1.2673346865777242,1.2298684396776778,1.2117180578059015,1.3592585628908593,1.056105198779564,1.4036536192512203,0.9383884789575148,1.120464860823623,0.9428090014976829,1.6699892943076653,1.3274059208743967,1.1362696063597846,1.3918592657752455,1.191570596178955,1.5192814657493119,1.3855698997347012,1.335089758304703,1.1329454257203886,1.2772311223525614,1.333630205054548,1.0620349874451285,1.258711485675286,1.2764108403493986,1.3541217004624975,1.1541000717421728,0.9742681400716475,1.6198785467217338,1.2056622811137592,1.4204650025728172,0.9095868209805318,1.4136780314382889,1.1874768099319721,1.404179535198088,1.8681311939004177,1.0654670915919748,1.3015798389897524,0.9025872096485732,1.108949824572933,1.0174971781062698,1.1953844805341243,0.9235407613090219,1.1336947028323299,1.1135623653183173,1.2819975484675519,1.5288089492574712,1.2200881846873388,1.6126053062568142,1.3962552101969627,1.3153624503348205,1.0314653779385523,1.2650217266544337,1.121535607222761,1.0797895009754541,0.9540530617197962,1.238120391778556,1.2678223449213166,1.0844788013757927,0.9020150501121997,1.3304534088024487,1.055416163008069,1.0722930112991207,0.9983799773839288,1.10919941341214,1.372409321659362,1.0632116340525468,1.0058099980261286,1.0709161000209682,1.0601544699531502,1.3101373904856344,1.8820469684902683,1.266237700254175,0.9487368458149315,1.1794321665343241,1.2118501926572838,1.2455994883131352,1.2491915253822794,1.0344532159049742,1.5264424304725221,1.3668430719373954,1.203818514754179,1.0984640070714613,1.0738800501021148,1.0509605757007012,1.2947565142387343,1.1784082577772645,1.1210400423512674,1.1150118320488607,1.0933596994239776,1.4698936268443306,1.110585897471446,0.9959853462101167,1.4091805572882314,1.154640853983322,1.1524122598535185,1.3558056400358833,0.920724636048553,1.5672001259948225,1.4906889707398356,1.613982906364838,1.016743332906166,0.9006768363049702,1.8111636339985164,1.1909306131460797,1.2183868297180016,1.186059244961478,1.4050992902288437,1.6044304597427737,1.4008593479462206,1.0296537313001906,1.0953796765307575,1.5681274753858205,1.2838514511929153,0.999174717334749,1.1836886002666582,1.5066044789441735,1.275785961601653,1.113008816224196,1.1344462966959608,1.352188409168641
76,1.0647790667377364,1.1236396907545383,0.8775700932454917,1.0946406877198962,0.9324486769351131,1.4588288661111564,1.1086640329956632,1.2560443329581341,0.8673833627780981,1.1425995656066592,1.316160221591166,1.496172399519533,1.1164225222229847,1.055913300269956,1.4689911375068427,1.3046147666153478,1.2438960162633181,1.1289860720708191,1.120277169376601,1.0361755736019371,1.2677145271358192,1.5236524979557329,1.1440737600866262,1.0902814456093906,1.345065669409594,1.0528988375977808,1.1983637670415475,1.35129468667995,1.1553961635721015,1.4092754306850257,1.1593832523229826,1.013595563217505,1.8130372739642004,1.2896120779636928,1.1602221068876346,1.0743874211649138,1.0147274566762579,1.3294543347049017,0.7912376544132154,1.4437265670274666,0.9763090244573673,1.2400206486056282,1.481484929433061,1.2003261547785713,1.2406053488284425,1.3717980377482568,1.4073746664326863,1.128966438637595,1.3559461320625146,1.1494238009273952,1.3397328478992852,1.0926576633721754,1.2842924258938297,1.3367931324797693,1.156786160301995,1.6719363452219556,1.1194016357895211,1.3198808210544064,0.8252081880891431,1.0765972257020187,1.0091728855737632,1.145164880051269,0.9885496048873315,1.4331129414835533,1.2565817156127517,1.2948177610844196,1.0944799760551045,1.7326854235741633,1.1082936161248764,1.1188861618985282,1.2061354639023625,1.0619439497160539,1.259247701971774,1.3340591393080834,1.2031913574191666,1.1908598579203664,1.2203271242578413,1.1158522601768959,1.402759993318157,1.1275475855931059,1.1904089695843973,1.3961525833616009,1.0408218133090514,1.169737463963818,1.2288639508797914,1.346932502688397,0.7586563401860782,1.0141443594004376,1.6883842584209838,1.188436663183425,1.4928735122010588,0.9314981920580648,1.049610876997948,1.3744628685533664,1.0426172861620753,0.9174136994305587,1.0842531467099765,0.9079729028303012,1.204751436029392,1.143767899467059,1.3701402066883397,1.2659297720419884,0.988851211478442,1.300424398012102,0.8250318962758086,1.0256427306483114,1.1215389048297353,1.2812397035125973,1.2030004623265989,1.031680555243201,1.184850903140856,0.982054831451837,1.2183351885985247,1.0501152724379672,0.9475234182509655,0.9419894277742982,1.1949767218602974,0.9187058861581614,0.9763260763581452,1.063534401613593,1.0285802494890413,1.1690945501409549,0.9971106798657178,1.3626144558532716,1.530044808265166,1.0313844154353837,1.178207102719187,1.5251784612149182,1.6367947091803878,1.1841788143890488,1.057698520307009,1.2549744847380535,1.2982791925942898,1.0069527448391535,1.1609338986281283,1.204802671505879,1.0963105164278875,1.0185455990406618,1.067944600483774,1.4007082031633402,1.0717417462947072,1.4450262452121057,1.2807282764447754,1.359290146792286,0.8913528242444471,0.9524704842251114,1.1486054212021433,1.2940361643713496,1.1244516450698456,0.9925460630266569,1.3913364875859893,0.9670953069580703,1.1089110717122808,0.8258238136519922,1.1475017936935423,1.176459435300942,1.106223057725102,1.016896849122229,1.0809859215628954,1.409153468052568,1.1789411502199314,1.4741164764173549,1.1495953959905554,0.9344710690592676,1.3069105280280442,1.4132574087808822,1.2204717168429315,1.2993148998556285,1.1259509936845904,0.903649939319517,0.9379742133830519,0.9790638684295864,1.0160970803510283,1.471036021797786,1.3779793769427755,1.510335681189302,1.3211087716078567,0.990672182885858,0.9914509360463496,2.1931715210797575,0.985764575001542,1.1778188731770896,1.0894348702455303,1.191880639564749,1.0183932196720407,1.5889342390904968,1.523781163326347,1.327316616945486,0.9556828667714801,1.7701954192804688,1.1695803722506017,1.462432037696069,0.0,0.7912286856517852,1.3375662108997683,1.4432162017968664,1.2344964640529426,1.2264660511587644,1.2437512415728733,0.9182212410662305,1.169315168772127,1.385117542485534,1.085526104270296,1.7981922159465584,1.111491050971304,1.6654309435053076,1.211631136885944,1.265535949388656,1.25085603312878,1.2804216917649973,1.4129390789055867,1.1639661396899248,0.965447246085182,0.9528201954393228,0.9377564641226553,1.0644227826854102,1.117489170296263,1.09394916255102,0.9789251909266934,1.3421628552006648,1.2550025174131716,0.9629350474233722,1.2225108304050987,0.7921783281709903,0.0,0.8910780944524623,1.0269826202621544,1.4955253914156459,1.4509085706951264,1.226105803546616,0.8455064937625637,1.1166813454692892,0.9513596683671149,1.0487259384908254,1.3787303416935965,1.291796179253856,1.17063819219354,0.8741937033379705,1.3249902812551255,1.082568887015502,1.0156946379649414,1.4347379579639323,1.1274004443083294,1.1544640821650431,1.2237105281287308,1.4553629394622778,1.0883347397541576,1.1246466710935912,1.5648675577199938,0.9054575863107519,1.4008370966507442,1.2871015965427006,1.070245725203053,1.29024818015543,0.9217036331637422,1.0964693212828176,1.1571995099757892,1.3566834167690054,1.109407374588578,1.117903831994546,0.436272471389265,1.0634484300757923,0.975755280929848,1.0726169912606198,1.3310243518185039,1.029088998961144,1.1883511009294716,1.1825115551659775,1.1708285845769446,1.234865786763277,0.9394082185678769,1.3834032033526489,1.196624019410798,1.3113126800534678,1.080591100727954,0.8830288796526183,1.3433149360089278,1.0458889129763989,1.0550913951295935,1.4594401090862275,1.1599462372924185,1.1260410360596342,1.5184163489412281,1.1321916359869602,1.0238355638914145,1.0586553408979935,0.9564192588927605,1.293421735163764,1.0433098186137082,1.0670071360169207,1.342427249767507,0.8364937511448803,1.301104600706607,2.266736435393248,1.1984928841323765,1.2320643323663203,1.149646127755548,2.472649624407128,1.2110872707623366,1.4449383096718234,1.2552373868344495,1.2225671069582016,1.0896958824573164,1.4219055691503886,1.442359370907424,1.1435465593694014,1.2141505225451743,1.2710395612752938,1.435971012483578,1.00744603274402,1.4517467843155138,1.0770624166671692,1.3203266923320465,1.2746449501368073,1.0214248737961151,1.0019917081995453,1.1411508554732874,1.1464728274193998,1.1610973605708732,0.8963084105289068,1.2450307251376913,1.1544068458269523,0.9808963264127648,1.429719398031779,1.0938497853527716,1.4897532680559442,0.9715924333383916,1.3473312999125824,0.9540417384567429,1.2216779457616058,1.1914756351786848,1.2815909001356176,1.011449901610404,1.0345745557884083,1.295042092992706,1.138782604597949,0.9853600110925893,1.0540748130820212,1.5037730970530236,1.1130853607392985,0.970986058489658,1.4025458703545757,1.2487095027937518,1.0693589261637806,1.3252602409534437,1.0747803361286195,1.1847275617337882,1.4464647479519641,1.1172287504153848,1.2287808404477025,1.1141582312006457,0.9165340710006916,0.8149978193554006,1.203350486560391,1.2877474333750896,0.9984466710525318,1.1587442593664352,2.547935083212089,0.9572213789480618,1.4797856478480587,1.493482221576465,1.0321468772327835,0.8766663789413361,1.2185679569794798,1.2690675464790555,1.2216082491917923,1.122674487663499,0.9407288278006298,1.9053740586765668,1.3936264724278797,0.9640061236866526,1.0892455372557504,1.097742160928556,1.2312816180296697,1.0628775340540246,1.1292891013885813,1.2222536253467917,1.3056581945434782,1.2065869906574094,1.6086932269790903,1.3271666089343976,1.1886034672097896,1.3941659602149994,1.214601965096095,1.587816958336395,1.0455927791294006,1.3230940044637032,1.6885631397921945,1.3681697815084757,1.2503324921440295,1.2374263048016947,0.9896222209352722,1.46466797500811,1.377063662355975,1.1109250092053577,1.0470915786752366,0.9231258402281917,0.9665005835054654,1.0328348199956179,1.3858363641473503,1.3193375824888505,1.166571433724909,0.9705907841866401,1.1861016108789084,1.1032833283216903,1.2831594227148706,1.0527621511054417,1.1971483158139993,1.2886903242387349,2.0859623659846873,1.1604619009950143,1.080962076438535,1.0863086585940276,1.1459760194960944,1.6294269851477985,1.1903699535503725,1.9078181567275057,0.972368677737079,1.0328642135430806,0.9274899637958809,1.2457052761631222,1.0573004067951128,1.2168212045700657,1.8172927711472973,1.6310867648497325,1.3507550433099087,1.3021044659990326,1.3293486358453128,1.1860700600803233,1.4253927938979958,1.0717634999944685,0.9285528807586313,1.2597239638937832,1.0812182173253537,1.1569498769843718,1.1493529888724616,1.3002021951402327,1.6256026856928665,0.8277677247896472,1.167518074615022,1.238072490870266,1.2723206515115344,0.9553196741341285,1.3088843206822507,1.0931469675097745,1.1679678413603853,2.0775947851600627,1.2402490432630473,1.0951724502718818,1.2333400538725223,0.9522902412374599,1.2514569409137866,0.924995164972898,0.9860836018503172,1.1009676680404021,0.9542534417730459,1.027928206401472,1.5832210159027797,1.3346219706140898,1.124526655638296,0.980738895827943,1.2413710604384405,1.1943973441230809,1.1499302657990735,0.5562161321482317,1.1665944979680454,0.8887915046561712,1.42555381636658,1.331097876293898,1.6213942108087926,1.0094617632998402,0.8767655991500491,0.9001270362290288,1.0247118122264127,0.9082518494754315,0.9671352384642584,1.1116769358653549,0.9776013509724093,1.2317684175638528,1.5223253140733366,1.1202762936161808,1.2291261498853892,1.1822332013295824,1.3317602863732816,1.0990708060467516,1.3683577193645644,1.1920850437079589,1.0960856684897538,1.1971779701315053,1.079592665594092,1.3514670579617296,1.1409278327843437,1.0666976306837312,1.0819121436177515,1.4341836254173055,1.1854880288716176,1.179196436374125,1.745791109293308,1.0511106677456392,1.381035035433646,1.3701975865365363,1.424178663879165,0.9846699283482148,1.7863306701773363,1.0178389816098603,1.3167439939683774,1.2289940629459033,1.1940023578150973,1.1622097030099163,1.3749374603940303,0.8669376037243847,1.5482873508349488,1.2731224917391375,1.103915533965057,1.144403535991816,1.0125416715726885,1.1127094214693671,1.1106662363764954,1.3251112081383134,1.7088854695548719,1.6290112530553078,1.27140384350641,1.3663476640661887,1.4153517560466753,1.0799058974952187,1.258957654468166,1.6871304738771837,1.344724968164604,1.302014218702683,1.1148653226288479,1.0874802895011806,0.940311247472384,0.9440887982493108,1.1629777114088138,1.1234078984479048,1.1837456037761378,0.9976014453059114,1.0265692160322437,1.128005330245283,0.8672517089756543,1.1564899651546132,1.2948441129466917,1.0898139303740275,1.211182188334296,1.0891909599927494,1.0260953944468043,1.0838216474790545,1.08250387895572,1.2235309020141822,1.0290678112737053,1.0098290815266635,1.5072692026573122,1.0244866319372048,1.2268101450765747,1.1512912150764347,0.8615816574059677,1.2280021387515339,1.354523813731483,1.5880778050036402,1.0573856804644706,1.0025105472744098,0.9570683728992729,1.085440632183334,1.0559555807968564,1.6196236801451913,1.3566949921841864,0.9525807709570755,1.296251139461609,1.287441202962427,1.4818824857903716,0.9374696156481521,1.2698842864203883,1.1623394976664898,0.9500729662131243,1.0418955681069955,1.298475086774868,1.1201123752596214,1.2522593831244864,1.1924856512468034,1.1347956000423585,1.171794440888946,1.3562359272670972,1.8095273854502327,1.0454792197304816,1.1585706289244073,1.0350299090076305,1.4070717427472783,1.0616704890410602,1.105477923215425,1.0354868833917779,1.3240315248478467,1.5880268404044169,1.4797638743256845,1.0468963526998567,1.164245705735703,1.1919792553992288,1.24886267232634,1.0502066913506722,1.507186318439886,1.4908585350650834,1.0427083225648512,1.0851956418368742,0.9685116653570089,1.5517603439461427,1.016487635583984,1.2318227697238064,1.0778494457574541,1.2724091793104273,1.0814446540213905,1.205476794327887,1.3877956012516577,1.5068307939498442,1.4567258174115971,1.1893316618863436,1.1786763656557808,1.1973450797802019,1.2704945808692603,1.279476290737909,1.0004279977483517,1.2207352777146618,1.2638984129999846,1.5751126361254506,1.0268371812678063,1.7105548734785745,1.197999334619377,1.14503004616334,1.0743152666749862,1.0811136209259122,1.0068832888257233,1.1480647874871712,1.1719919559411571,1.074498575636552,1.0790679378271135,1.4062208273492396,0.958539898152619,1.0070551992536356,2.107250405071434,1.0076055868248068,1.0660277737041903,1.169493892374286,1.5576458318205582,1.2819492911650687,1.0194107574082723,1.2825110321038522,1.114796335119139,1.2631292110927093,1.1478422480269455,0.9613119499837048,1.5769799472574577,0.9886553409435794,1.4016876503976388,1.229915651074129,0.887709164792982,1.7083849758996374,1.003599079685776,1.0177748826909183,1.133763378712523,1.2046411599838065,1.156177427577557,1.0136069157373093,1.1178003004176498,1.0850207184173575,1.4342949648341565,1.5521165232225544,1.159827783674522,1.0544683571418718,1.3045550564119879,1.0359520789964356,1.3086224543663292,1.145229771139328,1.4381930961751899,1.2244941760570838,1.1211691071789134,1.0711147443714215,1.050171033952108,0.9913598292667378,1.1405506612744123,1.1044076046505034,1.3289374719710536,0.9946916702486976,1.161776153810158,0.9857983612958641,1.7064569013783442,1.0345215815445181,1.2040112672099508,1.1754731302324577,1.1182814192690929,1.3174907589738756,1.5549022379132182,0.9124396458105746,1.1870775061831107,1.777167016631526,1.1694825573874905,1.1115988105485681,1.4371726193458345,1.0357740282436856,1.0759780984743839,1.087068665311089,0.9970114457073154,1.4026404958389351,0.9050970038410584,2.064095011899137,1.2106323085241883,1.409459901846145,1.0983314330770564,0.8873630247140146,0.968654219594121,1.1425948850298553,1.0623492826145213,1.0910046507700426,1.3408076661388457,1.1064741188234315,1.0984639054317553,1.1516561869093762,0.8910157479568458,0.9100329585292214,1.5855304115951436,1.0377051622512212,1.1326014147560017,1.3212042368448433,1.2126790367486873,1.3440852313690912,1.173183318540118,0.9929356626732403,1.0067122290531076,1.4660836509124135,1.307661806810034,1.0438294719394658,1.12198427003093,1.0093007565742356,1.6277316140780824,1.0807153789725863,0.9533808242800399,1.0821968842575302,0.8886022015646531,1.6343037548932093,0.9222684859847758,1.471164840163491,1.1920122229761456,1.0379409342848185,1.2918230119016558,1.5822392243069507,1.2360903004846175,1.1423082974589645,1.0164432134019372,1.3124864251126784,1.354044298341179,0.9132988150616071,1.2500781333460182,1.179629175254999,1.0052474827207307,1.4630392712024467,1.9586779461283255,1.675170460983822,1.2628024803353834,1.200761468492185,1.0832701414338142,1.2526561501857343,0.8411751781564654,1.8059587515902582,0.9200937271132501,1.4034014613988823,1.2324018915299393,1.919582707011994,1.3524866821506343,1.1178422760328162,0.9585267693923557,1.242056607278465,1.1739075061233595,1.0135279087618287,1.3016585800048526,1.1153613383141714,1.2567395630699068,1.1859736726285643,1.420251967471891,1.3126003793682934,1.0455226895336145,0.9712977963278706,1.080490596423462,1.251351082152896,1.4123179929315488,0.9627067618155549,1.0368755316271425,1.214552380581388,0.9523164378488886,0.9815365491890906,1.6718215675632933,1.280658552273833,1.0770739977043498,0.8579998435698937,1.3341473051623183,1.1345796363149763,2.053505751561095,1.2050253947176446,1.1269262066738086,0.8723253731586988,1.403238077726004,1.255986411920053,1.2582059066975382,1.488592752748394,1.0493980468335342,1.0642179470123072,1.1689392546608293,1.3417669654721032,1.1041230302672598,1.1392223767580525,0.9795172664130329,1.4106754078773855,1.5287430694881867,0.8501706404305107,1.1666799147615006,1.4058591843516934,1.353571085077209,1.1503729782216576,1.1037335183619859,1.1142668819314832,1.493795155009758,1.2959933710583518,0.8276751445146523,1.082642208900884,1.1880017653993726,1.4627142774513366,1.5131096584812105,1.7789980715914877,1.2519151928965786,1.398542762716416,1.2827352991262169,1.1373525760256085,1.3515439730127663,1.1338053675709374,1.2522351039738222,1.3625136970607068,1.0764912320600597,0.9420541415497886,0.9728920261552244,1.5204896705203728,1.269213269738276,0.9515105168880094,1.1331058993868637,1.2211398368975228,1.1555459932122976,1.0357596976104064,0.8499913632393304,1.3149664893278288,0.9352736918633241,1.0281251777206661,1.141315377153792,1.216513552939398,1.1021737660193116,1.4551641248015976,1.004006776042994,2.340283145757256,1.0481946223263694,1.7024200342216846,1.0342254489447735,1.0138981476805649,1.0413036067403854,1.16484997767824,1.147757283963044,1.184377927319641,1.0199489014760836,2.0576101105460114,1.258975849323458,0.9097152941026527,1.4247304003809345,1.1384567489576054,0.9660907786023956,1.1324779163145187,1.0647347114677574,1.3445618165458617,1.0520652092792921,1.0718953159382694,1.5219333757316704,0.9342525648201079,1.2464641709841005,1.681939877744695,1.6118245223052579,1.1697329913747907,1.5141111788142223,1.0792795393153005,0.9351276722305286,1.2585231305738913,1.1678497686256295,1.2064323825095578,1.3536684800943701,1.0477429696816825,1.3674731093282009,0.9319624103115091,1.1151266819586279,0.9145325486196483,1.5880968171074221,1.4216783182395791,1.1329662613899447,1.5115214514386968,1.2958520149211172,1.5254837766561202,1.3586252218693013,1.3161228419614766,1.1519794145879576,1.1207726246416452,1.3827090780386706,1.0103431625709112,1.1974580725941348,1.2461494193184248,1.4029970930254876,1.1457133665278727,0.9598293238403618,1.5708229033365253,1.155527387519228,1.4750892692393651,0.9277399614490186,1.4087728209940473,1.1860105230729903,1.463047467458881,2.0378661276328836,1.0697933847486396,1.28457764212043,0.8797170804376038,1.1193774796810423,1.0697531256457085,1.1580825085869666,0.9376527634440083,1.014014131435681,1.1130088433507561,1.2391644473361532,1.5817515968206641,1.2062597827699233,1.5956579349868945,1.4068887903724692,1.4127128287476318,0.90283040793165,1.262549088729504,1.1036408617950517,1.0640723916513688,1.0179699387995367,1.2158388582574646,1.2835952266133086,0.9844426067467655,0.8711048363669283,1.4872050974496422,1.070447928906963,1.1413103470915429,0.9883328275886657,1.1114228139590947,1.4192107442026234,1.0217569435140934,1.0504125316831125,1.0310334170178046,1.0359283304240616,1.3338443958472161,1.7500752936269877,1.2334154770182086,0.8857255582814467,1.1456082172309512,1.177365935547448,1.2608470135279268,1.2289830674894637,0.9737084133919879,1.5251652957263042,1.3122099023754956,1.1941817051775003,1.0550393589447418,1.056307707925313,1.0171768315583054,1.2210754970030955,1.1866382782342186,1.082031048641669,1.0860147309040569,1.0128685389987038,1.5234909496274311,1.1158656121733497,1.0109365564110389,1.4613572645584831,1.1946367856673168,1.1982760012395581,1.4031588722099835,0.9293132007961836,1.519784831634929,1.50820085613168,1.5625451154602263,1.0418839250798548,0.9962482678591242,1.9214356191845803,1.1532826514781978,1.2018672740604819,1.1377914762927155,1.5160690039707414,1.4200399672951902,1.3722086924463057,0.9796103698348151,1.0803198641120377,1.673482953453754,1.2617206170326203,1.0138684394823931,1.1053415602192427,1.529239401177593,1.2399236050312519,1.115335987830605,1.1272159299773021,1.2220235821994416
77,1.0026136284787541,1.1663145599855513,0.8898473091462488,1.0522996441144956,0.9985211305014814,1.4039665493892797,1.174173271172889,1.3946131812670224,0.886225966498368,1.152511302587213,1.2777288535974884,1.3856667914638985,1.0902673551384543,1.064067777929849,1.4640905667003818,1.3341809942319682,1.2369030144381012,1.1835626194695565,1.0866613322274417,1.0085097400003318,1.2296228296318876,1.485462036853916,1.0907944415866546,1.1589878554620228,1.2653494696173169,1.1491546695738664,1.2183089534363236,1.3366202939100738,1.2059693481764802,1.3871062832678864,1.18509938326684,0.9579203409697924,1.6284697352042175,1.192557027459689,1.1096392507182704,1.0598362311339986,0.9993282320064075,1.3390993474843071,0.8211542270819797,1.3857913602163485,0.9143931168809829,1.2706730770504107,1.4346331058235422,1.2046747917376872,1.241455384063535,1.3154081370589497,1.5062816376130344,1.1154032406123082,1.3640654128117307,1.1087764456864169,1.3076076541694053,1.1474868622465777,1.3539588279087478,1.3432368527116922,1.09239005877614,1.6148169108665078,1.1373684998533635,1.2246731507491087,0.9011567756981811,1.0290889972815889,1.0753445848172434,1.1999078496106221,0.932606739193052,1.3689891115655806,1.1283311156489106,1.4204488998775022,0.9887294112550149,1.5681693014228535,1.1102950019162452,1.1212095498214225,1.1465454799150103,1.0357003031121383,1.1389153665654521,1.3195208330882267,1.11927914117044,1.162599814617396,1.140200972730022,0.9987520426590271,1.3240282283006084,1.1300120118866788,1.116093271599882,1.3325467513664728,0.9885027418788002,1.0912726747745753,1.2575311864379315,1.325613832965555,0.8307247381897367,1.0359758344987802,1.4354178161546816,1.1527071847967432,1.4305181415565176,0.8828139823549856,1.0401185876903705,1.3144381493581334,1.0600077408556365,0.8579756187169186,1.0974810021639896,0.9708959066691941,1.2261563575658454,1.1024173526551069,1.250703265763847,1.2894717515073153,1.0583929236859335,1.224558931631981,0.909280313832199,0.975426325993716,1.1081442659159682,1.1991487712567668,1.1493057894675458,1.0351471601075195,1.2013240698148095,1.0235979000948214,1.208882394804955,1.154815058882586,0.9480617311607312,0.9350767615035904,1.1921493974259667,0.8874847912055692,0.9296752245871016,1.0133663986177286,1.1271732017594354,1.1418958784323245,0.9834005563894399,1.4334789826757655,1.4052442714385778,0.9915163026496605,1.2280739245422023,0.3519642602803657,1.833861049351273,1.2611060882488825,1.0709519004348653,1.1872090319673088,1.2916797525270858,1.067057895292387,1.142063021035375,1.1833740955493448,1.1131057746559383,0.9283457811600665,1.1582851725192427,1.3389123871338766,1.0953090663701899,1.4297806475888601,1.3025568686791291,1.2558529460771333,1.005687474645197,1.06323047369039,1.1457674443512742,1.348614204339903,1.1273313952384103,0.9778174179249115,1.435336586420217,1.0156264607388148,1.1408314604112453,0.8549671863249593,1.0854940536441051,1.1099985865500543,1.083687026375991,0.9565080598454767,1.133756595326746,1.446571301852551,1.2193124326009934,1.7025423272880835,1.1177621160003912,1.1059735145075498,1.223033638792503,1.2986237978099946,1.239768462368117,1.3250997458072096,1.100302203653507,0.9389895559246864,0.9246918098906145,0.9809219730336574,1.0397463856192362,1.4630797937905142,1.3807959842913295,1.4549166675857372,1.3338414190950583,1.0168086713161728,0.9673206409050168,1.8306560823607678,0.945538032222547,1.258783059706733,1.0016917637785756,1.1829670952110887,1.0358541624960749,1.624800947867414,1.4326006589630786,1.3233514868446714,0.9111275699883246,1.9016258740875795,1.2094897576860717,1.50377274681644,0.0,0.827365801651314,1.2384111394583104,1.33657203352226,1.141007867574603,1.1710313842953308,1.1907791067185665,0.9170767392547307,1.1203019140075403,1.42125156003833,1.0922080749762986,1.7129024804325064,1.1030142655439874,1.5912041899353715,1.1787526528823762,1.343916509225908,1.2938027507178065,1.3930858475168841,1.292065482724294,1.2375705664681291,0.9250828862523726,0.9501092056446806,0.878622275994474,1.0756732646050535,1.0795542933511317,1.1251873239222805,0.9924837276870122,1.2600843838156788,1.184822403573316,0.9910812598146683,1.1546851547893449,0.7692582607254165,0.0,0.9476020366119553,1.1191399040240921,1.5960102118221928,1.4252986745508216,1.1281513620500723,0.9112700445802651,1.1364254443814095,1.0001821331204748,0.9801245871463107,1.3275843444457358,1.3304339028299133,1.1737646737087888,0.870336433067605,1.2013571473527294,1.045622919065696,1.0170430609337426,1.5196430661849518,1.262271956619423,1.0578112825535304,1.2044095957866436,1.4406648746851867,1.057755737808559,1.167616659489083,1.6321175744457284,1.0207419724575733,1.3624096405739659,1.267442728743616,1.0612895037101218,1.3830708693504454,1.0001436426726908,1.024818534064788,1.0940195243418502,1.3187957304782243,1.0904331232454405,1.1679567246387563,0.3226216594017879,1.0078197126555457,0.9710833853669145,1.0708637914102364,1.444186184339854,1.0113441970559478,1.1801618827633202,1.219645600225953,1.2377179816681112,1.2574462336194994,1.0290412173157284,1.3611637323529373,1.1491223813308191,1.3272451159156562,1.058098708428386,0.87685927583026,1.2389792461217308,0.9709432619204102,1.0847043090542468,1.365275466469339,1.1641036917079401,1.198284110842784,1.4182157541800253,1.058539403209932,1.0408947275540792,0.9469589718462347,0.9380238629371527,1.1733187269190866,1.1259098296807,0.985511423268127,1.2685161112547327,0.9159169318693979,1.2833678248460016,2.2633441673685786,1.2088063893911014,1.1848996670487755,1.1014173221310037,2.7923750870287987,1.1704809900119257,1.520968802695572,1.2660577432586244,1.1803792939914073,1.1172505833261324,1.3835858786598685,1.3716619508372723,1.1847443909661826,1.220487979194338,1.2655750955034262,1.374107375501234,1.1221976237533593,1.4070448387286492,1.1374221681319656,1.2899046139897714,1.3234222640667397,0.9899259972926724,1.0512334460099315,1.1410720326668804,1.0302035645011693,1.1117331356708484,0.9612028870230861,1.3003746121196063,1.1278493236099179,0.9864091470787233,1.4436472939553053,1.0342701556318514,1.628783784977279,0.92709909197454,1.366727925971131,0.9558119965769054,1.218895920465038,1.1725683246789813,1.2263371906047524,0.9794497020713625,1.019600145595629,1.0931743848461604,1.2109341437770111,1.019420505314495,1.056851265605388,1.587542584371641,1.0482897100359174,0.9038200350024469,1.2825863813591707,1.331120819015572,1.018142668768622,1.3180652403415225,1.0436927588933136,1.1635420962390302,1.3719314100016158,1.1448052604624572,1.3489481293286887,1.0550884820484874,0.9401845808994416,0.79361277905273,1.2408543927631306,1.2632317962462494,0.9870546973785513,1.2174286064326385,2.631232630396094,0.9761508911409232,1.5426324892988392,1.5495014566425651,0.9770173651752986,0.9288954535686675,1.2475823607520686,1.320521793678402,1.178834092525858,1.1166498925507007,0.9783582106104475,1.9010839651071065,1.3731197078107873,0.9879612946531694,1.0504816737779645,1.0347073805042521,1.1620914242856106,1.0778513526044957,1.0009400361000789,1.0880328912875479,1.266372520125936,1.1601798107986476,1.7355955814457227,1.3269830018998254,1.1437251063801066,1.337550129422461,1.2030701698417166,1.5549635497589076,1.0465065909308462,1.3831263343296476,1.843471971251899,1.4267165742750745,1.3101811258718137,1.1847879377510315,1.028194113382627,1.3950892910206356,1.3711729720195127,1.1791171887376057,0.9835074281512712,0.9548196848104619,0.9629297039781426,0.9968992836276497,1.4390099891737758,1.282556619997866,1.220643864315659,1.0122946050255521,1.2613590172467792,1.077376262044284,1.230194596933049,1.104240104238913,1.2038520410292988,1.3030994244224372,2.058167989440946,1.077895527855493,1.190148265579229,1.0964139207328305,1.1643260187782445,1.626234999965251,1.184712323518859,1.6013362170828491,1.0197085616654764,1.0845084046249882,0.9628786871648591,1.2187158625590189,1.0220418289339852,1.177724805980475,1.966804043507168,1.4326482488091818,1.2483825554988157,1.1392951120325865,1.3915210567671876,1.0734665996721757,1.472931007167841,1.051523176394494,0.8883248324551097,1.2332460811064534,1.1155484694850422,1.03975451618388,1.1161244555251162,1.2315581189672957,1.4430394862080327,0.8404965188265068,1.158017858813365,1.2623956660490616,1.279396165409538,1.0268301223946634,1.2632691881646454,1.123133860199781,1.0793849705072653,1.7914783612241532,1.251327779350233,1.1181425327672305,1.199159235266536,0.9433942694645198,1.3233278315743437,0.9017268252396516,0.9827702096318625,1.0330876439109846,0.9428872654670079,0.971561327975847,1.5745362132375156,1.3129511452386198,1.1714990066801163,0.98662998089977,1.2492342280892244,1.148780256789987,1.070504205671072,0.6637241217707326,1.2206628026381443,0.9217002859701064,1.5323901617117588,1.139417654844796,1.6913079419325814,1.0188335490047598,0.9262892287939405,0.9549483266823169,1.0111031708039717,0.8749915379556794,0.9632637346531348,1.0470840597056763,0.9309718778693488,1.1689367978423082,1.5412394203769435,1.166519101100676,1.1808157487454682,1.1593989537245972,1.303228801607772,1.047740206622612,1.403521455042915,1.158878333527451,1.1327763515499882,1.1857871076735886,1.040137288219244,1.5007107398103052,1.1766456036587316,1.0780833606935598,1.0395265355640428,1.3955376727334756,1.3042371347875785,1.202106715285721,1.534369697036165,1.126606707836433,1.3969366625025366,1.4286540967910386,1.42365579111284,1.0286522053075777,1.7637009976444564,1.025296036169095,1.4502930655231285,1.2027434861575752,1.2151434576067306,1.0958330975468376,1.297878792336265,0.8463451810894438,1.4922093369066214,1.2106048517461914,1.1254747611319147,1.2256262349986353,0.9994114029447831,1.061564224693877,1.1267937937496777,1.1960752689212621,1.6262002837724823,1.6610497500678512,1.3889867578051827,1.313004219914159,1.4611053650496197,1.1026106828622595,1.260513790171605,1.5529576330873032,1.3531669849503882,1.3157552753278128,1.1466532458001657,1.089479322636726,0.9282308168971701,0.9454447071700313,1.168998242812354,1.131940622852689,1.293384292041313,0.9453358472758785,0.9560118134075972,1.1022417843752057,0.8506602596724674,1.176889195356368,1.3101844762770585,1.0758487762515772,1.2207506088918088,1.061951988017427,1.0811545326696868,1.1940323279629612,1.061419633788761,1.162534481180102,1.0059100971778339,0.9419154052713345,1.4196450808725656,1.0519586789113817,1.2187853861211937,1.1102559185926486,0.8483765366226519,1.2585174048739625,1.3088745620514968,1.567272462273126,1.0666558795061267,1.012156414846211,0.9954220899125187,1.038489570022439,0.985381766847364,1.469162283485411,1.4249472090938524,1.0086284804423566,1.3895207668251226,1.2663822459924914,1.4109425390982318,0.98730432680413,1.3381125828931237,1.1349623149187977,0.9656208661779371,1.0512625238520301,1.2597405598235003,1.1381427261676755,1.2690608413546867,1.1690859649615997,1.2343380139867457,1.141616411132751,1.4158671698250274,1.7936263045715675,1.0465966828474689,1.074560786057714,0.9965618914204584,1.3838044777089318,1.004891069092939,1.1160078698995295,0.9901906230439523,1.3956919454818382,1.5573026847281635,1.3750227963479262,0.9860195539759139,1.1677356225595052,1.1975903567073096,1.2099589993672009,1.1046636509125887,1.6185687481264988,1.5089180374571298,1.0432768338554719,1.1123524371544562,0.9532999974796961,1.47834769363369,1.1090212703716567,1.301472277958429,1.0677887642738517,1.2404158774572724,0.9922229044243852,1.298716771862288,1.4433223025014974,1.6105365592800298,1.2939660913705129,1.2534785034472669,1.2609349261297909,1.2176581773316832,1.220362395990022,1.3297948961394537,0.9850144267365544,1.1592953705703457,1.2117051173623632,1.5200449478747802,1.0705792597991306,1.9831741735035724,1.2696524072045745,1.1905833333349405,1.1120154158275706,1.0215516432406277,1.0433372493697908,1.0899198830516057,1.154584953217845,1.1675855757320224,1.0777338435661235,1.3749897403513314,0.9968915475413205,1.0288264765220796,2.07489260183988,1.0861102285111564,1.0371306686721256,1.2185595793577892,1.520762230454881,1.2525422542462274,1.0127618483348186,1.211589901951657,1.311292572351928,1.3770214526140503,1.2398098016348302,0.9180259398988668,1.497853798003111,0.9892942429934283,1.4759005416162796,1.189453665274308,0.8630975491325625,1.6184471707516785,0.9854974903340329,1.0004656207556817,1.2210635320206238,1.2490687518752872,1.151961125512482,0.9812773383592179,1.1462585058899446,1.0822911824433232,1.3089728647341707,1.437476307574882,1.1571451292639483,1.037043285535372,1.218914779613707,0.9856330497180034,1.276620993588971,1.318116262607683,1.543563110069226,1.241430637836027,1.0815993916948925,1.0771855701486561,1.0287700669979574,1.0236487777422898,1.0493801485931387,1.1530473213458805,1.3404895665945395,0.9674788806371294,1.0732737197529012,0.9820197748807973,1.6313606855659892,1.0589776392121322,1.2291475207802405,1.2255414467890757,1.1385072727308083,1.3146004083311453,1.6180856572283306,0.9113863543889043,1.3089084621793619,1.6017881144937018,1.1127110998072287,1.0844140543440943,1.3023618809503583,1.1525056959583995,1.082767626112918,1.1335008214550306,0.9593117321560436,1.2738603309009018,0.9953107568479651,1.8355053432393762,1.1980306677225951,1.419354044332099,1.0900897555229614,0.973744649232266,0.9677696822609683,1.1426051402302804,1.099087516812775,1.056498302101635,1.2469670398762358,1.0449115119460908,1.1585358450582024,1.0976355934826527,0.8465456185495857,0.8720549523069552,1.6649111280127227,1.029185746694189,1.0827172867652346,1.2232138068001817,1.2499736574458216,1.3210348526370204,1.1748796963284525,1.018546040212904,1.0123610150451838,1.4624055015482855,1.2655570963060243,1.0594435996110156,1.043892704528251,1.1180250208883602,1.6155483926621381,1.0123866562593018,0.9581338953244374,1.1566562950607278,0.9767347105347668,1.5094230055351139,0.9065925488490942,1.4964667858846863,1.1922227979626108,0.9858312965785806,1.354920470155903,1.5600742055014543,1.2671208032408567,1.1036504845119284,0.9325708161687046,1.3475213972061428,1.284488990222449,0.9669446316074546,1.2299880709363222,1.1526812646591376,1.068560558170152,1.5061060785891645,1.7026858688322912,1.4948412323146623,1.179215680863975,1.0908111737771322,1.1186025063539535,1.3112173565120318,0.799718266821597,1.7064403319110295,0.8718411551670728,1.464267727316684,1.1728405573469685,1.7609292656490458,1.3959698839031887,1.051408175719345,0.9057328901275146,1.335513834617609,1.2179478279182179,1.0082153358076362,1.1883680385531257,1.1351639801284206,1.2184797567430876,1.2363601794138805,1.3623296485790575,1.2027200967092533,1.0031995692598947,1.0539518078631231,1.1679986473992285,1.2244842628279304,1.3138868027903907,1.0249774629914592,1.0805843034513363,1.2354850602342209,0.9257334863780708,1.059842592253308,1.5712429151772203,1.2861935707019319,1.0611734520384215,0.8818005522071259,1.4408462136785938,1.1061169689999737,1.7325106966969717,1.2682488563875478,1.161414800196597,0.8702230290435451,1.3738920161045804,1.3389646934133732,1.2457589306925891,1.435883201581098,1.060713031700992,1.0360459295706446,1.2970310624182093,1.4329519369322412,1.1623058228916543,1.1709388811877883,0.9228989508321064,1.3707901243182112,1.5137144062864922,0.8753584589227361,1.1282404660278003,1.415966287128707,1.4374974737754411,1.211396526629295,1.2135958580387087,1.0689982081143614,1.5428483059627474,1.2886592965321513,0.8533946354731564,1.0212394962129379,1.2140390943952453,1.5730612400462818,1.5213086920130543,1.9532300256996002,1.1190504606540874,1.3983759220321716,1.3206716127424993,1.127439732988619,1.3067614349419414,1.0879779312689708,1.2885924838935505,1.310507836104814,1.011384331098999,0.9006179044731607,0.9561653009959558,1.4996094267337816,1.3347099250390455,1.006508072732564,1.130044708366136,1.213087766020736,1.1467466951614071,1.035387487744368,0.821532270838903,1.333487108438504,0.9052828780212187,1.0151332311061854,1.1432843611268972,1.2310030591860661,1.0958388942783976,1.421507546878415,1.0360345768130128,2.2360348913995303,1.0649437075865662,1.6272674912351508,1.124842310138738,0.9625980427297853,1.0361333201703782,1.1565510512287873,1.091379755941826,1.094850781707605,0.915423235776887,2.2669523075882703,1.2733718083879917,0.9049344804017635,1.4801874077519672,1.063293074291845,0.9167632211805632,1.1107085730526147,1.0159672978106498,1.256314759212951,1.0932815068385688,1.1594459812036275,1.50276024296957,0.9772861420500232,1.1635789533297083,1.7771430103108936,1.7119618914256927,1.1364025705089502,1.522636690254152,1.0544761653530283,0.9685478838014717,1.2859263979916147,1.0961909425749676,1.2101697539899483,1.330249096580042,1.040659499862378,1.307772117026512,0.9963760830160313,1.0701711937314418,0.8595742135088609,1.5004219833892247,1.3887431398878816,1.1330268325295478,1.9925521376404398,1.4910709913415652,1.3942536668655054,1.3136605122622935,1.3326052935852375,1.2059869862021522,1.0279095665686002,1.4198944388334422,1.1456156184752493,1.138889169842697,1.2153034791944133,1.3667123478325538,1.1926761555023915,1.0361668684927183,1.320970637747906,1.156642581383812,1.456773648051798,0.991602164545699,1.3484448580729478,1.2120436620986204,1.4103787306890814,2.281491684434614,1.0330962845861273,1.3176188243776283,0.8929611406295523,1.0988403323601308,1.1349377368494498,1.1207544304336863,0.9060552720766374,0.9044256891079887,1.1009535757164335,1.2366074394441717,1.528544952367235,1.2077235959930819,1.540528700765215,1.4025372838847092,1.4154911582669047,0.8655641780406327,1.1994224591080687,1.104381760513642,1.0676243796571614,1.0518454422662407,1.1900411204814627,1.3034640300097378,1.0158021117159362,0.8399151226233581,1.7428474565244365,1.112274567538859,1.1548098122711659,0.9906664295565526,1.15727921456104,1.373860366531453,1.033456599423885,1.1076704235173507,1.0107775499766982,1.015639695950418,1.3169707182920005,1.4674117418706805,1.220225044947414,0.9524606392961144,1.1158619095594209,1.1304248612493577,1.239173971735795,1.2133100438280149,0.9476573049441301,1.4833140201199195,1.2837209976833122,1.1256747251419545,1.0681955157344933,1.097939563008719,1.0274635486745958,1.1886849284638834,1.1650925932653176,0.9757933554058726,1.0395996971330934,1.061293863713297,1.5866871984257442,1.099213404352603,1.0577669596736445,1.5482022426458952,1.2345020730077696,1.2690512686995348,1.3986430666687828,0.91580417626735,1.4259071710756186,1.4977237559424068,1.4901136805918438,1.060039763435101,1.0186458337394613,1.8483962987524747,1.0955854072718836,1.174617278562423,1.1644855709520605,1.6244268059884148,1.2798691402105047,1.2486201324602642,0.9886080424890402,1.07581354305545,1.5622084962591751,1.3515269683219044,1.0073105809523861,1.0237252925646438,1.6053390324378916,1.3005228091474799,1.1876945433553576,1.1067410865582266,1.1845914452858115
78,0.9733903372870529,1.2213212926710502,0.8959956974869423,1.0866306029008928,1.0682598157583114,1.299276773448973,1.1844160663432584,1.5768401902171099,0.9365974367502065,1.19092755809391,1.1861656047725972,1.2602597931296171,1.0313904856376581,1.120485248694524,1.4040984933101497,1.4246101635529516,1.2163520401006274,1.1351818144070123,1.0697773751103425,1.0057752281304733,1.1632081443815334,1.471425748862519,1.1015021659882018,1.2434094408733394,1.2368258916795885,1.2277347091474056,1.2293498516063863,1.3624957570529301,1.1949405005634957,1.350645935600165,1.2283712753120484,0.9999055699474784,1.4554514391630384,1.1289500055194712,1.1085780099194955,1.0971911920270565,0.9771236681066124,1.3598043361275354,0.8884262061680042,1.370212814944583,0.891592747116857,1.2362583690849784,1.3922406219759111,1.2365277430778736,1.1923417170923325,1.3182331489429089,1.6606394395575672,1.060825666180175,1.287946847984473,1.1186624088896489,1.295460221167487,1.167311691770201,1.3440248283890188,1.3672578680535576,1.0387498599258445,1.8724589470448352,1.1323651711248397,1.1874717878023298,0.9208095887334907,0.9934868883840628,1.1720808351204748,1.2367226402925997,0.8901654727641195,1.2818132819267019,1.0109282410193607,1.4260590221267637,0.9625209269906123,1.3421038879776779,1.057618210056156,1.1068840122746761,1.0319772012429755,1.0741209794694333,1.0598805221303895,1.2584002387582351,1.0980231398776898,1.1197278713287173,1.1217377125073018,0.9639714795311911,1.326009890886009,1.0720542854427795,1.0830880838248382,1.286514569168834,0.9628478025954923,1.1694386666662173,1.2893020488753424,1.2997965640906215,0.9081291265112477,1.1590887276388693,1.3559013142739664,1.1648334638873559,1.4292118155175615,0.9006105842808432,0.9718979070489329,1.272926669786518,1.057064680180515,0.8085209349760949,1.0441984835505806,0.9577687685919262,1.1531547657566446,1.029282132846955,1.1855379749662498,1.352941952899523,1.177823649869982,1.1048550759042297,1.0720585953997144,0.9845733328160895,1.1625297298589556,1.2018343663686724,1.1046443032442714,1.0587123681450432,1.138492050238824,1.0317368703283476,1.3010461688718693,1.2105500455936367,0.931544952211246,0.9189714708871495,1.1046972585421004,0.9054952608881601,0.9369202862359185,0.9744489791405756,1.1908710462050496,1.0637623208861298,0.9534250278071649,1.552261120893733,1.2484672606629639,0.9244214724229733,1.2886332979577513,0.0,1.9589020064544327,1.2883500864573487,1.0896626340629922,1.1557217251785605,1.2743869387442026,1.0820035920039053,1.105301965975092,1.249847106706987,1.1568371745816273,0.8708386266776932,1.1927397754519855,1.2439840747457136,1.141038125720054,1.3304855498909691,1.3562752523954718,1.1053850648582573,1.0946356791971148,1.1777318450074166,1.1156779974265572,1.3503753946557384,1.1062427328026891,1.0012468991977552,1.443185128886193,1.0436137075502567,1.2039637421649143,0.8699975753963496,1.0613301033645084,1.1007603339904308,1.1090589039879708,0.9342515425258997,1.1333376687390948,1.4583186109990516,1.2270771589658351,1.7308437868035993,1.056419799159939,1.4251597357095112,1.170527507861998,1.2538790082859408,1.2356927657171515,1.409808684004164,1.0918659276727913,0.9315743638163669,0.9227527141131882,0.9983370941742913,1.0561315517732226,1.429597291860834,1.3229353699562971,1.3867526823945011,1.4714966452490184,1.0089081594126017,0.9971833827991552,1.5869443146761306,0.9465320385181436,1.2925095760862346,0.9268446759338702,1.0053118751135268,1.0319328622939015,1.5856726889775725,1.362915265181147,1.2842661488825695,0.9051232789697603,1.7814308489960518,1.2844260013305782,1.5466175676893257,0.0,0.9148142616379795,1.2381115290877127,1.3092897856777048,1.1558287117713768,1.1994151881886792,1.1180273111975545,0.9528341755525065,1.146977154703589,1.5645808403343586,1.050744257085193,1.7164255955389174,1.092229131798594,1.4745996938118262,1.1259258923320978,1.4625669350188801,1.31901645940534,1.406287792392417,1.0908056525504326,1.2296163094773327,0.9024430528221258,0.9553313779609585,0.8303700402683837,1.0679550193982497,1.0528403157002584,1.1852165600378841,0.9749619183913181,1.2499120851751682,1.1347373051337188,1.0813089900646107,1.0862582987295195,0.8137675777125966,0.0,0.9740650282495498,1.1565611920726977,1.4719083087663007,1.351423194635558,1.0591321025401972,0.9928831684891914,1.1452194367958914,1.062741512694737,0.9348156745415787,1.3211057456834523,1.3361362277248308,1.1526075427560138,0.873084448128182,1.166891965249482,1.0509590742116295,1.0308763662935345,1.577679026903773,1.256724208381404,0.9587177283373314,1.1517484459347331,1.3969719012527793,0.971298804868748,1.1855681079936577,1.7014929076403906,1.1416976413611248,1.3593737186979744,1.2627479612336407,1.0553867836168374,1.3946481710462566,1.056811929941284,1.0404703383220182,1.0102304281199341,1.2307632988868684,0.9709610744941574,1.1792561835272657,0.14664620881899448,0.9996312055968342,0.9351711894470086,1.0696685038857834,1.5223892199236495,0.9974209011567399,1.08461979615478,1.1697751375062486,1.2832839618748872,1.25514077721936,1.088307963923601,1.3034676682218618,1.0790650337252585,1.3110661212821262,1.005347525987415,0.9049529108618255,1.1901994419735737,0.88740792543004,1.065122680671345,1.3831959700674532,1.2132109205531965,1.2048288035070032,1.3078161841030413,1.0497446988533286,1.0229002696900271,0.9694051190613332,0.9873372966064962,1.1275423425519735,1.1410303386972847,0.9903699626273774,1.2290160703094801,1.0069767185123832,1.3713488892644747,2.2147555237249907,1.2409204346298066,1.1819347481633882,1.0826664564289834,2.7496664098205295,1.1988800775059674,1.546666567044934,1.2880609682700284,1.1107068468834553,1.1382568212064241,1.4468411595102304,1.2983783423395232,1.2226082329825896,1.208127922423551,1.2614367478936588,1.291952751362819,1.2264357789663642,1.3947405094112237,1.1920131199120354,1.1337145828661337,1.460574509058393,0.9807994308126136,1.1511911317936467,1.1007290483437768,1.0050584601630046,1.0518075584796285,1.0341057280597623,1.2665701179599242,1.1296311323620702,0.9815790641571678,1.4961123232781792,1.0288901481569654,1.6908186164582513,0.9534841864311074,1.3341619649722691,0.921005621644977,1.1980950896995957,1.184240583319961,1.1599806529900427,0.907615670167246,1.0095279936964723,1.0413197394922562,1.195012796867649,1.0494572802839643,1.0540351737385025,1.3348031730834966,0.9675149697666556,0.934344986596841,1.2267909577757097,1.3546357666288655,0.9856414404281368,1.3884560981959562,1.0324744714118117,1.2017053402718214,1.354413638479885,1.1767940207212804,1.3998439616114056,1.0087152303374796,0.9406978008344828,0.781273922586708,1.277687500736468,1.2609669492308124,0.9347344044252046,1.3271976308063569,2.426813471404666,0.9991846533790241,1.5624484554348943,1.484210018891908,0.9589532644950329,0.9872142085173862,1.1956638379785867,1.3880957894457038,1.1694549069182818,1.1991717725265292,0.9796979490518045,1.7942746887440464,1.3097003216275014,0.9562822983303482,0.9817321837774818,1.0199719191424053,1.1084890314310485,1.1209294348409538,0.902871262030221,1.0127066714639053,1.3281527119938157,1.176518879445184,1.7403787065628453,1.298291576196923,1.1384116291419275,1.3193394683286797,1.2574549725489552,1.5411592851007865,1.0956980113611559,1.4794998415396747,1.8695837172882226,1.4273552932204465,1.4002718128849767,1.1058682247356197,1.0198195704494744,1.3928585362921853,1.355671926095665,1.2089220194303285,0.9178049577447516,0.9722845636700986,0.9913670517049166,1.0516295553859836,1.45197691890879,1.2602499123431274,1.2721219995345174,1.0623379096483607,1.3351048032623465,1.0303192967782298,1.1265027771254317,1.1336287406235344,1.3171132972514377,1.331030060418763,1.9225567650910986,1.0653838066054448,1.2041689858784483,1.0988117560978778,1.1598115216293718,1.565890367420867,1.129597522187591,1.3870166633850727,1.0842230265931865,1.096433541944617,0.9415888882255553,1.1871669369605984,0.9643013160219255,1.1330381668495881,1.8940830133830286,1.2295302802883508,1.2981558069524433,1.0580698362009917,1.4015655801938511,0.9979254542971835,1.5224146376447856,1.003526264397592,0.8775290797582997,1.2383362125434054,1.1255345650100046,0.9729379741796591,1.063786564042691,1.1075627499043759,1.2235910938728884,0.8875657195603462,1.2296086451896384,1.2565712418196,1.221968621572122,1.1023910751561057,1.2209393085406788,1.1056784535790718,0.9869150204143485,1.5314390234555773,1.2749332871897263,1.1327057060893129,1.1569767541995426,0.9449536755673787,1.3878649902652949,0.8883550141027889,1.042951154869418,1.00342104058222,0.8985570013631059,0.9179936471195913,1.5388572166751011,1.329997467661833,1.3250414388059075,0.9434423535404763,1.3203839109729385,1.1259333499250725,0.9983911816538211,0.9062111193816581,1.246910763180055,0.9293162868467493,1.5585185858294732,1.118056924465414,1.5587256734657955,1.0442638510319262,0.948718547239654,0.9718493421752474,1.0224588849525822,0.8579960012328192,0.9359841387691147,1.0332579500035406,0.9851138564497615,1.1709513446531015,1.5223422085400404,1.2082526558384794,1.1136198459239783,1.1677862856128285,1.2948965778217314,1.0095805236961912,1.4497537290817304,1.0993758166662564,1.1700258364013751,1.1897385748949805,1.018207681036902,1.4776699105629743,1.1684114287486,1.0833287567770917,1.0054818941359742,1.3980809591652599,1.3467734373364626,1.2326086769840243,1.42155125311068,1.1432150613051713,1.3713160861815503,1.3502906862760506,1.387551225171239,1.0652412783849392,1.645176086145099,1.0195638300457635,1.4961638906791295,1.2493631952761146,1.3538807176296972,1.1218052743548306,1.189205525241532,0.8321201688390107,1.4616286860200176,1.1597412348028073,1.1533509885931297,1.2142824158423011,1.030494578752442,1.050020600936656,1.0694716029495956,1.066744661143255,1.6037488475419244,1.7021693511133256,1.4822749363510945,1.2472368306542634,1.440568409820537,1.0562369627155006,1.3236568326110376,1.3864519423497312,1.3488244778735274,1.2327307898251108,1.1593973253238468,1.1135224161466515,0.9131654248268981,0.9765527991613436,1.1798532872382044,1.1569320075370726,1.3952822837072,0.9446448007139656,0.9765094800871361,1.0955261329928203,0.9754323446079516,1.2022974523913295,1.3461715677350927,1.0725241216113146,1.2650971409952358,0.977374671938888,1.128240060983757,1.2563958768302443,1.0242279777500989,1.109491684443591,1.0433715166846873,0.9314900977475853,1.3367292403030864,1.0423791140298098,1.233763065995307,1.0724246204525918,0.8778506317361203,1.251327556933855,1.2670318066686796,1.5864841200300446,1.0555723967952024,1.0156541799677272,1.007094011199066,1.0217688904231617,0.9878561347217492,1.2525115503667057,1.37817907220451,1.1295960293076772,1.4452768933275408,1.3192034645663258,1.398075769682246,0.9777906462927997,1.3722292229962085,1.1681168735712402,0.9373485520694241,1.0080196215154364,1.260264365361604,1.09514329288046,1.3248693641320044,1.115542684138718,1.2654272473489705,1.1246673490194592,1.342412607460563,1.5324336433930412,1.0282925795149636,1.0392707794731768,0.9807224757627675,1.3736081236225017,1.0304940086120071,1.1377888570995796,0.9779699382288769,1.619114582415942,1.6542095062010476,1.2274767837363965,0.9697865085483337,1.162028551525951,1.1866506621003556,1.1769242291215871,1.1455628803983895,1.7133765345539946,1.5286096716244542,1.0437512335088184,1.1713345922461853,1.0043458456469485,1.3400774709407246,1.1283072784611647,1.3597375199791433,1.071150876822789,1.1942026305984756,0.9391135857766517,1.3024152767725239,1.4870790363505897,1.5255995455030924,1.2775582301136739,1.3021900371992163,1.27292639016111,1.2553608217433259,1.1714669761394942,1.3906839800786512,0.9838873114891558,1.1350263206245212,1.1248408005331876,1.4462128684457927,1.0815434209233625,1.9299791268636288,1.360419572205073,1.2223449584980068,1.1790498831033904,0.9779692489127487,1.148132264391485,1.0601164681675452,1.1046472631358126,1.2640422773790807,1.1195525873488203,1.320549912226491,1.024755841804297,1.0710883391379367,1.9345042773875774,1.0688896683028384,1.0091797685934654,1.2867403182660277,1.452305340771316,1.219055271995083,1.013458369366131,1.102802647403386,1.343300050597246,1.511867926697589,1.3481589780299803,0.9227293771845846,1.4314931159041693,1.0304253756469475,1.4474825933121624,1.135973958351867,0.8390663923106725,1.5382063559998442,0.9989977770428846,1.0063277289141626,1.3355484114683902,1.2955679837279503,1.2090591602112515,0.9834160174933849,1.163079925130758,1.1076354529144656,1.2369083046210745,1.3405246356390865,1.1612325509908177,1.0588351012264443,1.1423586175748728,0.9836569313341781,1.1791463282239847,1.3520641405526077,1.646961006182956,1.2306437705288131,1.1288221733104342,1.1103075400340527,0.9742267996251683,1.032632771712858,1.0004543358042424,1.2165817907788332,1.3325595250312308,0.990029109153137,1.068528808419955,0.956076057768707,1.2529878262679153,1.0794785076355708,1.2834060204173765,1.228566111425279,1.1145551877775934,1.3932869739459295,1.6842320878281172,0.9403919544667768,1.421280830378413,1.5067533484130555,1.0668219817332631,1.1465766896050442,1.2391684802121639,1.1747519411997571,1.0684100056532009,1.2538548810923589,0.9135193483757951,1.1664142694452164,1.1859481159420016,1.6119596231350442,1.1754592530441577,1.3793467960976482,1.057820570154441,1.0292848949228945,1.0174502137126404,1.1611129218421024,1.1033094455361678,1.0437227366746535,1.2057944383073265,0.9510129606492095,1.1627623479714697,1.1055073251873768,0.8210398613664056,0.8354724518139827,1.6523759558269564,1.0363591377446897,1.0640227935764681,1.1968697391104084,1.286783021682494,1.3256369148912004,1.182908357481054,1.01340423758812,0.9811782210354758,1.357765806207018,1.2446578173614977,1.0667343462654948,0.9583581853110196,1.1385959094186289,1.5270795789434293,1.0155398851066122,0.9827404437198857,1.2673646833318455,1.0238630392118826,1.4461908607442522,0.9177786640111837,1.4438099623722782,1.1503370574150313,0.9681997535445379,1.358642618160576,1.6112779218724205,1.292340989594675,1.1314050830302107,0.8611230463983313,1.3589153374196004,1.3047654840043865,1.0050633916361102,1.2115737526167942,1.1275833743352655,1.1535438244171192,1.5775506077763035,1.5859307564389153,1.2720423401862524,1.1164548232200824,1.0757598414049825,1.0997520600556017,1.367842527157817,0.8143609265581258,1.6799369670794693,0.8635109056464426,1.5321293736212385,1.0869995539729547,1.5379169194895894,1.336952495837873,1.0152519005747618,0.868661954264246,1.3545357570129586,1.1964189517422543,0.9936845307015476,1.1440987449923044,1.2442678508675118,1.1589361041836121,1.2491658037708986,1.2767318200058557,1.1274103743485486,0.9955738241419287,1.1699150535850955,1.1334358701287162,1.1587861708490674,1.2363971980319886,1.0418440440828243,1.0982145908953447,1.3010551076445027,0.9321465124403544,1.1071231691661132,1.4620465839644525,1.2316861188435986,0.9994581229350955,0.8913523929427991,1.4848342783769324,1.1344646786532238,1.712352339084837,1.3006413204508231,1.1771581720349982,0.8697121617840713,1.362639046451026,1.320864619223372,1.1801244768218604,1.3115823234047137,1.0672880526273765,1.0275902680095794,1.419346117427299,1.3838073391058832,1.162047161726628,1.1358971318862163,0.8877455716224089,1.3027327472205508,1.4591869985438741,0.9449262832639831,1.144272080817876,1.4113805385419567,1.5425928193226448,1.2458027902277022,1.2684959817910832,1.0488844646076236,1.4435494102565187,1.216634391973331,0.8888657499902788,1.001768605739624,1.1851063905492911,1.5318644364845753,1.5562741792394341,1.804828172537313,0.9950880041592889,1.3419382476794857,1.3014065745105388,1.094605596499528,1.325884440036446,1.1074895074296456,1.3271094201433327,1.2408271244543052,0.9721586931747332,0.8865119357318384,0.9728265475839609,1.4621611690875813,1.3822692338549056,1.0215971391455705,1.1642450453336437,1.174001518794462,1.1279582039444946,1.0361208720621593,0.827431774222535,1.2837653963280358,0.8946358072833993,1.0114591827413124,1.230211671060919,1.233684882372434,1.0931243130916173,1.3906141327536083,1.0581753957538511,2.019452620632797,1.0490877429622545,1.6896968792953149,1.215310804616831,0.9054315372291385,1.1059342718654819,1.1404603256132229,1.033740146311156,1.0834938850186426,0.8777040523626513,2.214785851588058,1.1631671235918497,0.9070942524446777,1.4226970701448738,1.0127382654168888,0.8874386905152418,1.0883364027818074,0.9528695366415574,1.149129790544621,1.1375117006244078,1.182371842702021,1.4309705289218415,1.0100326749263377,1.1513182051123358,1.7673387809668273,1.6542488108433615,1.079499464999607,1.5908793085931743,1.0508770153844593,1.043602305803836,1.3307686648701889,1.1136162011615345,1.164721495166987,1.3034667266284787,1.042404162170308,1.2399389567989243,1.1275699979817944,1.096118660232746,0.8327955987297848,1.5365968282285694,1.2789666479129673,1.1642970249082936,2.3092382045970368,1.5040487934240052,1.2730800659794588,1.2429763607023494,1.331462211683896,1.2568079982112057,1.04512201605986,1.355004412640906,1.3359450736069192,1.0677660113377616,1.2428882188630084,1.290031695176538,1.1988547413170239,1.1358331022784907,1.1084623777928737,1.22430881653248,1.328080757451358,1.0477965691283913,1.3189434290489592,1.237432923613357,1.291440788922786,2.3523070453628305,1.0167181158283007,1.3356007596670874,0.9029271590962616,1.051019519037037,1.1213133074574042,1.1021284650344785,0.9034626233449724,0.8569070329601888,1.0964826054152053,1.2340843550960658,1.4948247703917807,1.2197954849858594,1.4911652638609612,1.3354676907954723,1.327027895473385,0.9275571343815868,1.1820728239592366,1.092213754796054,1.0677432146745962,1.0472357063423554,1.2120510624658325,1.328151794441109,1.2499485270946855,0.8222008397065783,1.8206673385298275,1.1389082405786937,1.1182935645073229,0.99871397340133,1.190560220015797,1.2355818644395606,1.0341559517840666,1.1762361906336176,1.0328379038379987,1.0469876969949907,1.2765148925163787,1.265433767332926,1.2080891439897974,1.052068542692623,1.1291938289455767,1.1005210846201514,1.1652575037572153,1.1898725321042911,0.9451236021123074,1.3935950296916837,1.3095292748669223,1.0910110147309091,1.1042603465740255,1.1641159391968552,1.055572047097797,1.2595531826311055,1.1507835209636479,0.8912511575814801,1.0088955672633646,1.1876474570581879,1.5606045075069368,1.104286057158451,1.0367720324693077,1.4892653897826762,1.3003882644048992,1.2883522613637608,1.3088674612154325,0.9009069148785455,1.4090952333295936,1.431306719478927,1.4161151157833634,1.0296348197523044,0.9108355799786727,1.7657243523217234,1.0282151671833146,1.1827885971428973,1.2253087363461934,1.6898786279417775,1.2644845101522915,1.1463309368499215,1.1020083000415268,1.0818114068403983,1.523015253690335,1.4411004323948455,0.9466531475174371,0.9997198355804464,1.6821731249082585,1.5036283165349542,1.4238823597554084,1.108316474235867,1.1837797584347487
79,0.9723430261099613,1.236859242004137,0.8910539743898134,1.1334612675367395,1.1354675616972738,1.2216060019786354,1.1471795698484542,1.586989560218594,1.0231545743524535,1.2400019245989573,1.094924377412951,1.239484796618771,0.9942040682093529,1.1771879865300838,1.4047283290026744,1.428114310900127,1.1640703693033752,1.0146592559862233,1.098275124358829,1.044102045404793,1.1538525858592557,1.514405235741136,1.1779543047518937,1.2388557675406793,1.3408866946498126,1.1884723244167732,1.259321403500778,1.4187437060259405,1.1374257583605967,1.2704585153317018,1.195624941152095,1.0544986082757644,1.442578827259017,1.1593849512317198,1.1351862447889802,1.1480445487462227,1.029847096035037,1.397274448756179,0.9392935520157535,1.3973479062908256,0.9162634604341825,1.1230438459090877,1.3490260166985748,1.2257223778596367,1.1346277117942019,1.3487388459385998,1.662740877338571,1.0224175107447446,1.1721901078118344,1.2446919578618947,1.2512115180334122,1.2551501286355127,1.2713288438647372,1.3955224010782272,1.049532773344533,2.26580833869663,1.0991862331929991,1.3055045875606845,0.8696108299223854,1.0134099095156945,1.211644608861994,1.2966329815184507,0.8889736008026063,1.2430514163582704,1.0354579278515184,1.3278400662681542,0.9864253679179444,1.2470802118886046,1.0208268816335626,1.0732010296615249,1.0652654180667414,1.12618776973616,1.0894512256721565,1.1547027404872152,1.1362087300240724,1.0921572786948583,1.098742431738779,1.0267800628512718,1.3405532721172388,1.0193802198849475,1.0849198570725138,1.2777620160419179,0.9886109163810393,1.384542161498337,1.2891376925917595,1.275923937481393,0.927780536791152,1.4814060187456515,1.4537865674853379,1.204084477234236,1.399139042525088,1.0458833563123415,0.9450314792444447,1.2563519617574084,1.070134932796042,0.7693006015869095,0.9354110224303042,0.9221951039652619,1.075613768223241,0.985264324937788,1.2250723821473697,1.3719112009840784,1.2140739102852223,1.0461616607588797,1.2188304330736959,1.0111369398777237,1.2553010341492175,1.242303924594989,1.1148496752081691,1.0716424021184046,1.12695896477795,1.0127569254715807,1.3974410769161238,1.182673844971037,0.9283869972518294,0.9117268196090343,1.0055438341288148,0.9277675239715225,0.966585441176721,0.9736539731768206,1.2500708207216624,0.9834779781881393,0.8782939812987225,1.5828015524421173,1.1750012509057979,0.8629296658158117,1.2744065990498208,0.0,1.9006282489278798,1.2107905143797248,1.0759808512862152,1.1598903577615265,1.235811483147176,1.0235638264810332,1.0523913414531434,1.3247313826039417,1.1727147998919358,0.8794721047954569,1.214002993026257,1.1812258292003674,1.1961538585298443,1.2256494777741027,1.376035810653435,1.0291915393738218,1.090029506939024,1.2604253098189144,1.0984007637518982,1.274376735332202,1.0395164075676717,1.0234447900172319,1.3852344192474462,1.0200376404906601,1.2575241520274512,0.8568433821098111,1.045232363970241,1.1530599111821787,1.1142065432805912,0.96784068702993,1.1654398788802212,1.414730901411783,1.2113228676840422,1.7514142630362246,1.0087173706196677,1.6301758816887935,1.1724973451616774,1.3092210639010347,1.1911963749340315,1.4422639419632903,1.1441593325279134,0.8512927999976014,0.9282958627007358,0.9976988141419348,1.0769946069740182,1.427541977876864,1.2420740170754963,1.302878714463153,1.5376067000419562,0.9575660600624569,1.0412389540643947,1.5600851603025343,0.973307754338797,1.2888026973647877,0.8859098315710175,0.9263124597012918,0.9992387798443148,1.5105164238079114,1.2894489811525547,1.2705981410023781,0.9229814632190189,1.4498370860084766,1.3036739508808428,1.6371269374026398,0.0,0.9744947574241762,1.2600662876013051,1.4606658386328812,1.311835951687946,1.2160677110237108,1.0837633944036105,0.9870394053853528,1.1801953907233693,1.741322892330058,1.0050492442157255,1.7920178231016721,1.0308394714367424,1.5234695825186413,1.0982951869448616,1.5245727473160722,1.3439799321808452,1.2904703366400718,0.9590925612182493,1.161929638547539,0.8903022460243389,0.9969969928205129,0.831841354777104,1.0624045093351375,1.0121413147071474,1.2329318353518754,0.9695447059934645,1.3004439924589972,1.1256369613596704,1.1075251036974934,1.0349421245451218,0.893739878927897,0.0,0.9831270047444343,1.1621195891439051,1.1722656961339861,1.2947659388348536,1.0267239344759915,1.0808008065046295,1.1543587857587343,1.0450704794005916,0.9272108399870557,1.4311230927106966,1.274808558291825,1.099587364565827,0.872219807355908,1.2231529296266095,1.079310865645259,1.0915915761296373,1.5234033370969253,1.2255955659233488,0.9858503726945668,1.109009910120358,1.334732167879225,0.8682883332946334,1.1605879203014804,1.7202693415766876,1.136868774454818,1.3321682970748723,1.338680053428178,1.06672052413591,1.3327628338557778,1.1083155957396684,1.1026308782759866,0.9643324302264913,1.1724060198219326,0.87268397731624,1.2004671719261004,0.029329241763798895,1.0035428660541426,0.9444766722174636,1.0771953271883683,1.5553209269806587,1.0472566556827916,1.023280045442215,1.094857897486754,1.276636822083293,1.2427300711172593,1.0638994295764763,1.2468416547180157,1.0423175385797359,1.227380680041097,0.9593190509488094,0.9392538033958104,1.1910612202512076,0.8747688269923608,1.0908624111981873,1.485883736465457,1.2109832438431989,1.1725200413590986,1.273080918636016,1.0850756931825427,0.9831454701594218,1.0410826359332273,1.03681293657292,1.2555875969315313,1.1062440062259058,1.0244727690118767,1.2752307962843923,1.0476326846520816,1.5143532521094771,2.5813517788276075,1.2294504948634088,1.1817260974441053,1.0653022811527881,2.178572220516487,1.2131277160813771,1.482198040373246,1.2619780420075903,1.1096433795007608,1.0824510918926131,1.4791737663049116,1.1982855542331898,1.2076328020747928,1.1926117677763268,1.2608549902974928,1.2467553499335629,1.264369921190943,1.4865802734685314,1.186132942875781,0.9963045264056486,1.5373851205064482,1.0079691467843686,1.294194915878938,1.04784813927249,1.0729141575191457,1.05947936125101,1.1267851681702614,1.197748507774604,1.1805339970789335,0.9620657351003767,1.555675739244486,1.0989013779549197,1.5802493702232896,0.9848859832018314,1.285284539165311,0.8875130778785199,1.1473506831676583,1.2030082008731782,1.1551948516288073,0.8354558431627682,0.9685851308228626,1.150155017519963,1.1111326210332724,1.1055454248357555,1.0763390320447632,1.0817184976812722,0.9937265326764682,1.0614621818100445,1.2057650396246606,1.270494609205276,1.1000113580169155,1.4434166809635116,1.0480614454323016,1.2092044572227099,1.379961976468917,1.1642322709556756,1.348909869116374,0.9677969840387007,0.9254598362869496,0.7929682255566312,1.2865646166801272,1.220640392991934,0.8804267943426695,1.3806172702194839,2.182242162083507,0.9974516538591374,1.5483190798807704,1.3690806025328817,0.9698788623750031,1.02913394280645,1.0871240936418736,1.374127275465664,1.146634905442675,1.3561396129100585,0.9185955608872972,1.49101059483551,1.2126673036046487,0.905648411911673,0.9253284763792703,1.0425740777261159,1.1228876636006635,1.151350797343443,0.8998590650926794,1.0021455326654953,1.3384790185114153,1.1965169835195528,1.582458128050869,1.3460366515795192,1.1555019866687253,1.3197145518309288,1.3180928023351883,1.56911542692917,1.1720620194326021,1.5281386305841564,1.7427649476544627,1.4420896377699326,1.4389310582657076,1.1184316779467085,0.9525795239217405,1.4968780888325939,1.2865031920753511,1.130398310739146,0.8612902564591676,0.9956197681125742,0.9996250004505315,1.1225620466558253,1.3833776591125222,1.220464308869851,1.277639939238695,1.0952427695955316,1.383692636575447,1.032054451537497,1.024401403598439,1.1321388612504655,1.511472184795818,1.3458158370158886,1.825250956563137,1.1514207882706735,1.136792822184468,1.1033636982469004,1.1263526535743145,1.5313924852956646,1.0670248260528858,1.3355917008389349,1.1249734296150882,1.058487557760929,0.9039105118332685,1.1368157550207179,0.9127272506704085,1.154776192411997,1.6230193619978799,1.1750162888474711,1.396758114407369,1.0357177181015333,1.3829778354789297,0.9912340076572628,1.5321823646195547,0.9676459954162803,0.8628764809357371,1.190088642477242,1.1039444636204696,0.9518984039374281,1.063122169406177,0.9989081379233692,1.0825483552235238,0.9103315132610604,1.3026288078563437,1.2169751983540789,1.1756128452291263,1.0986350585477986,1.1705318320374376,1.0564222825336056,0.9375992859148461,1.6741490421238623,1.2782888126804925,1.1229632382968693,1.1074793202738373,0.9733761392903868,1.3549608846100811,0.9112573178734074,1.1027013305026148,0.9951271175299469,0.9173740094660333,0.8844828017404938,1.4933103784477066,1.3588277910047777,1.4171272911288397,0.9081518721229462,1.3458266070592804,1.1887420756420912,0.9880030769916224,1.069870424331709,1.1762108816945154,0.8655611340863597,1.4256784917379492,1.1474033666271908,1.3482844509270147,1.062238112382898,0.9718300431167985,0.9194730603055739,1.0142674335607236,0.8674343228406929,0.9467410304453667,1.0801279955941618,1.039570126896992,1.221873944745429,1.5316070883050568,1.2314958433774015,1.06240614664454,1.203702256692293,1.2832267071008707,0.9871313084796143,1.5317687665461837,0.9878242998455197,1.1400358686290566,1.1694901587617048,1.0630476557606814,1.4151903118259839,1.2248492100206858,1.0678180322723225,1.0026477426112295,1.4320732013237232,1.3958753806955522,1.2205963388122265,1.4641531271750952,1.1088334530907717,1.3528086209240973,1.1725571078048462,1.3441031740795246,1.0235836452924967,1.5934133765398162,1.0213949765308539,1.5006106081522492,1.3397050808449362,1.4025328279705254,1.1769645588633193,1.223693701065904,0.8236582366753867,1.431912699807624,1.1443058441320826,1.13924532889643,1.1518694991688083,1.065606270059662,1.0709594028436216,1.007610833629772,1.0383879923514434,1.658819053150614,1.7052492678592546,1.509872644870153,1.2115398330835463,1.3941752199835395,1.0267531085865231,1.3975709641990293,1.2946740829966328,1.329893470980721,1.1089941821224498,1.1872987736735476,1.1062128188253741,0.8881645932073392,1.046063053146434,1.1606139488531868,1.20356568356637,1.4363343355577884,1.0069009400363018,0.9958921543731916,1.1033344611796374,1.0969644048448026,1.2330304642707304,1.274111129840822,1.0747245799781957,1.3157674197891231,0.9042980762965797,1.1450192254325446,1.2390441009279696,1.0338013828600578,1.122800075092297,1.1148488448185943,0.9890755153236579,1.3460368185027214,1.0466960968679837,1.2420838880454161,1.0731719493719762,0.9094199758272762,1.2047007084311365,1.2812835619677854,1.6383472018853038,1.0314633055264244,0.973622984643437,1.0128117540915018,1.0516226804155393,0.9738386016404805,1.149054066776918,1.3095256051059865,1.2017246661760925,1.4115458644709724,1.3887151398869775,1.4323379720799088,0.9352229623399808,1.3346428780552877,1.2157446138591688,0.8544724888629637,0.9177171365825058,1.2479647692143447,1.0558399095083761,1.354062081167061,1.0628350600933163,1.2031751816064937,1.1164397920033104,1.2230968373663735,1.3121342194641206,1.027008762435001,1.0503448306129148,0.9856970485032956,1.3962983394164676,1.1000085566711295,1.1374184215777743,0.9972762841600892,1.9061410537347345,1.766206903550584,1.0930696740821564,0.9850150749160541,1.1690524350443594,1.1837790420540801,1.1257469016419828,1.1393103097852566,1.6707591849898964,1.5103028142683528,1.0380221344508445,1.2905362642203957,1.0898641037714898,1.2577672136280966,1.074991792845531,1.3482821569267922,1.090351088889742,1.1878395960202819,0.9313572465926095,1.195464090107178,1.4827351313576096,1.3647948504829883,1.3087230557439962,1.3286168696796832,1.1617404767829613,1.274034243814708,1.1622150353300973,1.3767462711326541,0.9850515666874837,1.1645148443843043,1.0527245875723241,1.3753648601324933,1.0389329126963107,1.766323559105011,1.3836704962742972,1.1534862939034343,1.1843314342916775,0.9669624279833329,1.2195648723473298,1.104972113980909,1.0948680545346339,1.230510692001035,1.2100405449906577,1.3214506487170188,1.0021629667562124,1.1117043258831583,1.7535526132110646,0.9931747544562531,0.961397258027974,1.3068084206078265,1.3354180975665901,1.1928930851590358,0.9765212471676988,1.036697695636133,1.2643681465145402,1.604493294205499,1.3868365250521062,0.9874128754324785,1.3995122680857797,1.0411024660769126,1.3570879420094146,1.082819472040073,0.846663328561096,1.4797956420951444,1.098880748774189,1.0601735079070242,1.4479551748442052,1.2680766131231194,1.2941541354341628,0.9802961745142258,1.0999208888094392,1.081021018693061,1.2082579074393205,1.2925368463331126,1.136661267435889,1.0649152387930323,1.1149224186825322,1.0664971183029928,1.1143948971177033,1.2813864460254396,1.6793863488130145,1.1915578817183838,1.1842775812695856,1.1962520277363549,0.9157341932267449,1.0333515102100477,1.0382391840389855,1.2088351493576897,1.3584009280827685,1.0182846026064,1.1385390000603723,0.9174963537232859,0.9078765623188523,1.0579901683909225,1.353029955719133,1.1859763808111619,1.0899029037499743,1.459082225167947,1.7133380143841859,0.9588192542446983,1.4369099847351767,1.41666469650607,1.0326115730243768,1.3290078148310067,1.2750747407695717,1.130115295207565,1.054435929508117,1.3218717994617966,0.9472617914487053,1.1428761680273123,1.336933959226378,1.479333799904937,1.1080608595078492,1.324916826917406,1.0416517283624434,1.0622485927088,1.0853607852776028,1.193959315663504,1.0591445448979293,1.0592082223954138,1.208652160515461,0.920534474232483,1.130740228114614,1.1471863704762715,0.8655272662396448,0.8360237948691464,1.573430787981278,1.046434649012235,1.0663393417342115,1.1872753592712106,1.3147341826271841,1.2639218856533154,1.2339289007020078,0.9920499561696399,0.9180247787155449,1.2075132684227763,1.1939011458453002,1.057198319104601,0.897867009363526,1.01505199711224,1.5491861432519864,1.0798469683194671,0.9919711447595324,1.3278825999277628,1.0305457193480727,1.4431822721078433,0.9505385285972008,1.3276130466431184,1.085091554305992,0.979026789053622,1.3203665757159786,1.767477031858764,1.2551182242553014,1.1862398520147708,0.8792034262012174,1.3181666604104532,1.3790551204952348,0.9789169698582931,1.2357849101564318,1.120619755850122,1.246231886305245,1.5456034408658188,1.6656503039397865,1.1711473213798669,1.1192589819800762,1.1301131909716489,1.087692724428878,1.3055824725058893,0.9050781578303542,1.54587817354864,0.9028169718684593,1.4461658171028577,1.0205111295141607,1.2314618898576566,1.2184372689349097,1.0499552889013755,0.8568851477961825,1.2838871809373065,1.1757800384507981,0.9841690551443832,1.2912279097185064,1.3577597741063618,1.147739626181237,1.211226334074225,1.1820644258779565,1.1557004709930132,0.9853236493445832,1.2849092480697681,1.0319209372036053,1.116506949850684,1.2368359345556532,1.0539418348901053,1.066252177072704,1.3154269198537096,0.9170520424170429,1.0990181429886472,1.4188647634579534,1.1532043274988757,0.9483873218093973,0.8812215518636864,1.4842354386894652,1.1574343060860826,1.7687776502533272,1.264655476412624,1.11165261627237,0.9108511446228592,1.3359211623419713,1.2372695952701425,1.126625444495355,1.2153758226017928,1.0628345391877585,1.0142977274847764,1.466749482966858,1.3119141328040684,1.1950240345715453,1.1076293373447785,0.8813015903442885,1.284522415153126,1.410768251806962,1.0075864705316389,1.1519161944084402,1.3720863144072708,1.5809670169277363,1.191799090464241,1.2769844683230525,1.079244791401884,1.3475261220822137,1.152118152679565,0.9397721829841702,1.0235321815254765,1.1369163917725342,1.4320723363149797,1.5401277738122499,1.5244855969846127,0.960936930787059,1.26259145500561,1.2685043256081467,1.0504506745898188,1.3836883636730233,1.0994642126593148,1.3685191642817829,1.1816041632237266,0.9459463790804428,0.8849626788365983,1.004218746460321,1.4541517121680991,1.4045651787428663,1.0045053872756187,1.1735149439578736,1.0785127407112796,1.1182053878986786,0.9994354357330554,0.8566370458879765,1.267590789325491,0.8941575505204493,1.064334444966574,1.276461211594238,1.2007454535703834,1.126632607328414,1.3701039305871987,1.068076798378966,1.817513939700701,1.0515211547881036,1.7601920608996595,1.2076181787425042,0.9017315504739712,1.132368421708946,1.1078936179278154,1.0343459085444995,1.137328749035677,0.8662204984212794,2.001054819812323,1.0810170550832496,0.927506135382796,1.338005805527183,1.038636255999643,0.8844833233901381,1.0798602177305292,0.90930695270114,1.0594848359734779,1.159123870755998,1.1350777503500686,1.455480061278432,0.9838996302147768,1.220668209172588,1.705876854345106,1.5674246530529732,1.0236158630454675,1.5704622906397192,1.0401248732245971,1.178304359082869,1.3390894492732768,1.156081795961235,1.081554361533959,1.2798625922127005,1.030974588263513,1.251504041612066,1.2531800543727267,1.1413234483887276,0.8798456994901701,1.6893057620857959,1.3091521259376417,1.1865772913313017,2.052415839247697,1.3354573855828575,1.2507849841964371,1.1976112406336465,1.2744055558952045,1.267042015988056,1.1083480119147295,1.283828283275028,1.3872591265762153,1.057462276538417,1.2668073700493527,1.2921412570009494,1.1777139002129018,1.1294413781872374,1.045691898599282,1.285655515920983,1.215974572945238,1.0675442597758735,1.3464371769838173,1.2413800707573694,1.2036800014257494,2.1632326949600293,1.0691461846451142,1.344849587458834,0.9849213741874756,1.0334756850142641,1.0806115940041052,1.112544206239778,0.9592320438734875,0.8607835196000787,1.0637689463607036,1.210603570299798,1.537441206558568,1.2187578687834575,1.4857854466456253,1.2870768128614947,1.250311663713012,1.0081141843840826,1.1846981138132284,1.1003585786158636,1.0583184279373892,1.0462145042880726,1.2954806823023663,1.3111008478256907,1.3796514877260315,0.8050278359356011,1.7065160496661278,1.126661447341617,1.1075345372937577,0.9849911974069481,1.1768101448907122,1.1450272456039863,1.063974023699855,1.1740275513903677,1.0751740666494127,1.0806743033878026,1.2224593644504382,1.3162805934906867,1.168480810592567,1.1218641731367756,1.1185126171767408,1.0734580842808448,1.1156089014920934,1.1753328178483438,0.9208672811353611,1.2834399963395928,1.3400228743034748,1.1192469404346184,1.132680971151785,1.145334720492392,1.0387463211792878,1.331332968875269,1.1550675180373302,0.8861502779686861,1.0346341281383473,1.2029945424861697,1.4562488732276595,1.173646319130035,0.9582982028008946,1.3098570100093387,1.340265981873903,1.1938728922686104,1.2301514086586203,0.9140268126827774,1.4486769243621305,1.3175441884309458,1.3394640358605745,1.0601101183842194,0.8820510319186043,1.7221338943970625,1.0140069670513827,1.209599474151568,1.2097062536225929,1.6601164251533302,1.2831606665944422,1.0988962240088995,1.1856803678992272,1.0902380003732894,1.6522033693599305,1.4141714256426068,0.8835729603171814,1.0484647826533138,1.6632407828545457,1.6262033353789311,1.6545867678534933,1.1205189790133891,1.1167689048832727
80,0.9384611566956728,1.2174831283723142,0.8933326953652969,1.119142892744366,1.1913490875944133,1.2035782486964652,1.1264064881204696,1.4893743553457737,1.0694500359949781,1.2506603283448128,1.1005860372318814,1.2904789186340144,0.9733206523113459,1.1881256944747582,1.4516965838054163,1.3395996840967277,1.090985911361489,0.9073047846324249,1.1115361929648084,1.0845332472186202,1.1768462613884196,1.5338100018973633,1.2370593414779223,1.1634364164294144,1.4082463525739046,1.1044873532503625,1.2892553255257724,1.4513573678795058,1.0863214156505985,1.1967660401741194,1.0919339356981534,1.031839878156746,1.5794890053007014,1.2932943241311978,1.1504012046284713,1.1352555950027028,1.0559777236683185,1.3925142371393338,0.983647043088965,1.4045205570640718,0.940595911513628,1.0077057885414584,1.2585440059035373,1.1638284001188937,1.081903831502868,1.3450539670272619,1.5208396021849706,1.0275730329592472,1.101498387109806,1.3638831295235097,1.145219496491643,1.3833999295541433,1.1787485592381675,1.4039377393866972,1.1100967151378507,2.438993101777404,1.0669605746640898,1.4230048923094214,0.8475270932328123,1.058296839441699,1.1692445194087266,1.3718015628766413,0.9341354622372714,1.3081406728341334,1.1187170726241895,1.2811463456148746,1.008540007434393,1.2488042860736228,1.053624827283626,1.0912129843293528,1.2393836363046407,1.1905063358667716,1.1555453388546786,1.0776241944070777,1.1455194699461297,1.049869974948468,1.012391600893522,1.0980257962731272,1.3039636222127493,1.027010595947954,1.0873044033470685,1.2999571598555484,1.0388679284523685,1.4957274915387528,1.2834781948038785,1.2403096811504344,0.890354259773755,1.720578128803974,1.5369788827403164,1.232973576017113,1.359845788956565,1.199582872158518,1.0254755812319865,1.2508312980979999,1.1088453605483553,0.8024518119660958,0.8789671697217984,0.937149092081756,1.1203686031433941,0.9823078049454682,1.268434048653232,1.2906724323534753,1.1750385056117092,1.0379220578466808,1.2157112724676993,0.9980280885257575,1.331906871768449,1.2819263789459143,1.184771006397289,1.0496383796124178,1.216886255314585,1.0188095135839361,1.417738532540139,1.1705301298743054,0.939970932968837,0.9125658676780396,1.0037286955472784,0.9272014368086855,0.9529126857925687,1.0602336213628885,1.3237867563053278,0.9589676440855448,0.7929791677484843,1.6457256372577844,1.2078877487527446,0.8272012720068286,1.1512956205866178,0.0,1.6299382041065706,1.1825844124186529,1.0035089938231796,1.1504571018145286,1.1806578473961866,0.9854561661561089,1.0129660406213183,1.330362063030286,1.1187719216747951,0.9179443444578637,1.2737875289762337,1.1944543556578333,1.2888996604614673,1.1605444525223443,1.3264144977062762,1.046129807250967,1.1007462452196888,1.309263013840148,1.0744384211337856,1.2128831576858923,0.9292436822733318,1.025743852864053,1.367296454424586,1.0093788283123708,1.2907950623742903,0.8203800463176101,1.0056775450849047,1.2366672316247684,1.094577727315092,0.9909598871057285,1.2492408148925396,1.3391459275272601,1.180025080579074,1.8555039484665328,0.9661527679151235,1.5911955759058871,1.2432826201246063,1.3874132418008276,1.1216300420773488,1.3986256914560125,1.2099291613491543,0.7859309980578104,0.9263244903048435,0.9728731709348287,1.0434034631496742,1.4147629952759706,1.1941483748735195,1.2109070268471027,1.4909219931156719,0.9382662289047401,1.0464293576811916,1.701772555476119,1.0544741120578887,1.2623426602849641,0.8626784862335036,1.0683075958859658,0.9616424342292464,1.4875166770134278,1.2218377070457844,1.2866536254270948,0.9201272113809771,1.2202401998586272,1.2777986692585386,1.7016413763287008,0.0,1.0249041613906709,1.194943980404549,1.6099228135244745,1.4270732667415733,1.192186710386335,1.0539768231705153,0.9617306421320254,1.1355271075565279,1.7926239989363835,1.0035356141865046,1.8195147126274485,0.956694488544426,1.6049947452720654,1.1121398480783435,1.480809916005358,1.3668181746832806,1.1661483254029559,0.9684399188588685,1.1032539336467913,0.9392128040568879,1.0520792904043665,0.89183937154243,1.0946259371379121,1.0042330785531544,1.2557629189799149,1.0013662053660846,1.3162228534257672,1.1373095698505664,1.0386973307609848,1.0223909948854821,0.958660848525878,0.0,0.995892978386342,1.1769465899056766,0.9907919441933258,1.3383245578223857,0.996662195061,1.1391065357424688,1.1363558891725885,0.9677510341704851,0.9303567082367794,1.6499878053837627,1.2023458790079244,1.0610197561827803,0.8747309004807708,1.2839012749228909,1.084772857101553,1.168872976615713,1.4634387520601233,1.2922837826566926,1.1066495060922903,1.084433508716135,1.279454466038061,0.8721549064608553,1.0815346738123377,1.7110610688399075,0.9536668405891444,1.2560403822783297,1.4360082049650091,1.1389025969836952,1.2494975645242168,1.1250085442860616,1.1722160805059305,0.9629686308795163,1.16460440366179,0.9053278982501538,1.2207051629260128,0.11198437279578767,0.9874478354452592,1.0032499786933937,1.0676789129306086,1.581128406636232,1.133062896428846,1.0487112842628836,1.1098546353475554,1.233868779801853,1.2057048672368547,1.01599612828768,1.2547523371245748,1.0309921314535178,1.1809425348323659,0.9640778647982637,0.9501195219065466,1.147471511038047,0.9223576667439708,1.1871040867896114,1.6072147562879122,1.0943746739550921,1.1713984231676486,1.2700472867831296,1.091227121107821,0.978411770679129,1.0289967435236647,1.0330400494980598,1.4801015465815017,1.0777491047667764,1.0593782765126263,1.3367182289647723,1.0055073453723464,1.5580417973425176,2.8499294369589685,1.1768955070713176,1.1416289129671027,1.0322617939955196,1.6295195022295896,1.1857854092176265,1.398756524928045,1.246219201348338,1.2466475633734948,1.013652015588483,1.3880858837540884,1.0996400405540312,1.1777034929149204,1.2183893731473556,1.239974621650928,1.220770649487034,1.2538338972873548,1.4882088855467384,1.1517371538577088,0.9938544023291535,1.5088079483216246,1.0523654939463678,1.4191408756802781,1.0362824354320097,1.1313238073605212,1.1207069299379684,1.1989207244436066,1.1445509674720176,1.2719653999418927,0.9308793809680558,1.5554147318549556,1.1524531583734856,1.4901815106085405,0.9834363389896066,1.277089050192278,0.9265037523472052,1.0927914764296374,1.1662427906030999,1.1992540486116046,0.7985420444591416,0.9290497005215952,1.217426315809408,1.0909954178744923,1.1816022946781786,1.1316034031630604,1.0542329334168647,1.1242958575848068,1.2357519453950516,1.144421546917527,1.212896577251178,1.2972484664691397,1.4864609999247955,1.0849671748166763,1.1703426816774254,1.3221332591362789,1.1404541410350344,1.282343227079859,0.9504895102143878,0.9581580283358089,0.8183711521851305,1.276318545329237,1.190792802237482,0.8764963060983456,1.3267711437181053,1.9565883123562637,0.9576439561320303,1.5300852030981376,1.2775470518977703,1.0047701306357506,1.0545724768088132,1.038598713398465,1.2999385165433623,1.1375006853546905,1.4978787838700534,0.8894794149796179,1.227465640200504,1.1659563013304135,0.8698905988713065,0.9269699814116451,1.035278124893155,1.1553191664321467,1.1286872410374125,0.9520044036042437,1.081676494029179,1.276681030231622,1.1830279555497651,1.3262147675715017,1.423527915800831,1.1810638883168147,1.3107789587797534,1.3244609511459973,1.6344944385891074,1.270112418219827,1.5004657105989025,1.635149811622509,1.470351995620035,1.4343355080288755,1.2124087529568408,0.9361911938554996,1.5887006916468884,1.174778260644251,1.017769757499465,0.830539039164338,1.035012007278545,0.9574489999914715,1.1137419265251884,1.2764265235452954,1.2217381098980615,1.2232469990537103,1.0936598415079575,1.3860320618827404,1.0678619367501292,1.0221502783039154,1.1235157116234311,1.6140649380329877,1.402019396413149,1.7318789828597945,1.2413965849289381,1.0791265832512804,1.100608818553064,1.0541142921051379,1.6105477455001294,1.052957339247889,1.5197528434207435,1.1248017507489279,1.009591897264021,0.8978264448970733,1.0882235169114725,0.912292307852551,1.24135646853896,1.4856537231218414,1.198599205577891,1.4374336585319938,1.0083424012301936,1.3646401665521115,0.9254891977656521,1.4520933721073506,0.9916146303510717,0.8088717418740213,1.120777044564301,1.0695370160776037,0.9621278539515784,1.1173731639920577,0.9426868306054794,1.065465144946465,0.8922753991473429,1.2678834295941979,1.1778499626122454,1.172943338050663,1.0519656528371715,1.1118418212774652,1.028191252888642,0.9405048381328631,2.323391716879902,1.2490901304220439,1.0750511588857363,1.088482182791871,1.0120787146814318,1.2563057127612844,0.9542753555741836,1.1109873613741035,1.011601083803186,0.9765080296334709,0.8866086059628449,1.4411907514953788,1.2810285517635855,1.334497306301158,0.9260836987323495,1.2934245566783897,1.2617736419697105,1.0457983956605386,1.0269788110328273,1.1279564703007752,0.7763869392076962,1.308475957135423,1.1456908035437738,1.2496059272370197,1.0668213176743753,1.0012543102451468,0.8845307432964495,0.99947351327567,0.878174844567184,1.0148558347814383,1.1236183727948998,1.0269595752914036,1.2741936883470815,1.5153509657297433,1.2201319195419924,1.0725679425398782,1.2092225732806128,1.22754787726319,0.9840734712547715,1.6441350402384747,0.8934197280952714,1.059877647545267,1.0728774597173594,1.1282190230383073,1.4947692730902737,1.3362314579650827,1.0068578329786186,1.0414623175497715,1.4251241384536935,1.4316933099181097,1.1788752801468771,1.4758969507900408,1.115077755909038,1.336116724977056,1.0473404076875668,1.339624029051952,0.9751489694100481,1.5843861961087728,1.0056744057956288,1.5555887545417753,1.364397106293919,1.3435667336288963,1.1322533733550437,1.4461275670021534,0.84460870122979,1.3833948105670046,1.1453126362001058,1.1161780127099055,1.0991816432076176,1.073633643429329,1.044137271954117,0.9935732880309543,1.1114515072600035,1.6829601090200828,1.65267133897019,1.5539943772252878,1.2193467483855516,1.466412084488251,1.0571867893763223,1.4302600500856961,1.2987960054700878,1.3061855096230817,1.0711056310262659,1.2454631015077635,1.0213716550174345,0.899896536847295,1.1211812670248797,1.114977476661172,1.2264099733078966,1.3775982459725915,1.0553314084951952,1.0340337293250184,1.1045740272621551,1.1097689303467293,1.2473242880677915,1.109831731931633,1.0970020032674335,1.319066533685819,0.9079811484604561,1.1164725451261397,1.211157558244226,1.0603278418141588,1.1166731985668363,1.1350372649021663,1.0381794350780225,1.4229459068562402,1.0723485139680042,1.2401366720702462,1.084553729277979,0.9208812479005669,1.1776321243277101,1.332820507162443,1.6251938018224963,1.009640000493821,0.971155706292975,1.0289148291442027,1.076394291501986,0.9367603756821212,1.160148394400114,1.2788978623607192,1.2145887624974756,1.3207092547427264,1.386040833468515,1.414573678740296,0.9150428933222787,1.2349313982546422,1.202599471375588,0.8038561592579884,0.8643631751428723,1.2072169496034435,1.0562773798795355,1.3127273064939735,1.0587014110145587,1.154627511360037,1.1356875356658416,1.1939521040178704,1.417988329248586,1.040012125262497,1.042634769392269,0.9927111727037784,1.4337390234854648,1.1868430436699071,1.1142307029530452,0.9788172206082525,1.9988113871729811,1.7974023904356669,1.0345018748621606,0.9956558688718609,1.165099947148009,1.182058749174401,1.057494700786234,1.1072199088713084,1.4219555051859216,1.4842432197070299,1.008744608051869,1.4276153694759954,1.2085708931147439,1.2491012479181545,1.030337722848028,1.3658896984470748,1.0725204632266678,1.171961184720327,0.9349116576880183,1.0727381432832055,1.4800554596206508,1.2376830159881989,1.3392920723672055,1.3095115523664034,0.9805323717328038,1.1812425858584745,1.2294944633765799,1.3470429280880372,0.9682182490699264,1.172585705771782,1.0144231898890859,1.304287206104865,0.9775648862939128,1.9394480134943,1.299656799526118,1.0408551402448811,1.1449132348485127,1.0045525196415643,1.2256621082808214,1.1356730881631165,1.1549521205704107,1.1518750726955929,1.299414107849936,1.3236739906354202,0.9562392232558476,1.0700378743822654,1.5732979855204072,0.9619268968523088,0.870008377324558,1.2398425149750656,1.2666198423824306,1.1666366493271991,0.9259589736437428,1.0337982367803569,1.237363304553452,1.6000920409695194,1.359813262827585,1.0308185437839426,1.363625983363892,1.0019566313158017,1.2961695477677522,1.0552251180350374,0.8737199049486275,1.4727671348657245,1.2133835329680795,1.1486000336630242,1.459557873852583,1.1766194732750128,1.4142777758378133,0.9402164450042629,0.9951751453296087,1.043788329100221,1.168856883078889,1.1904477678252996,1.1128213466018233,1.0571035566140505,1.0786580579759435,1.1209284317435082,1.1324518694788421,1.1795057691325086,1.6186299834876203,1.140252655176747,1.1965707746810383,1.2584423465472583,0.9066695212375194,1.062083987019788,1.0655536649365995,1.1365605780763939,1.4012791413647192,1.0225960329356032,1.2135743356680848,0.8978103534613737,0.7349369429064767,0.9949541136396465,1.420629795778566,1.1346400229219769,1.075993093459937,1.5050300862626393,1.5984792814764197,0.9799195540133443,1.3935986455086307,1.2419655846707032,1.0450185608701361,1.4331224497792825,1.3445680126354074,1.0603243291654076,1.0987456111020792,1.3009676823448373,1.0201357612368762,1.1618035864066345,1.3618116512181984,1.4619554275626392,1.0049720234213326,1.2436905769830895,1.073117264911266,1.0955405906504867,1.1104345224591943,1.206099897387319,1.0260665970863267,1.0772388645898505,1.2016479016732977,0.9516831337107916,1.1485241648301066,1.2547079923306015,0.9411177025719898,0.8598797221230239,1.4985899966649463,1.0390897119275597,1.0314840824915656,1.15554057501238,1.3872590975846224,1.1801141493083496,1.271383249308455,0.9842638820535232,0.8940073352039053,1.137219835368471,1.1012156155567674,1.0651416821362187,0.9005110871297483,0.9250871034128563,1.5860934101519402,1.1136448225305446,0.9607041332387762,1.3239892847474077,1.0269562148075528,1.4420785049026756,1.0036130150999234,1.2413079847234796,1.058991351852643,1.028567132653753,1.2429238534144789,1.9421923980815279,1.2078716066350366,1.1958419739993718,0.9420014437376791,1.2499112579375504,1.3603870625567756,0.9398372373766287,1.3213163825054404,1.1100304829056893,1.266692441921001,1.4648962924003528,1.6967082324486982,1.215449202418635,1.1352633467141928,1.1695899022504244,1.1008588794591372,1.169722526224784,1.028358335623596,1.3687553735710603,0.9583237386018257,1.2770522720945099,1.017746209147903,0.8974891081047985,1.1229573318505768,1.0640702759247391,0.8463015060966573,1.1823662568314726,1.190349560423226,0.9713489647835362,1.4467475080985588,1.4036694326376362,1.2079641391255753,1.229203254339136,1.1098859348252648,1.1891345141014573,0.9610402454139426,1.368907078975311,0.930973537730742,1.1019441068998157,1.3407530658967513,1.1147069673030692,1.006184791445464,1.2491975309183652,0.8998035792516057,1.1012924390905845,1.4266710228929407,1.0994439086078769,0.999117752142963,0.8600860642357515,1.4949132246112162,1.1615855378676097,1.6869198149356563,1.179514474926714,1.0277322973158796,0.9743595101509331,1.2967832200112,1.2266642717468328,1.1510347046790055,1.1783491649760884,1.0679813324388496,1.0339007396688888,1.4505907069374926,1.3215976343627196,1.2736691106478872,1.1155096876090829,0.8869708501528348,1.2837184198854403,1.376255204105063,1.0512232070150807,1.1283689635562126,1.3235465402614706,1.5357674093355427,1.0951432904301903,1.2977120642328748,1.1286870797983546,1.368555491032874,1.1793137102590872,1.0138265436419913,1.0242205645923397,1.1392822141086971,1.3291265795096086,1.4949816871342765,1.3385545986047274,0.9801130694243436,1.2072288555309778,1.3150241065846924,1.070765582341069,1.3964704038596731,1.0567194856940443,1.4029431998111284,1.1575958354184674,0.9330582952857237,0.9093544730773939,0.969073598320763,1.4991364027565617,1.365323253943345,0.9949702514348651,1.169970752134426,1.0035742392120803,1.1283787044125815,0.9389824189173417,0.8741416206784705,1.2877446805474657,0.9335936323475398,1.0866894236505669,1.2398269762969583,1.1359736810891081,1.1343271694972967,1.3530697685765456,1.090345075965206,1.7185591466809982,1.0855433362804818,1.7817930762248642,1.1476288291145422,0.9534524960296854,1.1157694076671691,1.1321992918229267,1.0827712244472911,1.1861555412089435,0.8355381654127343,1.7396634215592854,1.1053079273340145,0.9680653518356263,1.3095921126769257,1.084869565215953,0.8966073273014525,1.0695142143568503,0.9073319534385359,1.0323753881354822,1.1721761382093585,1.087103754663971,1.5386491053034537,0.9605633663282,1.3017821579939048,1.6466485306888674,1.502312898688936,0.9486990823034754,1.4112018228747838,1.008233427073829,1.2868170409017297,1.3547144972100595,1.1260136645498842,1.0194458192007767,1.249625544402433,0.9746940055897244,1.3144957566758675,1.2652681926533136,1.086271673807449,0.9409858006021439,1.7495167636126732,1.5327178597973523,1.1476523700326862,1.4383668273131425,1.287869658978269,1.3023934536721817,1.1746174550568074,1.197019466013426,1.2382585940751425,1.1322904825749518,1.281588579314819,1.3562089697125752,1.1036934764764135,1.2756439495554208,1.368118323238586,1.1770752253283492,1.0362401604366605,1.0771425079873702,1.2886525070634856,1.1954180469176747,1.0534816402979172,1.3277149079024475,1.2473830813159008,1.1811980682028052,1.8628343508541947,1.1158052727861338,1.3420137022795486,1.087632706366445,1.0488326664894028,1.0852217877213084,1.099806801608193,1.035504245509224,0.851609623104898,0.9971788851394361,1.197201022852466,1.6898246310079055,1.1795117139699063,1.4938641912101893,1.2731949251479548,1.2563076772084796,1.041940459071623,1.1343434593175517,1.1390973120142867,1.0722334950250512,1.0699371816698282,1.3506475854822808,1.2232348919227172,1.24024051645914,0.8185154634947374,1.6349467021923882,1.0991018262856722,1.1021898665991523,0.9772328166742904,1.1311652947882123,1.1686452155143288,1.1748787329597978,1.1144679659364098,1.117123935277685,1.0276527350783136,1.1695707062647331,1.4589576950526,1.1111313918973171,1.1663217192933284,1.084663005861102,1.0492361879204821,1.126178917174939,1.2083480510351963,0.9048809127248717,1.1640752271685348,1.4289058020719316,1.179033621356685,1.132961888189027,1.0552514810655416,0.9946500399250197,1.2794357071517766,1.18672523075554,0.9296787414550689,1.0587756756048812,1.0845083233755903,1.36625349727775,1.286241252609241,0.9182092793729072,1.2092466241996436,1.2608538084176606,1.0516960461410554,1.2297479016279684,0.9426005433090557,1.4469148649466879,1.2684231975607037,1.299158316501166,1.1906234505305915,1.095466609091469,1.6356639242770719,1.0794474926150972,1.2320358053228941,1.140371554995352,1.6075923510573153,1.2681713863156983,1.0585121619544564,1.1566561874951498,1.0854185771315856,1.7462626887974053,1.2939115279189033,0.8840336894337236,1.0747200949344526,1.5319370639756071,1.544855047927644,1.688446495454654,1.1071046356040495,1.0217631339349074
81,0.8882071728378121,1.1653592179427812,0.9082061300495962,1.0603804614212022,1.1756064633369376,1.1926591221294693,1.1513557243345187,1.4241875842846914,1.0402560471372977,1.2074886474534852,1.1550565679550782,1.2840938157968513,0.9516683466064132,1.1493973714789945,1.4251470664369152,1.2918300034123102,1.0296346044137659,0.855620366399001,1.078134907696183,1.1072692048617103,1.1452081109437744,1.484821450197365,1.21405557503628,1.1565782331485124,1.3270894544907172,1.0802746160005599,1.2936607637491924,1.4990309733070872,1.0696750119147707,1.2042239202517855,0.9991502246200786,0.9790546130222388,1.7437252651960078,1.4056948425214117,1.1296433099120662,1.063392885056054,0.9968505058982009,1.3532003018312768,1.0244304386839864,1.3424443252046692,0.9122792181134861,0.9623823050454214,1.1381419563407633,1.1480519684319945,1.0463167255273975,1.3351417661878933,1.468066350187414,1.0451921623948335,1.1281513615299907,1.2992764203077025,1.0301606977604303,1.4587867611443495,1.1500841446956342,1.3860442884808732,1.1472256436019883,2.3117589477120166,1.0563113867365987,1.4720499380949195,0.8687524615994712,1.0659546757490874,1.1241450916981353,1.4181799371582047,0.9567455164526114,1.4279319567542155,1.1278481660422073,1.2965924481461744,1.01231745689644,1.2609939964694783,1.0966879000508574,1.1374377070357093,1.4305019710020075,1.2552279999664315,1.155209081191071,1.0181628057922143,1.1532476433356997,1.0046079831842754,0.8939507907292765,1.107134286126184,1.1856437073293158,1.0498094064316632,1.1068994629138986,1.3174469396887352,1.0626211011923818,1.5023760413527154,1.2907790058223614,1.2126424574215608,0.8816552219105683,1.5521442718736114,1.4579498711104062,1.2466829446881982,1.3742172490113276,1.2863936316959401,1.1767324137562272,1.2322445321476987,1.1394848653809944,0.9315066713496167,0.9134155120025089,0.9977017156637831,1.2341576588366663,0.9987700925525103,1.2620899758397761,1.1965791745107488,1.1624278296091486,1.0381062614526293,1.1375152579644368,0.9469052376640807,1.37680790135801,1.3178472564517734,1.2610621991974398,1.0336752870485215,1.271836429967376,1.0270189825808373,1.3782871342417227,1.220468127428871,0.9913388005882504,0.9067628129145645,1.0727029008832434,0.9395929363901387,0.9086382562848841,1.1710570458652498,1.3752419939996232,0.9893865604786352,0.772183516333095,1.8530344441449735,1.2326980075972507,0.8210261012755081,1.028478095094084,0.0,1.4060482201547506,1.2940176956169704,0.961357769963893,1.1180855045398204,1.1414981695282975,1.028345959765638,1.0496792252472007,1.270656267362953,1.071698163354129,0.9511216341944969,1.285366474529155,1.2201596343305494,1.4100607924418305,1.1617687639043546,1.2291876519041525,1.0755840354260995,1.1790419332169744,1.2892286044857828,1.0392229101624912,1.200161086826484,0.9047476183127332,1.0150914514228893,1.3480308523646163,1.0492413547668473,1.334086570149349,0.8202397922329042,0.9734051855900345,1.289881673732638,1.1114925910747657,0.9321501317874327,1.2784162956642815,1.2799296111530771,1.1395641073376213,1.8657024432303932,0.9136663676375781,1.4551970232014948,1.3714156060447231,1.3653612291988626,1.0691110046640042,1.3093988009364697,1.2018837888872553,0.7894292091128773,0.907388859346945,0.9228314236939318,0.9671400317027492,1.3972579133901224,1.153710412862284,1.1542449376673334,1.419290597990726,0.9981557587484524,0.9882122068699544,1.9389894846854567,1.1482803607578236,1.191348582090927,0.8660079764403691,1.2324198635891412,0.9489138192185913,1.5047949825940985,1.1790429409823306,1.2685902632638268,0.9119439985922521,1.175209523717734,1.2191969220215026,1.707750576923019,0.0,1.116713455933957,1.0923856195984207,1.5850847535652712,1.3845982178090166,1.1546686071062773,1.0124441355823577,0.9125844986981609,1.0910982590031053,1.7926354366819537,1.0324245562130032,1.739510328306517,0.9852140003487246,1.585354313551599,1.1244737879552003,1.4204612297049752,1.348910544718375,1.157168609450414,1.002470346300657,1.064689459117677,1.0857683387748773,1.0688425220654014,0.9568816226096735,1.1271943235722905,1.0400895287158265,1.2983252017595552,1.0371982394024029,1.2524844096999255,1.139200384458046,0.9807008510578732,1.0558316237014571,1.0310690736478454,0.0,0.9783799949958366,1.220312367900005,1.0558542535304283,1.4612894498125293,0.980295427325498,1.1386475740212745,1.1029803615256553,0.954998992596054,0.9249678054270818,1.9784261522645834,1.1756986927729463,1.073659870411327,0.9159331899292003,1.3091961197734436,1.0213959954725944,1.1750132520508283,1.537035627729074,1.2937400889874184,1.1717618545443202,1.1012182773929897,1.2430165363317656,1.0154092794344025,0.9981506602199894,1.6732521548695503,0.78759283765117,1.1597323039002558,1.4736817421804302,1.231382832970629,1.2090768096004822,1.0923958455124372,1.2195789045703602,1.0131309931788075,1.1603692851872942,0.997982390511897,1.1819846808181391,0.4479374911831507,0.912681797685852,1.0351656461606247,1.0243159943137483,1.578674494326238,1.1936443922823685,1.082067041371389,1.2250001417544278,1.1675986430931848,1.168182795803115,1.0054665071832234,1.2881431147665652,0.9936983360891158,1.2089010237052182,0.9447765175397107,0.953861750675059,1.032595097896126,0.974401940984959,1.2539290782172492,1.6932330965128766,0.9914727593708279,1.1843644326098846,1.2721464786258436,1.07636069719843,1.0421930093349316,1.0097258195059984,0.9811956230136276,1.5954768627490117,1.0944788526001235,1.0471094859937446,1.3137645749145554,0.9434502205840529,1.4693082623133504,2.6409453216415173,1.1239538341938045,1.0755689575056124,0.9994897044874318,1.4236107921879042,1.1386513139093377,1.3853740354740998,1.2879144049628424,1.3857883683631895,1.052157914483789,1.3591148724436561,1.075782422352781,1.159070280508297,1.3067093930482045,1.2060030132874178,1.1868717515587521,1.2161114083178823,1.369516686353352,1.1370738950198167,1.0822737614381341,1.4625330199728461,1.0794253253529298,1.4267647257501008,1.0788080315659085,1.120347202148404,1.1782523133846716,1.190621178676035,1.1278667218526075,1.3167567418533035,0.9008885399526463,1.4803447817742312,1.121396592415122,1.5952264674855587,0.9582498965879155,1.3060569829086028,1.0259647247778485,1.0976978847402261,1.1122536857365501,1.2231820900127874,0.8087975336106711,0.9202827196992935,1.0959961450982787,1.1145766079798216,1.216527692857617,1.1615610002443981,1.1402270161908026,1.2587514029995257,1.3309645919434172,1.1148821881160786,1.2612807170492775,1.3720173072702075,1.4778447305380493,1.1388904632717711,1.1721194575521594,1.2572208371275788,1.1324794937141953,1.2370369899489881,0.970117216173755,0.9915991461344599,0.8380323051614711,1.291557858470443,1.1930976793632317,0.8847780306750131,1.2403540426221817,1.6759822447550072,0.9016462411620896,1.5410984803327326,1.1907186160638659,1.0351347111025397,1.0472668872844202,1.0971124615168764,1.2385264956555542,1.2052901753978933,1.5554975641207425,0.9322985523437413,1.1564767506155205,1.1619350387122536,0.8384805893221681,0.9463085812836864,1.0351943730647357,1.165740981939557,1.062889184218065,0.9982267732862113,1.2197393985610814,1.2224747436254364,1.1579883515940808,1.136545647019141,1.5279587449078158,1.2081655132951594,1.2703894797812576,1.2779518229543165,1.6671170514149376,1.3312476109310167,1.3794732266572778,1.6627043471180163,1.5145685187581208,1.4140572739459885,1.2720677977333783,1.0010486406382462,1.5765583819488629,1.1141264671165725,0.9733439288381392,0.8185076296685199,1.045488735518761,0.9201505740008427,1.0899143092836392,1.1835344612390037,1.264056463781123,1.1438477049570421,1.0781917909361884,1.3865079474754594,1.0855783852945675,1.125647087143137,1.1288974232013245,1.5250475831460983,1.5189744381742285,1.6177667098899402,1.2454213083886323,1.0666474953981457,1.0668967238979397,1.0053450483993422,1.762993841384224,1.061046579790722,1.798992376128722,1.0831184991657188,0.9859729853362971,0.9095274172370736,1.0189868372995505,0.9264305330214718,1.3394289770829935,1.5289274216387754,1.1903907269727463,1.450041804036751,1.0037015614058467,1.3719333161016016,0.8128523602483878,1.3198538391983243,1.0263938310374248,0.7774806761896588,1.1108429397669455,1.0547009008049264,1.00142162744719,1.1387821522205945,0.99130723344361,1.1112591676736212,0.8485457359986854,1.1582524666976448,1.155551319464942,1.1868349235752178,1.0617962658807403,1.0478020908588273,1.0099964960505345,0.9313046691089876,2.718559182143909,1.2272217776910879,1.0191742385556024,1.1308830796212284,1.0211281329217197,1.1877015836947569,0.9748247297751979,1.1164493309972467,1.0310188542059402,0.9860039674820629,0.9149069178263497,1.327907344035827,1.1358037901518505,1.1731967412551307,0.9612650682131856,1.2308214919844702,1.27260242819441,1.0638786338559203,0.9164398204156049,1.1692163382043737,0.7409612783353228,1.33436608015831,1.09677936904396,1.3235654410111666,1.0832093109876482,0.9911960562124023,0.9192162515147827,1.0223076569999114,0.8739501437458884,1.063457740557984,1.1014752692941245,1.014393583908474,1.3351968269178442,1.429431629724568,1.1754451132185448,1.1291014387974236,1.1812236539233751,1.1722404691588775,1.0340178340155886,1.6672006920028273,0.8954636902672002,0.9990345804115466,0.937533097397492,1.1533222447926799,1.6276361934494337,1.373581845190091,0.9464066876323719,1.1218473964831324,1.3778352289615898,1.3953166699116455,1.1148487988639606,1.4320770418988278,1.1546740359525645,1.2878455594423999,1.0805451113256823,1.3526372184470272,0.9867709755362631,1.4968762834242937,0.9689616520553652,1.6221211429722326,1.2678735022286771,1.4154547726359612,1.0383302716002851,1.6536001602281745,0.8452931088758282,1.300905318999382,1.1415830614392752,1.1331685172577868,1.102588894311378,1.0359942317153596,0.9949718200936191,0.994372138843308,1.1560628411416538,1.6143085376474435,1.6167479829595355,1.6915444718850592,1.2332308022144338,1.6128936990858194,1.0668911477109342,1.4398092104006333,1.3671632564691942,1.266923715765294,1.107732181844163,1.3355145442341376,0.9107765433230293,0.961256186985613,1.1723988838995822,1.1073392315821011,1.2344264932767246,1.2681309015767803,1.0238688410180712,1.1114337731053516,1.0690583467236972,1.0597433989973726,1.2537229403058905,0.9843738355910923,1.117819358366586,1.2576812278776872,0.9255014612448056,1.101941740911196,1.2066431476343347,1.040920707624565,1.0434651408050968,1.1108270720357678,1.0274540309135585,1.4818290810638763,1.0646441382933771,1.2263257005894683,1.054609611204139,0.8968389434147115,1.1793360900764565,1.3539515438231793,1.4994154176306422,1.0040978365907494,1.0009140469647848,1.0438366111503503,1.0822564044224627,0.9668571841700999,1.2166358896553586,1.2795766985301718,1.2776293412407724,1.2626090616437358,1.3057184583450065,1.367585166880861,0.928536383772816,1.130068933722152,1.1315577016334823,0.848952008501825,0.905881188836936,1.127061891348493,1.033451470221911,1.2480886922377123,1.0754677484308615,1.1320775187211864,1.1390655015553275,1.2389258405687464,1.5645653816443383,1.0247306562566987,1.0210722901392768,0.9879164020465209,1.4674888393064678,1.2488322400077385,1.0884724558785939,0.9325790004534268,1.856438979344627,1.7535549087415339,1.0798975189441953,0.9804217996769463,1.1540335420905183,1.1583362198849696,1.0087757720865165,1.0519306488881797,1.1812664400397999,1.4276797028619466,0.994780856694267,1.4635750623813424,1.3421751902614818,1.2434325001473443,1.0103361041028116,1.3982373735716114,1.0392395440665754,1.1023380890231076,0.9439404431702307,1.0065928739610361,1.5406479557577741,1.236802040328974,1.3679581623122132,1.2526672827020287,0.8545930194562038,1.0930501159462802,1.287583509468866,1.4458955255393624,0.9922807969134075,1.136048296229926,0.9980701951208275,1.2356581949947971,0.9666702990656593,2.173661489646226,1.1654295868601832,0.9684367815929531,1.1122903617991877,1.0826863765299317,1.1721481846806188,1.1192947388241394,1.2227348238598748,1.1532288692300747,1.3092275255334966,1.271348148996518,0.9193762700025176,0.9664613500712039,1.4208332174065474,0.9786685886635339,0.8085801971713928,1.1472649575826246,1.304808162028572,1.1409318682826934,0.9104738462901861,1.0699569165115665,1.2482826200445065,1.4954410010796169,1.3649933223554649,1.0189869809182515,1.2591005928502224,0.9837726498433653,1.2897637769510482,1.0554474112303032,0.8765055156232415,1.4234759805549762,1.2778066298861217,1.2135421647027393,1.3793238697593866,1.1652176709230997,1.5313490527655227,0.9079009327367263,0.9668393877898473,1.0346230551213758,1.116392384524616,1.0753909336312208,1.0925318281365533,1.0431493795216322,1.0146256167481065,1.104257502263567,1.1604926316909523,1.1001761148601141,1.541934674285932,1.118869522940618,1.1461399619435708,1.2277326127568076,0.9109295920968907,1.0806140065960559,1.0447237718051392,1.0809033195259492,1.3638833456367712,1.0773583384579868,1.2199346920569676,0.9142529632033205,0.5979460091774417,0.9324247478911265,1.4713870827944664,1.1136499270299942,1.0548313255296096,1.473770322610448,1.4305848187266483,1.0261548097302262,1.3824716864142936,1.0750695164024886,1.0516092977081963,1.3834822273389544,1.4061121695241048,1.0245564500662667,1.1763974335694214,1.2819208700134104,1.0661582165377035,1.1764340505201343,1.3151829318578634,1.5255443946821765,0.9419428429067658,1.1679998977375625,1.0963639670930734,1.1121830243138164,1.1019694518841905,1.147909790073585,1.0311965411990585,1.091752983942425,1.1808510353563775,0.9638782874289535,1.2426637607934137,1.3963113261053173,0.9807767322912104,0.9135100492615063,1.4819334455297173,1.0153417015939115,0.9891472904897501,1.1549023247848567,1.4757941424282806,1.1933241932416099,1.2528385771890216,0.9708947737106464,0.913848477616032,1.1739218730345362,1.01696823438422,1.0558161996706317,0.917130659756386,0.9606540764931596,1.5968781124243052,1.0980547279341493,0.9409537262715102,1.2863085221655006,1.0028332681368564,1.4532819370851422,1.0331971690293407,1.262674754797426,1.1195260514273118,1.0953462237374314,1.155637615616084,2.043839484279423,1.2328319218066506,1.1604457104402517,0.9521793109292278,1.2012703517435688,1.334265024775733,0.9223759548201953,1.3718891730745855,1.1182288334053285,1.2864820706595406,1.620386596157919,1.5348386429905783,1.3713293183139657,1.1205313903418752,1.2278981245690868,1.064369640972518,1.0893224968446353,1.2671746385392337,1.348965837815241,0.9823683430696681,1.1790403213644653,1.052682030131483,0.8149271743924887,1.092361174759272,1.009565881507339,0.8191509501079275,1.1547924194254577,1.1920170955882519,0.9457066962433347,1.4345906577173182,1.362472720299357,1.242818383144737,1.2869068507010015,1.0610328242542648,1.200998762415375,0.9603980864272047,1.3939642463568296,0.8422211466029984,1.0624338457187141,1.4780842358616662,1.1615084050789934,0.9632335332504751,1.2005539501381683,0.9136881640563347,1.1188552378514944,1.4344616947016964,1.060566111929491,1.0923839082674918,0.8632024528343758,1.5043878880190127,1.166218866241383,1.5314713629485877,1.1279572936656932,1.0114140465827592,1.008279892295696,1.3011358523090908,1.3072071823038467,1.2546990647142122,1.1504255247192299,1.0720061161058205,1.0822451905516361,1.3520477717482386,1.4104295030371257,1.3023778233353882,1.1114545646154226,0.8949094425650819,1.2451384821659222,1.3494256805428821,1.0975617697021578,1.0701164510680092,1.280175429544799,1.454275596613117,1.0409442745744555,1.2706313307987864,1.1610334496209727,1.4147128961645985,1.243884746436009,1.0508637196025408,0.9830411119610389,1.154147213735657,1.2738082058785212,1.4539749046707264,1.232975156208024,1.0085366844932695,1.17450420376087,1.3725997978533555,1.171036352409317,1.330929760584477,1.0729470857355676,1.3920401309555448,1.167844870552937,0.9089917121497162,0.928789231841475,0.9029654048318119,1.4789161891916338,1.286955316567991,0.9710835722607852,1.1812048510152333,1.0045123583317324,1.2209753648301394,0.9038413130765494,0.8496744960084164,1.3292471145614302,0.9986990666069814,1.010319206565977,1.2083280234697065,1.0994805597522446,1.0924657498997177,1.2995227197302028,1.0970690497043225,1.6406008193119523,1.0730513573521585,1.7671501529824387,1.1080506851182046,1.0128920849757819,1.1289225642963907,1.2138640808957424,1.1064987466806366,1.1848147396189606,0.82919433041436,1.4561426302093774,1.1431763464298332,0.9953884627360525,1.312912174203765,1.0969121025709412,0.8868820425921272,1.0382402544245806,0.9362783269000781,1.0475020963752066,1.1751295483018027,1.0939903164703322,1.591251261603002,0.9669321560310479,1.3367760829630913,1.5994847045217042,1.3831384489640302,0.8917886717213295,1.2526421604071079,0.9786843377472187,1.2857954006717143,1.4076968715915492,1.048352957181022,1.0264111362837198,1.2149216002082035,0.9292987961408552,1.3521951484625716,1.161473738754405,0.9645040538407179,0.9280724998653952,1.6162157495511273,1.7905580570242756,1.0779783969114556,0.9373425890662914,1.422845317416631,1.3320319992236964,1.155428924735291,1.1303909803137908,1.176595186858997,1.1091707403208657,1.2747433029305062,1.3757702250033468,1.110838080040427,1.3092003485427721,1.4220812317920695,1.1824524829703291,0.9801518122813645,1.142886252061642,1.2439348125778105,1.245886624415452,1.0428019049978023,1.2326052103246061,1.2697571150379894,1.2003758166864236,1.6865131330925742,1.1216599009821784,1.3232088826171093,1.0521595098231462,1.0600707225896504,1.119247464601806,1.0485371859532513,1.0890810890979616,0.8098539969050955,0.9515111826097409,1.1824106011501216,1.8480420369068287,1.1241911405351608,1.4514939984144477,1.2178874627092076,1.3211510087700498,1.0416460918974333,1.0668440796531633,1.1785502997937602,1.0829688876970165,1.107076800303764,1.2909885218261374,1.137854050561232,1.068085372704759,0.87602680854027,1.6414225602642503,1.1043353387687092,1.0488630538786858,1.0248948803598616,1.1175099501987444,1.186031336877282,1.248613124612585,1.1242364380312266,1.151463335339113,0.9526674335682581,1.1422320480102939,1.501696180588326,1.0752081677492815,1.1824595721260183,1.0493875578280292,1.029551591121711,1.1812453481211702,1.2596992146181927,0.9393898442115325,1.0833508197517048,1.5677563408524011,1.2153218988650463,1.0916305517705907,0.9915791128621226,0.9664557216181717,1.1917687720655317,1.2396749351462202,0.9659043259326673,1.0422610522171691,0.9670603656129992,1.3370125504969514,1.3540655368371002,0.9444330742059103,1.260111338480753,1.147661640425982,0.940154897903234,1.267505018375586,0.9445160631067708,1.371536538056683,1.2917738870650566,1.2976448468514616,1.3208379988700791,1.4294666032377163,1.49182902450489,1.127846649771815,1.2513700698461567,1.0966633611439653,1.5867720485594088,1.2312959804068409,1.0255740585613182,1.1493439511619252,1.0860733135042735,1.6883639184583505,1.2041882576710081,0.9239551141056002,1.04264577798694,1.4445365497513794,1.4086220755472847,1.5819506570102317,1.1059834670887532,0.9828286889057226
82,0.8729295517809599,1.1092001748449605,0.9256107916705638,1.0376253425293165,1.0923230091008111,1.1454858422384884,1.2077192136019317,1.3780393765016634,0.9575113740363425,1.1457303990496737,1.1597573248451318,1.2599725504024977,0.9724898128275186,1.1077178863383212,1.3230608116062523,1.318193123270314,1.0130629440165089,0.8436227174510714,1.037795641549932,1.1147059964988646,1.11508328124032,1.427500634043001,1.2048683600403618,1.228863759603258,1.2185428606176565,1.0805319758649876,1.2962353369299005,1.5610223015647535,1.0766247902317394,1.2935013288955677,0.9531065673758302,1.0058172934074219,1.8136358094741527,1.3601406457332943,1.087341429456556,1.0263129284693937,0.9753252976941027,1.3315963395877286,1.057845905601294,1.2739779044537198,0.8649227745738416,1.0004163772603178,1.0598406562788374,1.2633187824615486,1.047041690235136,1.3129550738431255,1.5261371273280566,1.0544420896165947,1.1968299058540324,1.1553727705948549,0.965477773280601,1.4046141700134527,1.196213505945182,1.3379992367175029,1.1254361952348022,2.091779148852714,1.0342463143645064,1.5280865469786655,0.8742479030885744,1.0552442660660404,1.1448974205992433,1.4457371454065646,0.9438128378223227,1.5029096297708369,1.0770155949567943,1.3300365632625353,1.01803253201957,1.2306271988881547,1.046896256182289,1.1469518144890558,1.578646166407519,1.2593275227000311,1.0979138207459556,0.9589841204901259,1.2031014587598028,1.032876440923576,0.8144547249674208,1.0736548297935857,1.0400165779210688,1.0118640253260582,1.0891409959612188,1.2953907552700445,1.0805758688012532,1.504228419386463,1.2899358741831346,1.203545550743891,0.9279799096938617,1.2321905899245966,1.2503724072926672,1.2483849160986111,1.3787278652266322,1.3315371002000949,1.3098414706435217,1.2187990182829451,1.1317858925369944,1.0432161343812858,0.9706339109058866,1.053626324879117,1.2344764582876082,1.052406933802263,1.2844199981191435,1.1938452669812043,1.172392531463912,1.0699474466382255,1.0932918068013653,0.8944860272668242,1.3734153851144622,1.2968542379109136,1.317614711766955,1.0609772049013688,1.1867406745590658,1.0170795100366576,1.3272201764074671,1.2913683214368867,1.1006611821359877,0.90009376337455,1.1153044336418818,1.0170641175943236,0.8963822878956499,1.2371544949423474,1.4139333530685072,1.0515507642653805,0.8021518605076482,1.8739560757234692,1.2063902613153619,0.8270293908913579,1.0137739581258103,0.0,1.3684855895428547,1.379977419438497,0.9667840529351834,1.1350369991765552,1.1475689302811525,1.0643664313525636,1.1117467745008547,1.2058088271758995,1.0785028303825825,0.9510318330445432,1.209386769339073,1.1940523669440273,1.4214781244012333,1.175029132262371,1.1658572674897176,1.0437202451836998,1.2290754779427457,1.2202107538420133,1.0924379652944802,1.1947345591768401,0.9973302426212802,1.0061799888990721,1.2613492584835662,1.0830580093440871,1.3675707907746846,0.9183146220840954,0.9626749364627813,1.2636545965783341,1.1662124675084113,0.8560746552082592,1.21767582059184,1.2839354073963345,1.102740130318689,1.7146371174314743,0.8557396115471304,1.4034360522103646,1.429468805121705,1.2658929306751048,1.0505396348528748,1.2007843538997216,1.1405146605521548,0.8161529860879788,0.8926172066311833,0.8752436443853335,0.9257136506685752,1.4296179425468054,1.137408269282873,1.134593180012098,1.3461402897191337,1.0501025656807081,0.9078008808371585,2.1825735907156587,1.1880076809643525,1.1250286432358547,0.8906876484012805,1.2247966269206016,0.94784999050297,1.5552518554684351,1.140734664120842,1.1855547404342868,0.9229244193918948,1.1830931153358888,1.106933443382307,1.684903770582007,0.0,1.2006312320401875,1.0632427718203075,1.4624308798479262,1.261271223217027,1.1145707972483803,0.9980072850254839,0.8941199546239573,1.1035976936377132,1.9199342816623535,1.0382574615577163,1.5717695771631348,1.1219633830936586,1.5637754159769657,1.1335455142686075,1.425647979179414,1.2859933391497322,1.2781588580886616,0.9748748868968709,1.0701740218693905,1.2624577197856177,1.0436545312833467,0.9939854924641426,1.1552201276708998,1.0809130992326677,1.390159035959073,1.0266596469334517,1.172111521492477,1.1139619786834405,0.9864677726981521,1.111147326972338,1.1107096338668827,0.0,0.9253352957668047,1.2685984274294406,1.1749211988572152,1.5287466717702753,1.0008465887184645,1.1286650846425605,1.0875950175053073,1.0380103902698319,0.9280937957405055,2.3443944655562943,1.1780826995397504,1.1115077757098626,0.9923401767891824,1.3718957627726742,0.9479389085212833,1.1401136676249093,1.7133715494088122,1.1262415012907632,1.143011325579379,1.1350991762492995,1.1893220441865453,1.1384554186562845,0.9764826842318736,1.5786646487858857,0.742449592982137,1.111184993115197,1.5161963121258988,1.2530244332149323,1.1826371782974623,1.0542305744995488,1.1883559857200976,1.1113635016723595,1.1575626717632086,1.0116069751804653,1.1303382842906857,0.7488954904471967,0.8299628812762312,0.9908869306339388,0.9733861568193141,1.5193245450480326,1.2283980329130817,1.090441447739479,1.3197202763970493,1.0747202212135285,1.1580469175259869,0.9969428056969475,1.2635533218244415,0.9560216183767303,1.2335295169959042,0.879772755938814,0.9673217903409235,0.9328961615170998,1.0008517777669264,1.233182974430676,1.697937791139634,0.9845016957096124,1.2116371058271063,1.37309942627974,1.098608075873123,1.1168261116396656,1.02747239824359,0.9460795988667452,1.4555440295938635,1.1341105093232065,1.0274854650894867,1.2692985849270018,0.9572057427310117,1.36351177905441,2.3115702041193362,1.094419898460451,1.024870553545345,0.9603326035949075,1.32190059333659,1.128650079192878,1.4862265540168402,1.3791892151407534,1.3984685542099866,1.137917808367747,1.437080027468834,1.1455231591596349,1.1045798557556235,1.4072121594394433,1.2121118052611202,1.1479559574258609,1.187435230037603,1.3011270921820361,1.1202457490820108,1.165695729473274,1.4228133407801016,1.0877609091151674,1.2954317369796935,1.1150818042146486,1.078172025609209,1.2108007130299265,1.1473411345658244,1.166857375430307,1.2680756935887496,0.9160715107558871,1.4096008240900104,1.0234505690200706,1.7243131273945753,0.9539570593367783,1.3249049269381072,1.115438124966961,1.1686151516373933,1.1380218334443302,1.1919045622910283,0.8486436809238633,0.930006332028766,0.9462383669561407,1.1108764074679205,1.177306430620798,1.1374336616955367,1.1879180927327078,1.3630080253574746,1.302585482667161,1.154203247999215,1.321215188226023,1.3382113247902097,1.42852999092678,1.158580852419203,1.1967904252114157,1.2654059698116737,1.1378094440766042,1.2076691846942578,0.9842998880055169,0.9858396828875344,0.8548253920084639,1.3528526318310155,1.1902529946707059,0.8468572447788043,1.1915687697548416,1.4361050827809112,0.900172452175683,1.5601258244567404,1.0883325177192256,1.038713203873213,1.011002765369196,1.1788307505875038,1.1824893323929653,1.318451977473733,1.4809167039480684,0.9531672622670121,1.1528165541658848,1.148381545374054,0.8261556074783925,0.9445139148740076,1.0901629183434374,1.1822854840712287,1.0343953736757514,1.0265471382258178,1.2896037020268376,1.1802753896363,1.149909692858307,1.0907348149442364,1.7483875343839903,1.1861310672417495,1.2022910367599602,1.2381812970601018,1.5823697357128603,1.3421736158256574,1.2458280124309833,1.7770296253878577,1.5438179626176185,1.3672117026242772,1.238304323204566,1.0421628975536348,1.4678844389365373,1.1011170699839081,1.003956820764584,0.8315858997630616,1.0686883028967968,0.9379690078219548,1.126870522388998,1.1513552242917189,1.2581720823164901,1.1085827420336596,1.0999985394484564,1.4178286227076842,1.0522996901446575,1.2173311286725186,1.1411802017560333,1.31787348325168,1.5839328920088778,1.6053193626977116,1.1861629844676198,1.0993579954932802,1.002879243002932,1.038310856047954,1.8768758923518187,1.0377514862282287,1.844058061177619,1.0303997235561915,1.0002803655802694,0.9270110712202838,0.9225186625094609,0.8944885722074203,1.4040167434641349,1.5478137370608755,1.1536747845316024,1.466435456219818,1.0258784569828088,1.4240045126915026,0.7762573806293696,1.2352771252631771,0.9997030547130498,0.8300046975689986,1.1210128907161119,1.0673282713147536,1.030753386158457,1.100184496768283,1.1598937803750429,1.109012236932987,0.8070523625374837,1.0645286542905767,1.0965587158448988,1.1921722342720473,1.10815686089791,0.9720781447341773,0.9836007816037038,0.9112218324484554,2.4401288331066793,1.20006919183079,0.9812134709953337,1.1520343538317543,0.9921790017447931,1.1541418295957202,0.9472190504405508,1.156488760806682,1.0112266504273855,0.9378938069929004,0.9459665049071808,1.2041434107896616,1.0477433011715365,1.1295197350160608,0.9596040667402954,1.1996758954599458,1.2585652329499244,1.0045688086473439,0.944772481773615,1.2061873709234079,0.7373554308439846,1.3876849462697631,1.0384474967815795,1.453047021217094,1.1202362679901303,0.9752619876307127,0.9648284947384878,1.1053801735392992,0.8563494944671086,1.0544075400596817,1.0608761538816185,1.02471565497112,1.411581667656208,1.3553604458537913,1.157230055163033,1.154139087688586,1.1860338488475222,1.120094984132322,1.1063966684623316,1.5742091890458836,0.9940953978639462,0.974938216565409,0.871291489531812,1.1440281195113604,1.674608044772537,1.3262411716438813,0.9367939860990746,1.2080958562484596,1.324974328871879,1.299311989208386,1.0405306095118168,1.4802041955360175,1.2119581643925506,1.220734316272547,1.1597705121956658,1.3468352755681678,1.0098712568356882,1.3826567095878728,0.9385897100751586,1.6415542813618254,1.1469970142618255,1.5975178665800225,1.0480264649860465,1.6121830705591929,0.7955708674818627,1.205766353964353,1.1484243865720327,1.1999172534033922,1.1494228107264561,0.9785957658570489,0.992084431202935,0.9825868687697092,1.0933835425711762,1.4867404255029113,1.6477536068019407,1.7927284774602905,1.194569359419661,1.6723945937106255,1.0595294163950997,1.4613574408520984,1.4181102505246352,1.2061460919141842,1.149210357107221,1.4221089134300617,0.857822196252561,0.9919521399668858,1.1609199043505578,1.1561705728373108,1.2672905807764903,1.2336706996831965,0.9918206013941222,1.1417904242361059,1.014408970134348,1.0139698762376659,1.2625194288887864,0.9688723227397934,1.1158587910384523,1.1827087053722827,0.9149893623032176,1.11956157717522,1.2094651525989022,0.9892493081724104,0.9548268088424027,1.1125360608207309,1.0457837729457278,1.4509637780343125,1.0592389998255833,1.1935405537647332,1.0258392773055955,0.8694075116483032,1.1851618481316715,1.2948453344702797,1.3433202415968166,0.9975646665826556,0.9596531817396968,1.0381776734046992,1.0757306653336485,1.0208224456236688,1.275116034134974,1.3188753333732333,1.3598731749052506,1.272384228934666,1.2175164279181674,1.357292162305911,0.9425318895391542,1.0840844046782458,1.0665748064970675,0.929891505952414,0.9974934220364933,1.0354065402207553,0.9979069839249564,1.2056121357056406,1.0614247160520391,1.08377618825704,1.110621398890682,1.2500878305586367,1.4737306952390359,0.9990064518614428,1.0277497976836194,0.9809978145824794,1.4379637521053885,1.2242156415648764,1.072136631109911,0.9145995420012862,1.6814505940488695,1.6408479870845185,1.1395199332168235,0.9635776434547169,1.1251379738531173,1.1699247697138908,1.0373644343258759,1.001517963121723,1.129400741627713,1.405080201541599,0.9914165121811844,1.4159262409278597,1.3946392295480465,1.200918027200223,0.9986913806805044,1.3591432743675238,1.0486330384664466,1.0163903019262677,0.9175617220418555,0.99237080430177,1.5984403942033532,1.4483858513579306,1.3335472525748644,1.1755821235496486,0.8856287742740048,1.1746505175389195,1.2554937657670406,1.587701989349088,1.0772065830558097,1.092469531800604,0.9852355940869612,1.1972089000833925,1.0284310602400941,1.9928194264853616,1.052174039294247,0.9401444056366506,1.1139459004175396,1.1625526791125125,1.0705502326999463,1.0978085404082447,1.2144131516682326,1.217700123433312,1.2421408997188037,1.2132959513612667,0.8946709853171597,0.8995105729955124,1.3902808918548608,1.016290320946978,0.8441091323175243,1.0983495092683384,1.4163725734359809,1.122536482209478,0.9138092426477185,1.0819198361229478,1.2214808157704802,1.3356170864314865,1.4954146219332327,1.008402613102671,1.120466128597677,1.030209651387156,1.2606625214553342,1.0317972831597828,0.8706302812547762,1.2632859610548772,1.2756622559206683,1.2191795118403546,1.3029481062876604,1.2068747236708819,1.535229563132572,0.9069368504782072,1.022862519359425,1.0054881812490142,1.0716678697289144,1.055417365853581,1.1039509798953384,0.9855642461216612,0.9754961417669813,1.0925671170091094,1.1539684272980102,1.0980648444812875,1.5545174554801893,1.112808519348105,1.0689389707077415,1.1575530020576001,0.9357379034223997,1.042893926404699,1.0271061091210347,1.0653607723487755,1.2946043226514994,1.1879601036216136,1.1533493886848942,0.9470469116856578,0.5239988458228394,0.9059482046026317,1.485485667291754,1.1212118534074524,1.0377629531160337,1.329282148701159,1.3248569822912164,1.0688160681597347,1.4226938220827083,0.9554330482909641,1.0096235553483475,1.3128823636929952,1.440097582826734,1.0366350200114087,1.217798415487837,1.3208553209411584,1.081556551205384,1.1896904885598283,1.3575812051371197,1.61756199187302,0.9684007807935189,1.140109486949259,1.07537466345129,1.1246560186165375,1.063109513129962,1.0368033794739708,1.022785337970885,1.066132842489334,1.1583982416798875,0.9381870466385595,1.3138452614789877,1.541407363695812,0.9942368869000653,0.9949436218819101,1.5365026838051294,1.0309776403734754,1.0138330993029214,1.1639571188053155,1.5147796696692908,1.2402918912646923,1.2153324726115173,0.9260093317260671,0.938495238061039,1.2196627244352476,1.0086953019302785,1.0060983049599874,0.9092840716722903,1.0345557397302025,1.6523568387567567,1.0448184079080418,0.977196225866682,1.1915501325349382,0.9533946137859217,1.5135299379985612,0.9983414747194532,1.3416140923797497,1.2126535469722066,1.1218206839660294,1.0881675357134646,2.0158770935037906,1.2354556874506273,1.1396520078950936,0.908850884899532,1.1859587661809026,1.3793950963721129,0.917454970527767,1.3341379073399726,1.1694492974069493,1.3927952647999826,1.9991146403180982,1.3973779822803503,1.519554814117776,1.0962800756300324,1.3010772975802767,0.995533016604462,1.1128496860695092,1.6641731649393456,1.4114939562284234,0.9825064803602138,1.181968385555932,1.1271184090163127,0.9300428679275521,1.084101869306309,0.9571737935755177,0.7881686988963469,1.1740111875916044,1.149786146492308,0.9573018522775005,1.3163618400658599,1.2395534937749049,1.2286140948889988,1.2952314907050038,1.0158361944038001,1.2256303501908465,0.9981804861038461,1.3456323226352522,0.8028838338557645,1.0270286616079654,1.534547711694221,1.1218251246199051,0.9665765103736803,1.2214665355836374,0.9403954579169576,1.124811299472671,1.42186906821302,1.04152839357709,1.1116552136474094,0.9170740697160861,1.4662296602672968,1.1763285094296152,1.4493497017084538,1.1552919518627958,1.0688153927796307,0.9974327955190421,1.3482067414934011,1.3514370678093095,1.331378872829347,1.1302797071315298,1.0633019773968044,1.1409692839581813,1.2119333303419733,1.4809436110135172,1.2613900655143273,1.0797884559031279,0.9121315273191164,1.1950341732186494,1.3341346382247987,1.1221270094877611,1.0162603873018305,1.1943871850365555,1.3970098612824309,1.0375750308832115,1.2000368061318765,1.204311575786538,1.4233360113400173,1.245200734589648,1.0162219123389555,0.942823679818752,1.1497179117959133,1.3391126447625707,1.3910219853555224,1.1652205268482296,1.027901157510751,1.1398499784938925,1.3210024736288848,1.2421524714024519,1.2436581530879194,1.1460266547990918,1.3492634675178963,1.1785191142793692,0.8392313470980282,0.9105570194212147,0.915272228514165,1.3877084503041637,1.2277032870505082,0.9090166133136144,1.1582416067839563,1.017921141645282,1.3407665291659911,0.8950291073101051,0.7980018849922783,1.386808832181226,1.0343393821510447,0.9220151404340878,1.2103077572751588,1.1055771395367395,1.090606516089262,1.210974881421909,1.0524526687336782,1.512632001301065,1.0188315325855881,1.7101676281176776,1.0739648550341507,1.0414081361038199,1.1742078007724641,1.2484053153276806,1.079412575065678,1.1328543906363575,0.8848462452027613,1.2006155738456334,1.1241992910224907,0.9763190606732836,1.301440345388309,1.0690244430959825,0.8596151074286129,1.0210480891559164,0.9696561947492824,1.0649966150861232,1.1564680066733894,1.1345560373759178,1.5635887892873246,0.9837081042532476,1.2995824136531076,1.5411246782028405,1.242200613777356,0.9126384587607619,1.225130400015686,1.0106899403868579,1.2319047714659854,1.4436979026854244,1.0156382602406784,1.0811865899901674,1.17339499067619,0.9504127625323275,1.3223861657155722,1.0527679415714228,0.9234938401301405,0.872610242464769,1.415299501292596,1.8505116085934474,1.0609399288567518,0.8590718716300045,1.5618460756381753,1.2746534068407485,1.1732369265585778,1.0919489605442327,1.1002189943400031,1.083761443904611,1.2437083211173736,1.4842205159152237,1.0754861391586705,1.3435063682034354,1.3908150393825227,1.191196259401905,0.9956311248309933,1.1655267034985601,1.1759232821313257,1.34312228155484,1.0657080195787014,1.1525188185736437,1.2701374833724643,1.2289528027903482,1.680243798070693,1.1295389966875395,1.300385885585286,1.0311479079150807,1.0484423222331878,1.1359431581330393,1.0511137065348746,1.0713996020455252,0.7649268558357056,0.9384452370752031,1.1517153550825032,1.792984137809432,1.0871825542263531,1.4151130141739168,1.1595104748333767,1.378741405158884,1.0322224341616584,1.0385993240000033,1.1704560836438465,1.0595891911533823,1.140840776328289,1.1626584879237793,1.14477340316629,1.0411811869059893,0.9172373452541833,1.636360795340566,1.1453261149576721,0.9658270266858817,1.0987691722306936,1.1513416050083174,1.1334027870229337,1.1975879600263921,1.2004335340550618,1.1607543407704188,0.9740032636567645,1.1322615315814326,1.4771685062082096,1.0744048263448338,1.15736820457543,0.9754528245997881,1.0112878121087088,1.2284070815654733,1.2378583983768774,0.9808341227445119,1.0583842675548136,1.5949095639442064,1.1877549669408392,1.031259930388968,0.9618955140090502,0.9480634778465,1.1904438400576016,1.2772610653235241,0.9834583900610675,1.019739589839354,0.9348469216655109,1.3663392328641577,1.3247523901621607,0.995855388402425,1.3641730481677095,1.0984955569238304,0.8886304917346622,1.2937419378756054,0.9334391001154231,1.2644436326528885,1.307290150960159,1.3350338290916721,1.3820296549684852,1.6574458056289956,1.3437918376173923,1.0792626089189292,1.2238904417729,1.0846372369162727,1.5530444063610347,1.201256860993948,1.0100682928731088,1.2299787255351953,1.0816420908659263,1.6060631386742137,1.2100380032239952,0.9748857641620399,1.019788385961868,1.4359404220449168,1.3237448100919535,1.5294725958135924,1.0969165497853914,0.9973039316936008
83,0.9003897581821825,1.1140462497431247,0.9329422688438394,1.078046679850265,1.0727993002221927,1.1099485742871074,1.2180770380318697,1.3427881665023458,0.8977569646167977,1.1335136924276665,1.1329042315022304,1.3088280070216551,1.0317251838887647,1.0836576224971055,1.2400546980219649,1.3349346534386044,1.0395019944670933,0.8401900746145369,0.9889045799155124,1.0896406256925386,1.1293787207882797,1.4415250037643665,1.288619448589591,1.2408350592079922,1.1862886223937048,1.0759639588103815,1.3009613665385125,1.5667284768142276,1.1092415917140708,1.3900501004661248,0.9444912615925702,1.0866076863671736,1.7616449732875044,1.2573778411624223,1.0943461178228584,1.0526207078887548,1.0413810499220453,1.2914619978573052,1.0663917246798462,1.2508545715296233,0.8584503894756226,1.0771517947297098,1.0545047159566137,1.4377569173376168,1.0317144740327047,1.250296425545841,1.6242581188599354,1.0550025476047296,1.1891348669468789,1.1283495262508527,0.9465373074535849,1.263147392797766,1.174153364021075,1.28742736647657,1.0879016569560673,1.8429976407987247,0.9962791693542985,1.5659785297068622,0.8465791092033131,1.0572602835811105,1.2086916257675648,1.486685587552493,0.9827615344902938,1.4659917108670095,1.0245700446824415,1.411006983636708,1.0879381636272274,1.1491664232821448,0.9558575916757681,1.1415370491173626,1.621362299820749,1.219435272526972,1.0925219421307168,0.9349643735358004,1.2180226546123207,1.1054837387762664,0.7960873626818636,1.0529450116103916,1.0141242413762683,0.9264224445576471,1.0059216842257233,1.2293109804787572,1.131775554615246,1.4407603890140253,1.2469637455890439,1.209526856005282,0.9616506335016608,1.2690529867492817,1.115666010299862,1.2227596320583225,1.306234990460892,1.3210670953910593,1.3568732211336085,1.2004453378952828,1.0796241709596384,1.0230572523812898,0.9722309344644774,1.0787708087208439,1.1169942868634044,1.139263651517553,1.3782088084503612,1.2623836737071341,1.1283495807647497,1.1441341116467225,1.0835323558321273,0.8777446302309758,1.3497881366082058,1.2371824705669594,1.3363054158309358,1.1091465585655755,1.0618003533354192,1.0200327056907552,1.2896788835545996,1.337604735156445,1.175824213181934,0.9163863510088643,1.1298950842564042,1.0999945472517354,0.9540585280847327,1.2690439179518356,1.4515524427495676,1.121552234684601,0.8174649199523143,1.5178189716035708,1.2233159833576086,0.813307717902114,1.0743320673320818,0.11732142009345524,1.3193096228440768,1.3127725158348715,0.9340568352925793,1.1991676120586487,1.149043191950884,1.0205208973956452,1.08680331406085,1.1607223144343548,1.1150561149079738,0.9238247375372081,1.1621064818267823,1.1470070108382324,1.3148466551835585,1.1315003089869913,1.1946016762288298,0.9764028881889658,1.2202874418358443,1.1968340702933968,1.275021540018763,1.1963229924690049,1.1031023676651133,0.9781803793905661,1.1675204106020907,1.055308367332518,1.314308233816,1.0435368345934035,0.9671440631829525,1.206985755979576,1.2389365368615142,0.8750654255157757,1.155412074771191,1.2942987024989103,1.066630234646887,1.5906143448949512,0.8054352160941531,1.4159597051882868,1.3452666294902444,1.2313246479101037,1.0685855834606173,1.1242362457875534,1.123076341029593,0.8125267642796623,0.8824588541349134,0.8723836103080376,0.9173161392867739,1.5405668836829312,1.1863132990425105,1.1136278569494416,1.2679654452992435,1.022811829869385,0.874930416660896,2.290144633823659,1.201629665112529,1.0919026914866126,0.8842309217740066,1.078448423924013,0.9231675376296871,1.6082520418107558,1.1535417460980504,1.1347356277911704,0.9416189620265698,1.093726657945774,0.9917065792062671,1.6451702572716518,0.0,1.2239804748676204,1.1077714194703763,1.3336479695986132,1.1524145078542916,1.1332803064982975,0.9905888744012823,0.8971764521333434,1.1174162026905154,2.054951315695715,1.018062740515398,1.525287718462633,1.226292472389205,1.6656024710031776,1.156780231701204,1.4438402454677628,1.2284949821674185,1.4329902714177187,0.9249684849450522,1.1185002108431283,1.3066821585890533,1.0116553906743095,1.0059658220506913,1.2251959098726515,1.1331594326330237,1.4541805577819977,0.9725349098569473,1.1157168619357996,1.0800375415632,0.9932096129903912,1.1291559252035879,1.1488239961397508,0.0,0.9064911281992156,1.2710088070083652,1.1814772472382145,1.4592443132981652,1.037343349172476,1.1506123337283318,1.0676744281368684,1.1460620955967102,0.987380194139615,2.507781527130652,1.1841712627336118,1.1303131301234497,1.0202574268656115,1.494757980139573,0.9446437767203293,1.1537497510831105,1.8031932707735938,1.0002185423917747,1.0871567885357611,1.0965324127299214,1.103968940520702,1.0998658511291977,0.9770864073000973,1.448952715637799,0.7024871397968225,1.1292384728817484,1.6068590602440127,1.2282022454227357,1.0368295014227373,1.064654127675496,1.098612505922243,1.2302509067069594,1.1671298298831572,0.9423670901189183,1.1145279799757783,0.7558945058730331,0.8092603727655705,0.9126177341713275,0.9542141794552508,1.4362979871082204,1.2318255455972773,1.121965084284972,1.3087854908125354,0.9961734371259094,1.1249084862692011,0.9513674495901632,1.2132477305767413,0.9518660473595969,1.245138684799874,0.875287837837815,0.9920963889296113,0.8966004205305785,0.9823188602292167,1.1617873029357086,1.6035696576265934,1.0153594986391736,1.2632850437912209,1.5197750513020065,1.178321517178585,1.13539122398115,1.047872628475763,0.9515050479654337,1.1500909477012113,1.1652943477369033,1.0749772677944145,1.2972690366152029,1.0230884876007587,1.314802066945327,2.12965932070922,1.0863324727512316,0.994578662553353,0.9150411774587534,1.1864307450640539,1.1870891155922894,1.6360404279576832,1.4418295388064057,1.365176595099563,1.147180809479114,1.4328724978056377,1.2327359091388994,1.0405619475940682,1.467843282626784,1.2411849762521427,1.112339689821505,1.2128077512651891,1.3420884361365015,1.0781325216587625,1.214692550365161,1.371100061379494,1.0690470295957202,1.1823249164852074,1.0727320324291387,1.0359431625710018,1.207358885094725,1.1250152020427393,1.2390310553073907,1.1845574879242147,0.9955456122557507,1.383827833757732,0.9181400568123614,1.6812035478610428,0.9803408673555616,1.3455300363135023,1.155246866187059,1.2189276429088958,1.2145839370866303,1.1369173422879617,0.8911238087170923,0.9513257582028674,0.9260348947292232,1.1114088895083936,1.1048961420559191,1.1061839246406098,1.1756633815144575,1.4329040151312789,1.2851824570788417,1.1668069654662097,1.2940175990135951,1.2954194687934135,1.439860315963497,1.1233166583539806,1.1487416440049087,1.259976417185921,1.1913630137666158,1.1671905768748019,1.0185947863345899,1.008869170793075,0.8628373297108722,1.377386174167179,1.1866734306939501,0.8020825475171918,1.195424971873191,1.3900994172968335,0.9771579441225265,1.5241411517651584,0.9875841190240753,1.0331641261479345,0.9644907456208085,1.2237823076919043,1.1098591478875015,1.377423887237621,1.3154478713690572,0.915740622836531,1.1744266412605802,1.1229662949277686,0.8261497658632838,0.9666767889895633,1.1208770627847253,1.2276867408698002,1.0812195080661182,1.0186233024830156,1.2070662744043512,1.13166066836199,1.184482814806771,1.068997602193022,1.9488331247497586,1.1074204092657562,1.1524718974687889,1.2351501534695863,1.4452408369968,1.314722573991253,1.250962687281409,1.8526513697579985,1.4732335986315785,1.3822941050728397,1.181584944225884,1.017412188068256,1.3186512214134505,1.0601994053216588,1.0550647701742875,0.8961744981923353,1.164643182236975,1.0086790538537662,1.1779818337324564,1.1535583464138062,1.2125603349270395,1.1189690947328956,1.1697199792922792,1.4595501120438517,0.9972719741862011,1.2165379127442,1.1389171528789634,1.1489320543766501,1.5452011740860796,1.6679145565241145,1.1468081309753726,1.161588693480296,0.9432366883333011,1.0923303018789539,1.8774466119474553,1.0016125098036,1.6276534474934277,0.9713185410140899,1.0346875459385312,0.9532269504086116,0.8706538069812555,0.8240017675051265,1.4360471940626045,1.4937929541424064,1.080188315622427,1.4769804425272723,1.0306341409390845,1.4566893433477817,0.8107628525022348,1.2145184066918417,0.952435363441831,0.9005721060856227,1.0960297387990054,1.048187588559259,1.0259719777135043,1.0700608301309815,1.3111217487918465,1.0601323385661126,0.7995763600072353,1.0147923713085698,1.0038345515471316,1.1901641112670345,1.1420960538761165,0.9078507766536148,0.9738707941005681,0.9300088144591616,2.060760420727121,1.139246311401175,0.966302064026092,1.108996630899326,0.9854856016778433,1.1573493353904718,0.909290100024388,1.1865612656150344,0.9723219322993601,0.8685400297353063,0.9523188176591334,1.138543911389743,1.0228508570679151,1.2870149495929653,0.9310048843387753,1.2018289106925042,1.23778810987013,0.9644024942700351,1.044507499714188,1.185358589918623,0.7104652266842133,1.3554384772100778,1.0190402816286173,1.4841981661105987,1.1165669002721257,0.9838135494905305,0.9473980597089142,1.181241908891852,0.8527782588485437,1.0414013935319755,1.0512725260573923,1.0193480398164034,1.4857111585328653,1.381527998080962,1.2043640612854003,1.1222744936101998,1.2071482891805219,1.09877544109845,1.1179092497218002,1.4612491429695247,1.1179526604671528,0.9651065896096296,0.9182547615144725,1.158151062321747,1.6322263302865376,1.27859192851899,0.931715997011144,1.2597347939754473,1.2069843268666354,1.2189860912759212,1.011224319472884,1.5754714583833624,1.234405239498555,1.1533845786110413,1.149090191262146,1.3233467762404518,1.0009794429612402,1.35477410975815,0.9453218474181776,1.5813479236970576,1.0914555190218014,1.6316264809334433,1.17395523997665,1.3946857507644501,0.7636456532308981,1.186228163416871,1.196169280237116,1.2706801459231476,1.1446547983245512,0.9333883320228897,1.0314479116994835,0.9553568880221469,1.0168625293326776,1.3399615626906969,1.69773995458766,1.6977436757796458,1.1181221700827249,1.6202968039241863,1.0772159464944262,1.5104868371991407,1.4175008198335717,1.1396576742478923,1.1403049627365123,1.4453933737664877,0.8718781420508059,0.9481299473310868,1.1290734691340878,1.2401261006715263,1.2943149354701893,1.3004142693840295,1.0207731904569453,1.116858129852941,0.9851028983085485,1.0006650648080608,1.259808123787761,0.993292719064002,1.1195258509108612,1.1679307649714357,0.924633895704283,1.12147642795748,1.2168742803618038,0.9441024891020854,0.9076424434592706,1.1379184811392826,1.1172621524689155,1.4000331666603019,1.096326300464975,1.1538770432154397,1.0084625350455338,0.8690164758494761,1.1641257906080358,1.168255528059683,1.2628212384769946,0.9883480080995213,0.8752920908626196,0.9683881683452995,1.0310924974284765,0.9974247315100158,1.2645300968043092,1.3849912075662718,1.3581671500906425,1.2801564817664959,1.185270665070095,1.3639999433477228,0.9552535464248163,1.0868133334129937,1.0407413477036291,0.95570885007351,1.0683479527255049,1.0196377075334841,0.9915523549887777,1.1825446065380847,1.0337102558360955,1.0388094958779128,1.1029992426095778,1.1906523137573561,1.3594472107963742,0.9988724889883928,1.0501787886873655,0.9692471408182589,1.339632697065676,1.1403176732896076,1.0518900760800947,0.909171556520636,1.578618675556238,1.5328258739073832,1.1241500611962092,0.9533498036871678,1.0458962000940786,1.2311209844848423,1.1059059250274144,0.9843175172546256,1.2617342383279917,1.4365523442532235,0.9878014347068703,1.395677976076021,1.3055956641839073,1.1396458968131475,1.012034085228704,1.2986319455988184,1.075862454242269,0.9510095696928651,0.8470404590398696,1.0155854000102704,1.5779245922393619,1.7329082841049965,1.2213820315440493,1.1339395168366568,0.9915765028035374,1.3280030561966631,1.18248129438233,1.5126222612141484,1.1318607132588288,1.0639048191373033,0.9648104270448501,1.1790162121204169,1.0947329455432118,1.6041332922288056,1.0088508966836611,0.9597864463571233,1.1532031213069776,1.1963333545064052,0.9934453388228914,1.0506436792227827,1.1479346335644924,1.249025320474538,1.177671637557185,1.1740741319009182,0.8866553946534306,0.881440075589854,1.4910600696927716,1.0668814601736016,0.9288640983659704,1.1183139916109506,1.488561055548636,1.1079581813800536,0.9389817728946321,1.0176671927388787,1.2037819800127745,1.2080010712744733,1.6354752204186391,0.9998157409019417,1.0506778047796022,1.0846383613901176,1.1366102002853335,0.9676810821992012,0.8909701047116994,1.137911699958416,1.2190776556639609,1.1963795309427128,1.2328730759462219,1.187001207384298,1.3956988562477328,0.9373727100628719,1.0540963198936868,0.9376297138101772,1.0161238800162058,1.0751141507454343,1.166535533653074,0.9271574238237386,0.9683078117973642,1.1022321389717762,1.1324157759922306,1.148716792672795,1.5972909691333852,1.0709088439924024,1.017559996012171,1.1393793436619086,1.0576377995001174,0.981964610348421,1.0217853812172792,1.048506389219109,1.3324472611064808,1.2363958771084098,1.0911475389546852,0.9396293582851816,0.6079368910986711,0.899134311517195,1.4558349415358736,1.1523451238885325,1.0424762577340396,1.249103821576076,1.242598055191562,1.072136753893759,1.4689543446237074,0.8895111871755911,0.9955025591679378,1.257607378008847,1.4412403314814628,1.0421018346353499,1.1949553458108613,1.351916491095605,1.0877599991544855,1.2086577640602894,1.539001860385814,1.6339598931395383,1.032902875492283,1.1445801056471767,1.036369692803427,1.1494657413638838,0.9694261381421189,0.9696649599373813,0.9766079344210694,1.0134233312569303,1.1210209161895115,0.9363139521481115,1.2870343581078607,1.595579196405264,1.0522478072172874,1.049292500822954,1.6072501250637066,1.1004736869936909,1.0771662570678957,1.1073268971377708,1.449320225779028,1.2184676782300943,1.1979335026103104,0.8924130347997624,0.9842111303314625,1.2026666306720968,1.0388997704031446,0.9669183265933481,0.9315281823455359,1.081602144530121,1.6996180880243097,0.9931249394986743,1.03182920194164,1.0884041296700948,0.9124551224420291,1.5589910796695425,0.9430917875075133,1.4243908903810802,1.2268778255974802,1.0925997278332766,1.0546441036978833,1.859659885972483,1.153774930748855,1.1420538101520428,0.8995275827129174,1.1677200254231275,1.4162798821873337,0.9187382682589084,1.3149720203345328,1.2177098913331375,1.4888897321648393,2.1807172029151896,1.4140694584209745,1.5904139728921325,1.0781574896727626,1.325839601238092,0.9992525418656116,1.1972736026686008,2.000951179141497,1.3756236700310318,0.9846209865246598,1.2548596816058746,1.263611890768661,0.9384060473230843,1.0637404586178785,0.977481803794463,0.7779922176063155,1.1535144579674559,1.1132600945488533,0.9987635773506379,1.2305379345205634,1.2409363796641748,1.20232193716989,1.273462145011835,0.9783379011172435,1.2293604303070063,1.0403671366635454,1.2666410226650466,0.8666161098481383,1.0148572674487766,1.509842633739646,1.1412911898857172,0.9923969283912266,1.255946386566095,0.9502460676218211,1.1733313670516774,1.405637291385017,1.02664909024088,1.0981770304927352,0.9998511599062021,1.4149834181632759,1.181921445781234,1.5268777821457635,1.2034623215550695,1.1046528377586404,0.9872932875212274,1.3438824266491247,1.324412331730721,1.3541385127349925,1.1505187827097454,1.0654793927148447,1.2248383203789952,1.1341282486489663,1.460474857962009,1.2728207347935778,1.0450470802721001,0.9438383019996924,1.1521744339174338,1.310604182852517,1.0914507667948288,1.0122855840619218,1.067357258420512,1.3933369783366234,1.0681223440500016,1.1501929142899345,1.3010464963472872,1.397056535618194,1.201353893525126,0.9587498565162251,0.9301095792162196,1.1526892765415846,1.4067930810168692,1.3580253511601386,1.1863605484581594,1.007638523119606,1.1207913478607294,1.2076420361438247,1.2216261389739365,1.1713847313150352,1.2018649242692758,1.3754386695986047,1.1778763501469656,0.761446643951828,0.8812916859423953,1.0038887065617526,1.3559096953734744,1.1711426232899504,0.8541697375428163,1.0939297166364061,0.9869179487905634,1.3692829685566048,0.8897896690339187,0.756542157147871,1.4038273644414996,1.02093496261983,0.9227239999717787,1.1730396066128865,1.1150090260987835,1.1621401843694221,1.1392544313094237,0.9623646518742107,1.3692961589121966,0.9978144869757304,1.611243201387852,1.0288707173866325,1.0169029077786327,1.2018778307108593,1.188238015824773,1.0443662818963264,1.1237663510028058,0.9302163179976338,0.9538841499353682,1.0900963767029284,0.9546592007500365,1.2550999766074025,1.0286075321023436,0.8568951602942718,1.053709837601338,1.0038015080127747,1.091919147952135,1.1082901504237928,1.1708064287385136,1.4472126214844692,1.0197993863105221,1.2085094628050979,1.4945485597270207,1.178435936414727,0.9708944805458886,1.2743106928808883,1.0917190843047733,1.175551993223997,1.4667714281664566,1.0268375998705415,1.087757300398456,1.1070573295922899,0.9675267205885885,1.2413976468474184,1.0308911149698292,0.978460727155451,0.8652816239318795,1.3019565028882272,1.6470164989467975,1.1128352237051384,1.1162687016422617,1.6429331963583178,1.168670095808601,1.1973322423494426,1.0702718903324284,1.0695937091448797,1.0551243086486013,1.2263922475167148,1.644995256688353,1.0361317756497879,1.3520013475622181,1.2520953273997641,1.2116574668135607,1.0311890390182725,1.136653600126356,1.1378007446401162,1.4783359203065478,1.1050856978370875,1.1521336951796726,1.2215166105882016,1.2118159330817146,1.7052076609033677,1.1169604640976665,1.3052056481995777,1.2008388511575911,1.0197721460871039,1.1072005394385804,1.1226130996189365,1.0077232220986856,0.744703481612812,0.9064030853368901,1.1109629310527969,1.6156830441307668,1.0708486521629665,1.4371774695530224,1.149544578975822,1.3625531849507428,1.0203223568968984,1.048412922805853,1.1325994421650436,1.023717400397948,1.1422404240993362,1.0982027369047356,1.2002593448568113,1.1240609539475614,0.900789845994237,1.6947852753166763,1.1711034217054055,0.917483676160149,1.1015403933595913,1.1797860484416238,1.0822413128472856,1.1426659792058418,1.219695165447914,1.1485805775732514,1.046246262959865,1.0815006460380956,1.4093458706403905,1.0725600950820722,1.1239881038087391,0.8953967487294932,1.004809351623378,1.2208050069112408,1.120451471744294,0.962021126823664,1.0405438396116582,1.4341234202796933,1.1085329022413246,1.0068824545328505,0.9337889470077685,0.950138660105899,1.2010680664068119,1.2596031600801607,1.0163353568809936,0.999409277415735,0.9838654009620909,1.4368239112409518,1.2640569715575412,1.0200275826738254,1.430406655639564,1.077102570170954,0.9184188269197056,1.2967604527777106,0.9414058490119914,1.2165188185764677,1.3296804363157007,1.3762478876883857,1.344449045953911,1.6615668721694283,1.2416348980866445,1.0017122514242744,1.1257329092631532,1.0825611579572807,1.5428918490114132,1.160355988087173,1.018380809651889,1.2977050329728101,1.049068624068887,1.6336196742606879,1.252517598368469,1.0438496950982874,1.0727113945802713,1.4003032545857965,1.2652013536450515,1.6578808549513444,1.0555809566853638,1.0263385789977806
84,0.9403146679469137,1.166042155537228,0.9366237531384132,1.114435428447468,1.1718018890333048,1.1193966242514795,1.1602353074848026,1.3545185980429195,0.951231147741757,1.1587887431995787,1.1091863344271151,1.3562647362152656,1.0631889436407334,1.0598304411375548,1.1969600803825038,1.3341177597204483,1.0560142015368645,0.8519205924026406,0.9249092948746971,1.0300767031142049,1.1311662713625439,1.5273480236251524,1.3959754372634718,1.1542926542891796,1.1878193622026965,1.1058829687690381,1.3119317850659358,1.5198731069462759,1.2039891873808521,1.3863345519242118,0.9569287292385391,1.1256096354608682,1.650415961570673,1.2975374181358819,1.1471561877499874,1.0612689247856164,1.112287716257251,1.2277513802097284,1.028711444516444,1.210444190644983,0.91165129198042,1.148894472098838,1.039377641322024,1.4918877360104132,0.9578642210137153,1.1786857523519765,1.7741388866872005,1.0439738885445817,1.0849846790151432,1.173272561142468,0.9460808429950183,1.188438287280428,1.0556510988270984,1.27256894463014,1.0599015907446112,1.5819311080159937,1.0069900320181362,1.5216764505749585,0.8022682391426225,1.058634479661286,1.2661126212046634,1.5706574020460848,1.0989501758045224,1.377729888808934,1.0110070381246392,1.5133170234121451,1.1988402813234456,1.1010730972197993,0.9389165117685164,1.1610501184408593,1.494248577059018,1.2127550434637007,1.157442628763524,0.9652528602099192,1.1563478093890105,1.1137344703746417,0.8154604691281093,1.0631492291323377,1.1288955631991098,0.864422183336479,0.9440825608945616,1.1487488275364377,1.2007424158697928,1.3090853005425631,1.1691355738315676,1.2223000617379092,0.9542352370676775,1.5680058156970609,1.1699711965095703,1.1658976365659863,1.1968352907503805,1.2869913220290377,1.334115702452953,1.1355664401277186,1.0182812110145025,0.9369116406549962,0.914177613848324,1.121451711796213,1.060189611576753,1.1806074476604949,1.4123007239321907,1.2919823574953866,1.0433727795393575,1.2210649135560536,1.1276201700027673,0.8933897056472544,1.3297546422151831,1.2637249984171626,1.3004392191373693,1.1291207072176719,1.0203696641000515,1.0506500032975927,1.2558920884250289,1.3313958685709637,1.1398061025805875,0.9350852958019871,1.1511028722759047,1.0793718380806931,1.0532775413858282,1.2757287956836918,1.475464047289152,1.1541619001648962,0.7985194750719329,1.1649507756528672,1.3337959430190818,0.7907314285657059,1.1269732116763396,0.46928568037382096,1.2089750488949085,1.1844197860797645,0.8672108694377959,1.2267135498109853,1.1022233687364649,0.9709622949432205,1.0121404176250708,1.1268197825527748,1.1571619304039948,0.9470838800448335,1.1694903136860573,1.1278837583279246,1.2444192340268905,1.0809410120012561,1.2512746667462888,0.9315192740531542,1.2017633371101002,1.2419569554857044,1.4790166191672238,1.210147055613998,1.1490809352852334,0.9108169168471626,1.116069627394288,1.0117003879022586,1.240627815163168,1.1137183191796622,0.9950745253148133,1.1712009982606733,1.3447445416725896,0.9777649172587461,1.176050466974732,1.2449845590466007,1.0204979709799102,1.5949068556409802,0.8048163042034646,1.4358406728430038,1.2516665656558845,1.2945037259414214,1.108252351882803,1.2029351418357002,1.1439924324989827,0.7755216915026638,0.8684076121416119,0.8993780196529597,0.9041562015524094,1.671138232766734,1.2366070630154868,1.0907131622823274,1.2228868045329646,0.9602949456930662,0.8921074665418885,2.1145674223251993,1.2315112087860345,1.0596526983851873,0.8377396203144907,0.9347004421693583,0.8671966404026337,1.6176627163381463,1.2087663781343956,1.1946270082220722,0.934422406368294,0.9457800586946201,0.9413881026417095,1.5774360219753065,0.0,1.2474639433154109,1.1078085441393497,1.208107877794282,1.0883055029891224,1.2267767347429401,0.9590618805978599,0.8866981323690344,1.151792496233692,2.034311224668407,1.0167640402084226,1.6960888270882077,1.194113711619699,1.7955368362873925,1.1720883766934005,1.406175095339839,1.2242907678584065,1.5197450078259975,0.9260724552672731,1.1566816774724236,1.1815044062130449,0.9929987220764444,1.0114803219063404,1.2808053984751055,1.219865863978765,1.4343943932707774,0.9118892724307567,1.0981908734476171,1.0454174001713352,0.9807810600560445,1.0680368942482463,1.1668671799751948,0.0,0.9708050968425567,1.2402802575821559,1.1400546005073244,1.3365869952361966,1.0391901520213698,1.1563343342153287,1.0341185957305528,1.207584167270284,1.092264530226942,2.3673665392866186,1.2315005080347756,1.1572518028916279,0.975283470679254,1.5761494865159875,0.9563401570331356,1.2299435240988261,1.692428486426413,1.0553652132724731,1.0494986626033556,1.0020895189647665,1.0474144177502507,1.0137213415481785,0.9363850449879356,1.3637299685763848,0.678045130451278,1.1449947065516426,1.6475936898755492,1.2540739615389858,0.8132969429516475,1.1052604761413423,1.0534552572303337,1.3182021934372632,1.148928260298892,0.9085146545030469,1.0862914724443495,0.5739198948306113,0.8242963960165179,0.8739273853597737,0.9678435200578609,1.3660700054254518,1.2013465420310119,1.1559262419712781,1.2634217150450375,0.9954552279946314,1.0607170883133574,0.8980800263651123,1.2108146610004684,0.9685804880191222,1.2736322111851972,0.927960844613502,1.042836287115569,0.9072118781982741,0.938308346541336,1.0982913448446845,1.425310914536082,1.0318446408639033,1.2643245476880525,1.5479098506905788,1.250939710536586,1.0851691248318904,1.1297343171924654,0.9448385007819062,0.9849839255615762,1.1499724458272569,1.0642786927721768,1.3335574077143142,1.0664552969475822,1.295047903505448,2.0458217540738937,1.0870339805382132,0.9628451755390081,0.8780005927653837,1.046199501443075,1.22281268737292,1.6775054490614065,1.3813216123764804,1.357077844142516,1.1112528843492244,1.3383505201317638,1.24353614372259,1.038058418584893,1.4693817437661671,1.225755200499661,1.0642772623774945,1.2618863934320759,1.4060112148282253,1.05359098031209,1.1966707490485322,1.3155316146205318,1.017360084153745,1.1912854794258592,0.9850994524626121,1.001274196158993,1.1481198670366468,1.073159530521643,1.2719294280204618,1.1503495238845343,1.0867607885311779,1.3436863055328647,0.8910723013433295,1.5326728393250857,0.9872802038031316,1.3980047407413365,1.1356089638900413,1.2126961192309285,1.2272144080203753,1.1170854683285119,0.9278555618164545,0.9668581686814121,0.9586446953914353,1.1427734137839212,1.047647553489867,1.10060928109114,1.265702924214218,1.427442300266459,1.374844337772322,1.1339583637581794,1.2167923031884067,1.2433523786136105,1.471835444578419,1.094569439107838,1.0636752244465477,1.2167928186328407,1.3011375202224769,1.1404524757340337,1.0699833209812177,1.0699271276497373,0.8479996634963459,1.299800997399466,1.2151535449541169,0.8151701972934287,1.2298707262948587,1.483191422861985,1.0476313279477525,1.4807711503622425,0.9045746163599755,1.0164339236641535,0.9120067878452709,1.2250338615334877,1.0728005044925681,1.3364318254012877,1.2036978021777296,0.8989081114290312,1.2802420370700172,1.1091548902310349,0.8013240316073618,1.0004927365884844,1.0606386694459407,1.307217735235397,1.1141034917704384,0.9813513227536943,1.0869115585033202,1.0888800505639367,1.2595199826939827,1.0034164407901,1.9064697032495137,1.0453848237793406,1.1304813046384057,1.2236635793114259,1.3937685409238234,1.2747136427032895,1.3584615320443385,1.830467587867067,1.3419910104452473,1.5509410207545444,1.1784003777255851,0.9855455836734403,1.2743010197382953,0.9979974365419589,1.0792201380704873,0.959945284395773,1.2451063249932433,1.0929007557256603,1.2107849676469726,1.139000103037351,1.2406975702306655,1.1225851567296352,1.2251112971563543,1.463011988665133,0.9741096229568623,1.1726482440469561,1.0938680459731294,1.0944728088140954,1.4891015638157055,1.647548215089552,1.1302833984362959,1.1964131326315761,0.9358676156581506,1.0946765187502199,1.7508194238130586,1.0000450139625174,1.4431351225669324,0.911949796043689,1.022706500966175,0.9723930187638314,0.9022570000228611,0.7676815930343717,1.4632456375180796,1.3813196492831392,0.9987657781011461,1.4959447081048736,1.049325597936363,1.4151741782406857,0.8246619604182489,1.1764950784521888,0.9338008178002271,0.9065525868647145,1.0544862873437002,0.9636551982277667,1.01068776417572,1.109753256068548,1.3180421984910224,1.0367407635796386,0.8408532294207913,1.012240494670614,0.9664262047326361,1.1753994556982221,1.1483278290622867,0.8744357705291772,0.9653288775892244,0.9813389677549765,1.7731734402641057,1.0957603438711272,0.9905998938548437,1.06052958381871,1.0442551899051993,1.2144710540925103,0.9002973654412549,1.1815173352495045,0.956699477716153,0.8397106654659381,0.9577271515276263,1.088469374513931,1.0214534035258886,1.4618976411830615,0.9312465984214735,1.217577305966386,1.1890728585630645,0.9944747404936503,1.0228177736456436,1.1182208921435182,0.7122289573973009,1.3424408664030496,1.0695583563968016,1.44089473826181,1.0446612229384962,0.9611233545115876,0.9088918066937598,1.15786904116455,0.8848046686968751,1.0405738562377458,1.0691175233956125,1.0368204676945116,1.5509753758975446,1.4921833588228304,1.2450074122891572,1.0629738018253154,1.1637821756639681,1.1323697733659877,1.0881476671575419,1.4053584823847554,1.1628394561370126,0.9697172090928663,0.9984784269315738,1.1814766856208523,1.5294793804667515,1.236048364106591,0.8927607184086783,1.2499077593764978,1.0698001143959985,1.229328983821672,1.017675244893075,1.5890064085701079,1.1545055383276859,1.107439825052045,1.0879426206430378,1.234740427167159,0.9940111673552512,1.3787080945621217,0.9576216490881935,1.4404641428882563,1.112416070255562,1.4849237015180012,1.2803595293113443,1.2333080291958685,0.8003525094529709,1.2505863741076877,1.2663934018485845,1.2588903064477002,1.0898836745770495,0.9002233741886538,1.094514087268037,0.92353860529037,1.0001000768707615,1.2074558941182383,1.6665502500971214,1.5154025384542134,1.0662467037019665,1.4984287398092526,1.0584663637868408,1.5115038031019772,1.3876087839491045,1.060502793183985,1.0818652754495008,1.4472023307383055,0.9289416873908684,0.8912787029377818,1.1693236756074892,1.2960897753037317,1.247806793687205,1.3820600655079267,1.026405943889492,1.0907130632557527,0.9989964843109966,1.0163960733495654,1.2523831228113758,0.9829382277293991,1.1212324989524514,1.2013109750336968,0.9550621149119123,1.15385775115584,1.2259375932529277,0.9131510803315273,0.9161809669373846,1.1645873182590543,1.1383386149172479,1.422466165521008,1.1417318586630096,1.1456855691389516,0.9660145151051155,0.8664276285518954,1.1159643735063458,1.0534559558687644,1.2568516345187417,1.0183815063791455,0.8245578865581086,0.8575790896544704,0.946901626308734,0.9789281331217352,1.245086545732565,1.4024358168200657,1.306720523018129,1.2284161656191646,1.224031290390241,1.3648149777562573,1.007914582738721,1.0955644064816004,1.0180553700581763,0.9198310081251645,1.084809118421831,1.0616418300253376,1.0110728487267435,1.161531807536158,0.988184087373553,1.0125735170819412,1.137901093180509,1.1650638421888917,1.3142115508243348,0.9885847704872497,1.045149081018581,0.9392309434106348,1.2566847365834255,1.0795753741161158,1.0255761207982688,0.8622147994538887,1.525256791344691,1.5118733602270567,1.0659635783594166,0.9374338342030754,0.945563742548472,1.2560142576580247,1.1215974347518496,0.9647736780350447,1.4412642378402587,1.4447091435990893,1.0118913027953857,1.4039061960102228,1.1784460200035438,1.09314986054709,1.0657295755947436,1.2567603146810626,1.0841153041658977,0.9285336719968968,0.830501265322073,1.0487418616677782,1.501505678515928,1.8100971565715382,1.0904738582325817,1.1770422140314265,1.026929134841469,1.387899158198527,1.1197630686453945,1.2874639042071632,1.1182224631096007,1.059160778503931,0.9569117894509757,1.1425342972697587,1.1030251977157919,1.4278685187325038,1.0682368124968522,1.0215267220210866,1.1829984799808368,1.1647491871991709,0.9961881522127011,0.9736783369322264,1.0978659609850359,1.1907592816039245,1.1483280794765904,1.1212544074022261,0.8870856682009589,0.8644994508203825,1.5669291678324957,1.105766644782478,0.9908193893977773,1.1369038971630898,1.4474909154127085,1.090193230582955,0.985386274746038,0.9158683782341825,1.236439544192299,1.171906002005075,1.5815339356688336,0.9639381725551095,1.0780819591063577,1.1074123996443856,0.988042888292325,0.9272974179611532,0.916770692211439,1.1323858221194412,1.1865041340548368,1.1862037430466663,1.1683180196558094,1.2029933240568835,1.251116977393445,0.9674438026508371,1.0112785731630833,0.8767312376578693,0.9699180089781516,1.061688037126159,1.2205345214086898,0.9525649620930475,0.9705081709906616,1.0883127477602021,1.1192724759557118,1.149315886996109,1.5302379300932598,1.0281703087414114,1.0001596109673252,1.2049056654326866,1.2228142886870386,0.965431100606769,1.0086118878667272,1.0130613947143565,1.4171888956429533,1.2109350437913426,1.0826554837923767,0.9034071529917509,0.7415666136344696,0.8846136943976366,1.3843214473176595,1.1989253485060167,1.0687291751118004,1.297837560302189,1.1827436330196766,1.038592829903342,1.480744578860402,0.9693899893204787,1.055902256213673,1.2023347580376904,1.4430197355097039,1.0359015558948732,1.1208243669009859,1.3243232200398802,1.0628467183495374,1.2151423435767044,1.679527194188633,1.6055661318783288,1.044378082747688,1.1550640605780882,0.9966442798088293,1.1814939968353873,0.8905210010015338,0.9561412264999494,0.9425699775211043,1.007468941360092,1.0657857442632206,0.9729941207964863,1.2160435199408028,1.5260721825885413,1.121608498947786,1.0532822192077005,1.6245400024607177,1.163012917290867,1.0938850539772074,1.013292255128611,1.2970216821565956,1.1968757927437397,1.182233962788509,0.9120774115054042,1.0723626661641763,1.1388891898931452,1.0708356700353194,0.9663343586935901,0.984383360350456,1.1457835341013152,1.6529590228559883,1.02279921416862,1.0692591400094882,1.0942456627107267,0.8987796411905483,1.4968321770023365,0.9500722527450708,1.4790940899955065,1.1733434771873654,1.0709775064687967,1.0322050270106842,1.6669061530561493,1.104730254286721,1.1039164579190393,0.9366188013802241,1.1064656815686948,1.3837329057695515,0.9419230599886114,1.3658813491716906,1.213005028505842,1.47627319145705,1.9747674454861464,1.4352634779617661,1.6247940942829995,1.0801492808437472,1.2897149847037366,1.0743682601584161,1.270482565406825,2.033637340222484,1.2754568361770817,0.9943217202236043,1.3514056506474268,1.3789892533542727,0.8885506819499169,1.0423716832860157,1.0576154063987835,0.8152251374242582,1.1302453177433944,1.1168957787231442,0.9924759370558173,1.2254313214451695,1.51189228798589,1.1722610053223872,1.288288614811833,0.9780296819478813,1.1833329887501938,1.0567169143757846,1.2250492601748038,0.9554181045967065,0.9967116138389391,1.4601777942705223,1.3155323872054212,1.0078747225732925,1.268931673906286,0.9309975019878739,1.2672408122586039,1.3826411142212727,0.9872267280928492,1.1497291292131258,1.0596774006992264,1.4101825571664257,1.1428782883822184,1.6497403067762995,1.1782649507934972,1.0431685981799987,1.0104353283279486,1.3024890687959019,1.2958252395061343,1.3763238201048353,1.1842685315150419,1.0770662318114461,1.2934862953905193,1.1458805865076591,1.3823138277973295,1.349272825423488,1.0509905189830482,1.0036105198669356,1.1247704408033665,1.2651373757898141,1.0439663853876717,1.0335660522651757,0.9895711839458615,1.4142132902267326,1.14329354118542,1.1331823833403483,1.3790925677953068,1.3380697729188502,1.2211590810080064,0.9223394417804376,0.9213613099466318,1.187985777763156,1.309226037108971,1.3970420172401063,1.2986184250956123,0.9867235864368443,1.1363900216590466,1.1609896999917417,1.136219850121899,1.0859957364892758,1.2126319493601958,1.4610030764127109,1.1824271692321242,0.7193391649418772,0.8604399742700025,1.096281435700038,1.4040384950877025,1.0784918154288339,0.8205165363198582,1.029268883507029,0.9584733849006037,1.3152580514403773,0.8878400114267442,0.754466332905692,1.3456601555317182,0.9640248324555056,0.987801096267885,1.0820176608969199,1.1029902859034988,1.199887965073371,1.14142109530144,0.8574014589361962,1.2546468515365576,1.006856157596112,1.4943570113644924,1.0029325026661213,0.9437045505389131,1.1964606674377514,1.1349775556402422,1.0544541157369243,1.214539411208288,0.9257019261256968,0.7340486639237527,1.0869782199708693,1.0012726394127252,1.18598885428284,1.0203774168008812,0.8814529476919406,1.1039134537571949,1.0266179387652057,1.1375393885740344,1.0541474467420948,1.2038394595297415,1.3442194042332405,1.0427138597374204,1.1114538800281761,1.4721538912235994,1.167919358921799,0.979928840049497,1.278145754387189,1.1306895365049525,1.1278844072808039,1.5482720090821467,1.0207547597317221,1.0148663683800059,1.0459534352339057,0.9235272228140206,1.2257552504689468,1.1057323346240766,1.0180855993781668,0.9365397609780495,1.2967683847581173,1.452371573712436,1.1649546158703892,1.3280972910554292,1.6589064185445808,1.0778022150798938,1.175267593154905,1.0422871394458462,1.1136485177980684,1.045618685532577,1.206681841815386,1.7300671446999765,0.9938578855397493,1.3597645486748309,1.077965430492939,1.215219690467596,1.0630154216882675,1.1091364487539268,1.1705982060815914,1.5278722304891603,1.133910988970579,1.2248577033258825,1.1836289381010818,1.1444508477110666,1.6457877475506444,1.0975676646091173,1.3747930555372445,1.3673561066384006,0.9858198339130181,1.0482407163966445,1.166714491196439,0.9735131938337627,0.7555329882367927,0.843802219648299,1.0852478063046058,1.5507397195504882,1.0717547385159238,1.4277373022310247,1.1379642242991652,1.2803302843198847,1.0276488030610005,1.0782156442966206,1.1375881557243854,0.9979347095104945,1.093734180157887,1.1381790673255803,1.2108636858151223,1.2555461115683912,0.872652677413446,1.8372266549029406,1.1358887645153952,0.9546450884803326,1.0251560079337727,1.1594368214616733,1.0457645558033002,1.2158214976437713,1.165926627813771,1.1503576533220399,1.0266790438486926,0.9940239745803139,1.3591930683934388,1.0348255973397875,1.1139402898339426,0.8733916626076653,1.0355140634308513,1.1959191858081057,1.017703539223941,0.9121043516022075,1.019310943219406,1.2024602795003778,1.0554666839729503,1.0273557682125811,0.9299390208043612,0.971708289768521,1.1585172464706268,1.2253088147015254,1.060973840938488,0.9550653872644034,1.0336103506109526,1.4827496636744235,1.221793478251818,1.0414137946230082,1.444432684097381,1.0791679209135387,1.0112242403340317,1.2824347088231356,0.9602835271344482,1.2405176462425906,1.3404683153089787,1.3525663783982882,1.1970709030826288,1.4952451155859006,1.1972248877549512,0.9813480368931897,1.0516157348979835,1.0632172714736274,1.5952214275348298,1.123342039126299,1.0633225382856755,1.276198138393206,1.0298289476781755,1.7009984581316704,1.2427774684282547,1.122012729121967,1.1994379810741833,1.316350625810088,1.2671719264413466,1.825100273039198,1.0272151693962583,1.0574268237006996
85,0.9715070971338655,1.2056020619300156,0.9537281630002438,1.103266173942379,1.2490514132553243,1.1343939237876466,1.1020002963523798,1.3595191790082166,1.063940581969908,1.157210823257868,1.0875876609388468,1.3361809406127085,1.0637251495515252,1.0304615291592665,1.1523114055454258,1.3443148678523926,1.017615591707366,0.8823159431131995,0.9096424975370828,0.9752741108375946,1.1318053337760872,1.5945109349169133,1.427564385620226,1.0885702500954588,1.146942814733985,1.1324833664415377,1.345898070216239,1.4650088826651837,1.3148825051339483,1.2672096548991507,0.9755039854119039,1.1111543017690635,1.534754070304261,1.4408103180567426,1.1741089920927785,1.0000109555695573,1.1085037161202331,1.180619643438152,0.9892165553673962,1.132746239545042,1.0174792712322263,1.2028231024922906,0.9753482392989977,1.42685920943315,0.9072829069472457,1.1472647567973062,1.8138959435420572,1.0209555249917488,0.9832174682187944,1.149997005849246,0.9617701103957231,1.2369948793833057,1.0162765781740135,1.291635968035918,1.019156069039319,1.4617937343003933,1.0857693636730203,1.4671282568845603,0.7679661721642759,1.0428675290582656,1.293942425747213,1.6518683009302497,1.20937735061536,1.351510180999243,1.0647577098216028,1.5631032301076369,1.2401746701397007,1.1290378133754433,1.0080444345844777,1.1992043084240613,1.291149367679098,1.2397920235760214,1.196782678528514,1.0242257118720974,1.0615879903413707,1.0580041925498491,0.862909140430185,1.108495120848681,1.2548485065829202,0.8681302816234446,0.9566778863457214,1.071159718268276,1.2449636341953578,1.207300518421801,1.1172636862171994,1.2321777864927483,0.9607987004178267,1.734165089141918,1.2750343490217246,1.123652675806463,1.1218625954726515,1.2945260034596373,1.2870000442584544,1.0532895157569029,0.9868953683711086,0.9373030796068172,0.8707357647325742,1.2011580443660823,1.0918329393352952,1.1925723540396946,1.284959737732005,1.222860306326142,1.0010902639303325,1.2634421728121579,1.1733561280099931,0.913999328884114,1.3089934729638553,1.3489671374402379,1.2336659815785247,1.145858827616705,1.0507822603919421,1.1117205689637994,1.2148355678767935,1.2976399947376889,1.0547859584294055,0.9409294975294533,1.1327510611626845,1.014292385747173,1.1276946618221229,1.2500749355342045,1.4813509914233558,1.114087501685622,0.7663700285804738,1.1107098459574614,1.4337356137142194,0.8063134216686043,1.1406084746857617,0.7039285205607314,1.1587184518453468,1.13845705115643,0.8559208866078886,1.2355022482302611,1.0510320123641392,1.0142416343122649,1.0030203064683083,1.1122784198418372,1.1698309040161095,0.9975295526090618,1.1491621733822934,1.1427345216070959,1.1998625564710224,1.0947324866686436,1.2629956622373044,0.9067275201510036,1.1763127043839277,1.2640525400751343,1.5495680433240484,1.193509636226756,1.104015859194948,0.856878233796469,1.1518277740539489,1.0192717188571414,1.2470748168119596,1.1531856089744918,1.0223252345426068,1.1406760060806471,1.4576568926213977,1.0655358584912957,1.2765950226772178,1.1903501934920548,0.9976552097087634,1.572548158114261,0.8516221185934862,1.455288570235601,1.2366018469597857,1.3571802830722797,1.1170973620008122,1.360211826879902,1.1068503181261131,0.7670404577103207,0.8739988295148635,0.9185801267694054,0.9068538918966484,1.7275866703198504,1.2342233559481688,1.1142150000308861,1.2615432890511564,0.9231464478304044,0.8856341303123052,1.7825760786517335,1.3004641002157775,1.0505842761734105,0.8098113244680568,0.9119128341254383,0.7976948585214412,1.588574444128416,1.1869960772505523,1.2826116002926489,0.8900377704638613,0.9153345540677273,0.9552304108277322,1.529396678087435,0.0,1.3067233955220987,1.0254680622864685,1.1526143475119244,1.0468770017251656,1.2888951066927785,0.9281413023903093,0.8673102945998715,1.2262124664529601,1.999633742581575,1.038102969626243,1.7934730934923775,1.0760091468871655,1.8007969453131474,1.1601502427369796,1.335865937053839,1.2886379546126838,1.4877524318817268,0.9698958839456041,1.1495628256754296,1.084148788747644,0.9814189206388599,1.027588890860673,1.2721450027793904,1.2925041129786954,1.3702662620864592,0.8891891483081144,1.1259989582403438,1.0317851922225252,0.988106649090482,0.9657172356290452,1.180889330197838,0.0,1.0339489907629544,1.2391429197120643,1.1838137419766415,1.2825092398489346,1.0205104231187496,1.1358280547668287,1.0074098917144478,1.1958790218337174,1.1424444171673547,2.110238127121466,1.295340749559326,1.1792969733450218,0.9473253055887986,1.5601962529906106,0.8937952332991057,1.324488820107363,1.4795957693640034,1.1373927679481546,1.0459796151035177,0.961003700099734,1.0514798430369228,1.0669536024017048,0.8863471856760421,1.3369596000951167,0.7374313477859807,1.1392924434928142,1.5848904794500545,1.3504308997506278,0.6913192928735965,1.1058372830231102,1.0896622514157324,1.3224917063466355,1.0885367435574762,0.9259177812839018,1.0392204129651264,0.41060934864266324,0.8346996003850906,0.8733908008744982,0.9637165846223833,1.3137625859360313,1.1733701979962456,1.1305451201214085,1.271092242746667,1.039766959954485,1.0390317126905504,0.8774188800298921,1.2121892884119712,1.0234761636717877,1.3426489348717954,0.9865419547234036,1.1228558382457607,0.9626758061548164,0.9536377194112198,1.0969173059025452,1.2583416425262366,1.0278527246304499,1.193520515667753,1.4479637099840144,1.2068804098391515,0.9996029341814938,1.2836964832645692,0.9051294456250051,1.051165058083186,1.0649444740305891,0.9270658359509787,1.320003641598679,1.0878622062288534,1.271923836697816,1.935093928289227,1.0916889057324388,0.9231602283787387,0.8570806479829544,0.8535194453928542,1.1979400985520738,1.5789238254447888,1.279710994743692,1.304565520217369,1.10593247391052,1.300567839264035,1.187689870606428,1.0669310162997516,1.4414338493936114,1.1718663818244863,1.014367777454368,1.2562715130571287,1.4048998417178362,1.0588676238838186,1.112770932397696,1.2556185951586305,0.9792958622193789,1.20021679617117,0.9383354315505723,0.9846130959419119,1.0842006301724836,0.9679780997810028,1.2296509248397909,1.1473056304101348,1.1407908539244187,1.3499562455986653,0.9552590686632857,1.4390935245300964,0.9430419852580224,1.4522846272587122,1.0832689348860294,1.2007191977459741,1.190687661485585,1.1527685434970492,0.9401984246083395,0.9638323500372588,0.9447149245169241,1.1393110498279848,0.9938731488802688,1.0981039066680314,1.388986707156714,1.3943923554736588,1.5034446938787018,1.1013584605703284,1.1585877556267183,1.214814409408548,1.4269222175538188,1.0963628405325196,1.0412241054597615,1.1559965873336377,1.3867323764388466,1.1970543032857957,1.0585424672558212,1.1053377382727338,0.8306423224971937,1.208463189363212,1.2528468999201836,0.9019475456107324,1.2262352068710334,1.555527871471217,1.028192340098916,1.5050394335857842,0.8484902414471234,0.9902100239863266,0.8671968504444005,1.1841028009466172,1.0945634840464207,1.278073955921965,1.2078675337386866,0.9482290093014399,1.324128321154495,1.1179055956052792,0.7629417128356231,0.9806127047382086,0.9929890542011064,1.428346177174411,1.0951200423625815,0.9579324492219317,1.056905479705493,1.0640219562033493,1.3297683253744637,0.9825530513406047,1.6771601244566559,1.0297883785484376,1.1054982311274744,1.1816792944246326,1.4547451775571167,1.30121043330378,1.392933524290437,1.7661012885897973,1.2559348102586432,1.738109837791712,1.195530340778015,0.953403467559109,1.40695649691563,0.961826712930163,1.0592111021410453,0.9575623444630552,1.22170370652548,1.1326939336998945,1.2317801794338354,1.1220818237506323,1.350486659210679,1.0947274142194006,1.2117671197386115,1.3895841006275456,0.9831321799790161,1.1532821310366415,1.0504321501378766,1.1351216987378923,1.4128256233783705,1.5561579890260047,1.0868313809966537,1.173629240837241,0.9474085806636062,1.072528557082613,1.5618834220940538,1.0043737591685113,1.4922730971175395,0.8852296400313675,0.9622800818918527,0.971252565766341,0.9567696293205612,0.7768564168843262,1.4705894154080665,1.2539927365738295,1.0253900873667452,1.5223773476728633,1.0995610110020793,1.358647534298747,0.7887589636997306,1.1022203527504604,0.9142200018111504,0.8900608330867723,1.0177050264973904,0.901564049618329,1.018166551834287,1.2052730156985938,1.2502208703201616,1.0413500807131855,0.9317392252357783,1.0423072829546058,1.0064847656116052,1.1497011717271435,1.1219822167728963,0.8557463823466955,0.9611961245769951,1.0572368394988334,1.406699363011247,1.1141944635307872,1.017508624546607,1.0306145642694717,1.101362858336023,1.2513867892121682,0.9000698100309641,1.1540768123455034,0.9721375114858675,0.9107614154850949,1.005537035081888,1.050316390269943,1.0493618482601628,1.4308513747115716,0.9496899628889469,1.2200998989723337,1.1463890033405537,1.0482865848494156,0.93871110468403,1.0426337297819082,0.7867208496307645,1.447732301988286,1.164874562134557,1.432534486610556,0.9669902764020901,0.9214470225541316,0.9429618723888858,1.0602276205963799,0.9203333694826761,1.02738892248536,1.10503067526002,1.086832820938467,1.5691909696337827,1.621927296326501,1.2002595453266989,0.9943568374910823,1.089756382211366,1.1424990859225472,1.0813090906613638,1.423732417913169,1.100018576286104,1.0008153355444045,1.0203415428600078,1.1813381390866389,1.4185144669089005,1.2104970791782272,0.8693790163011318,1.1562563426510195,1.0561775539817968,1.3150022692569823,1.0152184569539862,1.5690699920678348,1.0770210598266712,1.105675203885545,1.0409657810224977,1.101140908934163,1.0149483222192852,1.3561174142711616,0.9333668563687723,1.356132821288133,1.154669206224034,1.3415120111807397,1.2783527506061612,1.2343400802998024,0.8709166410690605,1.3055418360089883,1.2832347114468925,1.1869919300400067,1.072552629208781,0.8850032246337429,1.142652841686999,0.9169182370552127,0.968109369810054,1.138474825094337,1.560064667431291,1.4488823241649957,1.0726116339382532,1.3346681832557725,1.010970105744827,1.432892955161063,1.3534445825364283,0.9919673452091997,1.107087810763838,1.4810229815680722,1.0025113264802106,0.86580979673118,1.2574603406647853,1.260034890983711,1.1650184582025296,1.4319287984236069,0.9661216624059705,1.0743639920956105,1.0372336679193606,1.0444937708591049,1.251482890884365,0.9687954165920112,1.0680366286987624,1.1932683584101245,0.9505662614878658,1.2418458427773167,1.2129389486883912,0.9127775174476966,0.946224513011912,1.1837618231495826,1.0791037839380098,1.4676205252766532,1.16557420779134,1.1726354152144274,0.9482789534394684,0.8511731773811666,1.0786077651265757,1.0226218457323413,1.2255041477635107,1.0820550845386525,0.8068506131469216,0.8163852953609207,0.8750022926552938,1.038681335376456,1.2963660504294245,1.3106841559392186,1.2826649421111012,1.1579377942551914,1.269555331256753,1.3470553664197484,1.0695537375358515,1.098747320493952,0.9856392899191996,0.9072284930509926,1.0800191150072185,1.0792647876717252,1.0536506151190135,1.1419848976647335,0.899231027649338,0.9726676902564945,1.1450044961329524,1.2179825059910212,1.179351102413458,0.9599709460944563,1.0321220175361656,0.9205917027523653,1.2375801992268665,1.0760840922832946,1.0426250743757244,0.7734891470991505,1.562393104170516,1.5137889312541857,1.0169901443321008,0.9289472102150746,0.9064249264165405,1.2243861506948575,1.1098565562364595,0.9187533500734786,1.5297080184957301,1.418748540521132,1.048689263418673,1.4326424754739469,1.150992323670752,1.0711690407823593,1.1351189057168392,1.1617743011063633,1.0750007000264918,0.9632411214101275,0.8944727113143633,1.0272229522765663,1.4452358260906393,1.674991245728541,1.0252797556425643,1.2277816983808534,1.0071854918601155,1.3658456342958512,1.05643730142749,1.238227248376135,1.065669754339645,1.0409551568624815,1.0104925264235016,1.0969881939601216,1.0580135801271469,1.4725194519666016,1.1888050864644581,1.066158450318996,1.1798255920208336,1.0806462957295673,1.0282733079887216,0.940494040973511,1.0620716014128666,1.1113331858163111,1.1447520063127024,1.0584764574263419,0.8888136577553036,0.8222834606009174,1.5425652062210486,1.1333413128864676,1.0149591718678528,1.059607159870275,1.3144480363004827,1.0579698007894602,1.0159866930788688,0.864169445729135,1.2581914042172677,1.1751205334443733,1.4059610718969733,0.9496710166803954,1.127072338741446,1.1202672525398696,0.9245912939629968,0.9271234840998485,0.91795312211099,1.1855686866533293,1.2372137123309654,1.1901201028931236,1.1462741967476764,1.3234255443294627,1.2046520957522011,0.9656465526154916,0.94754500272504,0.8711896750705825,0.9869880805151661,1.0286875628482843,1.2084580683205843,1.0287500815911579,0.9651840933682883,1.0661212408033278,1.146541609745597,1.1126629792190883,1.4045654476851706,1.0230182187184529,0.9800410761454571,1.302022648631913,1.301152868353951,1.0217490821867408,0.9938369686493795,0.9801812053081799,1.3986340257996501,1.1850083357328387,1.1116237186192457,0.9011489196535161,0.7858576325457154,0.8785242263543577,1.31071261523816,1.2285341470062152,1.0841765906134109,1.3285024327761699,1.1723860030726017,1.0158193712035692,1.4447568361904768,1.1279656785889853,1.1473500703673412,1.2240597691528654,1.4149581802779208,1.0208410880425054,1.0364755684691298,1.287369384887277,1.0146099310305299,1.181421656158887,1.6296940080451154,1.6255132110600021,1.005992194289631,1.1548548006119268,0.9790718190794474,1.2142749247059041,0.9415752252619498,0.94433174936408,0.9356358969261858,1.0268488077128313,1.0111345739448883,1.0238988217840723,1.1375765534072715,1.5458515546990164,1.1315008671589584,1.032756466668143,1.5391722036530426,1.1583397457757947,1.0856951768573195,0.9403312876742809,1.1914701122787714,1.2699649556522155,1.1384923248680296,0.9595695368525691,1.1485044892862604,1.0676068120428182,1.1122291885442106,0.9672424017170439,0.9789600483807471,1.2278052949130336,1.5248869658809334,1.122554732422787,1.080019968209143,1.1412182961355062,0.9066957770520557,1.3389168154234574,1.0174581520716859,1.4369720291471424,1.1643054088830722,1.095314990744951,0.9820680330894034,1.5261179493394348,1.1264667313074168,1.0045333280905004,0.9386155188491199,1.0174376448056508,1.3194539525168327,0.9750510730869557,1.3499062124273653,1.1696951252781274,1.4056880981618798,1.7026217506476897,1.4081778464879797,1.5573839911831622,1.1032713789854565,1.2479317880446106,1.1187052356068083,1.3031877890654568,1.7715329986671735,1.236427799267378,1.0396962359980968,1.3997262719704189,1.3850499543669446,0.9232659544927689,1.0309883388874412,1.1408067821107284,0.8999551331935115,1.1164569092876608,1.119071850698726,0.9590343660400247,1.254119225535834,1.7692821472056801,1.1340411125595413,1.3122473675597517,1.0382224792272896,1.1326909837480987,1.0247029579252978,1.223431025815004,0.9479875552330432,0.9864994982039549,1.3831952914436265,1.4970141664928027,1.015231383211555,1.2948290177819608,0.915345196684554,1.3321639181277396,1.327490046235242,0.963114879337361,1.1929103378903343,1.0622023794544289,1.475326578840749,1.058468589049191,1.574673788478938,1.08537326947503,0.9564718079866286,1.0283651179003688,1.299552878022468,1.3114283273949743,1.4440013496436503,1.184671838678116,1.0666820188979038,1.288513957207395,1.1845993888526876,1.3098850304984326,1.3361882788975026,1.1065274055386733,1.0879852368939034,1.1134145874496206,1.2056708115613959,1.012810921258754,1.055057355142757,0.9857749166981471,1.3974916599692566,1.2200944538676837,1.1450713540749264,1.3536996421079572,1.2759609063196464,1.2951606981023605,0.9053814357500761,0.8966253761610083,1.2484962964529758,1.1498383194949606,1.4429779473206472,1.372621134634413,0.9958199671920918,1.1523741338446636,1.185289407523697,1.0466843683170688,0.9966360895657767,1.16402393255585,1.4747384568724708,1.1784312186033723,0.7182031936003277,0.8423795582945809,1.1297221216145665,1.4649083873650306,0.9924082065329117,0.7883025096262741,0.9431428700157907,0.9751420363582392,1.2392754237296715,0.8928207760478479,0.7899135842278909,1.245207633175493,0.9149337934477485,1.026564863965256,1.0297985918658528,1.0670005091889863,1.1333872326979,1.249295145646444,0.797666252193568,1.175056102568284,1.0145434491091683,1.3897863199678182,0.987891074068483,0.8666577724768749,1.1728118049023393,1.1806848798801115,1.0827964150414482,1.3234328161690327,0.9237981443394154,0.7247383556853368,1.1144372987857463,1.113429639543961,1.1715937073957239,1.0415757403441863,0.8999244506759034,1.1215608932726993,1.035597788748529,1.1698573536105215,1.0555696650043378,1.2565197802353034,1.3071462734984782,1.037909305590154,1.082609986041899,1.416914627721013,1.1700388586462518,0.9502590785245187,1.2993589952727833,1.08286664290033,1.1242916366343796,1.6510977104493092,0.9750750073360864,0.9383590941346881,1.0281584509932478,0.8795264217740376,1.2886819745015061,1.1806456607267495,1.0338757675021324,1.0255870848523012,1.3103173184254127,1.4805841223318108,1.1935731742636344,1.2636404742544491,1.61580643967659,1.0228134372531765,1.1214222428533733,1.014731662095611,1.1577763442684041,1.0979298593438884,1.1661916314602832,1.6426833951132354,0.9689327322629661,1.344841765285444,0.9916078293314489,1.1943891549782941,1.0906828733136464,1.0842934147204097,1.201484700652889,1.4477808170910929,1.1467415260469243,1.3006679865806303,1.1965179762346017,1.1207459711135856,1.4950888248085563,1.1378168601568597,1.491585405380709,1.3587327503087505,0.964758807758124,0.9888282494778177,1.1663226304905123,0.9458104721665221,0.7599493041638115,0.8084878476440441,1.0935083356881385,1.5275992750478486,1.0912442177046136,1.3391711951556404,1.1032562343508427,1.2081065230989654,1.0803859049089921,1.1131914482704865,1.1628681663164837,0.9780219457208751,1.0279258417721007,1.1554527563030057,1.176223323956202,1.3843418491765496,0.8782900008310701,1.8704763331204974,1.0691680778832424,1.0313536803199015,0.9669660565315792,1.1033705069834956,0.9783752858180734,1.3280073288453482,1.1305639727048544,1.163203928161703,0.9095316378941712,0.9583007683729257,1.4430608320442357,0.9731977268329627,1.1141781564824125,0.8988199069395245,1.0907933966216707,1.1722577990973793,1.0002411849926611,0.9100888854897056,1.0559861997694164,1.0663071286495023,1.084263630231127,1.047005210765843,0.9414891460904733,0.9557517161864056,1.1316857330935697,1.2813377395156418,1.0668733758778015,0.8942633015186435,0.9965824232465863,1.4328197532169513,1.1969441884521181,1.084879467640722,1.4422962044953538,1.1438271688839283,1.092433342985158,1.2549634279848925,0.9778897064715611,1.2590084715647305,1.3070361777154145,1.2961480155678444,1.0378692390434048,1.3117399975646515,1.1782643851531425,0.9933869797198634,1.0522910369555387,1.0145597331325549,1.6147174699971714,1.1446135928892243,1.0849601362779384,1.1900850365632807,1.0445988981507313,1.6924951753379054,1.1734261257348468,1.2050618182829838,1.2691599953442887,1.2460130524673545,1.3176834140635525,1.7430583963482507,0.9982914487960687,1.0741402856486264
86,0.9854772024782724,1.2028579947564288,0.9838677580149822,1.0773950805372468,1.2382429210777353,1.1117848327373612,1.0766682496682047,1.279166328809493,1.1083022763127843,1.112401939964367,1.0733848574476852,1.3077173315840989,1.07617426722423,1.0029735977480345,1.1094507985852875,1.333929180796392,0.9459275505055464,0.9011525700111972,0.96069131892298,0.9771489999741839,1.1487737469421657,1.5797559667931973,1.3391136393269747,1.1036843123046238,1.0528631780876172,1.1051318552531728,1.3314765351762787,1.41907921405339,1.340434242707216,1.133307873846896,1.012039219400942,1.0678048379859535,1.4561701413875028,1.5139095357225065,1.1533656032301147,0.9585223968746219,1.0350135783076557,1.1345699453065103,1.0006721970915988,1.0853918712162436,1.1079631812072495,1.1801176120414836,0.9475890983225899,1.3986446714367222,0.9358290125307394,1.146873167060593,1.6714061399880435,0.999569005106173,0.9900277374037618,1.0345514392643258,1.011757628369595,1.3118709061614835,1.109253084086688,1.2970956345165654,1.0089327982110659,1.4691670093421605,1.135853676701192,1.4643963981534562,0.7773477479512405,1.0039193813036622,1.2696634002052969,1.5843509887554894,1.261216435412634,1.352432529510861,1.1415664980485742,1.5598984714486468,1.2202741770497993,1.1997475658666352,1.1153230398399694,1.2488589270406174,1.118628229277047,1.2428612644750654,1.151806759582381,1.054487082774997,0.9985595668059096,1.0333380332305517,0.9197758707674561,1.175193193857073,1.2692620433117021,0.9221424961231743,0.9848757962441841,1.0157025174180987,1.2169890513186843,1.136076540620471,1.1115879905738693,1.212534227348974,1.0197490704798304,1.7338977761823013,1.289366589225272,1.1147804101529237,1.1042859352234458,1.3266563292942213,1.2129357315862968,0.9909995096788677,0.9621996676768532,1.0180384640886886,0.8960924312685892,1.2379532391907517,1.1186378292275343,1.2615445294568368,1.1324883777631316,1.10746416123215,1.011778795481344,1.2393724059692572,1.1133791914940296,0.9318278064321692,1.291553561473385,1.344598932241579,1.2107181962321987,1.202433961431717,1.0914104112082903,1.1630652612526773,1.1593310486243953,1.2919808548085778,0.9906165524359092,0.9505619300958961,1.0585834098898383,1.0392172734804745,1.1550829106794727,1.201184265954157,1.4318347442053434,1.0253680315423628,0.7843298900205942,1.2314995623792195,1.4170556136442964,0.8755689493857556,1.1359644217457912,0.46928568037382096,1.1310148979827774,1.2057618242739303,0.9206546273978593,1.2658094515101177,1.0183952389404338,1.1252216432215785,1.0496066814296752,1.0723346601595198,1.1291533038993828,0.9613765949263896,1.1031426160741713,1.1483091483740937,1.0784299170981817,1.1175455399506402,1.2493353383862882,0.8709521157797124,1.1931816770973611,1.2186498341881156,1.422976067250298,1.1444843319046567,1.0185656042821996,0.8534520055028175,1.253566522745246,1.0400409993768283,1.2652307848471698,1.2013004858612586,1.03839259018702,1.0992980105522485,1.517327396463552,1.0937337882724465,1.3615598371697986,1.177010931461588,0.9989293677266551,1.4881533839193275,0.8748532051507338,1.4476775528246086,1.2310794740605688,1.3437458963845248,1.0707691134257695,1.3239016350228048,1.0320591637009209,0.836044849626451,0.9069368154448323,0.9387662155246783,0.9332041401033111,1.72120303012505,1.2271134783858726,1.1732126863306684,1.3807214253302664,0.9435582465847083,0.8417753012578651,1.7476596412900012,1.3693099789105527,1.0718107476043688,0.828065960726805,0.997860153521468,0.7561553837494408,1.5050957091679518,1.0865497983257093,1.3018316388648623,0.8708584419763596,1.0538122577840316,1.0305077618396452,1.5771526788553276,0.0,1.3641175852176821,0.978442266859799,1.2171743990303607,0.9957582020072006,1.2560013229987166,0.9015566862204011,0.8555723953139323,1.232462322241454,2.015462738763714,1.0498304294119012,1.673445360721134,1.0117966141930002,1.7680651881351785,1.1476159838436257,1.2516243094795756,1.4079984576854843,1.3862198409118085,0.9757951440974701,1.113472631601828,1.1753583878877947,0.9722075564519052,1.0324271298565824,1.258042642915793,1.2984586376366791,1.3366796337005824,0.9378163422493537,1.1409558247883014,1.0809067633452787,0.9959047378794226,0.880502755014885,1.1544593992262933,0.0,1.0040170521416747,1.2681319551549608,1.2622270842577668,1.2912910136513818,1.0208793704719505,1.1494292920116813,0.9972883408627207,1.1534166686923468,1.1210657077384376,1.8995972841950577,1.2854256994814302,1.1338869432264005,0.9591691602069882,1.5342340554864808,0.8060531674165256,1.3374027724890984,1.334897334828267,1.0961490946680958,1.0585938695880115,0.9918903480496939,1.0859533391255582,1.2642727841168557,0.889973597509236,1.328943694116029,0.7902666937623041,1.1643512087962682,1.5006746090562593,1.4136642107637658,0.7227185146807812,1.0535385920251503,1.150769732510434,1.2717941927520315,1.0310600496807727,0.9294249113232503,1.040740462056921,0.4875985894835937,0.823917547877299,0.8876912734349578,0.9056546632118768,1.2919029911005977,1.1766969344603349,1.0752239151448455,1.3305452414402597,1.0444784028414893,1.0437849862022932,0.8917623628882614,1.151180360084434,1.0887993039249144,1.4591217602021884,1.0826699178664596,1.1661425417457358,1.0560260822751237,1.0160715055620955,1.158327770874701,1.1912394501196593,1.0775447105024636,1.149650378783793,1.3063456487968916,1.08681121028415,0.9359764781524277,1.3913435438521857,0.858271311218887,1.1164028635474696,0.9994102642002187,0.8289558721900281,1.317749426177604,1.1076745276777369,1.2504468026256896,1.8042829232269189,1.086773890470401,0.8957309123369483,0.8628440968863629,0.6238634198445339,1.1910292520363086,1.4317334260000327,1.3446906655949034,1.1763075105878213,1.1028570854111186,1.2765996809359916,1.1491725079600268,1.0781775319371305,1.4422254526516265,1.0987915900099803,1.001278947462089,1.1807891168008258,1.3402265994418374,1.0527134551823547,1.0663345206294768,1.2104366428552553,0.9840742740083526,1.1324613641744254,0.9179368571885214,1.0006495061341534,1.076735901283863,0.9054714917207497,1.1616288881723342,1.1370603934364865,1.1519297596684777,1.489464178926152,1.0094121092623942,1.4604314111104733,0.9007821941249772,1.4300788414370127,1.0500583949593134,1.1870185025877715,1.1856940250162382,1.202558594824777,0.9268826406809679,0.9470134406426713,0.8989991646134222,1.0581442760948,0.9363998728267561,1.0761684896943624,1.3917937327359828,1.4274070241339374,1.5735969191124903,1.0544415963901914,1.1290326738941951,1.2337460167074896,1.3747420883060946,1.087460067103497,1.0524234568933482,1.0553826842526157,1.416266801672214,1.2760099986250797,1.0117677202553663,1.0970136529168841,0.8536743908396998,1.1624029365957036,1.2280605392277277,1.0129141913246595,1.155949296761921,1.5188519050110267,0.9817205364792472,1.540739838436855,0.8332802710230096,1.0001610082576025,0.8586732644631718,1.14507733039081,1.1120618601229468,1.270867999816452,1.269335398010662,1.0079511868813291,1.2616041368792426,1.1464554620218466,0.7432906119188497,0.9458440783747726,0.9984167320752448,1.520887737465307,1.0975651070216284,0.9117447614395344,1.0488092934459403,1.0599093847755416,1.3441872743846621,1.0220487981106907,1.461797544356606,1.01482268238654,1.0856481688114186,1.1346476771545442,1.5339734963100684,1.3568033487201823,1.3245206873198405,1.6662782575596489,1.2067424488999356,1.6917348030631236,1.1893258653513643,0.9052517096463182,1.5550878203008145,0.9565368416383793,1.0252257580228936,0.9345458379608796,1.1549690229674623,1.1112048324583197,1.2122235305523354,1.1131727195573293,1.399688672933784,1.0550622178283497,1.1474921508857325,1.2911738909335164,1.0199371833580169,1.1635700260883861,1.0691942996137276,1.2205543617005772,1.28546682766562,1.4924519656261006,1.0381508978587943,1.1347671632337764,0.9248465318091965,1.0820019999799595,1.4181140768558058,0.9847053230273645,1.6736741156672958,0.8895486549752336,0.9541652953010796,0.9720595456239864,0.9709743546806447,0.8460828490935881,1.4497445925629853,1.2071579642181849,1.189377564029147,1.5378656506515096,1.1029505773835742,1.3361137761062345,0.7557202574670149,1.0654578015410174,0.8717237329242483,0.9077244691393355,1.0038899952555234,0.9125055490416039,1.082482159370679,1.2915083849979223,1.22980521067553,1.0760068076068325,1.023225778860942,1.0721974213156602,1.0585532832337323,1.174845037806499,1.1019485377598994,0.8449906564549112,1.0012509016720763,1.1547420965354616,1.179550104822935,1.1548269293982512,0.9791411517856747,1.0157801943359974,1.105381156824667,1.226053025015347,0.8909893398421516,1.1250036519856899,0.9971281530332354,1.0360207554116907,1.032391519246715,1.063339216343632,1.0837755053654647,1.297492464310493,0.9446512320207486,1.2040777735349408,1.1584402300690624,1.084265793963175,0.9767717930339685,1.0010454201118044,0.8784728466233018,1.5464695722369406,1.2202510114777227,1.4308040924172558,0.9342787665099986,0.9633646739631794,1.021788149279502,0.9825054645721327,0.9345279057991764,1.024907206768865,1.1442155140796963,1.1041671046366954,1.5076246499636896,1.681670437252265,1.1210853738612687,0.9489080053120922,1.0875228226032676,1.1066447260903471,1.0782338315536557,1.4668343396812886,1.0095178496906554,1.0279010761655036,1.0208582542562157,1.1973572792878966,1.3400613032393645,1.2222361643194166,0.8976701170128569,1.0259547915296026,1.1637487107136026,1.3454954685485383,1.026425973596541,1.5820837466110198,1.083571769651408,1.1078078926838133,0.97855794905733,1.0503289208771731,1.0312769035522118,1.2631109704885302,0.9176673257136405,1.3819285598446114,1.1174443943693748,1.3426193858293274,1.2080091827223227,1.372636599526682,0.9185705116355845,1.286518251846816,1.2156499937435992,1.1619139317418905,1.1042775511039096,0.8870314277024873,1.169510648606816,0.9493078328977043,0.8765530728006707,1.1732208731471234,1.4673181555289265,1.4864561889479955,1.1091524513188065,1.1914309084578663,1.003630060764708,1.3696328296014944,1.3627320655029767,0.9827673284435878,1.2393362481064119,1.4762059815830755,1.0467914078722895,0.8520092353777142,1.2954590917659716,1.183530628315858,1.1587130429261276,1.4470168062840483,0.9098563347825598,1.0951803464166527,1.0543003964590867,1.075072448659225,1.2575673894042187,0.9784431082114768,1.0019311673706577,1.1254969155936043,0.9281657668247445,1.289920155083437,1.1818602804466707,0.9607330916640913,0.9559798222663469,1.1633315506649735,1.0003313094556519,1.4313792929726414,1.147194063586971,1.1860746917645493,1.0169595384176229,0.8508997565874229,1.0568094809441084,1.0312232836473982,1.0995522811646827,1.1324262020076667,0.8190629385614443,0.8456306428380996,0.8653290193993545,1.086889921535378,1.3613240717819228,1.1855012892066465,1.2994265345478855,1.124137761095179,1.260784415483556,1.2893579153924632,1.0537665085992942,1.0851861482849083,0.9575730560556717,0.9718783588591946,1.10503741055082,1.093999050790376,1.0876417798202884,1.1332072243662776,0.8268909197705074,0.9094401133568549,1.0717365596900106,1.2544261251079696,1.082720582584607,0.9903688160678243,1.0545240483279086,0.9129598648882035,1.2476037778548523,1.0821627077270435,1.1182463192597685,0.7133067352568676,1.6233237073336717,1.4680872863816206,0.9793624265790983,0.9355158302287474,0.9527886960330963,1.175769151701604,1.1404034977738093,0.8761715898386421,1.579306006912066,1.3694235527176442,1.069539829437914,1.5314891725211162,1.2196739568692998,1.0447863746079549,1.181422211639328,1.035989924440349,1.0575806708975881,1.003978685290782,0.9251816516046633,0.9433829404866576,1.4599923668845096,1.5248520646238986,1.0623524105135111,1.1913112973599498,1.0306715506927686,1.3396369651030628,1.0144730335571326,1.3915393653183856,0.9967886965179767,0.9864767260073717,1.1034886107107231,1.0523358879366793,0.9863617752928909,1.5140307385487808,1.2328340069963553,1.077555990819693,1.174155178580238,1.0031581211554579,1.020262544157838,0.966779076266401,1.0066272859681515,1.132791462064025,1.1932999331112504,1.0421218368325724,0.910752549892922,0.778991973865231,1.5199788662351117,1.1436476628499914,1.0147734571544524,0.9475045394859527,1.157731755894909,1.0287265329379456,1.052419692835545,0.8860265657936757,1.2149974143540458,1.1421193021806875,1.3421183127808287,0.9800818373203186,1.1506850148953365,1.1568451570585774,0.9479277882595696,0.9234507149848185,0.8997750086747242,1.2291803640493115,1.3073586719062495,1.1854511582204195,1.1231626968627386,1.4096209003900615,1.220887869687505,0.9729275784852662,0.9054677027589781,0.9011847050970773,1.0148612657420875,1.0268180601711623,1.1492627791317287,1.0902915075593744,0.9378143698314964,1.062778076838523,1.1804549927991204,1.1415551480189867,1.3644302101051347,1.0032525480795034,0.9381520399081305,1.3417037709277995,1.2627922106132605,1.0951460085426117,0.998351035109937,0.9587837931689722,1.3148379636428995,1.157815952242791,1.1620226822148032,0.9153312938828305,0.7837980834545009,0.9065382714121173,1.288854619544695,1.1958902675747205,1.0794792173134369,1.3018372440862456,1.1558986330900938,1.0273816446451822,1.3740344488612208,1.1956127798077105,1.2707517142793874,1.3047656523573141,1.3114174410314656,0.9760925618868042,1.0197412046179417,1.2541112969817017,1.025805262006445,1.1457727432851883,1.4752131544622846,1.646822444819628,0.9982710882090751,1.1439197868534912,0.990998255539909,1.2315256190155703,1.0499770669621564,0.948827212701826,0.93648105317489,1.0249343696507105,0.9828651394911012,1.0943220734565506,1.0415405497980528,1.6875699607508763,1.1129336110050376,1.0022471987456327,1.3787645810454898,1.1202974798770389,1.0922294645245019,0.8970458364148814,1.2271912922768369,1.3758185526789393,1.0910186814119722,0.9989159639929631,1.183101731753917,1.0127135049168734,1.1225773871077578,0.9514221374026486,0.9094335481130693,1.2233168221557142,1.4555642792338843,1.1824997659051542,1.0492902762246676,1.1051070393891107,0.9408988175275507,1.1919865745714322,1.060400961151432,1.3520841251722318,1.2434754917314865,1.0991116068455975,0.928709787312807,1.4861378839647146,1.1109163989287696,0.9110464587199552,0.8982938350682277,0.942312045593282,1.2958431907741923,0.9693578801779903,1.1742438224320089,1.1464405765639079,1.3690867756354868,1.6038539433999803,1.4291172684385947,1.3630320751011693,1.0993227102198062,1.3086482215504494,1.0841540529683649,1.2702292306598113,1.5645415130350662,1.2457196217602944,1.1145138991074481,1.3681111928386616,1.328171213474529,0.9327339309543652,1.039758895066229,1.1878133227426282,0.9669930392903048,1.0684206657526254,1.053391634394105,0.973328357196401,1.2520722552620915,1.765759982329675,1.0624515168583026,1.2781367111764184,1.1266031254845417,1.1230100283237876,0.9690629045736302,1.2261220685456586,0.8754525424644914,0.9795120558619268,1.3002016691159923,1.5756688436830295,0.9995403740544087,1.3456637091827617,0.9309999636665075,1.3713192978070323,1.270143600543932,0.9778988606174832,1.1243707750507945,1.027383353252283,1.58570318078233,1.014433606253358,1.3371804367508924,1.006983765467065,0.9657287043458609,1.0238512348893098,1.276761718767277,1.3462831715672872,1.573601357336609,1.1722948022700037,1.0105881015612102,1.2463907877081053,1.178066776775991,1.2676241997303375,1.235531321538304,1.1540541929120214,1.1274195415796842,1.0885532706242123,1.170626186383414,0.9693829372812365,1.0671173781520502,1.0258023020770368,1.3103210253902648,1.2267137736963105,1.1569704606867328,1.2696977818932251,1.251214682258736,1.2929048631715185,0.8930654754626461,0.8692127053836718,1.2823963056031524,1.109140632723478,1.4313369936651466,1.3643377817881193,0.9691531438290284,1.1414414662715258,1.2116566880267703,1.0261151258381536,0.9566176812585243,1.093925622807165,1.4040431604403674,1.186462062936788,0.7592072608154401,0.8372700071145731,1.0729040924999464,1.4697892713985583,0.9612818320892346,0.7845983261005567,0.852492613765649,1.0147143800794025,1.1894842238601215,0.8939445204527114,0.8352283202416658,1.174330010877071,0.9515437623072074,0.9960635780546296,1.0618046693139354,1.018368747188841,1.0539615697701579,1.4112018781967093,0.8037159865501105,1.1274606088011534,1.0123403199262444,1.3293712272383447,0.9320525181750643,0.8411461495567241,1.156285475373636,1.2469977562223495,1.0772010113681363,1.3571321928718043,0.9344753961774566,0.9063423294688815,1.1392883746275224,1.1786736039577346,1.2023870446538791,1.0530861993395908,0.9133746422514917,1.094469357636666,1.0529480440001246,1.179002287179205,1.1039950072751636,1.297402865099626,1.245469454728684,1.0353030207587492,1.1670458502136534,1.3178623023208509,1.2240473879774847,0.9874051789252207,1.442690661743111,1.0433419163556894,1.1604763735110102,1.6803477478340465,0.9011620430228815,0.8849086683627154,1.0360507973339286,0.8671031819747159,1.3087978192046594,1.143773183637995,1.0717620324817971,1.03700660253754,1.2449849269614246,1.5767725718640986,1.2111975734885851,1.058206984715636,1.5670541113603202,1.017615813641775,1.0526073782328638,0.9855641501777656,1.1371876452813785,1.156521283628441,1.1023830345410788,1.4995040614958013,0.9558583676464656,1.252307017827547,1.0260538776230979,1.178690279541658,1.1158585471201348,1.0868699703241245,1.16778570861766,1.3907659513846902,1.1567826358646478,1.2816535157751099,1.214881121864336,1.17568787044641,1.3459036851182036,1.2227582385524842,1.596097346236499,1.287039589985656,0.9722600407674751,0.9633472952466926,1.1779985867812193,0.8810811252973925,0.7374436972667012,0.826538629090316,1.0999405604517059,1.4406604023895087,1.1197681182979236,1.2281757391127501,1.058240787560604,1.1841541091032903,1.1633815449314393,1.1242796561414934,1.1733504933551164,0.9493544731682801,1.007861429500138,1.0533883834544664,1.1318501787390856,1.5076569787094276,0.8965827839003044,1.6840463216151198,1.05592499258768,1.043884893521694,0.9669999300489011,1.0583593194848746,0.8944339621133841,1.317351526142862,1.1336245969426393,1.1537262034523368,0.8228624113045412,0.9856601033195724,1.552412348738708,0.9283410158272989,1.0965438992072258,0.924335213434368,1.1207914490651931,1.0944923371376871,1.014778918174534,0.9374444303531215,1.1371540739964465,1.0470224328080668,1.1458782878593237,1.0549702965266987,0.924159970288652,0.8961114128109041,1.1473927677343365,1.366764919443522,1.0290638352221348,0.8586527502560777,0.9135221715836281,1.3394694727586727,1.219261097795342,1.1042525021414442,1.4557334970841889,1.2302987435343185,1.1025364824590673,1.2083352338025013,0.9927167851900085,1.253982632134674,1.2883094917889313,1.268708129850852,1.0094570393668973,1.2320888825428877,1.1340986042416648,0.9955238030772449,1.0556020680182714,0.9747939526276439,1.5289773895722933,1.201265389864898,1.0489396274503215,1.0981684799260174,1.0754113055250785,1.5891922429072474,1.1057572210239655,1.2503668369186876,1.2077883213299692,1.2585136710850855,1.3469585391977756,1.5193098389757318,0.9588701135680513,1.0587956466777082
87,0.988275289174941,1.1637880740917044,1.0349120954560085,1.1026166329537588,1.2509027650280253,1.0462535292578816,1.0639581350044913,1.1522477560333892,1.0822518815783682,1.0521697272828856,1.065556020402729,1.2872002008825287,1.0826837710106127,0.9867396605160923,1.1039541906662929,1.2957161477964403,0.8841477919995773,0.9026226157054658,0.9875456678083749,1.0283954835279068,1.1047627173736594,1.5096368715137918,1.2088877228750796,1.12615390479839,0.9842899280423969,1.0782311994050437,1.230418113116213,1.4060481805413625,1.287812488233385,1.077115664797629,1.0695777080726336,1.011333144635713,1.451125222922113,1.5404028027537193,1.0871474488713426,0.994671181938626,0.9792379428987087,1.0977326943947736,1.005991329676509,1.0752937617053022,1.1132732732245936,1.07801305675969,0.9859922151383526,1.4333183583769546,0.9741199670251433,1.1543176037394547,1.596079876424021,0.989397321232328,1.0877617155284824,0.9194673806019363,1.0920375124887016,1.3167108062423776,1.1863756673657104,1.236771556797485,1.0951486756038318,1.4169770568905586,1.0914800710023413,1.446021830367156,0.819921356060908,0.9590904942649875,1.1740225692610455,1.372952850895927,1.3083396238738945,1.320656723298856,1.1759318147524538,1.5430238768428655,1.2281806039432421,1.289965397146847,1.202312317098876,1.275870172371775,0.9800254880761526,1.210024521045758,1.0558050908180672,1.0359155391660628,1.0028250563013574,1.069182810708995,0.9431791450987135,1.2088615478983409,1.2117490113121734,0.999967682402838,0.9667126067271703,1.0036312733565826,1.1556767989861396,1.0518029061528384,1.1308504569647075,1.1654602292693732,1.0868258503231794,1.671736459667953,1.268435858250235,1.1018789574093213,1.1369681511499985,1.3690346813733714,1.1280732792236143,0.9370996528861927,0.9063195384328295,1.0818941319345592,0.9471178806626297,1.1571431456514174,1.1113248642853022,1.3087521143605656,1.1092686747541722,1.0264334862479925,1.0396855123209745,1.1543595639877222,1.0483198515665209,0.9343534155512597,1.2749737483123824,1.2649526117609313,1.266662617435245,1.2332333561511533,1.1143648656903484,1.1371343558572324,1.0996793568452183,1.3191714991764087,0.9519381951978289,0.9459247158826067,1.0037733299483325,1.132755398881486,1.1515792283157993,1.1354603370795835,1.3281348967414903,0.967042006408887,0.8765691118054562,1.3362366902069884,1.3526065810997312,0.948575253014664,1.1279263305047116,0.11732142009345524,1.0373961858862804,1.292319491786023,1.0161363415432385,1.2570309193127718,0.9727078185759684,1.1882923109306964,1.0800660974882341,0.9712664004145023,1.0663153970741246,0.8695674220333078,1.0753934054974605,1.118407010848291,1.0003455090061517,1.0916216720869372,1.2536379421296113,0.815498605279124,1.2994458578794958,1.1614945476315062,1.2257706263550063,1.1206836938397002,0.9778204237599634,0.8604639010851656,1.2819533195135433,1.0175204621224117,1.228122397300872,1.2626056990699073,1.071714663750696,1.055646567869743,1.4924364331381659,1.0953967935012539,1.3637858640168448,1.1594387792315959,0.9706387443447069,1.5009331416769804,0.8500192554030097,1.456258442996948,1.1919897524201863,1.2851394713663822,1.0013837495856344,1.120117321838073,1.0090106623289592,0.8911028432697263,0.9392230587692078,0.9734295725112232,0.9282626422320297,1.6838230037258373,1.2744176274632006,1.205018840165875,1.5011484386735785,1.0033426763158655,0.8410666498701772,2.080417713238463,1.3182399662943696,1.074172786704217,0.853281629779449,1.0967269843830534,0.7869873648829318,1.3782912358749086,1.0662501051094366,1.257566614686901,0.9278953223488142,1.1832883193254928,1.134256645445637,1.6636957346465437,0.0,1.3956336595085062,1.0453025062871988,1.3189188111699068,0.9707946374032396,1.2143894206282209,0.8671610767675915,0.843790378011033,1.1741470303472,1.9350539866364707,1.0426754206129336,1.5511981430306143,1.0470993894233236,1.8166479324818232,1.1899547897908567,1.154022774141009,1.4876263383183284,1.2914466557490125,0.9316434415560021,1.0866300733782388,1.3650675408828694,0.9705898596453084,1.0261439247642565,1.2630593000331964,1.2930373503795447,1.3819984336421882,1.0198380195533603,1.1184585006099725,1.1697592906544334,0.9835531558178552,0.836227742746583,1.1050573879331829,0.0,0.9383230719288598,1.2553256085912459,1.2737237684665428,1.2531081165322648,1.0047889014615208,1.1640326166424981,1.000598154104082,1.1285370228799865,1.1242134405940967,1.805940370758885,1.2352824753303477,1.0670628564726166,0.9499663936560007,1.5411287162424578,0.7758703923255992,1.2195681612510993,1.3370329543973969,0.9556348483554858,1.0565893134121578,1.0335965285018878,1.1077217927265033,1.4455628983394853,0.9222955169672602,1.3281118113330708,0.8077485091175495,1.1790663361120943,1.453334648215895,1.3367417745473646,0.8314439829237916,1.0025241455191054,1.174249955586782,1.236159498687902,1.0030833465245883,0.9452208230658621,1.0837344710113936,0.6159140037166846,0.7918420602688853,0.9161379763924509,0.8571113620539466,1.2852187144247804,1.1860801719319576,1.056819129561601,1.3799121431654757,0.9924080475243374,1.0257244795953295,0.914752558064966,1.0687795457682623,1.098724775099439,1.5597900347099714,1.1935418497049044,1.1163181148930503,1.153276787349316,1.0152032186397197,1.197420428728851,1.1818489196026518,1.2078115506603773,1.1509265964217654,1.1977448368030588,1.045845990330132,0.9185997536693558,1.3756763394135514,0.8189755836314078,1.0802705241339967,1.0441860226321598,0.8477312017399087,1.32223836967341,1.136746091005027,1.2509130624285736,1.7673614631261654,1.0547758260317734,0.9025964575470091,0.8982602766079955,0.5438801852066414,1.2391643698762747,1.3421976784582799,1.5292315824385736,1.101012680334076,1.071477653191114,1.2106231740124385,1.1670700650002765,1.0850808905209584,1.5114233221468067,1.0387423183096027,1.0211892102053162,1.1112107303513015,1.2681652129171939,1.0287768629623675,1.0794875161288109,1.19123640238039,0.986658343833951,1.0678928766814493,0.8866203259435594,1.0479467493605366,1.081109730508265,0.9508729595077892,1.1006749938981764,1.1554355660942082,1.1304260383488516,1.5911321193121215,1.0012622556697257,1.5171034116300233,0.9414843426374354,1.325728522793143,1.0431168415233008,1.1441441542697377,1.1889025629614571,1.227274017150557,0.9077579913441277,0.9297000581307037,0.8947058662481432,0.9694410935049321,0.9203453623944773,1.047579466052946,1.3961903492062406,1.5061023507990587,1.5877843062061743,1.0115086427177657,1.134415350980564,1.2603730275567568,1.4059392119184682,1.0454605567606512,1.014618760383777,0.9596478915805602,1.430224753209567,1.277725413397085,0.9679371310510938,1.0638883999284219,0.9271808649468342,1.1232876983068096,1.1582897441392763,1.066606491535116,1.0745198063997812,1.4404416566612572,1.0005814851811832,1.5384616641284758,0.8528747059466414,1.0400060414662418,0.8722913935680142,1.1200878704819526,1.0843591011389575,1.2388739891296443,1.3238750954105292,1.0289266872028309,1.2884430013571337,1.1668408154123355,0.7523836035678109,0.9528727575683765,1.0338030690435434,1.4867257755511345,1.1351198441500114,0.8389477540004117,0.9697403423931038,1.0591362050026767,1.2957299357200025,1.026411602109538,1.3571759653884596,0.9880206116964287,1.089945619738905,1.1134251844518839,1.526932878553911,1.3560364620344592,1.2964364373836919,1.513748946082045,1.1441192903146127,1.434386329388932,1.186192763705176,0.8970784309389452,1.5361602265423921,0.9677954124235104,1.039906198749541,0.9560089786965433,1.143257005784456,1.0361012006086825,1.147941588129773,1.087281783612453,1.3246097202913174,1.0516505147647377,1.0781738451027387,1.2375760526004755,1.0611669823024756,1.1775817566014948,1.0964521849779343,1.253010280532107,1.1893222180034155,1.462671762731818,1.0486733342384251,1.126951882077043,0.9049433699474161,1.1158641633961266,1.3568630517497318,1.0066493247755623,1.7014510165645533,0.9118643438637712,1.009457996350235,0.992203178302661,0.9526952690110132,0.9078247558635597,1.4389490587585185,1.2372680204260889,1.3372817283360088,1.5315426227048492,1.0622625709305131,1.2997993990848107,0.7728183847381469,1.1308621552089653,0.8531204551332637,0.926116752486791,1.0290693129971336,0.945258642406749,1.1966024824050725,1.3136670957446164,1.2820212063722385,1.132474908647099,1.0599798692918443,1.1065163170567374,1.0574322569034762,1.295903008189745,1.076018249157534,0.830138495250875,1.0525383585891417,1.2257116280428877,1.189126492239501,1.1402030455765584,0.9193444068667507,1.0207699412336861,1.108417471720132,1.1722771765953057,0.8983125597992122,1.1148188479653807,0.9953225919158674,1.0921617361090843,0.9796760793565558,1.107457747957309,1.0899825362232205,1.2806718670009913,0.9478074045168725,1.1588449583047067,1.2086073592834288,1.1000301328756448,1.0901034582461897,0.9737355809584941,0.9260456366556502,1.4887774390821849,1.2330561056276337,1.3684160586881133,0.9500879360503742,1.0664005877821183,1.0539012135161276,0.9475340779462303,0.9556689882511983,1.0430810342006813,1.1558359061432602,1.1070217901394737,1.440463367004483,1.6078002565393468,1.070013133300812,0.9605462626313761,1.151004370371846,1.0539019178940439,1.0542001721662495,1.43726095790082,0.9611128499133437,1.0174584534478988,1.060149317575911,1.2187116434939103,1.2758345006809206,1.230915447892325,0.9389021811194218,0.9437598876727981,1.2644354639415436,1.2806168970561493,1.0728645654139697,1.5942523127636767,1.0773600623977255,1.056070700299504,0.9187680961275219,1.089919387496568,1.025375734924794,1.16409068245636,0.945086397480011,1.3714791356286917,1.0475649853708529,1.449262528111798,1.1642111192355102,1.5015494042514523,0.9096664168998632,1.2302323896420926,1.1362374406183133,1.1888321835924387,1.1514963114301158,0.8832430473319701,1.1803750365800882,1.0280577994979563,0.8147687198892215,1.2348349376301442,1.4122508130990081,1.5158745387624297,1.1160234106867786,1.1105976776414799,1.03449560999025,1.3484815710106175,1.3937443327966736,1.0053344516873028,1.3052978773288073,1.4159418075474735,1.0404799004664531,0.8601626027412403,1.2496436847820163,1.1574875479036733,1.2006548539578814,1.4221258535221002,0.8921360974774903,1.1155154475302318,1.0155228775433605,1.085125520132109,1.2676104339134975,0.9984953533084869,0.9907977422718083,1.0824151528933428,0.9566643259604773,1.2601825681438203,1.159288192751295,1.0335858914917324,0.9387974547900271,1.0946230193010735,0.9564445883315508,1.3426670201697926,1.101142694732523,1.1515529052834923,1.1250126753326501,0.865836086746411,1.046425310841704,1.0016184454459016,0.9534240164058327,1.1494174844799594,0.8346473557836052,0.8391572853293183,0.9004384192091011,1.1068491944589545,1.4539923791453546,1.1712737112480844,1.3351527617362624,1.1232934272973591,1.2247151670296013,1.2053002871481366,0.9818184758846029,1.0241745054657168,0.9411181040802297,1.067218045033048,1.133523620912847,1.147890840760724,1.0629497652825965,1.1262177235825188,0.8288446608281297,0.8433646704439335,1.0059042820180006,1.261515331162718,1.196089065650534,1.0696377911356987,1.0592313393139647,0.8817296294860549,1.2268575398819077,1.0531352963776883,1.1752547354750356,0.7162835892142579,1.576076806085351,1.418889997836805,0.9549710383074345,0.9261289031437706,1.0170718753595918,1.10281958437998,1.213826899124586,0.8603661503270003,1.587350062677562,1.3207466563690966,1.0462808986941272,1.6446352753156244,1.2758047659110345,0.9934814955104447,1.2008269088150043,1.0050666420498406,1.0639698004194729,1.0014686127998544,0.8921690931408988,0.9127165239801398,1.4863852080250184,1.4461704729741358,1.1366036093146636,1.0968596481672253,1.0794803328913318,1.334244559102079,1.0254183623930184,1.4907991698868255,0.9704628110725497,0.9434681310557482,1.1427996155662241,1.0045933712470838,0.9142619176522622,1.4658712429149598,1.1481212982533802,1.0823451692400061,1.151061197542299,0.978622958721453,0.9778213699552595,0.9697818265711062,0.9559899995253031,1.2387529962156807,1.269147819072148,1.099254947614774,0.9368523667926739,0.7835243373161432,1.5455630847662434,1.1152696487575386,0.9993502552108706,0.8907072662068543,1.0708573421319556,1.0298000949933896,1.1003574971419456,0.9277903914844144,1.1351667416860436,1.0498477876136845,1.454146259839406,1.01453660987315,1.1656195570808228,1.253352202758776,1.002172247844768,0.9136209132064244,0.8777642808142064,1.2201707212590909,1.291420313610633,1.1659176532965039,1.0459936140545842,1.3799244586974009,1.2704082859940995,0.9983921705462854,0.9000319964840363,0.9046990458081183,0.9932963965216717,1.0937064410123982,1.0978542038480446,1.1538193975590278,0.9203805596346726,1.0727134203221458,1.1515108211601321,1.201966864035069,1.429558200617954,0.9669362080115929,0.9058588069059996,1.325099243165083,1.187806752190237,1.1157441393074026,1.0363084818945574,0.9378773140747145,1.2777489107790185,1.153761791286074,1.2192120651050478,0.8906249039527635,0.8713821354797677,0.9538715184003476,1.2760437183427848,1.1300630111075693,1.0973590419513553,1.2602995343749634,1.1041986223235658,1.0454335519603213,1.2952315957577762,1.2221828351694248,1.385845104944064,1.3277694391099129,1.2353388454297005,0.9511312135580869,1.088209149483267,1.183133385707689,1.0935360348069378,1.1455338376608086,1.3879346350272086,1.6519306176978064,1.0274370985821895,1.1237221248701876,1.0087389921131142,1.2155374502750704,1.0519247662724158,0.948569140949584,0.9427367622815822,1.052450985901368,0.9754868611299906,1.13360402644197,1.0008522239851974,1.6955791200438926,1.123782977327436,0.9765204161932173,1.2535651062392574,1.1338932372340875,1.0693517216244615,0.8981850992375411,1.3400057341522944,1.35652604970384,1.08719067409836,0.9919463524437884,1.2306303666321217,0.9882242979682858,1.0964713445447825,0.9434161174293073,0.8555985201007316,1.1490187892609678,1.5404126122821542,1.165428640558039,1.0026079714103224,1.049885716409519,0.9632726614015154,1.1151593888884093,1.0244149972427943,1.364828084567903,1.3230543595865658,1.0731711937126467,0.9020906177079977,1.496195912453202,1.0269540368307777,0.9077760065980378,0.8719092451259155,0.901234470279057,1.3310117683261695,0.940556654068481,0.9839313917247876,1.1649907422776082,1.3911176740878761,1.5486131180334866,1.484246260404481,1.241420571458866,1.0609020389705366,1.4493104172238864,1.009723582998501,1.1612961724534312,1.8272452454642267,1.25042214691126,1.1161134677692166,1.2981917215633296,1.2824457060385983,0.844235169768873,1.0814910242427815,1.1766635195876871,0.9940556200059618,1.0623164990019311,0.95863735587235,1.0130604007498656,1.2032133089092762,1.674545087952187,0.9851249598516342,1.2117187417759876,1.1605037260922542,1.133997383875396,0.9667209669466654,1.2013464992316962,0.8355697231930415,0.9389687165023903,1.274158845574453,1.591538711032471,0.9523979137846427,1.3990024998630965,0.9324771824358346,1.3772029165727921,1.2183124766386415,0.9936251848103975,1.023069020900743,0.9936017004574241,1.6651872809113963,1.0649603777433152,1.2012247331079702,0.9643824346687835,1.074170799412915,1.0257872200782792,1.2237977438032486,1.3125352432138067,1.6368283450030328,1.1699613725639237,0.9340239267212354,1.2602700606327324,1.1263949810624763,1.2663967045891342,1.2073937001329942,1.1337332569287428,1.0917664517074044,1.0346438125880137,1.1701573245537795,0.9248820402239354,1.0700780401123984,1.0835651715921932,1.1856116458169321,1.1878648168816337,1.1188355295332917,1.177100754912997,1.2899441074449678,1.2128285678601467,0.8682550437022064,0.8505813699582006,1.2897336240175412,1.1339175088737479,1.3591142947720771,1.3646264466848432,0.9306765213577712,1.1249369075851907,1.202547921513379,1.056906003938149,0.942090476444756,1.0742305722713643,1.3223732594485191,1.2252885698909357,0.8082638670969722,0.8601612088817681,0.978223815787167,1.3842328394199357,0.961405372665761,0.8179312421978877,0.8417859288784252,1.0355404336538856,1.2174692711709343,0.883835933832485,0.8650365835987515,1.176321956799198,1.0616595575610819,0.9351508799989866,1.1290267064476132,0.9667020446478656,1.0407712883068054,1.4572808841572498,0.8518579509964616,1.084420724358969,0.9975151172802093,1.3317652648976417,0.8667605007747425,0.894434329084685,1.1732627367630597,1.2104746850438088,1.0628439828254739,1.316160261461415,0.9103310673965752,1.0770528568207993,1.0867801337512408,1.1434131715064713,1.1629359532212367,1.031695427040156,0.9573639181943516,1.0491337112224846,1.0412651062307339,1.1763381796893317,1.1022052581587842,1.2674162473039343,1.1527727644465093,1.0173924006775972,1.2668872613650637,1.2248858236053828,1.3011796207935884,1.1103678458504964,1.5939479777376993,1.1064843885269235,1.1694274637421296,1.6737450695955667,0.852497084708491,0.8240800386615381,1.0441850172230092,0.8731547139209779,1.25925931341609,1.0403643155901463,1.092523975197339,0.9679031462397297,1.1256101981231814,1.5976881374794158,1.1954605109570746,0.9340630830830593,1.5086286278262708,1.053828453744352,1.0070882419698068,0.948418378059203,1.0925065799395415,1.1535146735775923,1.0261476989272587,1.482944953752698,0.9064354537849006,1.1258493809156584,1.1123673777827985,1.1895401801433063,1.1904592086929005,1.180634813725554,1.121968640965687,1.4155851918613753,1.1592342778027205,1.1606742106576045,1.190087224348342,1.2331727137278623,1.2531863223406212,1.3156124652709562,1.6338151748095897,1.2513161273099074,0.9902705753853284,1.0151198192514879,1.196262240074822,0.8337165772216948,0.7356033886317365,0.8650974678764545,1.0810701119575103,1.3812885531450707,1.142558740709895,1.1098829872076654,0.9868745049381279,1.187461843010261,1.2232803135735748,1.0883056401026836,1.1916390206956124,0.9286323165949077,1.046868647192691,0.9398184922852146,1.104178232638679,1.614860708161653,0.8947656208624011,1.429290619500936,1.1041331408353159,0.9736620253130774,0.9741325395359494,1.0368228011845402,0.8434052200100047,1.2077512997419495,1.1098000268839459,1.1254290407044394,0.8084120472184959,1.0167910581630668,1.481668161484417,0.9367498054531342,1.0401946937490636,0.9174369642614617,1.1397051100166635,0.9949347927367711,1.0203316843525083,0.9482246090172146,1.1479879946177938,1.0345097688246434,1.1853320223810209,1.056554641796184,0.9026244406082566,0.8656114586396509,1.1581413893854178,1.3101970174392625,0.9875473104751773,0.8488221427702555,0.8752513581515462,1.3205510518579986,1.2512446551362972,1.1180093176138195,1.4636853215743184,1.2260200821316531,1.0725201620826041,1.1517325510399952,1.0166257897241107,1.2458671196309599,1.289872658410891,1.2705111916715046,1.1144020208214218,1.2637226752006554,1.0702669667743732,1.003279285714831,1.031924739642261,1.0041523981745843,1.426642550977506,1.255599403786376,1.0498873709538794,1.0444008947092354,1.1034763540456725,1.4621031875288462,1.0793778531874858,1.2238217913987364,1.1216256245631584,1.2973686407702034,1.3571718470872223,1.512794132717577,0.9551693284880414,1.0465886222229295
88,1.0052808854597375,1.1306167613560598,1.1076900737970077,1.2146163798497347,1.2822258904082255,0.9937865410822667,1.0556305180826107,1.0560317718614807,1.058324362782732,1.0246938187412902,1.06530372006044,1.2661207743725487,1.0491600058470336,0.98329752650848,1.1192792982770887,1.2806570389836511,0.8425042744468092,0.9166621146541716,0.9383271652416963,1.0518032853886705,1.0008364919627004,1.4115749562050675,1.1596397488267285,1.1026562128661586,0.9986546886807409,1.0931495217171314,1.1625366525272112,1.400778820008763,1.2628781083235092,1.0984697684928968,1.1034972676908659,0.9721859533874012,1.5071938035721169,1.622446845203263,0.9827304563529575,1.0154402086250431,0.9886855303489943,1.0630613112164369,0.9603040429432269,1.0639437378832852,1.0794803347177875,1.0343850326480162,1.0627518810506809,1.4578917938099352,0.9795855729256475,1.1791741004594463,1.6250236523133237,0.9570912670399899,1.1413430145233487,0.9246735237575289,1.1499401813013195,1.2769505911496255,1.1768728547568692,1.1254674074412412,1.2300169336630966,1.2957346505873981,1.0205837953820185,1.39597903622438,0.837662468777967,0.9580093055580233,1.067321692537294,1.2172566640161713,1.3680296494046287,1.2976402045753508,1.159201553286773,1.5205254320115178,1.2170736625802765,1.3585325342317858,1.2233949914377535,1.2310792972979743,0.9481014192222927,1.1924285163858759,1.0029550113721144,1.0141823500605416,1.039380090066626,1.124835539817346,0.9304077880945385,1.1632157050923375,1.210140422278323,1.0818762173021477,0.9430058958103282,1.022304988777425,1.1203486168473995,0.9839404220179037,1.1588836904652657,1.1334409398970107,1.116727170464415,1.5837750411003906,1.3056690739064174,1.094318006107446,1.1746513311327842,1.4207785285231047,1.075251928121124,0.8959144195723787,0.8510525265373288,1.1238473915018012,0.9718364024183234,1.0153633591161872,1.0625601154639746,1.2715843962132798,1.178109137329418,1.0051147983678312,1.0757331584158853,1.059880537356785,1.0938720965433617,0.9173214793459219,1.2609677780750495,1.2064808294454281,1.3204376999893985,1.1919863226937908,1.1185644056682718,1.0499840151204292,1.1175143998072339,1.3685289279979156,0.9371511245438178,0.9377725769483646,1.024612330546805,1.1920544736783512,1.1165927226976153,1.0645960701162749,1.2582338135274342,0.9800577990950257,0.9819639516491492,1.3889682672118242,1.299790606978744,0.9607258291444851,1.1203050626246882,0.0,0.9718997294442403,1.3245399919604188,1.0835420144843053,1.1917995537131987,0.9129072088648286,1.157645761448463,1.0718042020955565,0.8765532506847629,1.0008254782259622,0.8324244376003602,1.0658189073699433,1.1026267122533657,1.106221921170034,1.08773232592917,1.2707870505085097,0.7856739151508528,1.4004706293361575,1.154190640069166,1.1459049125221212,1.123783418921039,1.0035507321935029,0.8632000730384078,1.2068661162107899,0.9923357278652642,1.1816627217568403,1.3184316833924818,1.1117920623218986,1.0093935543221286,1.4257074580932296,1.083908245363021,1.3348268029755406,1.109747085130468,0.921431951398598,1.6100837979343008,0.8215238893229071,1.5138687573634417,1.1462736585283757,1.2563325821753346,0.9309373813556031,1.008347636001183,1.0405112229005422,0.8416157814002387,0.9596430102072822,0.9925202233761916,0.8910260845340958,1.6030159709720306,1.3524424529797,1.2036754086515047,1.584903962264274,1.0534869773398627,0.889924363866927,2.174971104065286,1.1574314118114633,1.0308117359132085,0.8495575922794865,1.2255271956023386,0.8630189944720672,1.2812427200665075,1.1728114213655176,1.2080155944392263,0.9928572686057153,1.142497997579376,1.1773740816785758,1.66411070523077,0.0,1.3997830790629127,1.1672231502408683,1.3396802205836487,1.0335253037919387,1.2385916070721599,0.8437272960255882,0.8626944719197629,1.1690536866812535,1.789831164346033,1.0448052956455027,1.5518970985343845,1.06133612813537,1.7964770741385543,1.2843751725082377,1.086925128942853,1.4282025200488118,1.233018049228315,0.9103453171261817,1.06746387834588,1.4776015365081658,0.9754324608333083,1.05013361156821,1.2909503246219616,1.3217864420908494,1.4366941450594306,1.0448906972305716,1.1013966128888832,1.2124021737832367,0.9520161346195839,0.8357152221849645,1.0961175253026567,0.0,0.8973959869314763,1.1762823774784938,1.2368693251015639,1.161964152263859,0.9900102031563459,1.1137337637442783,0.9798069852840556,1.1218337937703882,1.2012521488667214,1.8291327986347956,1.1983808700567133,1.0664733828145827,0.9358524338713555,1.525101716443053,0.7960751959264747,1.0852536072028474,1.4007874481903895,0.860102144017058,1.0525734335751817,1.0585081130809388,1.061354934058955,1.4428595135731848,0.9461356396810077,1.334140562242374,0.9035443520893272,1.0980137937772103,1.4346741032558938,1.1944738585842687,0.9274453119313621,1.0125819924409152,1.1335762633578899,1.213787582377027,0.9995309953930382,0.9941542305656554,1.111321408116031,0.4106093358111231,0.7861362842483646,0.9427096794530213,0.85948870501045,1.2606241915299283,1.1330109976302674,1.0864534416349905,1.359892205155378,0.9357228014387058,1.0274297935557763,0.9250481498320539,1.0159685057502152,1.0758694065874097,1.5918317617406208,1.2417137109572742,1.0234699978610466,1.2108951759792714,0.9698233955867377,1.1519842718745181,1.1480422574053066,1.2834065729853306,1.1224182737180448,1.1733420133119539,1.1203433453909102,0.9232949187226053,1.2741615678734155,0.7987382013956453,0.9865762628059069,1.1208858524782703,0.8894168078639524,1.2621176340613072,1.1832443065770941,1.249556839353677,1.8086018581632246,0.9885736421625826,0.92671412537089,0.9393843751529927,0.6973498245069032,1.3159932015643077,1.3659178602501016,1.5656983757356167,1.142347272530814,1.04026685395264,1.2001808841093224,1.1962592058995902,1.1031783757599114,1.6311170597981453,1.0623266721014222,1.0225045076811459,1.1012583641479852,1.247935836122788,1.0113897729519046,1.0700746021121321,1.1723457306224114,0.9752045976945791,1.047274073232098,0.8811036465718173,1.0876910034688891,1.0624074059676782,1.0318899768393588,1.0445130019735591,1.194537976893344,1.117196449576043,1.5123959298798644,0.9622704613897393,1.5021214130291873,1.0401930196683493,1.2763177160549306,1.0380808362866794,1.0983510124939226,1.1325302372081136,1.2411303157445401,0.8899981962062398,0.9366694307955119,0.9658240178989801,0.9525420120888557,0.9390172839306329,1.0417373801764453,1.4051656387181932,1.564748365424974,1.5719765651665702,1.0549306797371814,1.1521507953129166,1.2512463429654195,1.4544475588009056,0.9962574137407803,0.9453027648676331,0.9425420663386155,1.3917157683569275,1.2356306706302465,0.9101920837533497,1.045328962282386,0.986996163910721,1.100630328646829,1.1021365458446648,1.0317020927374816,1.0345186086733524,1.4864296016839287,1.0360800079742734,1.529770632210222,0.8847420097102466,1.047805867179128,0.8740289120518476,1.073665725585851,1.056243722913276,1.1428844229955717,1.323528416855187,1.0154729889798157,1.3923261120087091,1.1491724659279936,0.7855486197216365,0.9703189617670122,1.0289040372024076,1.3682861996897313,1.1560766390774302,0.8615828670834305,0.889240972134507,1.0701757978224928,1.2520555143184358,0.9999627304032108,1.3378093949533458,0.9942587049365421,1.0936189696003704,1.1097506728010282,1.4360447346805105,1.3439273956953348,1.401886585509407,1.4088856927185527,1.066840854461434,1.24605692230597,1.1926110922785305,0.9409832134223932,1.3736936385260259,0.9815106252964412,1.0941576160157798,0.9977215455182975,1.1776630402205188,0.9447985498669815,1.1053155652841413,1.0533089566447054,1.2297134363418167,1.1145936718968337,1.0258199177148064,1.1943349564328591,1.0435540228712838,1.1622304886831498,1.043914041666702,1.1924961831109457,1.156936643321914,1.440094673826681,1.097493987338169,1.1503525328304085,0.9106399989301164,1.1501448661136449,1.3191386070058884,1.0970530655701614,1.5463322253660077,0.9512604903421946,1.0341001890740942,1.0109493416936397,0.9322997403730587,0.9225454749095947,1.445465264677977,1.264172765210855,1.336937919467104,1.493528058162436,1.0600318806601803,1.215762212997252,0.7901690405660179,1.2461396561366227,0.8965495431831876,0.957201503799942,1.0542044070481555,0.9864344046870661,1.2873984213244802,1.2545873661149103,1.3652511478700455,1.159260443013907,1.0688803510392653,1.1306408027086523,1.0183996174579992,1.39162898520911,1.0080479832436258,0.8063479419352451,1.0765642349486773,1.234687860398648,1.2117301240264915,1.0697427027424395,0.9258609881180282,1.0397704781768469,1.136263096490466,1.1163994506812094,0.947833556590868,1.0962610733473117,0.9853213474957028,1.048328131470694,0.9261176026515827,1.153011836431693,1.095698570449636,1.342256258232457,0.9774979985714534,1.103187480605831,1.2296481044309369,1.0861050544321431,1.1140624120162281,0.951015054075397,0.9139070165975448,1.3411137577088765,1.3670202825504165,1.2735028300531999,0.9869828843714952,1.075953214253301,1.0282146188277035,0.9364999510111873,0.9765722473243509,1.0306525101517137,1.1306577191782283,1.1556849858916927,1.4087876981674448,1.4631832161542966,1.0491754359327508,0.9878816215396301,1.2053275349701171,0.9841420726348786,1.0461324694286145,1.337233204653216,0.960727567220822,0.9871984218220657,1.1018525001068267,1.179810092438124,1.1917309194102397,1.2445872406369738,0.9156617507903106,0.9133028687671918,1.2630660653686543,1.2447176508729871,1.1245548000798467,1.6141960546090006,1.036914479793653,1.0103439313977143,0.943260720798921,1.1098723011773843,1.0327894949126308,1.142634129419586,0.973982255133969,1.3151139694142373,1.0772456608881655,1.5066277099153105,1.2039563219821008,1.4625742390673937,0.8806005693864832,1.2020197086420983,1.0956330098197629,1.2082542295936523,1.1799421008414437,0.8728651101688659,1.1198836738842324,1.125351247355458,0.8316658164970688,1.2363127396884124,1.386119024446134,1.5076821780964644,1.0877509295066883,1.0926004856030933,1.1055816836850814,1.334847740623683,1.3706545883107846,1.0086654648632656,1.2571371145424486,1.3662423764463203,1.0158704906243283,0.9333665857793884,1.1473881485391242,1.1487828127138635,1.1896372047116548,1.3894660486092214,0.8866771009138724,1.03274708618188,0.9363758689547194,1.0645568260541625,1.2403530761316912,1.0384695221281492,1.0199436285607706,1.1196533524009595,1.0381141750192544,1.205527940305437,1.1489215506066839,1.08284426465719,0.899986019976222,1.0351262476311525,0.9690105177243622,1.3046259742359787,1.0720714447366846,1.0712586656006906,1.162509909806218,0.8971558073798525,1.0491025692763807,0.962027018422223,0.8896346668242661,1.141315279810041,0.8101948038493414,0.8012025056778472,0.911609083747467,1.1583834828625883,1.6088265798789156,1.2628895800815592,1.360274954450915,1.1300177455591667,1.215618401770446,1.1521632935877206,0.9433679310727388,0.9491453506118218,0.9466438600878468,1.1351282615788185,1.1177381760897327,1.2223913291669033,0.9987274916537043,1.1113876228723445,0.8695528378166816,0.8396360110165981,1.0238192092597846,1.2940828834702005,1.3496455113830466,1.0853459683297382,1.016594584202596,0.8704766431596809,1.171806210717674,1.0368316238177218,1.1701535586885572,0.727423929319165,1.5162254085665394,1.379600673946995,0.9301026688602824,0.8857664792144084,1.0269764455274648,1.0043478053509447,1.2712750566431505,0.8690630417221537,1.4507459206749895,1.3035643578082377,0.9695651833997279,1.6749089513332924,1.2214035551676412,0.960006629605777,1.1879001966502183,1.0686669031282694,1.0811105899722908,0.9875060478394853,0.9067650949475714,0.9848841718495092,1.4872721135828635,1.4430671679881666,1.1899255330736367,1.0209899330648056,1.0956455597376205,1.3474164606343209,1.03548841593809,1.471443477462106,1.018376401573077,0.9867688210020416,1.1113237277661412,0.9763638832115438,0.8620420575503052,1.433623961248921,1.0545657325845277,1.0626725786171822,1.1050671033322863,0.9756672692100454,0.9400056303202173,0.8969170618324515,0.9387076593639759,1.2756945955048198,1.263598680138069,1.1622832124390603,0.9245759449391985,0.8140760020235434,1.5402820832364048,1.0697364537446523,0.9944010069802676,0.8946938475289129,1.0731667306359556,1.0549352819865443,1.0927236898088222,0.9509851929365731,1.0909698721376646,0.9462735923545214,1.55270659347607,1.0359480576438977,1.2082848575983387,1.3593538129571308,1.008333246306352,0.9147726636265245,0.8670626095189415,1.171142208617887,1.1842035048920103,1.1500687737096915,0.9611440533598492,1.3097824152169246,1.3236754840513094,1.003705967379015,0.9520637318991272,0.8568493226065074,0.9668577113326717,1.20432336112848,1.0825831252896907,1.2280710337654748,0.9553469410198088,1.094047134565232,1.0817346038116518,1.2187023954180445,1.4856476746208025,0.9619909157790619,0.891098276559824,1.3312654246190372,1.1637570553413505,1.100496081678959,1.060328297345025,0.907109048079452,1.2849829182462862,1.2107894230369718,1.250549433018886,0.8738243143632544,1.0325480640551499,0.9753504091725482,1.1946433491315824,1.1333650615629567,1.128167403964345,1.2344889485632091,1.0677478688067876,1.057179863265895,1.2363861184616096,1.3309486289863668,1.3662128836778629,1.2643447662961669,1.2642578208761717,1.0039614350320587,1.1488814313262683,1.084462823242277,1.137158294771066,1.1593412890990045,1.4063194968889594,1.628553613302205,1.031881548336047,1.0796895298708826,1.0085117140991329,1.1796425594376307,0.9792478263046493,0.9189567307503501,0.9767444627008116,1.133381170898127,0.9914044077173164,1.0716896495169124,1.080303484553713,1.5489802097709773,1.189344771794664,0.9496048045987703,1.1835622098759848,1.1865804596923788,1.0164476211168312,0.9413215525836534,1.4071723412199906,1.2022814071390162,1.1252978831325289,0.9384435728440115,1.298235415402179,0.9934071505121127,1.0637956735643557,0.9454275731314533,0.8473996902614569,1.1108899511791623,1.6411201325885925,1.1428091713176127,0.9956223600645591,1.0294721593799838,0.928562188189133,1.0876477535120954,0.9396066436233841,1.4471911955111376,1.29724432713029,1.0836750484262676,0.87385324425641,1.4330307663794506,0.9608872766443222,0.9950477649919414,0.8760034147173823,0.8792117562555869,1.4126310000096014,0.9478910561724013,0.9429136867546221,1.1614043865979395,1.4527196410578789,1.4798762197218907,1.5213323133259964,1.2610560479420094,1.0221807628451922,1.4985197757363706,0.963138444906724,1.0834996657646778,2.3858881112190273,1.2699194334729138,1.010517048420049,1.2191844763330306,1.286317434732896,0.7369557344415478,1.1386177385935983,1.1464721153720236,1.0560698265575819,1.153632248666986,0.947167030601475,1.0155654660325835,1.1472562526715535,1.6679343248997518,0.9794168356425603,1.1585543701986456,1.13226373773438,1.1472749334062138,1.011274673407339,1.1578810828559019,0.8600379941104944,0.868869202710453,1.28495130851277,1.5915893678200361,0.9190012301792917,1.4242337478068623,0.8829038471298762,1.3243563402742455,1.1067463224233984,0.9963608691688299,0.9916194551006077,0.9660390025655287,1.6378135811140204,1.1403124513202862,1.1862084804496378,0.943619356231948,1.1759872232309263,1.036712949574567,1.2344778412955149,1.2018423489325927,1.5669433844742942,1.137820796617281,0.9067826914884685,1.3277591799867663,1.0689439126848894,1.302784659756535,1.2370385117523857,1.0451968451634095,1.0576383002473344,0.9806031388337382,1.1337332200349686,0.9332564492696914,1.083534054195252,1.0964009170034092,1.1002704571380257,1.178011942346631,1.0528588214968335,1.0981593432085917,1.3449929499491664,1.1693704407685166,0.8451224312620256,0.8337802869292781,1.30225321199739,1.0920339710773561,1.2797999386801195,1.5069720530946151,0.9716461984978202,1.0782175498240556,1.1511499896991235,1.0699587576329435,0.8894920342630703,1.0697194591194785,1.3149336408416898,1.251493171570057,0.8101762264009622,0.8832400980136106,0.9270320421350866,1.2544348233736005,0.9590225006092015,0.8435133477053515,0.9200752357129791,1.0208845526277561,1.2662237554345088,0.8900702057789756,0.8737330512241263,1.1940304262987744,1.1402579677642206,0.9018333740005933,1.1907152315741576,0.9141326116902865,1.0507632392624808,1.3003699782810212,0.9454496449543113,1.0298797735278935,1.0126418854738601,1.3818673985663221,0.8520895364381044,0.9716009522946611,1.1890456977426074,1.1182180568885665,1.0617482975091932,1.2480528103120718,0.8425817196852866,1.2175397376115642,0.9421199112970914,1.0993949550754079,1.109760590694381,0.9925782659952895,1.0244403901229688,1.030721617439948,0.9690693958709443,1.1458638924940185,1.032687697747568,1.206154122436535,1.1033323820894914,0.991340200270318,1.2990148363992546,1.1596545981541808,1.3061662713736868,1.18201249692924,1.6279702077006755,1.2082457643841327,1.1131916511379487,1.704217658419085,0.8911009304701665,0.7701258543893759,1.050708363413451,0.9288647820129278,1.2188905427533314,1.0085023515804885,1.0561835317752357,0.8747845199290758,1.0764071068200014,1.5825251803800202,1.1550078000304373,0.897612485124933,1.4338405413836952,1.066683997082019,1.0214550916563012,0.9243133126435339,1.0540923966374178,1.1106041693498991,1.0266763069595022,1.5416185800278206,0.8635944452790407,1.0488811321005556,1.1344052633741535,1.2201086902770881,1.3166224047255897,1.3150381511521307,1.093431610335667,1.4606999102597094,1.1366215409463931,1.0462216041473915,1.1198932947546023,1.2428716249860776,1.1952391307535504,1.409924140752892,1.6246550044281456,1.233098439329831,0.9995398025598058,1.1042696376770045,1.19814243523848,0.8432591054621073,0.772606036391262,0.8801795245589737,1.0630137675653177,1.3670833353122598,1.1487362892144535,0.9854905385906872,0.9212476313478342,1.1740573641175402,1.2207069385585596,1.014304823848882,1.1865934460434742,0.9522045696786321,1.0818076228918398,0.9247187332314072,1.098712822583407,1.6511968090358085,0.8830423104968239,1.3044262699861628,1.1590602107045913,0.8959260450739027,0.9308271003645753,1.0142506143751675,0.8312444088558941,1.1590533309767137,1.0735420799319049,1.1179644886768605,0.8208275625112242,1.030883166036722,1.3836802173688074,0.9972122447142446,0.980199290557059,0.928234338516261,1.1782811246595228,0.9801726402094013,1.0094047721199957,0.9615808415481487,1.0881597482653516,1.0104159721724741,1.2053512302083895,1.042468662856228,0.90350987825306,0.9123230540522299,1.1589137140292216,1.179992433591176,0.9809638881947501,0.8395178089721765,0.8798689410333977,1.3682216844953732,1.2059069638894657,1.1685285122565678,1.4305609228234688,1.0997293072260135,1.072281611816186,1.12316588966229,1.0515204689788287,1.2490051918321676,1.2467583851729709,1.2597335007066222,1.1838542514465589,1.3472318618248875,1.0880497287928375,1.0373288137698795,1.0078810302470695,1.0778940952752696,1.399564249848422,1.310041148077815,1.1060440396357167,1.0456366827437185,1.1235813115142261,1.4267180930761645,1.0610581334149631,1.1881916284061982,1.1006942472691832,1.255681650697637,1.3098344748668485,1.673726352324135,0.9783355778684724,1.0589551789480145
89,1.0077231040984371,1.1055321349819445,1.1601915739655935,1.3162402471811787,1.1924601688563294,1.0120527413284681,1.085396428939339,1.0187046539936153,1.0469746344883994,1.0690687100928398,1.0583310005835056,1.2831123502573583,1.0118917815578785,0.9754958486296593,1.0931630731161635,1.2705075386424556,0.8104755322896081,0.9447538894627687,0.8908550140838438,1.0231208133947354,0.9471360246433522,1.300683435345991,1.161409654272319,1.0753738480442645,1.056163226776317,1.1134937668380975,1.1988193822207047,1.3316464239759864,1.3109759449665825,1.1261985846738638,1.081609778681356,0.9473116667505029,1.5278038677479027,1.70560065495261,0.9054788984791944,0.9671949099119038,1.0277318695139672,0.961279884312411,0.9587166146491004,1.047711445241124,1.0999378239394098,1.1105477685061904,1.1426552045200458,1.4271727121392948,0.9771388508956447,1.2129048203152124,1.560853777664456,0.8904759947480344,1.086737828846897,1.0042700516199272,1.1453330388509826,1.291589870248813,1.1630190647608218,1.0315085121081742,1.2949486519288989,1.2565142359869783,0.9662722004698984,1.3912686073825369,0.8298119775764001,1.0078526398326197,1.0429814048052286,1.2254279377768849,1.352093341541978,1.2639140033839555,1.1400193234093483,1.4823242594701214,1.1086258133145426,1.3413725214461154,1.1856720189697487,1.1869934983619386,1.0106409860674688,1.2011969871814352,1.0451127587914781,1.03479119886385,1.0536085555241617,1.1960651401358728,0.9228861491361087,1.0538919299990852,1.2631358229268184,1.1117015012376514,0.9629517698059669,1.0377408283376837,1.112441107051995,0.9549579847391756,1.1588404610507128,1.1172449812543999,1.1283560431502813,1.5297321295787323,1.3752346755064624,1.108751655628729,1.1444723225365485,1.4198620863648905,1.0284454945568051,0.9014785425376743,0.8537549788346223,1.150973441443884,0.9904799246190724,0.9551264817885391,0.9948237356222758,1.2423370325636078,1.2212144146370119,1.0090046013977312,1.0900482219839205,0.9892006486181542,1.2103499316912743,0.9004481588046657,1.2672204111174905,1.1646649804078386,1.2878581369958546,1.1563230948185805,1.0900699055357157,0.9649840791503254,1.2349944771350176,1.4222530979652077,0.9430553131273242,0.9662939749195284,1.0909375760798272,1.1691335933410958,1.0396173875230983,1.0386665161760917,1.254655424082799,1.019001718107279,1.0280887458642376,1.431556068056946,1.2137071261058283,0.9175736114733872,1.152107513503673,0.0,1.064186703126221,1.3195512800769085,1.071092231491796,1.1367812298551538,0.8948872188954013,1.1073963061453556,1.043856846622284,0.8562738998288542,0.9592435713389456,0.8516798284924175,1.0652546397207063,1.1295502244484312,1.2755315618581902,1.1437494553626069,1.2703644935256897,0.8313735989794184,1.4315736815065812,1.1832742413658006,1.2159989465569407,1.101069738545171,1.088245135712707,0.8774285325191498,1.1429208558689334,1.0216335215520944,1.1353416861548071,1.3333860869883167,1.1329015420342066,0.9601018513440602,1.4143269377747707,1.0376223788258496,1.322070916245174,1.0468340641462373,0.9011011471350383,1.7238111944643135,0.803702394280765,1.5334523610674573,1.118478311323776,1.2469298868273662,0.8573799111743249,1.0668028101100893,1.0728360653288596,0.7831213188058933,0.9843599685656467,0.9701094691894963,0.8847364806397788,1.4920645413369757,1.3860687816265502,1.1900921753953035,1.6803370428254538,1.0928637797721112,0.9231732040285692,1.7966500062153654,1.0286080279914707,0.980851484565423,0.8461718695642515,1.3593501653022493,0.9241076404143331,1.2357218598435735,1.2534769382713509,1.1974874125007817,0.9917653962850759,1.0494328837850864,1.1568608208394695,1.5605435623391875,0.0,1.3953956495374573,1.222808522526286,1.2882546297994226,1.1224529416905127,1.2441182559524444,0.841717016658477,0.9398916334890853,1.2046357226811535,1.7012805343172643,1.0578040107210593,1.5065365770742556,0.9821486325475453,1.592067549965798,1.3469633627370585,1.0590078974523882,1.3063820050958759,1.226499520627718,0.924307037302717,1.0112528886160406,1.4594441674184224,0.9764168483659017,1.0856156731914863,1.3617738193091784,1.3204301858612235,1.4186456898530335,0.9999688484908099,1.084163686855263,1.1700523089214998,0.8871755911880502,0.8551746186080121,1.1277391697589654,0.0,0.863628039172551,1.0820147491902223,1.1702120443710078,1.1272207926951812,1.0429667167969816,1.0292749640463557,0.9278610193272732,1.137795909159701,1.2812632485126503,1.83860068965887,1.1272586644026708,1.0930722629983531,0.9581542647385761,1.472951549920313,0.8294792150268551,1.041727060895018,1.382137323908473,0.9498120639516765,1.0683439913495705,1.1009860827769966,0.9584347399506167,1.264670301722521,0.996102576047193,1.3679754758083815,1.0681121085475611,0.9828873730665975,1.466211946548442,1.118300850924625,0.9867381460469249,1.0964479018991629,1.0706053123038646,1.186637393754541,1.0224223993671115,1.0189373229311969,1.125465105780684,0.20530466790556154,0.8477071467315352,0.9597699849333193,0.8560163801002936,1.224820403413604,1.026420144107554,1.1245453237894478,1.3145863333157468,0.9426168707328191,1.059860562190194,0.9251049249177361,0.9754375605869239,1.0753934251399784,1.5304684769098231,1.215783283132714,0.9603953475524867,1.1868003047229863,0.9788375796325486,1.0633352877038136,1.0834090504988738,1.2539637837577797,1.0601766203064953,1.1908589824167604,1.2135997725979468,0.9295122191284421,1.2000087416117835,0.8085171283141568,0.8819483065826486,1.1120648143385998,0.8875926558056336,1.1810921366822256,1.2044988042501024,1.189780317400734,1.8994305637454114,0.9054313327759007,0.9286397906865338,0.9401154182661743,0.8696646351916755,1.364902304718049,1.3953923139201305,1.4574513299496903,1.1559225402618747,1.018696340028676,1.2416096330755635,1.195816344513777,1.1279952607557382,1.668354329541754,1.134814623352971,0.9889824776780014,1.1320719594321786,1.2988714312276546,1.0249956280959764,1.0368778303517976,1.1545346117483564,0.991986977986002,1.0361380148555912,0.9064401545486325,1.1103318934901862,1.0656286257240133,1.0555820021905677,1.0103033066112443,1.195159986082843,1.1255952617913776,1.3641874055332,0.8992823286778089,1.3929970578157964,1.1118499743757162,1.3223601510113934,1.0451779658747153,1.0793797868508845,1.0372997731094198,1.235100206334894,0.9063263692847172,0.9847469094741267,1.1060379779869716,0.9855089020268158,0.9117044932306709,1.0588747357089758,1.358442614504697,1.5255750731043132,1.5355499903534757,1.1670724096965586,1.129073494686282,1.2041314079921253,1.4374931200467467,0.9852375978399209,0.9136645224623489,1.0205361983639043,1.3031125449446366,1.1793355414700168,0.9019165981676953,1.049979723309008,0.9787781272993675,1.0981193615796714,1.0514521410213145,0.9502679109024621,1.0499651955973637,1.6244683833908549,1.0119947132715437,1.5193145453604475,0.9102224701542053,1.0230878016795801,0.862255430855569,1.025981834142721,1.0596495492315123,1.0708791271584042,1.2747647551997803,0.9708218038384204,1.4311355325145445,1.1229460102451938,0.8143564681070496,0.9911294181856691,0.9736513765336275,1.2828450414126953,1.1772965880294006,0.9846808039716964,0.92817786565679,1.129397232570855,1.290990704559687,1.0086038008563611,1.2707379952797924,1.0450125618462773,1.0639558403171336,1.0719498796085196,1.3512655722156872,1.3495803954345318,1.5489732567576477,1.393330280160078,0.9984193110377473,1.2571710173915798,1.1809799934635918,0.9578940706567756,1.2431269798753544,0.9879507639316779,1.1117305196823661,0.9861627997468194,1.1928836938365537,0.9093875821951763,1.1132640913718796,1.0393917932407097,1.2172971011205982,1.2089750652366797,0.9898948691071241,1.1421769832651525,0.9732647238388733,1.0948227097073266,0.9439369788138193,1.1272487852058477,1.1326338639661873,1.4206299036048868,1.1278691733341941,1.1935290272276349,0.9150770085415588,1.167867037270999,1.2547879934087272,1.1527230468466783,1.4652381675647663,0.9842318011673553,1.0105118461521776,1.0051433927627824,0.9234038063639595,0.9088312989417993,1.4451850658030674,1.25247005133349,1.2555937900589145,1.4424189979849804,1.053601510387693,1.1333143510334485,0.73878155975133,1.2689191507706903,0.956416061134669,1.0390324571473106,1.0535671196968073,1.0100743653433297,1.315302691427647,1.1861396328308198,1.4078737264009622,1.1715223812290616,1.072464774689061,1.084916908841739,1.008656853083461,1.3445715941215735,0.9554812402672954,0.7992052755387036,1.089283935490212,1.2126006916345649,1.10802290274431,1.0326643776783788,0.9783159707920288,1.0688181385997335,1.1680333869039088,1.101900500178545,1.0136541694294754,1.0308504772228293,1.0206206536847937,0.9970242342771934,0.9345653853097556,1.1942607396262892,1.1175781289147761,1.387103745779094,0.9767899447864757,1.104287216509839,1.1823314305796773,1.0213503208605736,0.9852917993856806,0.9794596365957158,0.8909341596793136,1.253640505831842,1.671977421274288,1.208729203883105,1.0026671593087555,0.9770001575073632,0.9851601882664573,0.9594814947395277,0.9679880856385243,0.9763843997656623,1.1006020749238683,1.209489203015734,1.3672790350105384,1.3674767003403387,1.0942656648595062,0.9768926044481299,1.2456029826530601,0.9385985068680016,1.048351810305387,1.2968851969391775,0.9771090642926705,0.9639183387615453,1.0966485263047963,1.0982706081056601,1.1246484351648127,1.266775441835109,0.8385977876816855,0.8952064843955836,1.1775702936323356,1.268026541497211,1.1173828210049022,1.6313128116667188,1.0441811080593026,1.019845784161435,1.0055115790067204,1.1005130457926162,1.077177810293048,1.2033195122696618,0.9687122763739477,1.3487509319342843,1.195647281650648,1.4692563763374702,1.2834465381421265,1.312595354046813,0.910003118684547,1.1943297625994336,1.0475658726070816,1.2220068174697054,1.1574610510317709,0.8684199256473902,1.0401915767453356,1.1591716546993367,0.8596687521960003,1.263310242811313,1.380110531103328,1.479595542197778,1.0514624343114323,1.1008094412436333,1.1969934757031826,1.3280808365400385,1.3436396983362913,1.0047024041691803,1.206470779947292,1.308196702717487,1.0348786401786128,1.0286693002142349,1.0371658576110814,1.0925143371097996,1.1466583530143373,1.3842525059080448,0.8793669153254895,0.908944258525132,0.8783235112055103,1.0462321543759945,1.168634925024703,1.0937024403015774,1.0702287410992288,1.1672561390708727,1.0869932938920193,1.17025192944027,1.1542755502611401,1.1027894107649672,0.8394450940445009,1.0445625731871138,1.0424924800344029,1.318640019008686,1.0287553168984436,1.0037425753800022,1.0874344086692085,0.9516945283876477,1.0423196105587218,0.9617070838776709,0.8845593094208022,1.136899342737223,0.7926863702303268,0.8049587690731107,0.8955346423225781,1.1883501864884,1.7564511954916986,1.3282705106070345,1.3545225978197943,1.1481600520890445,1.2458689218322414,1.1651757381739316,0.9543293670391673,0.9288862810776409,0.9728974428846043,1.152603046333959,1.0893987282093625,1.2582889793062542,0.9674450512574538,1.0773199015843535,0.9070912514862199,0.9002712876079793,1.0675238264231242,1.3262701423614125,1.3688368061689333,1.04637317557575,1.007226217208669,0.910311159469307,1.1358931599898603,1.072576932170485,1.1462822208262318,0.725001714040416,1.5420483352471082,1.297222791271908,0.9029372180245262,0.8565688867853258,0.9898926337807612,0.9191626332399825,1.2246688326661241,0.9057525821750679,1.2633664445647559,1.3132289897764795,0.9267425454466354,1.6343883601083935,1.081060145582965,0.975112610256935,1.1455172801543667,1.0901132370733986,1.0618154591289448,0.9938794757168459,0.9749574814731148,1.0641836303971548,1.50588207646601,1.4793745923786221,1.2145235796220701,0.9824545088164736,1.0975595887937013,1.356681731899029,1.0006835243875138,1.4646524339309874,1.051180282362071,1.0907328303063257,1.0586666198133219,0.9544363357573797,0.8481627347171076,1.5333468763374873,1.0208464163251443,1.0102976000401644,1.0975540936068693,0.9562204179600804,0.938773286459981,0.8211509367106433,0.9246998109773522,1.1750655753914292,1.1488014150748522,1.190324397744243,0.8948503709641954,0.831063089910666,1.5058082149840448,1.0645463663958643,1.0185545611822246,0.9469983649927929,1.1025712612548346,1.0649528133866266,1.055108245995649,0.9659265791748612,1.0893577010871318,0.9090418486698341,1.468052254355175,1.0368217524594088,1.3245392067541826,1.3603845929407161,0.9163903210398459,0.9316606059519651,0.8652886837623821,1.1219668912259146,1.0786540833083578,1.1486116153731043,0.9572132871684325,1.2621052573168345,1.3246704908322018,0.9911471600085324,1.0084098192110356,0.7884994440143062,0.9256349275274425,1.3238571974469242,1.0560533497790376,1.239550051105409,1.030275600508161,1.1108141310864434,1.0403648909028254,1.2514309958279553,1.4015090275296722,0.9723817434528692,0.8779223284495218,1.3527413500248975,1.1785771163702996,1.1096472486988134,1.0203122175547545,0.8714224755923172,1.3192329971743813,1.2519931174559393,1.2291478443265693,0.9186129724685852,1.1480726980435392,0.9439764432309039,1.091994320629066,1.1999950159837134,1.1261615094728858,1.2607121155432726,1.071964739347683,1.0669704162084162,1.2039170745232897,1.46524205220876,1.2774944425413348,1.1989253132865494,1.3046649396513632,1.0896907047410282,1.1115206063725418,1.018074712729785,1.1406841887057748,1.1773580281336542,1.460869788798146,1.552721386730005,1.0117187442816795,1.035422145813665,0.9675110046327675,1.1553004247838956,0.9505350905852629,0.9022714559525951,1.0596246278621524,1.1914608496973456,1.0433834434625298,0.9728065071504332,1.2091259229991245,1.425456286503335,1.2697025020752202,0.9151910352308947,1.1548325195848137,1.2146339829985737,0.991681041977541,0.9616245237260441,1.3802386305026586,1.0985194370637865,1.143820173521169,0.9109462271654569,1.3121175616373448,1.0071593543355497,1.0247863284627008,0.9403869076279858,0.8800083419966578,1.0966691688995114,1.6317027036229366,1.1604910713169476,1.0372950007620296,0.9924963086305402,0.8754632798264548,1.0971985304702279,0.893949943236062,1.4863926181563116,1.197641107756502,1.098156511922883,0.8477641017670653,1.30831734546098,0.9630457523224065,1.065740569655714,0.9110012117987444,0.8397213642800444,1.4968644435411185,0.9813522394796048,1.0125883315357997,1.0869380223378053,1.488389184716569,1.4404324673886617,1.5072903909593323,1.3078312823427478,0.9915036314461885,1.4093469677758825,0.9952980285264994,1.1230934658176377,2.622271307710382,1.3001716248216946,0.9333288687237067,1.1611040100545358,1.3485190903056166,0.6969295050766333,1.1466973297230778,1.1923996509534274,1.1322594170561735,1.2510505868761133,0.9897873669624513,0.9824986247880618,1.1059611643845106,1.6795268682571143,1.0196639694747431,1.1046471870184238,1.0992904573137015,1.192274627448688,1.0482180660350182,1.1368346733909083,0.9442677567608367,0.802709469103956,1.259470742327599,1.5605173225114133,0.8938566722820918,1.3979806693911119,0.8271522168567547,1.309044722527826,0.9639596450348444,0.9787869989175185,1.006327906413183,0.9891815173797986,1.5153443174064627,1.1446441841470332,1.1343190036152409,0.9548945496376473,1.2276830508057446,1.0533032938982487,1.2786581395819658,1.1328027813658306,1.5278447475496697,1.063486727742159,0.9314559216374606,1.364391009597139,0.9923907213771053,1.3242179397542502,1.2026514466012976,0.9660577726197425,1.086188025225686,0.9845899467945499,1.064293504498618,0.9554141741002339,1.0825261576250806,1.0322668170196387,1.1148877933698793,1.2103570531186545,1.0804430546240626,1.086383622760314,1.3334456823116205,1.1712644854232246,0.8487821429504225,0.8407911708187696,1.2867478111963742,1.030985766547747,1.2562903075299634,1.8026236606998314,1.0584817208247623,1.0004145620819962,1.0878542611351856,1.052495870231134,0.8291683294703547,1.028586728078542,1.4263713322005118,1.2563892444206175,0.7732271106273997,0.8783329137878755,0.9029976293741032,1.1717293153568809,0.9383311634880278,0.8388770659485902,1.0078189169085339,0.9773017260307542,1.233147457182242,0.9297587154025433,0.8875868650600489,1.1467803457442574,1.1425681618736223,0.894303918558785,1.2121364517941062,0.8703986756524447,1.0607926612707748,1.1264434872370617,1.054699614048907,1.0298614292459405,1.0770695646979886,1.4187405627041858,0.8425017477454706,0.9946003717260694,1.166983463433459,1.0933920199379046,1.043318757694678,1.1899064634133039,0.7915786198230397,1.3314727981438517,0.8556486068579316,1.0937310907109998,1.1288624269693655,0.9872419609456224,1.0462875529699325,1.0540334460348268,0.9210561949477699,1.1141153075123698,0.9855779644103814,1.1735937628852429,1.097355334835333,1.0040532115157477,1.3394959470702117,1.1249933030621007,1.2486366659950519,1.1235913702162459,1.580538993757724,1.2545147004892314,1.0538972085685312,1.718272607907028,0.9742723781242009,0.7313195830027619,1.055087878678183,1.0112708338925027,1.2572943882870333,1.0552841697017512,1.0038007301135339,0.7850696219726464,1.1172885910064316,1.54989466113661,1.1213568465860648,0.9332715059060015,1.3739020340973251,1.0097472159522174,1.0399250184012345,0.9384436857113024,0.9906890383610527,1.0902665426701335,1.1652178424885986,1.4994074800176165,0.8786366315636626,1.0219844562788905,1.0381050803974994,1.2163990275030665,1.3822086300877034,1.3550034806783398,1.0811144066765754,1.4722630819022835,1.1130360782001105,1.0201424552966303,1.0945222227536384,1.2173238776070345,1.191368082486663,1.486270819910074,1.637194879590413,1.2532026921128814,0.9894360066069634,1.1270346138747196,1.217971356827578,0.8658474450877517,0.8017100203032206,0.8487659869366408,1.0443347527344307,1.3174605978836609,1.1114990721674,0.9177807379332791,0.9205782958410194,1.1515929657367685,1.16714944956773,0.9623277285320135,1.1346501659030965,1.013175765431922,1.079483079673428,0.9715441916094889,1.0664615214712971,1.6313194093453802,0.9137975642062242,1.2640605972065506,1.2011337852654047,0.8850660452900233,0.834490062270264,0.9974717428926478,0.8427744732897215,1.207356204457552,1.098590632764508,1.136941154823785,0.8464095589541749,1.0289650009309024,1.5207918898854844,1.0342681164190852,0.9536754598091657,1.0020559721166968,1.1865196656250807,1.0317067482650548,0.9761816406436358,0.9619184354596232,1.0638716112656215,1.0374236409820288,1.2341825451083914,1.033475129880404,0.8920773213895572,1.0055781104182584,1.157035832455565,1.1431461146989323,1.0473102941500319,0.8192676569543234,0.8771382901985617,1.3772832045984988,1.1135316962003228,1.1970163883303866,1.3583241797205312,0.9846341000346615,1.1106555931612527,1.1214367350558643,1.0632347441596297,1.265745474454096,1.15895533928605,1.1973526286027356,1.1381297964296888,1.4323102430369663,1.189251093726627,1.075835604092187,0.9903890602475783,1.086334376467134,1.408732872823363,1.3306310870945255,1.1135961535778534,1.0573309178855608,1.1689539006648102,1.4854044428136897,1.034249440956658,1.1710087290914115,1.1501588611829343,1.199813995421636,1.1813578424418862,1.7157249669748715,0.9828962939291581,1.0625903655971718
90,0.9419921127813415,1.0448669826840482,1.1749425794389143,1.2977094097991084,1.0119405413738667,1.0833362322471745,1.137424738085056,1.0304523493302986,1.0374490629618338,1.1478813516374622,1.018316019953138,1.2924124990671757,1.017867571229059,0.9502487033156832,1.00243398921404,1.1876362654521537,0.7834195697368053,0.9563651296056079,0.8974320036778536,1.0130376647984873,0.9689011750935391,1.2273012340700125,1.119743870705216,1.1066991975827927,1.1040811482650814,1.1178084848645464,1.2360659969829182,1.2264331600217049,1.3453898907981154,1.1189156017039166,1.045656460928126,0.9102146454281418,1.408209976488894,1.7214581019430055,0.921754374562844,0.9310340845646954,1.0351907741419355,0.8475172928379087,1.0376296720995262,1.0399915569467102,1.1950009759073341,1.1797003432160573,1.199394439585947,1.3111345393301646,0.9512570211158772,1.2475716376880615,1.4494132540348086,0.8716222472887446,0.9919690554537777,0.9847123299407259,1.1125299643513378,1.3377775794892095,1.1747382377919493,0.9942566565248869,1.250683574314538,1.3278191362837268,0.921723752842335,1.4121004763431613,0.8393321652751533,1.0237709237843498,1.0877155146120434,1.3009034237791255,1.2732603133648772,1.1562336549163872,1.1574197492519667,1.4427382695265814,1.0162659428932959,1.297487684597904,1.12440191962179,1.2181572362345106,1.0125215731075512,1.181369074442736,1.1118772165092665,1.0832754329539784,1.0129105657575872,1.3150688384740126,0.9331166321176837,0.9608866458513301,1.305843015228209,1.0793091133992045,0.9885346870246601,1.0261614745011132,1.193101881148725,0.9565767972833991,1.1200510693406849,1.0958151517548123,1.1363725729426848,1.5503057683455739,1.3894426218669884,1.100407040706226,1.0793786485956756,1.351558660448398,0.9691151446183054,0.9559811710840692,0.898354212184414,1.1605493051686302,1.0262401845782663,0.9890861157487816,0.9480647101167449,1.240903040004294,1.2093331547181718,1.00846691527068,1.0472867573481663,0.9424922875674923,1.3874069294694316,0.8945013918927992,1.3095620980305818,1.137191109931597,1.203727034454884,1.1588267552512852,1.0444202518837695,0.9263581769683766,1.3208671437547232,1.3943875267125745,0.9432368133894334,1.0143461341884452,1.1243070337452117,1.0730333510749177,0.9597887787467465,1.0728733290180394,1.2682852327200074,1.031589370490733,0.992937948494937,1.4058814497364804,1.1511245004849306,0.8602362081153041,1.2080272319280256,0.0,1.2183345203341132,1.3226380414471555,1.0267053741331804,1.110974670303686,0.9524060574593238,1.0771229738119072,1.025665968420088,0.8992076463244418,0.9798803116112056,0.8766505890899847,1.068225126447638,1.1679891554541233,1.3731709304986464,1.1722458110413663,1.2520552654562325,0.8807123602969705,1.4311374164553365,1.1867186361744915,1.312818449207059,1.0698046516186124,1.1564453848584066,0.8716602306115095,1.1408152896603578,1.0676630474253685,1.068738924997987,1.2870849013677632,1.1278532039289844,0.9479535276664128,1.4710578913116334,0.976847254782515,1.272598687623951,0.9901951516288063,0.8972333917652869,1.8246317749151983,0.7903100092456403,1.5068542034481434,1.0950762436535801,1.2016009441782907,0.8081445336467676,1.2071741737306594,1.0715782403930856,0.8147427716545381,1.0149358661728365,0.9404118939720523,0.9060176317294907,1.389963305909324,1.3623787617389063,1.15913980518848,1.738583682346028,1.132886246371891,0.9320082438099075,1.36584301785381,0.9843970367183563,0.9728235762883723,0.8744470790103107,1.3128704632671546,0.9701597988165208,1.2110216122045356,1.2228769462731877,1.2086826007760545,0.9497682996845114,1.0494391214763197,1.1341471966476924,1.4455264631757836,0.0,1.4112583866955826,1.162409607227569,1.2473505631838344,1.1078744508592766,1.1517953079260908,0.8476283128990321,1.0240918997028678,1.2392199822579897,1.652687684478885,1.0444966119637644,1.3295364305816495,0.898996885695556,1.3908010825042878,1.3035941179034003,1.0377096620607575,1.2419685914797878,1.2601615486967916,0.9335189102261693,0.937570153689684,1.3869500518536284,0.9710966912274765,1.078411908005679,1.422237283121272,1.2725224364666645,1.3981204097157842,0.9528262841279634,1.0519635134210537,1.0960567646429409,0.8152425269862296,0.8584836120681375,1.1521807682176604,0.0,0.8505070954934146,1.009785760818017,1.133610563206607,1.1566114722124268,1.0766006249409243,0.9767853339271313,0.9016165712682676,1.1528883356251143,1.2475357053418574,1.758037158244444,1.0448373874679016,1.0702806273097072,0.9935428332296348,1.4154354069460304,0.8442999234556977,1.0414355538267612,1.2637041079664904,1.1221860470117888,1.1066515959498335,1.1825693395293813,0.9139677592967779,1.1144295983500778,1.0607735999902002,1.4028933976326172,1.1916923209026464,0.952046927052176,1.51376050734344,1.0805061982508006,1.0503648964025272,1.1666735999461222,1.0590311411431623,1.186883198942982,1.0733614311552215,0.9999856446272236,1.11713744870816,0.5132616697639039,0.9409991022887141,0.9684065043242281,0.8501472339085729,1.169427193099812,0.9685062540683222,1.1448109333394907,1.3275692168144602,0.9972006473902402,1.059642831084816,0.9425255450071115,0.9121210872241547,1.0887016282628212,1.38854160201079,1.1707971622504008,0.9304757918853973,1.1220228573593718,1.021172894350653,1.005502521952328,1.03761298542892,1.241775907738785,1.0049053781404056,1.1726145264826653,1.2544530466997934,0.9614859932009604,1.2143189616034846,0.8333174322147889,0.9227255748674368,1.0348997883540436,0.8660242236518692,1.1850517442783897,1.1390016711998614,1.076115401413021,2.0009911743062414,0.8470831484859983,0.9118362178431687,0.8966255006516592,0.9110384928535753,1.3268090301416229,1.3342448402122442,1.4231019419699633,1.0936827262480853,1.0145898865370597,1.2690905468704092,1.185911862474625,1.1256833187123516,1.5364567507777187,1.1612699556184576,0.9961952616091733,1.1883885055111691,1.3647855820278765,1.0697387707939765,1.0156756185308866,1.1355343389612715,1.0193054774653487,1.0275015745555955,0.9183433885058652,1.141232138892521,1.089408477012431,1.0342407566115397,1.0077924160246094,1.1466749838148136,1.1176916602790614,1.276686085549553,0.8451921841260391,1.2517175783364638,1.1587984037057262,1.3309685116283188,1.053807345338149,1.0695565997468972,1.0062524092128518,1.1920173947296817,0.9702873613835457,1.0550323944908788,1.3077635373802703,1.0122583860075447,0.8227591250842338,1.040909643941116,1.3658950328179682,1.3868262548410908,1.527695396812344,1.2572696910009575,1.0983065235759903,1.2051914018834007,1.367541930341655,1.0320730446459832,0.9433416772230758,1.1155807871650674,1.262425804932175,1.0994023976475635,0.9723440227658687,1.0485389814956274,0.9571496097439374,1.0679307902959432,1.0260992135550202,0.9029465444675577,1.0844133880458515,1.608335685180762,0.9553440653329284,1.4965464560088604,0.9137094080199897,1.0057858702986138,0.8583257618583192,1.0218166515262341,1.067645978458561,1.0771864953448778,1.2343618627854611,0.9328090973575389,1.3893891545398218,1.0940725621758691,0.8296386644809478,1.0836075392421105,0.9202570727315458,1.2619406812045888,1.2055621006704926,1.0574412986366453,1.0503595212972439,1.2059986355312011,1.35171599867162,1.0478469454045765,1.1245747057175723,1.0772547507339387,0.9997885475135029,1.0206598645256277,1.303681493109563,1.3174256528929869,1.6143383944164493,1.3595396441175327,0.9475752657390313,1.3714559323116642,1.1299122419356953,0.9403495249213603,1.2869337438155968,0.993010943511307,1.0886149976931325,0.9339581593110409,1.181874608719975,0.937991680641437,1.113102132220054,1.0412164235178911,1.2709964165740175,1.270293626552492,0.9704339251104339,1.1167297717977551,0.910984963525085,0.99273197155611,0.9080753237772062,1.1076457280845335,1.1011601517552179,1.4232940599588055,1.1616398017756284,1.2277059450344525,0.9187054722549914,1.1486693307924074,1.191143324914881,1.093279244936749,1.518439292563567,0.9799454012386887,0.9882285957285165,0.9910446702877087,0.9282148261734309,0.8925496020324177,1.4043543783705048,1.2207694971986138,1.230134541152273,1.4025980477387354,0.9866445993462523,1.0993327666160575,0.657439790053112,1.1837421174100444,0.9763990023145386,1.0825433046096165,1.0903651228614073,0.9341397308411624,1.2974372051471308,1.1905538009747776,1.3755619734173015,1.1906912906456146,1.0502734624188572,1.0146374976460617,1.0089759158302796,1.2616613358812772,0.9630382503415209,0.8065257338834965,1.0784345524602093,1.1941151795259835,0.9064388071190004,1.059017350658113,1.0015180712502652,1.0777274935357966,1.1832488926436269,1.1234078829472156,1.0478081846834595,0.9545993187857084,1.0741879619830939,0.9861849734041561,0.9594594475913929,1.2109789048961601,1.1148454683466202,1.4434192639155583,0.9312253533760122,1.1580792251008316,1.1152102605582976,0.9362631909489904,0.7414659021436212,1.0586870963784607,0.9133997915380441,1.2479363837627755,1.8504514962719778,1.2078106940621778,0.9908122799962191,0.9486976172725929,0.955586051648324,1.0075187355437432,0.9688587974466314,0.955126226103145,1.0903520474554766,1.2229419342677739,1.311267568456417,1.36837741567977,1.1778998318031366,0.9392032524708019,1.3022904505371289,0.9537887008883256,1.0082962639146944,1.3170090435771562,0.962974197996302,0.9441629006067673,1.0712366072337656,1.0401160850236824,1.1421881339616844,1.2482023338784538,0.8243993234154752,0.8978527402625358,1.1122754836136703,1.2646895691072713,1.0516336117408915,1.5552777700070881,1.0945690215368715,1.0048172060715534,1.0242278395528204,1.1277855002356767,1.129885293640235,1.2675913970655017,0.9174766966816694,1.4244591358607672,1.3094061569468174,1.45765337047186,1.3053426532729977,1.2314468180775173,0.9562640720288728,1.1870156353111283,0.9820506691461393,1.2484608993937547,1.1006369212987677,0.8814320575302346,1.0386273890463347,1.1102100201678053,0.8643423978304043,1.3261654067271058,1.3375314001504415,1.4415303188580613,1.0244660545342281,1.0492301264889488,1.2546552014680008,1.2918152612495901,1.3926217141251984,1.0161631309953796,1.18800823265091,1.2295522167328272,1.107982829361569,1.0529098939338297,0.989157147882282,1.0311493328320764,1.1257857231193626,1.3727674628345037,0.8897441838309057,0.8721634848067061,0.8765361608534166,1.0393924148184146,1.1312981597863694,1.0929419291426101,1.1261050635844205,1.1649231087170746,1.0286434893282226,1.1837762898395006,1.1440016115254668,1.1297511793249833,0.7942902152040197,1.0802421638312176,1.1397038706004359,1.3030853969523515,0.9648401625544106,1.0314110688095885,0.9934922852806265,0.9925205041007849,1.0486897296013735,0.968976031862369,0.8967136511261978,1.1220955810686304,0.8330287405789466,0.836194619566161,0.8892036264974701,1.1284454421345114,1.855086844983526,1.3197801306965875,1.3028254139211877,1.173153684330332,1.2553988893379704,1.1828157368680305,0.9650605297311075,0.9479045424622918,1.0243750915526337,1.10372274580044,1.0862184292033918,1.255078796277886,1.007983446282177,1.0168053359471652,0.9539278907835878,0.9261551093489095,1.0878349574577606,1.2981426614897558,1.3134682440011005,1.0501076253089578,1.0292179297668016,0.9585964552140185,1.125899614947531,1.1234316351024405,1.1327843833907147,0.7531847834369971,1.5848633029740478,1.2057063251810527,0.9187157964197201,0.865210865755393,0.9698032037403005,0.8807581678428794,1.1152420343680776,0.9570786176739613,1.169247709742617,1.3558845904838581,0.9750042453195347,1.535531298242117,0.984579531948842,0.9974903461852028,1.1400644097164578,0.9956916269213136,1.0386065373688147,1.001907758043116,0.990998090381856,1.10866912035706,1.5022730776653734,1.4412472399797691,1.2065707787103426,0.9602485581946014,1.0774984632457245,1.3281017361101044,0.9346152345118313,1.4820700762995866,1.0084172101823865,1.1187877533174788,1.0117321607482794,0.9261750926348594,0.8815886334642304,1.775514199335704,1.02336527137119,0.9627674379412889,1.128113340764032,0.9285611429491989,0.9752489570497861,0.8417666168619562,0.8688638315911978,1.045364361780005,1.0340529136977503,1.2159430281331236,0.8938997290061389,0.8676925646441186,1.5045274985762846,1.092228023208518,1.0326628651728562,0.9784675911795974,1.1294086448382152,1.0262947961573412,1.0890496960803207,0.9961882414890957,1.0844212513379443,0.924767547242422,1.382487895440541,1.0070549361976304,1.4818294140839998,1.2788515642189076,0.8328809600951455,0.9460076993144096,0.8557097435115232,1.0752295860029888,1.039961561909776,1.1312043143489268,1.0483886428251823,1.2300269239886268,1.3228222182832252,0.9753193749303295,0.9944694360072297,0.7619165481914688,0.8337311143703092,1.4313838550560483,0.9889992134819582,1.147931112224743,1.0941718582959414,1.1106103168089294,1.0598642150196016,1.3245439728709476,1.2298222661563925,0.9887516031831916,0.8932614654480961,1.3245457197607546,1.177318123944006,1.1466627951157493,0.985175325088223,0.8728363569984545,1.3655514352724603,1.2068188876885961,1.1602942437630523,0.9401706467825229,1.2108502913527872,0.8912611127745734,1.0785489496439755,1.2128995723466487,1.103812211270062,1.2990692330496985,1.09195038194299,1.0619443615808128,1.195340679760921,1.5126423546020356,1.310158973907627,1.2437090649568396,1.2818954677953855,1.1731677381808254,0.9881763460191766,1.0322031898898638,1.1231102845750771,1.1697526884701226,1.4833798449106061,1.532736079051813,1.0209563475217915,1.031764208262943,0.908470566687803,1.1387461858307695,0.9779153762857651,0.8939984192819382,1.1325441958714944,1.162161734979913,1.0753978848212022,0.9511340140320191,1.2682489067404088,1.40914517991117,1.319108996471589,0.9068382884865651,1.195681469277855,1.2137689291306604,0.9968016979509313,0.921405863784034,1.3154443212278897,1.1291564783825678,1.1055797036894928,0.9402657865635742,1.2624624830430715,1.0311417706141084,1.0023630470930858,0.9124866319423302,0.9385784145839806,1.072941348257801,1.5667811361466115,1.1821630465951132,1.0850018400637937,0.9644019782726054,0.8623429169337727,1.1128391215038824,0.929596879370229,1.463553928185889,1.128416646957125,1.0575301626014089,0.8572992162953441,1.243530929597246,0.9925123251374967,1.0494302386699048,0.9520258591761859,0.8140390261769455,1.480513022137986,0.9979682366942763,1.090548161718122,0.9807237973194236,1.4340627143089424,1.3933089886916938,1.4309134590800054,1.384300633463269,0.9676676447005926,1.2823502385877519,1.0622479980715416,1.1698479777170934,2.3525587499011054,1.3179848067573376,0.9547803010186018,1.1618916696263029,1.3815696128759443,0.7941221107630532,1.1009766114536168,1.2780397497784157,1.1130591259546248,1.29910150799765,0.9658269203634973,0.9663822624659792,1.066624796453762,1.6209624887814549,1.029677667633509,1.0585539643607909,1.0805557639252836,1.234731266043854,1.0633893389736675,1.1322793086350338,1.0659738421568583,0.7792366145553816,1.2147068726828634,1.498412077230717,0.8293152159821222,1.3274488483515854,0.8158715389229959,1.3860839043511737,0.8988837908988341,0.9359761043790138,1.0237073237373846,1.1099366567150384,1.4185445182625949,1.0912932476508546,1.0573023183153427,0.9760952816542139,1.275408911667948,1.0588176105842109,1.2663571458037934,1.1603635396743395,1.5880674636913528,0.986865169020668,0.9266681011086384,1.3493831318720626,0.9027062189893869,1.3014122365751424,1.1251274922001384,0.9580458935433579,1.1582938725171836,1.0448421058590016,1.04995939183122,0.9217132665767218,1.0434142920354696,0.9650697910153794,1.2019394758264728,1.2594487031971346,1.2243958483970583,1.1056126720019281,1.2640360079956723,1.154004650906527,0.8533477773188993,0.9164702724385285,1.2321441160112312,1.054232353312841,1.2571129416462092,1.9812643559418894,1.1103330154984563,0.9742673151481764,1.0377823564470772,1.0551578168912545,0.8278983994590974,1.0115042969688048,1.507672170927382,1.2533171221448167,0.7709886101189779,0.8596058293557536,0.8476076008370108,1.1756623435612452,0.8824352516102596,0.8235460201765523,1.0299465028394614,0.9257649609106321,1.1496938948610613,0.9739678573943116,0.9247516840635646,1.0646381687892477,1.1101657466215384,0.8865161928106895,1.1727025592148184,0.8437081011010044,1.0754398085017143,1.1419194349858222,1.1054691401202765,1.1174341569490027,1.1222305628945934,1.380466004292574,0.7900719284709298,1.0035809858870925,1.158842049971843,1.105451958145491,1.016327716231026,1.1777413983092793,0.8054668964476195,1.3822859102839256,0.919064661963392,1.082804057982182,1.1583081430065414,1.0038351276357202,1.0050059683260986,1.0654385723885593,0.9462075765616624,1.1504023978605589,0.9889712163475726,1.1467732538300002,1.1224523059797518,1.0210984589761363,1.4021240069553216,1.1305838463705367,1.2046697539221456,1.0656637227601173,1.5527997765984558,1.2520598310663935,1.0414887278861018,1.704661290333507,0.9950684150711704,0.6936381537697156,1.0567721919256927,1.0206592228521687,1.333742936784656,1.083337926745777,0.9765105402591885,0.7491394830864404,1.1380773041029428,1.5452677031979762,1.101400470410531,1.0769593501402814,1.33974230430556,0.9303815824962569,1.0263405044608003,0.9819926790474341,0.9266322777573516,1.13207565458229,1.3115998210478172,1.3679474524364799,0.8945634410570298,1.0085750731343566,0.9455396278127348,1.1394536122897223,1.3563942234806823,1.2975104524797008,1.1027178704830856,1.4456215792986469,1.0916433859722363,1.051066551446046,1.1385283141387466,1.1910701171836309,1.3184720940018455,1.5568026091720222,1.66024309747721,1.2847713253901296,0.9530842816864635,1.078963663408973,1.2672587913669,0.8826593033819846,0.8014128132722991,0.8051427072286406,0.9952188715562137,1.2366187889393272,1.0271343717632655,0.9482662901395286,0.9646956156490593,1.1722742160055035,1.1165174113274856,0.9779717311630183,1.1130937084168986,1.0654597489692033,1.0698931226051345,1.0175672566377534,1.0007880893924166,1.5773320099169164,0.9942592461099198,1.2189505873928437,1.2217684811130127,0.9369956049280262,0.7546989290684187,1.0072883092986573,0.8889793511504969,1.216564393614099,1.1566408812040367,1.1234208801860408,0.8695481253354052,1.0101699131346695,1.6861746170699483,1.006373754141942,0.9411200254594664,1.0492590272345699,1.1454731143990715,1.0280229198630264,0.9481996856889562,0.9211581336024838,1.1148172512466243,1.0810374813789438,1.2768036699742775,1.0719493394842516,0.8621637594631809,1.0554470105628142,1.153391966018412,1.1682937873568522,1.1473733869641876,0.7800173079919754,0.8442699554820581,1.3191467801555121,1.0723284029238562,1.144230281968782,1.2750090654314319,0.9825854075878204,1.1407015134553449,1.0968583652156467,1.03724432511735,1.2290273813217696,1.1010373310127939,1.1082903217408246,1.1084427050037133,1.4340750225944632,1.224927881930049,1.0925033606907555,0.9842363741978892,1.0052165185036188,1.3937204075396514,1.279437974296201,1.0840603205389496,1.0343490890612446,1.2310100655754297,1.5449153536142801,1.0472326616594438,1.1433055959895835,1.2192720237444084,1.2161388655012204,1.0775339054084085,1.6404107169982765,0.9658235448388286,1.0435128830840856
91,0.8593422035196399,0.9580882575816132,1.1561944032185394,1.2333505011562198,0.9287359646012835,1.1397673394981511,1.1296467773562644,1.0667407056530112,1.04615850437622,1.142124726945232,0.982551651688284,1.2363202022832671,1.04192204348118,0.9199073747648608,0.9185911164102288,1.09589112627111,0.7804405490403907,0.9482792374976174,0.9066796372553663,1.043962131454986,0.9988512011860458,1.2155592406931408,1.0512565563327514,1.193946931716285,1.1067883360417183,1.1278793344398184,1.1794603450258074,1.1723249045781778,1.2806685726131413,1.1005927293591806,1.0378278365458642,0.8824770565168958,1.2371978553458431,1.691171826160591,0.9819675702198889,0.9737505640947384,0.9850254319603782,0.8435634135352295,1.0894622954261335,1.0472018103814391,1.2953481934532327,1.1451664653588784,1.278873714056318,1.166275126573902,0.903113835198173,1.295339791407925,1.422798326333801,0.944748403366101,0.9500314014221085,0.8599116151359681,1.09356774237439,1.344175518086452,1.1655822020137245,0.9895829366205755,1.195685286007207,1.383514185229748,0.9355037977555392,1.38387740002073,0.8601331846895796,0.9823862648346473,1.0992996944111353,1.2766097161577132,1.2329571042739456,1.0222376777311435,1.178249321333185,1.4191987458102737,1.0450950740655351,1.3337491698508606,1.0826777245689054,1.2305498826975139,0.9986758935603647,1.1429323980326291,1.1050434696174127,1.115821387099553,0.9273710918358966,1.4183540973810567,0.9566226527144177,0.9590674380758524,1.3375752688752955,1.0565002681414501,0.9911051770533303,1.017915986831082,1.3721715942823802,0.9788165038021243,1.080151006329411,1.055372187056249,1.1290274719757045,1.5859110719019809,1.342262088004273,1.0919396213070907,1.0813380412551064,1.2926490446580556,0.9465547269929981,0.9980130383263159,0.9146567566009669,1.1786244312024508,1.0599918082846655,0.9997953783414193,0.9377791922001462,1.233019536808632,1.211424329988807,1.0429373810842262,0.9984942231383449,0.9457695812358247,1.5645777648332722,0.9137841448229698,1.365837729690234,1.1812761612237341,1.1765213931848968,1.1584786150901656,1.0345157614684997,0.960565342364663,1.2951576529044369,1.2667355924529116,0.9247500972537392,1.0286664442767672,1.096696067568875,0.9995642278439673,0.9148547478014055,1.0927576983613259,1.2503925952026158,1.03590828962051,0.9367284511636915,1.312405727564302,1.1826690670062063,0.8104211760116813,1.1942291912815004,0.0,1.3032598036891325,1.332690163044397,1.0523244678658872,1.093174938293389,1.0261481960065721,1.0205781215020815,1.009584149664977,0.9305311697461881,0.9936252858841275,0.8967264947889555,1.0533969874483518,1.1823617279152772,1.3810795589414055,1.1145302316673864,1.2379094344555186,0.8577131246636149,1.4142710644978198,1.1507979513021565,1.3271014098594212,1.0817416825938078,1.1335414524018566,0.8266244561930884,1.1731671239814143,1.0734651725318982,1.0230623516599096,1.2181620929825294,1.0850634814425932,1.007056606263708,1.5246737091483733,0.9641965685408178,1.1472743213863135,0.9743895733275767,0.8735607258298949,1.8794007982976686,0.8275425111353538,1.5407949385899593,1.0688885167379127,1.1490673074873239,0.8221970559491634,1.3124858488793283,1.0501999435380813,0.8803128887179432,1.0325884074640976,0.9270177508912764,0.8854964483476544,1.3427657562536115,1.2998701089674596,1.1058358468045866,1.6646829286935154,1.1391592449535641,0.9350554353899946,1.1693338840855272,0.9911741963032132,0.9638923553133845,0.8834474095348077,1.1189195033660355,1.0011856694929195,1.168826464056402,1.1870186844622552,1.22269609646296,0.8890334027266095,1.067627927329086,1.1277291966384069,1.3862638246254027,0.0,1.4173882729974037,1.0870788942184735,1.2339669837229899,0.9776324753363026,1.0411134404109101,0.8653338624631205,1.073042892898097,1.2898867806891134,1.591023435353239,1.010743194185028,1.2150551732902721,0.8669767076398844,1.3886078953391614,1.1698954480558017,1.0208981429042732,1.2209489061465042,1.321031621486746,0.9647953915635656,0.9179727950427748,1.3330389876781,0.9602041624322142,1.0271268263832796,1.3957167807911333,1.2721916961826996,1.4337568419908635,0.9300361554925582,1.035765097187074,1.032715096181322,0.7815606329285812,0.8569036164075013,1.154202260815801,0.0,0.8873829972955327,0.9840900721693533,1.196939575011041,1.1902719500482204,1.0031655087802516,0.9979276614533381,0.9069318281714447,1.0987195997971717,1.1071608567146367,1.6489057262745237,1.038168860689973,1.0517064545267067,1.0106498725865218,1.378047570575979,0.8298302769940916,1.0366360755367234,1.1413969076074464,1.1270988881426602,1.1365607472833337,1.2420348253972344,0.9574110385480769,1.117564128388699,1.0779367192853295,1.3761458027259281,1.2320839839532067,0.9953237323992785,1.501453021398468,1.023797493223803,1.141576368120285,1.1309111762534874,1.0818761959487124,1.2127269629496706,1.1230421220784823,0.989484858589813,1.095019769489478,1.0265233395278077,0.9903876272499536,0.9765754622980544,0.8689881394341095,1.0950179866239163,0.9865816390188973,1.170380193083122,1.3665906584697287,1.0197435275927254,0.9970698113127865,1.0049603399091815,0.8376564565061083,1.053111051343859,1.2798490842350336,1.1172863441570373,0.920912907325827,1.1252556954000235,1.010832514540507,0.972149827383815,1.0317724649386275,1.284217580488483,0.9716517123653645,1.1262992264000284,1.2805473801401366,1.0341162933670116,1.2347651898383811,0.837113629447702,1.0887980814244842,0.9837762715628282,0.8812617366363689,1.2496967582109817,1.014480254278654,0.9671142045928137,1.9169383596333227,0.8284788648782927,0.9103174995880547,0.8696139092526185,0.9209344535015964,1.210543007265872,1.274701849891653,1.4905158241290095,1.0519691109335985,1.051708414315631,1.3319594566197202,1.1826496714901242,1.0725291564657258,1.3651199052418663,1.1313451920565691,1.0481802856187574,1.2294206478000784,1.4051280690051002,1.0940964460326204,0.9870605671693405,1.081048754474327,1.0030905567650343,1.0453500646999903,0.8994265644212533,1.1812381587858178,1.076015795944895,1.0291977136211425,1.0388365851338839,1.0907265606010612,1.1048733293749327,1.302885816922883,0.8593364489445614,1.1527771621453082,1.2021705389892539,1.2719540726617744,1.0272870383097028,1.0702024145436737,1.061333420722141,1.14542116873401,1.0428336434049048,1.0813647524390102,1.478629399006376,1.0149606683505465,0.759197271195905,0.9736568004056025,1.4853137457325922,1.2975965732633736,1.5493542808751017,1.296174802885224,1.1058653049173677,1.268958651353806,1.3023374542780517,1.1032414411696247,1.0032411220484951,1.135031293429205,1.2391224731280426,1.0509722545206333,1.0276500118955354,1.0473994121757766,1.010325917308212,1.0235480658400655,1.0693236890833318,0.9031125414708361,1.089937264767204,1.432255574275994,0.942211057449954,1.4636381538458751,0.8979357379027559,1.0032604214928769,0.8757570127052443,1.0462401436260036,1.0707500341255178,1.1578326519115507,1.2410804286443753,0.9453288458184291,1.3030291527876923,1.027385846142484,0.878673713022635,1.237184171720705,0.9197946846155081,1.2569521475791712,1.1653130797562412,1.0323051741959823,1.120630196058766,1.211764920074604,1.2907293517191705,1.1116853026210118,1.0563021191098598,1.0505031608893018,0.9392124226277014,1.015334601120439,1.2287972535250968,1.230316847527524,1.5880790258086162,1.2757932194336865,0.9068061731066832,1.480857242943447,1.0369667199486692,0.9361569106308345,1.415813289720604,1.0036270530471199,1.0605458719399483,0.9347106190980614,1.1656464366824704,0.9919483830410394,1.0749101137613346,1.0501160800692662,1.3123843801172894,1.2611394058295722,0.9581825448090104,1.0910831370183591,0.9081664213104105,0.9125443612922401,0.9502204335685562,1.1293897044514574,1.0590168389414587,1.502336764868969,1.1878270285981138,1.201707568464348,0.9118138537410144,1.1186544940423906,1.1451699158345878,0.9661439200498061,1.570433867651563,0.9358554223302427,0.9788603156152285,1.01643189396319,0.9474397163345973,0.8868681352467964,1.3040201553052881,1.1910270331210813,1.2935490462565031,1.412955701223915,0.9195256504757744,1.0766099188834475,0.6431719515302675,1.1292825026979014,0.9725266757598998,1.0425371884399794,1.2039683085126138,0.7943868778138463,1.2552321584076584,1.1994327426017124,1.3265556632041926,1.1789632902017477,1.0035934631475316,1.0078398498103451,0.9820247700366178,1.2323911444566888,1.0042473173362187,0.8174926186177394,1.0436467992421483,1.1942517457088906,0.7635603928704258,1.094474181125554,0.9662807779272193,1.057731051888848,1.1510306764521119,1.1152631102862478,1.042623849990974,0.9296870795917088,1.0807791169635776,0.9692616977436129,0.9818840785701493,1.1842421826669247,1.0792859745129286,1.4744478864189519,0.8925610856903284,1.17836883423935,1.090073589897738,0.9025724477464,0.5196592103229792,1.0966341482152375,0.948683714785092,1.2498856324705403,1.7219754462897023,1.2824250036139286,0.9781896552648606,1.0416996783292989,0.9477424941394446,1.0358860081791648,1.0008977111172142,0.9983509182041741,1.0860584213652564,1.2300582814844967,1.2390134284640033,1.4164550143364172,1.198869667887763,0.8971262247392002,1.3748602766498135,0.9861986274411996,0.9620813449358805,1.262868744906606,0.9143612782825126,0.9348568959209467,1.0596972108415403,1.003836888180181,1.2058572120632653,1.2060763814963198,0.8964026328169863,0.9497925305428442,1.119856675514884,1.213869095195684,1.0235839688814972,1.4208672034238226,1.1142567370617291,0.9507207107218998,1.0715644443536227,1.165649501405543,1.1377376396675953,1.2517421553390218,0.8483944457577793,1.3961144230019802,1.3439518488662143,1.5452349772032556,1.2836974814173228,1.2295303272210272,0.9154548657649013,1.177657853217988,0.959950528617695,1.2576813726458156,1.0500233838013822,0.9006119865263637,1.0610793551308109,1.0668773372053355,0.8652734164448891,1.292720923252082,1.254022527411827,1.3896861001461862,1.0462220907108897,0.9384507503037318,1.2843593620966105,1.222610323493917,1.4647131402458293,1.0237353321201526,1.1756569335400546,1.1757666734548335,1.154692474808472,1.0112644989170898,1.033082351001923,1.0189938829675507,1.1160703619523025,1.3106785698749743,0.9326485418296022,0.8890154637831996,0.8945687103609963,1.0297146122252996,1.1530090970660292,1.0205077658762436,1.1454802020888806,1.1599100325572975,0.942014249913284,1.2570432346904041,1.0794782138501193,1.1572168886468062,0.8227682961306251,1.0692109825016702,1.1691636152679132,1.2473159706618153,0.959702585066559,1.111869099311387,0.9889453133477811,0.9792113660741447,1.103132488878034,0.9443329932933803,0.9553490998075039,1.075168282070258,0.8860778796301889,0.8465111815967541,0.8840919233601172,1.0346614109591579,1.873733814630035,1.297876331312991,1.2373749020501814,1.169344107457436,1.2141939220636173,1.1359816373228482,0.9586237284038106,0.9709620399265182,1.0679326285670707,1.0032962285092477,1.0702930374751571,1.3242966137052057,1.1014069706491953,0.9799711669973553,1.0022953997074937,0.8962101962888034,1.1058745523088245,1.2212814715053804,1.2941261619585633,1.0827098067080436,0.9984148005278946,0.9881766406604909,1.1179814482992114,1.1552291797210377,1.104969471652587,0.8072502416955204,1.5817843587648075,1.201681814495557,0.9956954511659228,0.873301221929775,0.9861079223079199,0.8981789651201723,1.1006676725672664,0.9795348040845858,1.160561077705717,1.4281822873990122,1.0518271387964524,1.4098137576607352,0.9618083091492309,0.9855841712510706,1.1802082805206626,0.868612346354203,1.059971338496147,0.9971104275093037,0.9551671287280267,1.1565113433847112,1.4269748446232913,1.357593927033224,1.1679535712935816,0.9494741046444481,1.028838038177034,1.2938671062636127,0.8468152757904897,1.4438941359317243,0.9433968274245301,1.0692108748665576,0.9879204847981291,0.9270694684915626,0.9307451347308002,1.978750613557275,1.0809877940166264,0.920978002212129,1.1206738873481954,0.9324816858518206,1.0023918821850437,0.925857259858718,0.7937358684220911,0.9861476972114973,1.0152597573272173,1.2324364542037807,0.91041487168551,0.9327758401315014,1.493498072737661,1.0687130785330343,1.0366579281500756,0.9661418131886317,1.1360217032695905,0.9642664357268834,1.173108181819594,1.0288897580924505,1.086640299971395,0.9457556729731208,1.4933546396667188,0.9757008695682441,1.5846746629972122,1.2291915611157576,0.8930840641258582,0.9273655482900358,0.835521913599607,1.0077294009615365,1.0521400252556283,1.0811170361610722,1.1378739962491924,1.1986351088279097,1.3930575910859329,0.994034196147987,0.9528638612834126,0.811089379238015,0.7566837949811419,1.5006295019448062,0.9488840181485869,1.068608108406812,1.1195899929141262,1.113843660939248,1.0971963308705457,1.3386735032398918,1.1420566544630613,1.0384545688334017,0.9468907415261915,1.278837401300924,1.1655731244088354,1.1635069307415484,1.0172022460296017,0.9357852688723054,1.3564626023653978,1.1338880315075768,1.1074784556455426,0.8819907308383302,1.21772184030679,0.8750493386285789,1.129417837883778,1.1522630495717718,1.1017668574998891,1.305672471347292,1.1133280921635553,1.0309815490687904,1.2185161465460297,1.5050368503078053,1.4329809286304394,1.3554132537989474,1.2126225910245965,1.2694671631827426,0.8969204908639888,1.0771993960130364,1.0846695594385176,1.122158737768464,1.4084755995866147,1.592210700009228,1.062743218693166,1.049752182166852,0.8928130756812152,1.1138581203537439,1.0644925163123546,0.8976540292661289,1.1518397643096199,1.082323851573784,1.0401361976717616,0.9766364766719512,1.2282686044651265,1.4757962348661091,1.3570049753146973,0.9143159442560849,1.2465932883301758,1.1936518648435324,1.0205546606711233,0.8840889990457859,1.2589451927491024,1.1975176596665773,1.0487470126281333,1.0040137083519638,1.2052663567436168,1.069581528979006,1.0188686062917605,0.8650615283248964,0.9657558868040916,1.0358156896586252,1.5048825031901658,1.1745813870670165,1.1208139595944304,0.9843621345217578,0.8912499305452308,1.083290513774089,0.980425108335602,1.4051171980514097,1.0874753029005868,0.9754346632653389,0.8934248991521879,1.2590582767681366,1.0039065644183462,1.001453208981622,0.9500986105661828,0.8452864692965565,1.362894697250113,0.9868398136668173,1.1289023571181476,0.886432304793368,1.3427938927428567,1.3869437044353865,1.366290917576448,1.4844906901175146,0.9480425494307383,1.2178278095275865,1.0614117870244955,1.1254918044387325,1.9069189995726123,1.3774789546594746,0.9710137635668702,1.1729821781086573,1.3111967014347705,0.9728399904858416,1.0979624806397372,1.2527766096258266,1.0437043872993113,1.312007366366938,0.9071632611546996,0.9720306127480225,1.047960314068045,1.5371183607231165,1.0292523187227443,1.0261478473597105,1.0803787969692773,1.183737911854205,1.0596946513821357,1.1552342390258241,1.1741800813300356,0.8038319409797359,1.193916175075096,1.4755090201977472,0.7479877196925643,1.25002626391463,0.8227429907382197,1.4413866852230117,0.9213324308876977,0.9283764221185051,1.0608139218348833,1.2365950475075513,1.4246210614755572,1.0578148680731772,1.0267473586304878,0.9639463577297375,1.3055189661191093,1.0267973275591558,1.2170128888580818,1.2192476365028644,1.6333650915953841,0.9501645641188691,0.8628416774404333,1.297531455872607,0.8630663124898641,1.2660956986052185,1.0844784066641804,0.991779465291557,1.2147784464724343,1.0661006830971012,1.096629158521326,0.8864806059120088,1.0237928415139879,0.9678418850249875,1.231060640279745,1.316623352057968,1.3181670898676032,1.0620980677501672,1.2045489448594244,1.1246479135969316,0.8495238564384286,1.0096947378939531,1.1899686554523203,1.1085911042486936,1.2211320121289744,1.871252647862652,1.1202239764439783,0.9816455557048727,0.9925125076485489,1.1278529742413088,0.8720720426116736,1.057926657352714,1.4344234134392932,1.2404781424222007,0.8056991593595559,0.8310158574749471,0.7922670975124075,1.2108933950317236,0.8327531259807182,0.8254180205486796,1.01084592372798,0.9053731645670547,1.1168957570833409,1.0275327999009147,0.9468574121196685,1.0109930427591975,1.0679750915000854,0.8775700586241015,1.1119372943924053,0.8306927368377299,1.0593056755490589,1.2926060494369855,1.0722049799105875,1.2084219781400578,1.0900065925264768,1.2664742485425813,0.7374540927216421,1.0731221298961162,1.1828024300212845,1.062245049380012,1.037401706341151,1.2034535108770015,0.8629087498194288,1.4880713482451564,1.0128100861513627,1.0425961217363204,1.2030866318254967,0.965839449861094,0.9802239268980124,1.0281400746093499,0.9603238296006249,1.2193004452288858,0.9911778951365782,1.1205720344780057,1.1639526149729504,0.9830121706020372,1.3954881254177467,1.1697323657089167,1.1863545461746683,1.121494322943502,1.6080376785316626,1.268535712263311,1.028572593308417,1.7294016584789031,0.9629204990876516,0.6710924461048432,1.077138047558671,0.9626259538011983,1.3390371965887364,1.0741334655455395,0.9631158983245536,0.7960629263685992,1.0749399311023302,1.6519997449731467,1.0970362839022494,1.1663740427915983,1.3311443792111826,0.9219802093502416,1.0232883454260397,1.009656191279251,0.9211223556532377,1.1960705581332203,1.3135473634883932,1.278877718646523,0.8875259328899588,0.9959278008571961,0.9623281179234626,1.0591999341648033,1.3291905241451887,1.255479333738562,1.1051272262672256,1.4613961789390508,1.0539223684136374,1.0624058660288642,1.1405931305410033,1.1853584660084944,1.5613835386116601,1.6259609577431633,1.6588051938972501,1.3385479127084523,0.943066056672728,1.0326234919712431,1.322296376328916,0.9055470928608906,0.7769890403200103,0.7972425330227708,0.9229634072288531,1.1809449263261533,0.9604928404861078,1.0226949126950442,1.0097976499066155,1.2158997264782117,1.1025506320986684,1.0190589894243072,1.1565836457628644,1.0749227983163323,1.0667798412842733,1.0425178794816512,0.9670445455594647,1.4888772278192264,1.0157335974551056,1.2852309994754836,1.210434852048675,0.992015369474942,0.7609365217382574,1.0081526504311267,0.9319913553784873,1.14229532939886,1.1884875265858734,1.050149233230295,0.8648252367842431,0.9882418036623293,1.6140716896938587,1.0097484369793326,0.969776670751685,1.0284911201570863,1.142849309485582,0.9622780540959659,0.945383481946293,0.8964630377467551,1.2182385460480174,1.0671654038475276,1.2716529595719699,1.1278453691352521,0.8501212036674619,1.0371510695992137,1.219260783761184,1.190408647996931,1.153439957622295,0.7645904838028483,0.8002511197906884,1.2735410597950494,1.1050178407654818,1.043420418615725,1.22038726478627,1.0189467768394025,1.0928550602079814,1.0510323465177036,0.997955503587496,1.123571673802892,1.084608423339588,1.0337025620727145,1.1337354236519535,1.3239128398670792,1.1720938008134427,1.0898414193538926,0.9700243877898412,0.9147009942201096,1.3346742333808823,1.2056857659075717,1.0959170417670867,1.0185648845635167,1.2391384058336148,1.5422575288639182,1.085702683307222,1.112843179887218,1.2098420400666723,1.2338768025388154,1.0395018463273222,1.6086878121003387,0.9729162242690651,1.0246975782964107
92,0.8372022184270697,0.9079565752526997,1.0907463696800737,1.230463512049403,0.9862879436220958,1.1237153510405875,1.070182219582903,1.1004530456020163,1.0776405386680568,1.0352259785445015,0.9897653196796983,1.1972523664139751,1.0395866355084904,0.8816595608954195,0.9164856468710088,1.100229774579357,0.8151483697386076,0.9398903980512163,0.8981228763454016,1.0764196495984704,1.000483385095727,1.2400174984497436,1.018242752841049,1.2645143757290167,1.0577929069106689,1.138328769383865,1.1085079093974137,1.1539511843511931,1.1654068873894727,1.0879197674556436,1.0150714051766903,0.885497193746959,1.171614199845155,1.6384054380643744,0.989020292698121,1.0207689827070872,0.9512134058792026,0.933477710215144,1.0662738694322027,1.0380192301142683,1.3196225887948665,1.0813324500370145,1.37539440221289,1.1186652920147235,0.8859342483118524,1.3297997489774327,1.4084554499094502,1.01259343967274,0.9845095016901828,0.7664792775003253,1.0748224348474071,1.3609523652863578,1.1397842877543325,0.9688156803990222,1.2083018725794052,1.3597761678818059,0.9966964171939222,1.3366316950897,0.8881009977427762,0.9616064495340337,1.018470353499715,1.1253732192964863,1.2224773930579507,0.97076219209654,1.1762948691686925,1.3940208737830997,1.106436170979357,1.3543220172867245,1.1037483896655922,1.1539452260556429,1.1420751936701898,1.1668986226684948,1.014423512479123,1.131349597951907,0.857056659105168,1.3797833331566371,1.0083161127843319,1.011400779804272,1.3621307827422036,1.0578230187408926,0.9964249678849548,1.0760716774769052,1.5170518134831572,0.9724612653056928,1.0343676781960134,0.9875888739463472,1.1151252228867026,1.508749033546327,1.2888909516729719,1.133695129698986,1.1536525440824652,1.2785411156219457,0.9828862726647926,1.021253080514792,0.8885032858162994,1.1810200685406795,1.0614561605054367,0.9455418988537585,0.9850242524285091,1.2407600659418514,1.2576278816373072,1.1216259822319308,1.001426137719115,1.0142089692466951,1.6056103054093736,0.964282483350797,1.3793468020212005,1.2768772979104392,1.247964143200536,1.207106976788043,1.0457117401001552,1.0157801327478733,1.2310265778490377,1.157166344329406,0.9302354862119527,0.9866857948649048,1.047159579405481,1.0323562146439884,0.873247792555596,1.0573580141437608,1.19414210804974,1.0697862619349707,0.8954907762614374,1.2909809176690161,1.2379206540110574,0.8010887791586754,1.1114353486204454,0.0,1.3813495860490979,1.2895501624287617,1.1260047275050846,1.0846503851463458,1.0465708508873646,0.9518868369603959,0.9941899014918905,0.9089609094982464,0.967725392521901,0.9167256301329123,0.9924646391135683,1.1317012122608916,1.3299271052608987,1.0217893215123675,1.2116059866573297,0.840866460375716,1.4470506907977523,1.0888753402219955,1.2796332729714581,1.0905160883294958,1.0998418547899456,0.7851735717942153,1.248715234554174,1.0586603731600257,1.0125434214187419,1.1902692439926328,1.0232762914265605,1.0744323635885615,1.5448709525778348,1.0190885102084044,1.025230893641704,1.0226865384023818,0.8661025478466078,1.855448621886774,0.9058675003058214,1.5707210342787472,1.0713336874812844,1.1454137136192102,0.8757463452208967,1.3178678379444138,1.0227209065986784,0.9219515297632576,1.0415304104511598,0.9195810887881334,0.81895424538394,1.3327648946488586,1.2319527533246082,1.0570182224160614,1.5518014234878885,1.0984883296210421,0.9447844550314282,1.1878194720848803,1.0165351764356962,0.9182212976865918,0.8372284418643865,1.0723606852002363,0.9938616805298572,1.1105203753321267,1.2291601092798023,1.2633819243971147,0.8133648442851181,1.0304751456779564,1.164040024201968,1.3374589132170087,0.0,1.374461923108,1.1175948336987278,1.243954310461723,0.8482853459309039,0.9848964796027866,0.9030512971765284,1.1009067913969224,1.3304247676409888,1.4875400140663932,1.0053036823659225,1.2023129912839394,0.855226510304898,1.548617324990621,1.0516552943852102,1.0117167935588083,1.2111547701995378,1.3579828126714037,1.0486293168354142,0.9264623402755436,1.2734536196825517,0.9537864950241071,0.9694717207164313,1.3074585503736578,1.3370747157567855,1.4291453118334692,0.924469173921203,1.0404795798881503,0.9830410495440599,0.7846085403344257,0.8904181205984969,1.1341897459382808,0.0,0.9352431408156517,1.006710738486846,1.2977159720748823,1.1953325506575598,0.9227976710679795,1.0581893229754569,0.906555243570381,1.0206199897463357,0.9814729550851182,1.5770418810508215,1.0879936656964535,1.110639982323724,0.984711512811756,1.3338313656817071,0.7992895089020764,1.0478994342099073,1.0505892399165944,0.978127801268089,1.1249174412361311,1.2348326459393677,0.9930380205681455,1.1608257390973362,1.075890418033794,1.3511132638053156,1.206774133653955,1.0448758406616103,1.4627213467963172,0.9751049052075456,1.2489086245195622,1.0637605975437596,1.0744008326870922,1.185123666153874,1.1258247419264462,1.0394094808098369,1.121659801401158,1.1291756734805884,0.967457227282113,1.009217919871615,0.8833070763029505,1.057586640265633,1.019939299473764,1.2003368884467076,1.3317038506406627,1.001735161816747,0.8974912969408179,1.0857011477736682,0.8106686740446449,0.9780559994131288,1.2526002211001717,1.050017196497254,0.9213560085909852,1.1837981050043063,0.9626822152443564,0.9211176560074005,1.0379330161263316,1.3198370442209437,0.9376985680162251,1.1195509362416827,1.296702125080557,1.095990880290731,1.2060214675091294,0.8106990196879487,1.1871702595885072,0.9936640666162748,0.9340311989305692,1.2717436228242824,0.9513676986419565,0.9149078937150434,1.6952529897978674,0.8240757304225867,0.919820643722064,0.8982112687810863,1.0004249813890778,1.1252780424667825,1.2933766355458247,1.5532445923593126,1.0214398134333522,1.112733031993156,1.4524642943423065,1.1798457831253646,1.0136103396901517,1.304367977271161,1.0794670109081754,1.0372201231638833,1.1926093061066179,1.4332661819831962,1.069420665655869,0.9623197052781892,1.0137649717483703,0.9423474079568834,1.085163120831238,0.8641618900675648,1.2251871206483722,1.0435406379417453,1.045828654738603,1.0711853908296949,1.0785771403650886,1.1145532283831883,1.4203170271159125,0.9101426208944746,1.1017863771607703,1.2075100735980508,1.254068508851452,0.9853469158828216,1.1027043731205293,1.12520633292768,1.0975735746545552,1.0899542203494184,1.0173065026954065,1.507748391178871,0.9788507439972016,0.7783848253361876,0.9530027570754263,1.695341750581,1.299407306727378,1.5312943792513003,1.2820113971675335,1.0916824343331228,1.285696403424558,1.2982343918741621,1.1313513951593221,1.0260633964128152,1.1250437173708758,1.148260487746237,1.0773840197144766,1.028618895062101,1.0953722865829745,1.1218565473562256,1.0241863070480512,1.1570558536292896,0.8723164287303893,1.0761946946309533,1.3834070863843908,0.9717943199809069,1.3861105731470726,0.8797538788903629,1.0303295547886804,0.876513994575782,1.044164882153055,1.0728099343222703,1.300189384878618,1.2913310821313753,0.9926087686690301,1.2299962837045704,0.9670489519578345,0.9799079465043693,1.3381370149717993,0.9370722134221245,1.2559389261945895,1.071740876473114,0.9714925647678242,1.112490664972739,1.1230965416327456,1.111173593047002,1.1852948110285588,1.081573091631043,1.0213600013589637,0.919099962951655,1.0202926073042176,1.1081393293252702,1.132163860148066,1.5032360353347112,1.212375483213004,0.8781903294220421,1.568584685354132,0.9611132854554647,0.9309834736059287,1.4100530037786192,1.0059435410243731,1.0217979241934905,0.9576858092581615,1.1682103331398466,1.0420300730984076,1.0115899103800592,1.0493068975367734,1.3337049464847188,1.1997851390736458,0.9349683610987505,1.047110135376327,0.9804873818288504,0.8691164078612006,1.007916203017671,1.17945160701693,0.9761331622691705,1.656918962785573,1.1444038672025205,1.1348835381615727,0.8910470172959133,1.113593772654311,1.0812015962016108,0.8838541931861852,1.5505081353370787,0.8976299753574184,0.9753329757466964,1.0520252455344687,0.989327223863355,0.8896662736513665,1.198107355784646,1.1609630367415789,1.369161289405141,1.4913167050829985,0.9054891381477652,1.012284611805395,0.6933683123923257,1.1433748345575014,0.9978929655776323,1.0274124942181713,1.2895692794755653,0.7519044271386047,1.2287307845389488,1.139798950622803,1.320995538483563,1.1545665934483451,0.9598267413941993,1.0133499413114655,0.9828051760841607,1.2059872804122613,1.0527517836812308,0.8247815502374464,1.0378428501372785,1.2150347761577402,0.8926264687975849,1.1021046543564461,0.9188133109788854,1.0472296884302088,1.0827664389805842,1.076703397243634,1.0268696206901753,0.9413048362464835,1.0439976741008479,0.9354145795973634,1.0312882469845563,1.1326733821027897,1.0531927395366516,1.389327213736112,0.8722495993350431,1.1403126233388083,1.0820959453256886,0.9468945718725734,0.4578909136519379,1.0160752697599218,0.9349753816089434,1.2047274719000747,1.5375850471287849,1.3677718398661427,0.9632249465719399,1.11673678122248,0.943813762403763,1.0247073020638375,1.0310040261134434,1.0322484561551963,1.0588844172577438,1.220407650538177,1.128836301744594,1.395476327500274,1.1791432277528016,0.8699265750183837,1.4387891402481645,0.9865247545340675,0.9660299452997849,1.1285932140092516,0.8598619563469593,0.9655843437309708,1.0299022767824069,0.97516768841756,1.2628503505181043,1.1917302618934302,0.9506738525092293,1.0108070918934744,1.1589373124920592,1.152862214671715,1.0449497424656844,1.351524473835278,1.0858617098701635,0.9350755487271534,1.1742033608803002,1.156239730670293,1.0836147413287684,1.160233155181165,0.8271180501380022,1.2895603749619817,1.2848556614837126,1.6237813432849124,1.3106242141197864,1.206875897608647,0.8141568439973268,1.1406118006070423,0.9738422472961498,1.2427385751601536,1.0305729041246185,0.8789493902292358,1.0542044640136021,1.0875577249202437,0.8628746527149316,1.2202480404822127,1.2274364822833963,1.3222029893289773,1.11298805641316,0.894525731852992,1.3158424441418053,1.1873694401014148,1.4879222489636736,1.019767506566824,1.191824130601956,1.1494691736384866,1.1287457135050438,0.9658204734064064,1.0931126643645834,1.0279089857773667,1.099732901730091,1.2330518371134132,0.9550926706089791,0.9002177777890463,0.8984792431192139,1.0086710687224638,1.1476936859378657,0.9842592126534804,1.0937583802629873,1.1448481439085292,0.9319338072838884,1.3361060676188656,1.030704781552245,1.1661788534673545,0.9034825190091256,1.0395351137581448,1.1081314634618091,1.2268604046212745,1.0175514486649349,1.1455191110427403,1.0386510866076573,0.9392666604744779,1.1357511156801576,0.900082673092363,1.0317795868833546,1.0466205412954115,0.9083876366455177,0.8427741052706545,0.8850770997336026,0.9876630558287834,1.79254945784136,1.2888491088290261,1.194878818131299,1.1219479948399755,1.189081079344388,1.065038195418023,0.9805586083156006,0.9862601741382508,1.0527751200776185,0.9255250751596109,1.022074594403125,1.4942557605637712,1.1760840286729874,1.0059887937709484,0.9922702555959122,0.8483626291597717,1.1276091423297698,1.1925910421617612,1.3332541436681256,1.094950612692886,0.9443487572647361,0.9826350352546738,1.1186608723586018,1.1546013892544595,1.0392705163831395,0.8453985514826047,1.493432809365466,1.2939526124901728,1.0737647267719779,0.8574964664582594,0.9933486026759626,0.9272402009642078,1.1961967641091356,0.9615782176946941,1.2335895348233654,1.477132575855257,1.0958604496153492,1.375947683762567,0.9332519242426369,0.9563103781106012,1.1832990366658669,0.8015789155111157,1.1123353925102295,0.9723579844334499,0.940306619261464,1.184665202276938,1.353813597964399,1.3863161536263406,1.1068196436139524,0.9460653369340722,1.003794352415203,1.310316894199531,0.7763044223947875,1.3449229371986924,0.9060770629144471,1.060905470947425,0.9766580876727863,0.9414423506469476,0.9480462742204869,1.981991623352435,1.190005512508044,0.8669151954644412,1.046413831045284,0.9924049161169599,0.9965450594909574,0.9705482221374462,0.7583865879342839,0.9690959731980091,1.079717554530272,1.232310188076566,0.9308204426894604,0.9919978993827449,1.4737880591429064,0.9954784100199495,1.0702688680313148,0.9861987211818312,1.1056038145164933,0.916661160454008,1.201515223692962,1.029706203779138,1.1100018822365398,0.9590450590432515,1.6376493668613965,0.9761067878393428,1.61354668967015,1.2412535187310065,1.0242215820825773,0.904080179360854,0.8179054333726811,0.9304225280456517,1.0602988986383002,1.0392793528772946,1.1164299266995874,1.1614932966109859,1.4680762769368343,1.0601826340629885,0.9375961488775312,0.9139619533368986,0.7486479138696297,1.5349870781984511,0.9542397673255645,1.1190351098674163,1.1420036342467454,1.1595158070960456,1.0793704683667547,1.2696275671761836,1.1560590133476447,1.1019623197216788,1.0062815661562787,1.272609854488157,1.1340189180639206,1.1523219414384054,1.0769844837342446,0.9945190440364019,1.337850984598347,1.1445016256179725,1.123142007094033,0.8300935346594623,1.1553136481738013,0.9006805068397568,1.1072121872760257,1.1000349077702154,1.1224265604897554,1.3053729952787556,1.1168724966146324,0.9838522304018776,1.2470202435426234,1.5568386482599528,1.517393152843778,1.3873786611817316,1.1424146122747327,1.3150423694609024,0.9227398870736728,1.0549199206869901,1.0209348671393148,1.0914015157788912,1.2660220813339202,1.6221737204553537,1.0714214187929159,1.0452176300303662,0.9350158028406306,1.0837041038361495,1.2186619998291501,0.9364651451665479,1.1634151873539424,1.0181127528888905,0.9535250298120757,0.9595229715391067,1.1608203347150403,1.4977062728855266,1.3934627114152314,0.9044530483746702,1.2500356705892033,1.1450226296150283,1.0877519917634015,0.8920564808336527,1.1706463037100832,1.2319196814710764,1.0097380515612346,1.0852928238251756,1.150258984247782,1.073049658635004,1.0684526061229003,0.8380760502709634,0.961893658122938,0.9813053773577817,1.4473679884520034,1.1543126117632778,1.1771472101089162,0.981344843948161,0.9235169968110084,1.0339401046264247,0.9975697395576844,1.3566004111680363,1.0409927991392487,0.9025626846290034,0.921161447666501,1.2542222318045164,0.9981788931811727,0.9884526890450502,0.9142622433604266,0.8718457876180816,1.2848360564486785,0.9554473942942502,1.0725444843398662,0.8219094056818225,1.293030345410657,1.4524634023263052,1.310429083020547,1.5290362227803254,0.9322273811894264,1.227814503231491,1.0256584197385508,1.0714585653269428,1.625637776631247,1.4833866016663488,0.9349894714291165,1.1613366950902844,1.2366687511347962,1.0790236823817376,1.1694898115984307,1.1267984202218215,1.0299711140543715,1.273438620664454,0.9278023977028378,0.9409045819755921,1.0551969306338829,1.5331352594234806,1.0577662128987575,0.9700909227401466,1.097035851694072,1.089246146890215,1.063908956678078,1.2163843798021636,1.2099054260644815,0.846201245741889,1.1637405509510372,1.5242215628811366,0.706209723086443,1.190542890622171,0.7901843394697401,1.388439324997485,0.9450755844559231,0.9885972161599905,1.1356137273460978,1.2897315420960886,1.4862219877369498,1.0798775157036467,1.0065425461975595,0.9613120429842652,1.3030253192501982,1.0020937844939182,1.1711568368035252,1.245729851331614,1.5876813346904264,0.9707393739062715,0.7940252154608012,1.2320663688633218,0.8593842640806352,1.2222193386514384,1.0905870875696748,1.0247840943920439,1.2334876396407086,1.0275145344171701,1.143532997003379,0.9038461774058846,1.0482207755779047,1.008660535822977,1.142818696470208,1.3643694765421839,1.2714985735203828,0.9777232362615096,1.1841882969169268,1.1357070297822165,0.8779191226355868,1.0138680398515485,1.1537231360483609,1.0998586003538533,1.1690069444586766,1.6433948810735615,1.1205904165691325,0.9560588580290337,0.9497435957553881,1.2098423148129773,0.895590082617621,1.1040164622251045,1.3229178708726494,1.218046198239191,0.8047994218416206,0.8163277845494006,0.7991568929128071,1.223506983458329,0.8505140122441073,0.8309755540867524,1.041618423698764,0.9039713511092443,1.1517585289065801,1.083226242004343,0.9340875957802193,0.9616098423949733,1.0299501235676698,0.8608154787757745,1.0792217216256974,0.8450011855209272,1.02348312438428,1.4175220230432886,1.0007473430725562,1.222330241075897,1.0063769470227082,1.144547138187582,0.7401519000365915,1.1260458094334906,1.2159834238994416,0.9797412751792794,1.0901345002511675,1.1911804903086232,0.9238451837635351,1.6386010901887063,1.0470824656800408,0.9862854697924106,1.2548341289436329,0.896794384384155,1.0211062060708374,1.0049108145342922,0.9273144729580717,1.1998649310848504,0.9746035264144739,1.131965148129651,1.1779120608406464,0.9329560564482533,1.3372566699932409,1.2124908297646475,1.1724273118970623,1.198804174539382,1.6699933361743764,1.3476724448704447,0.9952761953357404,1.7264458320337368,0.9662790700658515,0.6643642216409356,1.126248383287153,0.9538564655939039,1.2677527693537303,1.0612071106000562,0.9757994688192222,0.876839140417666,1.0037939750903142,1.802257248384719,1.1079786757816512,1.0284399986818347,1.3094884606090016,0.994252733603427,1.0124311165473454,1.0370798929684475,0.9656308873144175,1.2106906414003136,1.239880021383172,1.2486182247003423,0.8978496223455623,0.993042781259145,1.0148523280700048,1.0371895265869064,1.3222643812854948,1.2843626221749362,1.0424632063246198,1.5417046979814284,1.035156624896246,1.028628932021061,1.1403720973573501,1.185051121514456,1.7166472031143445,1.5940437076605796,1.6164046352592247,1.5055679212466135,0.9857746751748989,1.005277900286292,1.3575703282603502,0.9121475171174498,0.7343754919890475,0.8178262387556193,0.8417312122097073,1.1805641200598658,0.9496809186279925,1.050661411501057,1.0458550042783856,1.2430515463911183,1.0976955887132798,1.065625301629325,1.1763458392705328,1.0570127129548943,1.0554034219231037,1.052233298170419,0.9957181919306051,1.4220168495899579,0.9085485371495783,1.4053549222492183,1.1752199992325894,1.0197364881133426,0.8077363611774775,0.9599825225792715,0.918959175338409,1.1324019988704883,1.1903033456537604,0.9832616550097162,0.8536590526838863,0.9898663547863094,1.4720447803226544,1.0758054783604378,1.0674520535125636,1.0323527632448564,1.1925628610534331,0.959086144395615,0.9412333762042113,0.9215403773506281,1.2738493487148168,0.9647733703928495,1.2148743503402815,1.130121530012897,0.8739262540937145,1.0266064137839486,1.340011274879689,1.1886527712468415,1.073010702805489,0.8133424342268067,0.8022337036137367,1.2823461310482347,1.143816732022064,0.9663965855920402,1.2164817567268011,1.019876182661699,0.979501419282611,1.0157941958825323,0.9621904706513469,1.0491450954143722,1.02810778723938,0.9944227891404129,1.13028563603724,1.2040594078903712,1.1297632847518027,1.0800630475334416,0.9259893012363617,0.8806268331037305,1.2870430344409005,1.1927205125252294,1.1012359034474848,1.0363604139921687,1.1761679347894007,1.4728413578813035,1.1108200201189062,1.0771087226479112,1.1189575793364739,1.1627872125697647,1.0194917458561639,1.6035200962730474,1.0060112782798174,1.0565380927926302
93,0.8694894938301434,0.924220604661849,1.0092927485692818,1.2544287467057316,1.0645469681173123,1.0667800966087726,1.0541728386410285,1.097968678457033,1.1034362365846204,0.9641239925589741,0.9990579174163551,1.2263893041818608,1.0286320679828735,0.8183602104526451,0.9569102451141209,1.1246655766087963,0.8485238529680065,0.9301522601030778,0.897174257792584,1.096482129545947,0.9929983719309803,1.2638097896391722,1.0464362499489215,1.2762990136819239,0.9872750605088901,1.1248830082121892,1.132024088436254,1.1044951759302173,1.0936866571540227,1.0627132594609439,0.9541112072068774,0.8909243884773133,1.1785143222893293,1.5816048998465138,0.9515209112184524,0.9946683074042093,1.0089288006521833,1.0475783856175611,1.0216916233687925,0.9883622767904456,1.2654472529490637,1.0690545160352003,1.3802098135742846,1.1778155517875746,0.9039784624710909,1.3172547786584747,1.3099448919263077,0.9910255216196373,1.0206129094713634,0.7480747410691932,1.0569201692078622,1.426209281218014,1.0972640551869133,0.9419602366937764,1.2175640108407653,1.3208618022447918,1.0112386562761042,1.2996056087097214,0.940700569787447,0.958799178337101,0.8928319277805329,0.9988622676687544,1.211319516622449,1.0153921741947058,1.1605902098163816,1.3587069848895252,1.1327245281263196,1.2619180576693592,1.1480650564767831,1.0655431579995778,1.3817130461231242,1.231865608720256,0.9183767449347003,1.1435200582465976,0.8340473318942278,1.2120566671336843,1.0582032837523585,1.02183190983642,1.3477893429553507,1.060761619398769,1.016409184490854,1.1964294017933097,1.5351452224413231,0.9290077773882749,0.9823729578375534,0.9405666164595534,1.1112375375431116,1.3801978694706123,1.2516980353985367,1.129883117191479,1.2256093914556905,1.3257367774562037,1.0426135574251045,1.0919664458966112,0.8680622361758017,1.149095795744542,1.0397468568287351,0.8834767501932694,1.0533118497666614,1.2473590687023606,1.2955036036830134,1.173483155178443,1.0009140054688632,1.0687217205950148,1.4569372843190314,1.0223682956317761,1.344669906926187,1.3023953304847482,1.3349558178111165,1.3563873886660467,1.0301552577621325,1.0098908183026303,1.198882005654329,1.1048613944319476,0.9690639814561688,0.944185738686685,1.0303727151942108,1.1001089146228327,0.8287781187474232,1.0146666226351773,1.1418507430539742,1.1054125377717983,0.8509345310740551,1.3446721566409963,1.2198680301061948,0.8659008822844537,1.0547047203759696,0.0,1.5249105996868098,1.2311249344292645,1.1725420963458353,1.0493731940633522,1.033247148935919,0.9402937443515474,1.0203172262691622,0.8899415543210103,0.9848586076760615,0.932454786890966,0.9113436211245738,1.0368195593873126,1.332738127245698,0.9910361479757017,1.1313835498720237,0.9133975482103245,1.6143844276171473,1.0302755437203834,1.2315539481980078,1.0314025113059402,1.1288516382951836,0.790265669482242,1.3509341538824406,1.0329637458754029,0.9980054852844134,1.1998812823077234,0.9998679178246059,1.0566311296184798,1.5111798192896082,1.0893542851179112,1.0418121051344784,1.0835567348551423,0.9226660790120795,1.753425792138757,0.9344013046001014,1.4789994387837941,1.1170800978956859,1.1723029582605828,0.9063151545777547,1.2826696111610008,0.9646556700286923,0.9674547413421843,1.0603362599415729,0.9160062184704747,0.7822639952856156,1.2890479993502955,1.2433394233242727,1.0235660286681931,1.5087855484781185,1.0668991542329833,0.9602179347556548,1.2876087158804395,1.0234338816195585,0.8946319343895203,0.7915958506841823,1.3105364700380484,0.967452588484109,1.1034175222114533,1.2892944517520086,1.288604777316994,0.7504851659914586,1.0013802937661906,1.2481693353502936,1.281836902287929,0.0,1.3364357684948023,1.213502217116694,1.2576276457479738,0.8310062292428876,0.9642214110922026,0.9179291024093589,1.1152593921904284,1.3365213083130785,1.3684072591185323,1.043222102814548,1.1556839909900964,0.8755606078233508,1.6664079520335329,1.009085432738021,0.9972470872648889,1.2017512570760818,1.2824599712417608,1.1171271562615503,0.9113069518493335,1.1802753592955386,0.9665910955843952,0.9388057259258467,1.240643823417525,1.340813524482458,1.331360344624195,0.9350152085984319,1.0483418964057825,0.9567777267511259,0.8057771514536656,0.9526020182869552,1.1185739172349947,0.0,0.9335074057073982,1.0392411591392914,1.3378693691443102,1.137100742064582,0.910739733300191,1.0695968418537063,0.8956494172952593,1.0123014459609494,0.9341772366280343,1.523376971838752,1.1126454928158944,1.1881579286519073,0.9156959437954333,1.238329515596162,0.7704592763222347,1.0391873801335287,0.9978792620610918,0.9191831728492086,1.1055325557092819,1.1904702827973077,0.9894586353551728,1.117772301717869,1.1123277523821051,1.400672435737571,1.2118385780408265,1.0823624628610964,1.4203429762925723,0.9673183997886752,1.3486959757102626,1.0647588657596303,1.058047197665692,1.0942423272815813,1.0796382337175494,1.140647282636453,1.2032234877097299,0.9238710055750269,0.9173223097192632,1.05386703012508,0.9176942394123797,1.071895482976995,1.0304670971410521,1.1934833102886038,1.2247591609330057,0.9838670780964414,0.8221552329938859,1.0960924540247672,0.8505200605581771,0.9578728237750621,1.2423483265380113,1.0454517563872046,0.8916628460258926,1.2015897780657254,0.9363216225056812,0.8779713773703062,1.0308010512728205,1.3378681522906999,0.8887391526472852,1.164411216034074,1.2307824206780067,1.091515123719063,1.1784852602151763,0.8042348356539186,1.2897265519057033,1.0099712193771002,0.9617206800859002,1.2214701398680725,1.004095763221076,0.9244244190280821,1.6144337871601162,0.8465767976979636,0.9280083037010483,0.9586146010095942,1.2370425221926085,1.1469034089689885,1.330587217067806,1.5580562833675544,0.9997217564681595,1.139189700807416,1.51156866709732,1.1756422414188914,0.9869702481429296,1.337143098393632,1.0350243916880641,0.9908288179247293,1.1242001965199981,1.4147290424226053,1.06615321696885,0.9672353124978431,1.0041281366720154,0.8885960114434756,1.125250077533329,0.8345044578905046,1.2621228225153494,1.050908960608607,1.0356084036238862,1.0545581122909091,1.1109037460016458,1.1226369001837921,1.5189914767589368,0.9526256409993318,1.1168139411633458,1.1649493225891128,1.3036036947459007,0.9591409800092869,1.1492273500168002,1.1565895152765666,1.0208827814000803,1.1041216779462402,0.9220435673552043,1.4634553545031506,0.9245801200375097,0.8237936125778265,0.9980788404106292,1.8752743574848196,1.2991105418655275,1.46553812902004,1.246176933402602,1.0212454270542568,1.2749142349794425,1.332805270632845,1.0996537522539538,0.9817033443644194,1.1326633880363546,1.0594469276197978,1.1295291319749938,1.053312378083424,1.201964943856438,1.1841892672468548,1.0566825400217743,1.212337648073813,0.7969596383961814,1.062538247167685,1.5647375608736116,0.9538737964121156,1.2560589428231506,0.8900828204852088,1.1006470121706227,0.8421776203309497,0.997452561038576,1.0360229804048997,1.4029953757229785,1.3364005753469923,1.0553142905410928,1.2205237731891956,0.9485185964604324,1.0695034565860202,1.3473141901075067,0.916887528684085,1.3071861662160986,1.0172444041900466,0.9099746727017319,1.097096387742902,1.0377919517141834,0.9392120024034396,1.206007940093785,1.0710460398040968,1.0235140111014454,0.9552801714191796,1.0010609997077933,1.0165485046169607,1.0714040711345645,1.4093839881073758,1.1707091571818409,0.8687680570707239,1.5925234107148978,0.9823845337067901,0.9255183881022239,1.2887582792186891,0.9813396164918635,0.9936808281858462,0.9169745361649155,1.2011505165646563,1.0560752744516684,0.9240989397140511,1.0204669146755483,1.362521222450972,1.1422940262799333,0.9190202351554778,1.0435274107239256,1.0551527211663612,0.8253807314746342,1.0547050131493299,1.182134284689786,0.9005477841250478,1.7485005126356041,1.0760805849678907,1.102666181508983,0.8892371517992304,1.1106345527124593,1.0219874959516346,0.8929916220105356,1.4583829174854954,0.9071817271423518,0.9754703827543184,1.0298669588462006,1.038968366286654,0.8837950767630948,1.1521508645451966,1.1620906326501963,1.3794408700566783,1.513273206968977,0.966141697576839,0.9290832249017476,0.722915799176882,1.1500069950958038,1.0363423521170034,1.0603375761686205,1.2392240055984547,0.8380617501723222,1.214479943786227,1.0585230512490393,1.3265330603096743,1.1641616586481907,0.9500116059131565,0.9750290396571699,1.0248898021672057,1.185327772074584,1.0918842313914372,0.8129821524492105,1.0542934652364333,1.2153876611840797,1.2656388376042345,1.09039539752003,0.9161937069658366,1.0723913517399235,1.0232772211340768,1.0243905572433947,1.0314177669356908,0.9544279404899774,1.0012827122275374,0.9351811328002029,1.0507145006329695,1.0729984934795045,1.0733760766193354,1.2440860738332273,0.8743893290617486,1.101653011927224,1.0672875865826559,1.0226416711080197,0.5352140440287638,0.8869078552518307,0.8725715779547938,1.1098350282321738,1.4991180986704857,1.3360131511894577,0.9339800662838714,1.1015743323681924,0.9426442385465438,1.009043139475502,1.0604562418260455,1.0173273044052846,1.0004982124380921,1.1360394123286741,1.0101975637365017,1.2670495638461219,1.1902585578829834,0.8755407838241548,1.4494591295489665,0.9732493965591422,0.9635462502036505,1.0187270420605168,0.8195261579210735,1.0264531831593933,0.9859462211949664,0.9680957214261959,1.2777229532804646,1.183650461672345,0.9324565480904543,1.0030219980928934,1.1856692383712615,1.120425641771146,1.0454557624235525,1.3474149823408836,1.0763582388889041,0.9725748006799128,1.228649246285149,1.1120002476260997,1.0361197565463773,1.0838116657468568,0.847280491534688,1.205569376355585,1.2006276409348073,1.5604122816071229,1.3542914532872241,1.1929261992602196,0.7630884230980836,1.091342051078479,0.9736926473232981,1.2073406713263595,1.0557365273181774,0.8420941531433341,1.0247800453949234,1.1060474182237126,0.8771664497624491,1.2341421564492245,1.2586686761189934,1.2426310942060728,1.1292666980295782,0.9450893580832499,1.3547218556877278,1.177373785470428,1.4569819766597436,1.0366048170586288,1.216460304155254,1.1505292730382908,1.08872280523203,0.9368209929677107,1.0760299368963637,1.0166883387133525,1.0877050451287065,1.193992434821678,0.899263283740003,0.9248961145564033,0.9037995202269945,0.9800006928567699,1.0793080919574476,1.04652849669315,0.9936661061441339,1.0665924616876459,0.955269867213137,1.3435018796355136,1.0371439481476226,1.1471534700306436,0.9822493631786215,1.0360799680086048,1.0593598251252714,1.2646283012821253,1.0769232901177634,1.1538034991324064,1.0376418522674302,0.9394357103293951,1.1183012039059603,0.8837249180643623,1.0492338872305018,1.0650848639273858,0.905300312969871,0.8751611099934266,0.915803934261996,0.9587168376173614,1.6857431884847476,1.2893189772775515,1.1444337051091567,1.0480756513849891,1.2038205383744607,1.0441444494655254,1.0369226357280565,0.9665644789455109,1.0244124085474857,0.931891246728358,0.9985104420274715,1.6337681836653557,1.1734551427387077,1.0427272667282284,0.9234014440283063,0.8058847590610995,1.1139583135147124,1.2387610179641007,1.3184208457802473,1.0836108885457885,0.9385414147585334,0.9684722679379436,1.111577664071243,1.1167339097230387,0.9638291094551306,0.8630096801100466,1.3583150194009965,1.4017293893929506,1.0878151232020965,0.8572930180871036,0.9474870015557879,0.8974451415391079,1.2628628668934694,0.9539084709875607,1.3760197430275234,1.4326105242889557,1.0903699726630052,1.4319402130250307,0.902499385307236,0.9493335426950658,1.137370078525538,0.7913186486017484,1.1481841591183215,0.9307776802799836,0.9491835030143111,1.1472797349641541,1.3433313245061878,1.477622022608827,1.037223213519863,0.9460128606275224,1.0186412456160794,1.3473818829191493,0.7606700596217364,1.3095734925731946,0.9147688288209063,1.093321015748361,0.9602933716029023,0.9244502674532727,0.9310402265476483,1.876144295729939,1.277268809873509,0.8477635069676475,0.9596144821445218,1.068934385452124,0.9770146630874397,0.9490872904220673,0.7737795908714039,0.9657342694353382,1.1597614865708445,1.2566224064022862,0.9738423106174414,1.0445315650623885,1.4981880408230028,0.9560408776832829,1.0805183214157723,1.0223555535861264,1.0650712922432288,0.8771974618849753,1.1487747962379917,1.0225567683538628,1.1385845877923306,0.9363373885995075,1.661748357985975,0.9837837903533229,1.5846077706626123,1.2603761177686195,1.0976482432051058,0.911138109632627,0.824898759637693,0.8931342354231967,1.0587277052367652,1.0068893189064139,1.0103317754920556,1.1427855633092026,1.4878723525183633,1.093379828741954,0.9320419483616931,1.0205011085540876,0.7890179651284865,1.508943782571425,0.9493533533902329,1.2200433669295623,1.1570752975808332,1.2558909925760071,1.0087850155618436,1.1981551023361532,1.139952229713748,1.1139960695859852,1.0414823101778725,1.2871606772858093,1.0537726201674498,1.1693106234827055,1.1428343041968767,1.0011678830747286,1.3679552303568288,1.2503803196312866,1.1570628161837189,0.8323022998435956,1.177027624842969,0.9217754313962805,1.003516380921531,1.075698200003244,1.1118051465983911,1.298840123361614,1.0659636430556636,0.9465770073707338,1.2587845005623373,1.6503091959084566,1.543048896712762,1.3227310267372805,1.1492849707125563,1.2627464335215834,0.9881048695164328,1.0177213466941253,0.9558381485208113,1.102625482303823,1.2072966545927086,1.6022904565115297,1.039729544569418,1.0172789819864914,0.9830685276246968,1.0411890264915737,1.3569199956929776,0.9548510538115489,1.1573486639312762,0.9793129177441564,0.8601410993417706,0.9137042142333025,1.1436733542440116,1.4238242764375846,1.411501071861217,0.9038757607936864,1.2262492688529707,1.0524717090987132,1.168869761069436,0.9046459287954676,1.0484902121527107,1.2167051395723032,0.9804228870538447,1.1252563365180182,1.1014290973252838,1.0496613967079789,1.133449842642829,0.8355461607935093,1.0086436453530687,0.9551481051208981,1.413011755274213,1.1526948100059682,1.259115175988708,0.9069031820973672,0.9428749683810288,1.018526639435653,1.0059710988692534,1.344829966730118,1.0258909986450226,0.894095251563249,0.9085705551163472,1.1818644852934543,0.9897364310644358,1.0151789682882586,0.9248790845146242,0.8542459251251284,1.3004421080408244,0.9373192234461696,0.9355646745078741,0.7966914490105793,1.2661579622749408,1.4816566999586602,1.2364647684421755,1.4805930540525172,0.9285392981076922,1.2378198129301292,1.0646586262156004,1.0805756345701254,1.540813593453593,1.511845086260339,0.9154501469057503,1.1627081102312418,1.2579838971539175,1.1143785624634066,1.2437802227679793,1.0382366603888769,1.0661463937477225,1.1689995793737498,1.0042866090510345,0.894240004450799,1.037366489033683,1.5941819917304292,1.0802935952180497,0.9023321483749775,1.1274736932406546,1.0915187079480155,1.076445275055064,1.241065318744367,1.1792372623730716,0.8900286144797082,1.1183323657736604,1.5395376064591446,0.7449918592389153,1.133454818990599,0.7380736529038727,1.2915194605871383,0.913420605940053,1.056256059857189,1.1923003854558953,1.29160164518727,1.5211777139061582,1.127182598257284,0.9781528554202992,1.0357555027262455,1.3478254559538825,1.0319646776773141,1.1249088001208745,1.2073176311817355,1.4990153109267355,1.0134043131023203,0.7732477630167532,1.1891513170483763,0.8333110865716679,1.1616298089109396,1.0976899346390445,1.0449325367773463,1.247131585705369,1.0256731273967556,1.1497437364952805,0.9134228800775099,1.0723096168712989,1.0396608042489706,1.0215478872338133,1.3567243027230995,1.1866402826293545,0.9081195192660707,1.169768358258293,1.173862722334523,0.947456015975164,0.9604766927481736,1.092948493045475,1.0353592971927417,1.1479864538917464,1.5357440527253048,1.1014609689770483,0.934191329838015,0.9153702034862252,1.1958897308656997,0.8616124204320719,1.1047636980722506,1.2802126786552757,1.181787783266083,0.7988196782456055,0.8457568920736109,0.8286956679960648,1.2228582712495113,0.900085512240858,0.8111680028705053,1.085953324475264,0.8798363860726659,1.1636326921834295,1.0589632899126356,0.9650088999275592,0.9062533720101541,1.0042396300180527,0.8385882038612534,1.087265473135409,0.9110118363502834,1.0062508480545327,1.4399902787715393,0.9615849883139155,1.1929492429454118,0.945729795943927,1.0836827769456214,0.7940169178795783,1.0745574340692756,1.2675828547416117,0.9265860711446045,1.1069143773308043,1.109076441422997,0.9643296157992592,1.6654933019238816,1.036329763707351,0.9473571185067866,1.2223430649827445,0.9005029097004785,1.0648753125805768,1.014716974709465,0.9140440894390454,1.087127511781446,0.9498703905970967,1.1685055931672286,1.164967996031045,0.9524834573758848,1.3019709703326132,1.227439197584245,1.1412405060107786,1.191540167693204,1.595882527779886,1.4258861025710443,0.9563951414547924,1.6439202237811412,0.9962820986524175,0.6695879077867504,1.1521784178128005,1.0038648399900514,1.2058115235852935,1.0374405246020721,1.0384351023555143,0.9510489073953723,1.0242542273586825,1.836005113139637,1.1239203196246546,0.7996978070486078,1.235505074186544,1.0631140042716836,0.973390791132523,1.1345537999069695,1.0050414888932218,1.1994110875437287,1.2673504384842378,1.256368083516397,0.9309893628379242,0.9985062966746325,1.076703233913399,1.0171594592396285,1.2783263597430699,1.3870370163557306,0.9734266445390752,1.5853060524634035,1.0526708083716525,0.9756202984864708,1.2316688625560688,1.1561919581146551,1.6448856109529122,1.4087844029529097,1.5253822227361287,1.6255149562265396,1.0266193464203264,0.9798908112370469,1.3361634072828046,0.8949123103698902,0.7241423707828933,0.838171333496644,0.7744315533303819,1.1922632144437615,0.9503952710163726,1.007141118703712,1.076398514708987,1.2827847376799952,1.0698339506191479,1.1285174118984482,1.1284935671607124,1.0538926451262804,1.0245908870921563,1.027715883114273,1.064233494809677,1.4293512624111586,0.8102968733688307,1.4285035925007747,1.138538303644356,0.9978082382962069,0.8148467526039185,0.89718537596888,0.8820811162096748,1.2504601862866125,1.1569600195222707,0.9779593200285056,0.8693728222648793,1.0108534408118108,1.4404476210382016,1.0954955282768717,1.1323941622691995,1.1026710641847965,1.1950210723428873,1.060145301048069,0.9168531181401968,0.9303749083855228,1.2103603554420153,0.8240391991320044,1.2124797201466233,1.1027094091523986,0.9305532185347607,1.0329938451214118,1.3558246899985484,1.1133910260562911,1.0610182364374439,0.8643491767801437,0.8999129168505551,1.296246580348115,1.1263215709273275,0.9317698209826726,1.2474067290046202,1.0111946942105927,0.9140206536051556,0.9711380632864673,0.9540718464630535,1.0360724468408495,0.9241592164406729,0.9823521495823635,1.1231429377858597,1.1569462565302377,1.1224793856232635,1.097634961215293,0.8815793462178023,0.9195113406690285,1.3552225933407043,1.240075942678101,1.0592925306124388,1.030515298565958,1.1208258749049618,1.451679273911972,1.1467837206500482,1.042947032147848,1.0752138493354897,1.0345054108702096,1.0161946609837984,1.497694433982813,0.9986390635586919,1.1456498756610807
94,0.9089068608069124,0.9699763868334896,0.9697494011886207,1.2479340685805231,1.1062398248308893,1.0571293011354301,1.1120875018391976,1.0751679310991638,1.0815542021980058,0.9950763660446582,0.9879464240370499,1.2317128306778784,1.0465067026341102,0.7948888271492929,0.9652806497713897,1.0836954041846536,0.8587095369490727,0.9086624319194578,0.9012497429879315,1.092282598062835,1.0098618762088596,1.2502189193978412,1.1007386168600863,1.2504620772402202,0.9372910798274453,1.116525250143133,1.184632834070779,1.0727538655035334,1.0794343518938876,1.0415003096756252,0.9091483476115038,0.9100146855179777,1.1702510165311772,1.5354007085988641,0.9470704359171727,0.9602771861621482,1.1049595255385936,1.1360266183774894,0.98661312761383,0.9519416417647162,1.2000666065565966,1.0724776709006207,1.291303032911352,1.2312471097399564,0.9526531541885447,1.2968655214933897,1.1851457347565524,0.9292146857653044,0.9936849740067295,0.7507249533195686,1.0506698593315034,1.5079667623682345,1.0215735866507483,0.9559443371461043,1.1800443852894578,1.355830293817735,0.9913081164648009,1.2418482215677218,0.9983739509079386,0.947089270919845,0.8057439245139753,1.0152578905551244,1.2035943028639706,1.038570944649905,1.1396341901135203,1.338561094768954,1.1450104429701888,1.1473616312563375,1.11707405978153,1.0571229590379283,1.5334288304371673,1.2451492208257244,0.9177866157002368,1.1457558978928033,0.8299323450919448,1.041734736076852,1.060618367698318,0.9869628436626113,1.2704185290055563,1.0778960835752938,1.046989132367675,1.2866632767270558,1.4586157136981166,0.9344042200678837,0.9913966809034905,0.9570761526807046,1.0964443200043419,1.411004632237619,1.2255693941780148,1.0390365682291902,1.2574931513106793,1.4438773691999844,1.0721020513326553,1.1862754229432473,0.8907786882585267,1.1278330818027535,1.0484629093564903,0.8912810548555454,1.0603570844596568,1.2046777744461012,1.2702877986057959,1.1963454154623414,0.9618735646556278,1.0906193419049863,1.2670091587058299,1.067105911156918,1.3104832757083533,1.2272948584306818,1.3469975289056337,1.5021072099994488,1.0133632980654492,0.9510293362908534,1.1967331679201751,1.0648359286900497,0.9797053946902764,0.9530733802045528,1.0717313974028608,1.0848517750659867,0.8151611352441649,0.9997619111350946,1.1088527277980025,1.121845852500227,0.8397337559752293,1.4285106993132064,1.1154040805069523,0.9553101262796263,1.0555739369389638,0.0,1.694975173719737,1.253587458188504,1.2103038849182988,0.9826207855532778,1.0353370055455586,0.987110700133821,1.0955347181386421,0.9143138472689418,1.0071745630299695,0.942489343006272,0.8756865013537638,0.9992162779660343,1.4062230712505461,1.0453909864030866,1.0257028119834612,1.0557203928333019,1.7757483661020137,1.0283854069828315,1.1821754843288241,0.9659745941172666,1.1553712668922997,0.8495992242068708,1.389946023960548,0.9802818739455368,0.9708325849477983,1.2055212382317924,1.033076458653022,1.0006922104543134,1.3902236119013522,1.1178221839523976,1.2079596268292394,1.1042060253231496,0.9837749511815862,1.643101959991154,0.900516844091573,1.3854866397208443,1.1771655331121709,1.1862017633322204,0.9018863062787736,1.297705096127228,0.8861056230796953,1.0271443468937207,1.063486964976493,0.8949942890632935,0.7934443603591076,1.2384039259924071,1.3136958394138833,0.9761066428131582,1.4963887840461894,1.1153706892157316,0.9891564924587446,1.3461457622870467,0.9955914039901109,0.928348978054318,0.8170499697348478,1.6096929118788024,0.9656518917531858,1.1758794711031972,1.3074624992739219,1.2505064776682975,0.7069816243941416,1.0221508158611974,1.2947961558985397,1.2663010754489192,0.0,1.3549354812165277,1.2775246843055854,1.2175118616515106,0.9156767987748295,0.9755188571586924,0.879783236565417,1.0958868359232374,1.3291321549043056,1.3038613426599186,1.0584063911178216,1.1042714497448551,0.9335231321323006,1.6581374525988162,1.015801263261515,0.9734307040183794,1.1519564544853083,1.1482053761797066,1.115162601107906,0.9204687524070871,1.1055342778271124,0.9560885102167187,0.9438793506307143,1.218338426335957,1.217225386387718,1.248661628462369,0.9362783057866059,1.0853902976316152,0.9456341400404498,0.8469763757219817,1.0204447724525991,1.1659964613809017,0.0,0.9200492458185632,1.0576505640619844,1.2848956895731467,1.0441354255943205,0.919501234882262,1.0282173611917782,0.8817110468015484,1.0219153876014844,0.9555906588824936,1.4133573541866526,1.1030048453266974,1.2174057156322302,0.8841649812950166,1.1538997735822516,0.7924469827203806,0.9825747979101371,1.0345318441298834,1.0200748329953364,1.0768278672106049,1.1418728875298214,1.0108273279034206,1.0369208504009073,1.1594467237855892,1.4690473168188078,1.321848785964813,1.1149414552181631,1.3153578904722787,1.0353647134123107,1.3949548187219007,1.1038238530571112,1.0890635823545516,1.0428370226318533,1.0387691042802523,1.2347373354933966,1.3009554856250514,0.7185663376694653,0.8959288496525609,1.0567095057334965,0.9816195761300337,1.06849364965498,1.0113347815004756,1.1473825108860598,1.1374547974702198,0.9802195720005711,0.8221149382434176,1.012871580435607,0.9160016247061727,0.9880050384778705,1.2090851163376684,1.108162328480411,0.8616802678976544,1.200885770488795,0.940496514520408,0.8792818818570101,1.0227296829760675,1.3257693546740608,0.8675577137975456,1.192512776715555,1.1272278845574217,1.0348539301115494,1.1642681372707588,0.8527679603162799,1.4970114084748103,0.9853308784903541,0.9586414629348652,1.130981006671159,1.0795201739789424,0.9623447452856246,1.6387237154964525,0.9320328701479852,0.9508563556273176,1.0077015590825584,1.5530751308258073,1.1893306289336523,1.3193876941563096,1.5184624828638476,1.0371726579494693,1.092514124489982,1.425239716941657,1.1764126602502454,1.0038013329479223,1.331189065897724,1.0346787231780947,1.0100416866907356,1.1150882831915423,1.3000030420235051,1.1236826524953634,0.9847158535106044,1.051370610755839,0.8824230209130361,1.1652426700590528,0.8176610462445835,1.2672295495831158,1.0750750401504876,0.9655076056650294,1.0206293232238854,1.153917414744396,1.103345305135774,1.5002060856799444,1.0105222555495863,1.2368873154399114,1.0805464276567345,1.3434038341240553,0.9658132470566037,1.1765545375159414,1.1707820011617631,0.94756586066635,1.1033735329938554,0.8972999693334993,1.4713042725854986,0.9188451909954295,0.8254198001530239,0.9972165734627145,1.8345066802837464,1.2997972148439514,1.4055925919554846,1.2498268554759318,0.966023381384215,1.350031492962368,1.3314609671520048,1.0623704742815434,0.9424031840516499,1.0864559242675653,1.060931165310942,1.181957413855281,1.1328342864960148,1.2696667541312492,1.2283620500837444,1.063378317888346,1.1803285471522467,0.7627990854315756,1.056406498077538,1.7675962078271121,0.8749299541983697,1.1725331279445852,0.9610063999821894,1.1549622875364574,0.8412736621147555,0.933975139889297,0.9267299346650861,1.368594830877672,1.3611544273197111,1.1204695499694055,1.2532467429020206,0.9518099755624525,1.0852043978959012,1.33987377248206,0.8858176171535765,1.3896211751296166,1.029545964759637,0.8894237215358223,1.0850003737818334,1.044910612480297,0.853429634249868,1.1961490456892006,1.0411569903954487,1.0208582990528505,1.0357390703105267,1.0098164144604014,0.9976837743628875,1.0662139940892508,1.3469227762419438,1.1121198937701315,0.8928707002416638,1.4918197645763671,1.0825984862527276,0.9230664449552104,1.241612594787759,0.9692428327100157,0.996378100157953,0.8630457790645063,1.2106350484081498,1.0437698741060637,0.8644804805546105,1.0089237122002248,1.3448562631156442,1.0972747377310306,0.9138073947820983,1.1036740734378163,1.0669049607020802,0.8034078170913199,1.0574769674349174,1.1363373066991853,0.9302863140152136,1.7146332873848793,1.0808876371772587,1.1384468975020168,0.9131978635604916,1.0723533924519346,1.0307591161334007,0.923206475907255,1.347373873487805,0.9235175472285543,0.9911601565319643,0.9882930315267808,1.0839498547898567,0.8784285198888931,1.17232819102497,1.2641938220837126,1.3424908507265094,1.3905930363189767,1.0834477488683245,0.8752050280980587,0.7459614058406537,1.1445943912997167,1.0431138223400689,1.0798739072751637,1.1269110473601094,0.9061820585983896,1.1644055057404372,1.0042583624707577,1.3171266531243786,1.2149919230717003,0.9677145718393328,0.9498210250136885,1.0371643154474948,1.1926360204239046,1.0977560885064839,0.8134960801132063,1.0413704717081151,1.2139191155843045,1.6642349535180005,1.0837513967246337,0.9362806660819145,1.1623377187926207,1.0002262900718029,0.9597645013668853,1.0538477183468011,0.9832099189872113,0.9653464372782794,1.0021752640390948,0.9920420824316083,1.0119124106199375,1.1284136164366063,1.2018147956713243,0.9312586243400309,1.1236499458217253,1.0712268166892194,1.075490754231971,0.5887656971639519,0.843325327507437,0.8251167845174969,1.0365682267173013,1.5063695468442586,1.2391993059293989,0.9225685024032191,1.0206065804637507,0.9586093546910774,1.0209691280574944,1.0954546015230495,1.0069824581213547,0.9467087819107218,1.0346123286742326,0.9593085554208551,1.1365209519683972,1.2032760844273869,0.9023184984222282,1.3867736452277586,0.9626117759337822,0.9052842342557579,1.0010053535453904,0.8362124043327078,1.0648424658185385,0.9730815724029525,0.9731344218548641,1.2373368310944652,1.1471534481740588,0.8972670746172804,0.9723988994929299,1.1913472151303386,1.1498841872906396,1.0333074021918445,1.3298130321174142,1.1400395779735892,1.0388445123102947,1.232849605058176,1.0486714913664827,1.0529363844208728,1.054572139129049,0.8641084005408151,1.1826057230580584,1.1684422634096243,1.4203465067133205,1.3373650290350703,1.2780478073478425,0.8227336666226226,1.0707334316679604,0.9840189425768938,1.1372436005133377,1.0984612835979024,0.874369831660236,0.9794228121399686,1.0589369307192917,0.9205167194384071,1.281210538821364,1.242800214098065,1.1726113936217235,1.0639847257897643,0.9702595704143535,1.3609119943010164,1.1720761745878203,1.4022361824407443,1.062672460175074,1.192660313488532,1.180554530876901,1.0831536948697762,0.9168751034640196,1.0070718489321244,1.0203424155943808,1.0806664357973021,1.1665313707800338,0.8049178902294265,0.9827354403497331,0.8977922432295243,1.0088831760552344,1.0499250721751905,1.138833135835845,0.9424905048106835,0.9845677289851672,0.9604062993218404,1.291199345144849,1.0260881096288557,1.0863337702674698,1.039966955424012,1.03834703943607,1.1223993944284592,1.3332091715817271,1.0901226213055328,1.1675369357564738,0.9805166595676176,0.982809351733988,1.1651882089765262,0.9329712117046156,1.029040332901471,1.1161912188990795,0.9033156989608455,0.9427253905705771,0.960772529264134,0.8922183972813802,1.5506873456377308,1.3445216736024577,1.0850110686759338,0.9767575859951836,1.2026155760169934,1.0691486809521387,1.0850161739797581,0.9411701359983753,1.0354207351134765,0.9973669498141507,1.045329463533218,1.627245474423975,1.1396669232841328,1.0506096522211854,0.8840779918912854,0.8205456869114479,1.0462082532022803,1.2661870731038705,1.2199035159410574,1.0397545306076121,0.9549106963381702,0.9956378668154962,1.0860043884858994,1.0800484356900717,0.9439960170910418,0.8776022348727002,1.2661600678373643,1.4465981100022698,1.0789438575721122,0.8847775990746594,0.8804399503077741,0.8195074568788139,1.2313376332013168,1.008026865300708,1.4746323326681023,1.3126302222125474,1.0527831370393357,1.454708382366495,0.9078717719056325,0.9797498943070981,1.117105722098845,0.8268066395209631,1.1338352627054635,0.9137950861562074,0.9412234774241908,1.089986506572063,1.3620601158936996,1.504518775678662,0.9577197075917763,0.9628697239932682,1.0554937803695434,1.3316167150161164,0.7900851728109226,1.441797555696589,0.9662581411430889,1.119392557821715,0.974165590161128,0.88683192352873,0.9179303386836603,1.7953180604867502,1.2848593169766225,0.894922195563828,0.9271407384852468,1.1052528125856989,0.9594621804368557,0.9002589043265172,0.8102742192482175,0.991276394337085,1.2084282359966632,1.3174405969788971,1.0112392705105704,1.0842923540837557,1.5027200594180956,0.9742217205749445,1.0391814631133978,1.0348343411752416,1.0346319223690303,0.8419883122535199,1.0866973102179447,1.0439210702224027,1.1690627934594187,0.8949833465943535,1.630182390496964,0.9700891536052634,1.494692251502983,1.247333034281569,1.1330268030563198,0.9179331303499219,0.8475212327347152,0.9216814313613473,1.1099665575915716,0.9636344843734947,0.9530500902726391,1.1646263345651269,1.4704878233054912,1.0545254943191613,0.9374644944411948,1.0641382200175558,0.8317691257327102,1.4025628409430038,0.9484357407775721,1.2528539438929376,1.1131522981221051,1.3514421341459388,0.9399221525515669,1.1657687849321245,1.068468858173814,1.0558222043707022,1.0380167481675282,1.2976998794154113,1.010269978203127,1.2369968894287595,1.1970473758968916,1.025017938731471,1.381732454833101,1.3579108745123132,1.1449951282460162,0.8451253613778325,1.3114565299411431,0.917711989512848,0.9550890751381138,1.0579305294435546,1.0618755802540671,1.2799055238404593,0.9932121445269944,0.9454876589928075,1.2830682169514258,1.7325431340892696,1.5201916424854187,1.2107995277365446,1.236312635300838,1.2069875829405465,0.9819076686165775,1.049529029164468,0.9419188346946942,1.1331577403914626,1.268012520472142,1.5513382905548394,1.0429013256218786,1.0132189158512153,0.9732067751104634,0.9913970833182504,1.4111922052898864,0.9336537487192532,1.091139070617878,0.9700560201383044,0.8245731147705744,0.8928713489812491,1.2156140447706831,1.3465647113974726,1.3960591080195592,0.925035302773179,1.181045134082567,0.9402498336733911,1.2013048888627975,0.8952365930810098,0.9863108651214134,1.1452256347027343,0.9690186218324232,1.091345391937361,1.1019429841078705,1.0632259239329123,1.181463134448422,0.8345600172729458,1.0864605591600573,0.9746831450969988,1.4333985093938701,1.2050954890544343,1.3323612109268053,0.8433986030122442,0.9766255528010345,1.0385774787748892,1.0000817949937535,1.32004704217434,1.054966951136886,0.9321976351772725,0.88219137718557,1.0892290719328446,0.9862580134442045,1.0649331141293863,1.0098451936356785,0.8597964590913085,1.3295018543214452,0.9705929483942564,0.8603434830657872,0.7869925319457005,1.232250120225951,1.4898248647717949,1.2495212274677194,1.3694528132096693,0.9401490449818147,1.220764365289626,1.1291959677388017,1.1002076155078861,1.497358930427134,1.4741051891935486,0.9250624793814658,1.1460343455926547,1.3019565290000203,1.1565107983522087,1.2952734794679528,1.0524504607457668,1.1454270425855468,1.0508019323030047,1.040219736184776,0.9143842898633134,0.9770902468574002,1.6277970474532533,1.0631251351033737,0.8874973932109196,1.163156579621976,1.184433873380058,1.0702906435476771,1.206725989910364,1.169909261794025,0.9345568090280927,1.1076751890102012,1.433437074227005,0.8492928363001354,1.082206464264457,0.7480511820993123,1.2512896507498343,0.8747217162124123,1.0792652488078316,1.1852166378455957,1.217785631973268,1.499342184030259,1.1356275285464315,0.9885614173473004,1.138515450340446,1.4408118360054027,1.085787407560957,1.1195642528943293,1.1232116451662977,1.4773845107057784,1.0427397704658499,0.8055781072158547,1.14085850269252,0.805874703504112,1.1367650053033893,1.066168939919213,1.0591534293942044,1.2427306084550303,1.0723794346949693,1.135763608403103,0.9094299092462815,1.0905427015403644,1.0610451491572794,0.9300511279217174,1.3016087896988817,1.159999309723284,0.8629031881043694,1.1072337648605237,1.1717809915580797,1.0204337356053998,0.9583176864501616,1.0584523634490886,0.976455014947111,1.1691344480771118,1.669873087602083,1.0413062585709054,0.9476472402391379,0.9191635163189752,1.0971780326607938,0.8063893432179248,1.0771629780516432,1.2655449085997403,1.168210348630394,0.8548432724795716,0.8609188081494948,0.8029682949903328,1.2317843092800822,0.9479014591673909,0.8054752557265256,1.0559142139274067,0.8512874435870785,1.130330017246394,0.9762070355419485,1.0798319584087994,0.9074918252373021,0.9888808567411905,0.8404727977556218,1.1246194743664266,0.9984614825205923,0.9732830028083307,1.3644016391299005,0.9883937710443078,1.218724502080363,0.947256931663067,1.061530783994649,0.835578473333914,1.0293699941683505,1.298678171061097,0.925014304301482,1.1107010072736911,1.0399587895382538,0.9963917667249912,1.6172940503466904,1.012372607772395,0.9497791796339228,1.1270937767841378,0.985372704507758,1.0577725801148186,0.98136627534132,0.9370880032158642,1.007794573657705,0.9040126820877157,1.20998582551784,1.1273873159587124,1.0325587821160356,1.28487334446925,1.212602623459655,1.0843753083381327,1.142756680607566,1.4072580996502542,1.3685443298576576,0.8870922051030649,1.5457974650642214,1.0001581850531867,0.720659107126089,1.138529101551557,1.0090231558466705,1.2178111844818198,1.0260095320339662,1.1081570014369924,0.9917021483051781,1.1122457751201495,1.7570249412770291,1.1274670938351798,0.7296573370325125,1.1474437047660748,1.0655852951701401,0.9814774156541268,1.2342053260489732,1.0092045242713201,1.2227671538363665,1.3993318074794698,1.3392562732843285,0.9467634466333728,1.010763405197119,1.2085919028906438,0.9707404275984333,1.1923756835730268,1.5175245294349125,0.9611167012265274,1.5719703813778934,1.0566652987134915,0.9304438716188985,1.2833170448625464,1.0716155667164027,1.4833282743409368,1.2249235369541696,1.4788428616510634,1.559089705748532,1.0675552812823148,0.9768938239072762,1.2666792803637492,0.8709898360243529,0.7873822014197983,0.8525735058040179,0.7924996735597241,1.148907861763417,0.9104301003186634,0.9459469529680089,1.1113464371261816,1.3656712737442536,1.036240565754476,1.1716640104195022,1.077678245517098,1.057971185180254,0.995511559649448,0.9829926906648347,1.125540400546798,1.4992576479120812,0.8674911659561448,1.501430409819115,1.115337477427879,0.9317764102837424,0.8112790970847247,0.8571641319613099,0.8753042312018643,1.3502213885914105,1.114000083344375,1.0117660239320707,0.8795788120723392,1.0365611584489058,1.4530906693684267,1.0468535814052997,1.107733362757383,1.189763895279398,1.1305366741928218,1.1677248577728834,0.8915205918864936,0.8935781673254622,1.153365706566262,0.7931340121591048,1.283764870948415,1.0994235490057562,0.994159082822667,0.9955936249768278,1.2675139402113085,1.0331131558529274,1.1311739868964379,0.865630513538158,1.0387159234939325,1.3083677425908924,1.080308228683963,0.9119676255488566,1.3235001167857963,1.0041296237682213,0.9323540626526405,0.9176465953559387,0.9753796833577402,1.0435097956284358,0.8588692339732166,0.9631748310471803,1.1322533315279997,1.2042070384838857,1.1307906087804578,1.1501137835873703,0.8740055634758295,0.986715538137737,1.517311906639517,1.3011068849714034,1.0400451693345532,0.9987466792816881,1.1457907574176582,1.5803486074847215,1.178543035326576,1.0521427946046151,1.1325403520408193,0.9910904195654003,1.0091319470851392,1.314066227257833,0.9535698256159609,1.2304832105042725
95,1.0437622909913353,1.0370972033026755,0.9525714523864726,1.1740775378550268,1.2206719188671404,1.236146071107835,1.261837948156993,1.0728071223144076,0.8422728630877339,1.0903622460240856,0.9661056755550125,1.1223879432300143,1.2119538646664525,0.8123331052716948,0.8224141087726526,0.9072244262776,0.84984727768034,0.8853495632419912,0.8142110119137163,0.9687133777798391,1.1821456582622925,1.1015055481498959,1.2364069663783381,1.1242056915573877,0.889838459640336,1.2780666094435613,1.1834398399452264,1.078358030464099,1.1222845304973417,1.0932130717486912,0.8435027091296401,1.0040283913552548,1.0937980438444714,1.5465995962763497,1.0125458189077383,1.002666296862502,1.1351855190314153,1.1671109324133637,0.9222833238672059,1.0181753050527111,1.1074659579095305,1.0622003608776993,1.1387720466482816,1.2577521670289915,1.1530622317261967,1.2436944249418023,1.1864147706392314,0.8806025651933947,0.8903554955836207,0.8244989171864296,1.075960369217793,1.7796233406495456,0.8998408830591427,1.0628696235356627,1.0714092894731266,1.4713692235769844,1.0598601793463338,1.1266142224817157,1.039078737493872,0.8860395554777213,0.744932387338029,1.1175968447587978,1.0614468832956327,0.8760102799242093,1.1199968536873424,1.3499782586678477,0.9631350305242266,1.0380156808191123,0.873196960348664,1.220279547491878,1.8116041573416206,1.0614036546791048,1.0817352614053513,0.9923244366940056,0.8012352160037343,0.8445274778802178,1.0501102063838237,0.8443910876360528,0.9794108939962372,1.2260989426163345,1.094553532375244,1.3736384975507239,1.2649695322765664,1.1460735707929202,1.2043577485150427,0.9494833115526745,0.9983780691909846,1.6620942095943807,1.1649418221374341,0.9215980609515529,1.3024006943731088,1.5949182153773829,0.9303446417227236,1.2027520620136114,0.9700180046471997,1.0638976020632918,1.0440248349988004,1.0415940740662035,1.0333194387821534,1.1948153442403169,1.16912135176073,1.2799154416180392,0.8468851000728579,1.1168263645187448,1.1933079481076276,1.1413690274604034,1.398006923127265,1.049355750890837,1.3734480275390508,1.5950374178377817,1.0632971382533847,0.8654915740826145,1.1663518404070456,0.9772711226428944,0.9020086403227966,1.0500569181501105,1.1892702161974107,0.9461829608291198,0.7484478688560328,0.9418578222571239,0.9988173681381471,1.2058640891272088,0.8215590419283315,1.6572058831728111,0.7774839741908475,0.9991774972561908,1.0435933715762382,0.0,1.8623012855052516,1.368894099190265,1.1488140610761794,0.9737857035276195,1.0800526971655302,1.018636976052757,1.2084425598981152,0.9524298389627704,0.8230494493667146,0.8841776018414756,0.9031616420109215,0.9734923011541322,1.351772159030922,1.1195773288185444,0.8897721000759736,1.3788778538647215,1.7311000776933847,0.9998949573663928,1.0539096323250643,0.9616267254200805,0.9248316299864804,0.9877096530825247,1.151093427736051,0.8452497384575559,1.004249834991859,1.1656341675818696,1.1047595337744638,0.8855408533940485,1.0781660689337451,1.0728865912948442,1.5131777461793772,1.1073254468316929,0.9479557715537082,1.4355515941607637,0.8630225553527802,1.3792401612152687,1.1928482945909245,1.2871214000610354,0.8664186322318536,1.4919459844998215,0.7398336772228712,1.0837234974723138,0.9032144854940416,0.7865535107888514,0.7744301082480516,1.351956302565932,1.3826289710602637,0.8042294665044823,1.5418728775596742,1.2288213611611727,1.0054563947709212,1.049912716518087,0.8323409384438649,1.0436733047870046,0.9358837850345793,1.7623830160558998,0.9746666616778262,1.3615029203369722,1.3079715826815501,1.1274606104758857,0.5989815416639256,1.0759120651706775,1.2361789595386588,1.1606720609677026,0.0,1.4554957987604114,1.4374932294962877,1.04679261541131,1.0569724610271813,1.0156119636093262,0.7920605210183709,1.0218465742183922,1.3400259746493737,1.330279692731932,1.0280030959682904,1.332127056340917,0.9258728731488011,1.5452423043143864,0.990663815327394,0.8523021334495187,0.9840688613247298,1.025253591457943,1.019908791303691,1.0869952346559668,1.044297750710551,0.8214374964163936,0.932700136080797,1.108287969800714,1.0344420891270962,1.2394347357390336,0.8822420901163285,1.0631737871844624,0.9634119909468137,0.8549673742341274,1.148318511149039,1.3582979867823073,0.0,0.8961776542855535,0.9888289416279548,1.0923528191682834,0.9309843138065004,0.9318036721762564,0.8844106195508491,0.9024394887479116,0.8675888446464869,1.1052009055205294,1.2211937861955349,1.1796674383128594,1.2416450858348427,0.9475832294730666,1.1651028490579485,0.8815175543116404,0.9207492102353159,1.2025073483771385,1.1715569483029327,0.9904882407019135,0.9750784367381748,1.0053050590619832,1.027813831863845,1.3322306765141192,1.5438698665136354,1.3047027959931317,1.0148393328355854,0.9453046893202158,1.2346468496745575,1.0385777423763973,1.0612583781205416,1.2504848999096274,1.0556463058585033,1.0635524314725493,1.336466830357182,1.4685883830620041,0.0,0.8985545533898014,1.0186588872448,0.9666378105804777,0.9339065541606655,0.9579748544942426,1.1424345558624613,1.0694249459923506,1.0015554111232783,0.9065321833994175,0.8857038912497593,1.0247243771714154,0.9434037356036528,1.1573312209934326,1.0403295900770921,0.954370318178327,1.3239346185417076,0.8914171686653288,0.8493480811262873,1.1672270437321266,1.1642947361601244,0.8898792376061839,1.165297092302469,1.1074486110724946,0.9385449349954701,1.0245467595405295,0.9885528714463714,1.966782500931977,0.8851395214421214,0.9435358199436686,0.9466589172935993,1.099784614782739,0.9781380718223905,1.6206858073168244,1.127396022461896,1.0490188659169846,1.1074376514556994,1.9642229072514483,1.1466122581037563,1.1557581008870033,1.5345123649900856,1.1388486657729857,0.8491579453853775,1.1199563031781152,1.0981565571752692,1.1116436875266615,1.2295588891383797,1.0994202328725662,1.0538381573469535,1.2903129597562566,1.0191650378883468,1.2342839904086762,0.9507454004099286,1.055627276459316,0.8674231911129018,1.2600321634813203,0.8008986323965308,1.1932027684060158,1.0813931606126754,0.7640671649832542,1.0077768467638752,1.1401480155340846,0.9748141494306299,1.3893240034781738,1.1244828296159772,1.5377929890559974,0.8104586450706588,1.338022356529694,1.001022656139287,1.2124650970679611,1.0122810602990793,0.8299970875234056,1.0890092433258325,0.8970873978386148,1.797176117879821,0.9994674536146407,0.6669848687287894,0.8240919106382107,1.4228430324579036,1.4159044589027248,1.4081936171657836,1.29449280256793,0.9551338620540911,1.610100964575087,1.264901226056789,0.9103180488076922,0.9555866256483135,0.9340255532871111,1.0863741113169219,1.2918336832513868,1.1620137077637758,1.2498746774456366,1.4446295947361092,0.9024571285650511,1.0574722559887164,0.8187573743147534,1.0664228624235803,1.7348814186666066,0.7296382625124189,1.2268744326098044,1.035323596592827,1.0429108989399043,1.0145998099963405,0.8086692092135396,0.5715161007751254,1.1081501420305475,1.368008709667814,1.0702346108672043,1.2813544291485355,0.9743487274534866,1.0326141994526206,1.0706278459281187,0.8690096817687639,1.4448943374538161,0.9984946868815595,0.8830512551918455,0.9734923568010896,1.2170417424593618,0.9518898231832631,1.1050743896359296,0.853764041692176,0.8903007952893877,1.1641405289793627,1.0484936240892166,1.0226461358585082,1.1520018803994243,1.3583483035815362,1.0212448129584994,0.9998593448374055,1.1945098848512414,1.1612931288941901,0.8202668146547983,1.3407457628433241,1.0563598207176963,0.9314305743222631,0.815373257342324,1.0587552263514441,1.098400998162679,0.8746479629902244,1.1283375712895556,1.238169836493796,1.0879664252256593,0.9008119403799227,1.3416011146893705,1.0580782678284235,0.9193751862429423,0.911203866066735,1.1267087358424694,1.101758193172065,1.3657278969267477,1.2149489063566474,1.315144969736919,0.9120107370523266,0.9981178090684407,1.0811160526486003,1.0209758070207353,1.3843102328033376,0.8124227853901083,1.1896895369646479,0.970913774510745,1.1429777913046477,0.7888446850946054,1.2353437317167455,1.484240966493958,1.3199031236047263,1.1046982959813403,1.1621578177708274,0.7884512205632674,0.8635875669732274,1.2177221222879375,0.9563714782538556,1.000458344163321,1.0332487289532362,0.8347610773459248,1.1183910808600317,0.9787793736488571,1.313518381315521,1.3306022853713948,0.9972519611693789,0.9654460376984269,1.0227953792074522,1.2732970411955575,1.0344067638002945,0.8815023750730101,0.973105304927414,1.3790740675769024,2.0856232613415004,1.1742011779495132,0.9409158859161998,1.4188381215856691,1.0973012460065856,0.8585561482972042,1.091473848494139,1.1038587060996643,0.9043022154637114,1.0684312417545303,0.8394599105703702,0.9778167713744744,1.2412398571178742,1.2463371674248243,1.0823486009660532,1.1374559527514811,1.1416847626546205,1.0977978504069232,0.6437134714452696,0.9012164695532907,0.7264141720369287,0.9551504455840262,1.526915006905064,1.1598284667967302,1.042822594311243,0.8832863976105999,1.0542195031086563,1.09522013690368,1.2310846855612696,0.9972136043473718,0.8852914249320487,0.9201308905349282,1.0647162890623,1.0056193896895602,1.1992228063985535,0.9210434863926764,1.1929826717809842,0.8739652602568005,0.8002503907953498,1.0903025037036898,0.9051697566939116,1.0157902703028112,0.9218212828449319,0.8753748465166099,1.1052759434721584,1.1539080935844268,0.9605200129509206,1.0206967434569147,1.1982323209873083,1.3060371813176723,1.0470466945669068,1.1211892048418222,1.3301181344064357,1.2406409005663377,1.3777716471473744,0.8752912340578084,1.182633218867745,0.9014046184756321,0.9959707861239983,1.1609188824913148,1.0486181432441237,1.1604268897851984,1.2895898056145652,1.3776029649102892,0.9223071405476457,1.1125309429407741,1.179407563144517,0.8802661664229875,1.1021210603914402,0.8900830273344745,0.8832619143305541,0.9999787999918872,0.9153360444141881,1.253215063692765,1.1309593277251475,1.1091360471772977,0.9203755065927529,0.874582998921625,1.2438049301545977,1.079662043102323,1.3555553274373464,1.0014821781009584,1.0053790128239428,1.1870387128356272,1.100607610293866,0.8068239589389582,0.9757690159358339,1.0862585068331696,1.0385432550420448,1.0313870918159804,0.6871632320455545,1.0837482692255753,0.7256780657568318,1.2040412950772093,1.1112775068263827,1.232578012734375,1.0677420638727353,0.9389551722034639,1.2012120438691423,1.235760720178926,0.9584224430619777,0.8855710902915511,1.0333001861796791,0.9971372375796668,1.3744152717670248,1.4773618423833144,0.9493287102971101,1.1161492481580806,0.9266970559847045,0.9774205954837504,1.4850584682721717,1.094341857840446,0.9410476086695623,1.1844869183752098,0.8907469690885615,1.1092678136439267,1.0105648529508906,0.7135924718026955,1.0512319205628045,1.6352750617986365,0.9935564711948522,0.9245079220557472,1.0359453721538958,1.1482245599350906,1.1214019799856478,1.0194293699382164,1.0764613737240623,1.1084108203738179,1.1527617749082213,1.365757090087302,1.1062424241982955,1.009094905879779,0.922686505955503,0.9868661107550921,0.9272611239309597,1.297245149697971,1.17805688104874,1.0047457470337529,0.8434385705323539,1.0606667590062515,0.9599779331919083,1.0772797952818705,0.8995704998985468,0.8702353753871794,1.3506812742868615,1.330505927757398,1.0359410944129726,0.8230912666519892,0.8153562380586644,0.767455045634993,1.110812618436769,1.1109968320595107,1.5270284827241885,1.0989481712226765,0.9973620695069144,1.3878520125154783,0.9353844079329056,1.0449724813946188,1.1384961844392096,0.9099180839562167,0.9955792297533536,0.9302689469008796,0.8318239704307554,1.0303988801281372,1.3342434345643126,1.4001274551352108,0.8591305640652106,0.9474323720717742,1.18258947528844,1.3110173558265281,0.8332318265522829,1.7095464897328134,1.0233140264057914,0.9805530598901969,1.1387230287201444,0.8846373944106768,0.8658188112562931,1.7182269475389034,1.2408908872913313,0.9227757264593287,0.9894795109640456,1.1550798095636114,1.0135965801287674,0.9246856652150652,0.8783555491877262,0.9436425994099797,1.1489939859475646,1.4575073260533304,0.9066399591435894,1.026845481114132,1.469637811988545,0.9896110163690938,1.0135600969531582,1.1350355465917636,1.0561176657241786,0.865225157614976,0.9922575343501808,0.9900832704538306,1.149521141628978,0.837206702701504,1.705476371462083,1.033397902799077,1.195452548336985,1.2398765762803066,1.267986362307398,0.9468245869818117,0.8182793692764785,0.9699003036625167,1.3396849104237243,0.9445959156405237,1.0316614260458439,1.2255084120461217,1.3944278438890136,0.9791844796803142,0.9411874685751341,0.9304890406257694,0.8670560988947338,1.2684492080049787,0.911716072944575,1.2811395492930708,0.8367809423317731,1.3412350448193069,0.7565717841014757,1.1087131904591951,0.9740170759773339,0.912134933710891,0.7799652090433313,1.3541081355785698,1.1023882336081303,1.3305354951212511,1.1668903907532242,1.1612624318593054,1.1535068594365958,1.4039361179261238,1.0853761945490297,0.8704936760624674,1.4170664152463153,0.8141611981190736,1.16221945348354,1.0293319066231938,1.064998974335649,1.3114332806940507,0.9579888636657722,1.0495319804605834,1.241827293928413,1.9687553819197172,1.0161924151445285,1.0254389905475207,1.3729780931039737,1.336638355745677,0.7833518843770388,1.1559905767798244,0.9278428936076685,1.1560944986839983,1.4649082136812936,1.445560246728812,1.1500374191678968,1.0947035854315403,0.8210867085032133,0.8230295716433195,1.5012037287751288,0.9491152601059186,0.9797513537178234,1.0992096771131157,0.8653850397663817,0.8631752305057737,1.3850644527515559,1.2723754529157831,1.309674374298466,0.8639371294877215,0.8942735448379594,0.7782543692190954,1.1978614773167056,0.8876788891131285,1.1108407366816657,1.0077358565301247,0.9796749154022093,0.878150451965957,1.2238683302509445,1.1291341397834722,1.1848285403425465,0.7393794840427568,1.0894660515544337,0.9894832268418629,1.5649055602183717,1.3741174678241694,1.3512822548200953,0.8814424779663319,1.1603419081168223,1.0321290999110935,0.8865898806981334,1.210530578667514,1.0533349064703892,0.9416498929512631,0.8411367655282342,0.9520754961835769,0.979314923100016,1.095585543218001,1.0790921132197837,0.8196772464703,1.2854545966619007,1.1051809166440782,0.8971641531900765,0.7508578637029535,1.1567510987194685,1.651134867950688,1.3387601049232203,1.3324098770989794,0.9623254631046687,1.2086478415639272,1.0528124692856755,1.036691225652908,1.379043256144647,1.49023828352381,0.8674168647106946,0.9419962319295294,1.305416424292336,1.0895542611906839,1.3905059481101978,1.092766391397303,1.289362782347811,0.9501300460085024,0.8942755560190633,1.072948058009083,0.8768735999676124,1.7143831997342027,0.9925846680307348,0.9095709240244838,1.1531910180955554,1.358957027475824,1.0807060683587746,1.284137800289541,1.2717734915954366,0.9991798886531696,1.122098725974146,1.177103627421168,0.9592704763451492,1.1179352256022148,0.8568396753944052,1.363733947160486,0.9589362376763169,0.9906638540140638,1.1194026285619667,0.8911341545647918,1.5066191627542467,1.042132117281838,1.1472082993346757,1.1718534905616462,1.4835455497224126,1.0208104170807588,1.2313555572738706,0.9996233541992049,1.566165185083098,1.0573040901119992,0.9685303773875275,1.0031858195518857,0.8094298842911126,1.2710960613490994,1.0137981669596097,1.027985216264724,0.9377637629822756,1.0649525672903846,1.1281996105924237,1.0117831396091823,1.050668328693744,1.0024161948823804,0.8393652771721446,1.1506441419242102,1.0895693916583238,0.7783796718884021,0.8699542884583604,1.0696157802626738,1.0836850705168146,1.0014712894823807,1.057446657693375,0.8455745582494875,1.2228129724979309,2.223269642699495,0.8871670693808237,0.8995412501150469,1.0578157182872658,0.8642731371425728,0.7393479131874902,1.0748255081598639,1.2067218407878488,1.2502323899682748,0.9888779479979412,0.7071019607116661,0.5976680678248607,1.2015986412086044,1.1147723318699736,0.9184825251228558,0.9364299444555853,0.7924794116564382,1.140756955894253,0.9277345832031247,1.1691739647441113,0.9542880270548249,0.9086689323190448,0.9954539952164395,1.051457704979291,1.0102150348503955,0.9112806122323615,1.25115351734834,1.0471907896804318,1.3565839973139835,1.0165232460296172,0.7988408818951935,0.7524895238439275,1.1070454821726428,1.1592117346446527,0.9340787018739467,1.0591988044434666,0.9902696764141031,1.0921182172048063,1.8513389927287964,0.982248413711061,1.0072245358959135,1.0210999059853083,1.0955688581784682,0.9910004173113552,0.7691153114297283,0.878347660342393,0.9930158844542311,0.830634421733387,1.1904363947960594,0.9950056925725359,1.0941667778270783,1.192305068536024,1.0359941496710374,1.0142732423971956,1.1443259711405347,1.2216338191602079,0.9824094526346409,0.741835526788312,1.3917505462017838,0.8698436824092372,0.9115952966127732,1.185704378198358,0.8487955591141091,1.2661197251177891,1.0922181290839355,1.1641062552472077,1.0806605805653922,1.2447778575939692,1.6757072633761507,1.0427879718716075,0.8747405939591149,0.9622804523443278,0.9659805288823706,1.0810187514259058,1.2188736952217547,0.9056976221369691,1.3324886876595863,1.6388943155345141,1.4982992299088993,0.914518423908163,0.9122998349097238,1.4066593464277592,0.8310999417351772,0.9355856145787514,1.6942301928788641,1.087950653523589,1.765317264691582,0.9968893916989502,0.8763940975394834,1.1033925714096615,0.9781628318020339,1.2940848139552226,1.0485593159553788,1.698936864750265,1.2770607176124158,1.24169722365015,0.9766879332091956,1.1571475442406636,0.8143008996681796,0.9934105781099394,0.8265289841791085,1.0319372894228864,0.9425382280164246,0.7125485084850134,0.9464389830404012,1.0952513570364342,1.4476288606827588,1.020217166019374,1.139915175486184,1.0117840658488002,1.0385327330157321,1.0776376633513318,0.8825908186067934,1.1969241333225766,1.4873968429853999,1.05963913588256,2.013205384451648,1.0730864346487852,0.7626887945209118,0.8152591929631858,0.7603726274992253,0.9534343775298475,0.9363420160649305,1.1141617222107045,1.021233107071347,0.822990555484187,1.064517750679579,1.4945044840098796,0.9848047316632316,0.949707378984398,1.4304729481735328,1.0760466602801306,1.2226600629405702,0.9157780370954802,0.8420326646242181,1.193291562191925,0.9209099725876045,1.3628440794930758,1.0613541095582004,0.9945053180524361,0.8314206510851729,1.2970697303588146,1.094159599270809,1.1370579845370026,0.8769855623887507,1.2462951414722945,1.35422155901841,1.1082589177242244,0.8075109193769653,1.5340365563719487,0.8831527815202609,0.9118132356688775,0.8529016375401803,0.9592194163654885,1.0908540998179053,0.9032651072450147,0.8646691808152434,1.105278697303688,1.3919915121324244,1.1717374331791448,1.1975785849103224,0.8469037058693647,1.040233225242097,1.6307250494831615,1.494541248469762,1.1075095875463756,0.9141447599478758,1.256438779052252,1.862393630688094,1.1884949413354973,1.15139621843561,1.2283568088788919,0.9934906287939242,0.9237698495146338,1.0366763432429031,0.8590016277641503,1.2389739492723186
96,0.687738400382762,0.969015557211604,1.0609850984441407,1.2960987042940195,1.0732052741823974,0.9542339009065801,1.1632894472447335,1.112563808759102,1.1513008807958205,1.154378504202111,1.0365820485674344,1.0964776234764466,0.9257980910646512,1.193257401365822,1.0266181446421148,1.1126856793195141,1.0189347665385857,0.8206548020688671,1.019817778542731,1.180550471809951,0.9836409968656785,1.315443981037538,0.8588760917498749,1.1748936737647218,1.148088984139009,1.0399380316115412,1.0640843689270643,1.3705810908949498,1.078430101313131,1.1066540869265302,0.9662460806112582,1.1548148693526064,1.217589376566361,1.4055167317266244,1.0811172570082674,1.021151775005899,1.2430118657861442,1.1480779410484845,0.9409137067724057,0.9604064934185148,1.2993831575268917,0.9739634261405342,1.3483068191888392,1.030251062627163,1.0743963560109728,1.4879966976035763,1.033928155353949,0.9201484534881648,0.9466101154364095,0.5426964716578949,0.8468230558038102,1.405637753340357,0.9159613044137741,0.9670727021860499,1.4037710952840439,1.7609596650430526,1.0663645115405005,1.2091127319483586,1.0983695588896252,1.1680510304845533,0.8366422771382878,1.323331598364267,1.2030472822281222,0.842435020952797,1.2228705397313429,1.2850167609831062,1.3773543902057401,1.0381869470408902,1.0390544092361322,1.1739081309651125,1.3331635854783188,1.2702349403262279,1.1617881253034152,1.350282300119858,0.8292877909196356,1.0194012638221943,1.0680914672797326,1.0926438211646998,1.226607026221736,0.928457418264977,1.1214654153790111,1.0912684163872808,1.4471407714737394,1.0723734762941617,1.0482227081057294,1.122741477144512,0.9836960387796981,1.6905236117263673,1.1498494584865262,1.1390537831985486,1.173589508304717,1.5744880252351479,1.1981238762277857,1.29519044699712,1.0524474557118486,1.2389425329238994,1.2995586519381919,1.1223208314704658,0.916060079479905,0.9220087688426041,1.014046011264226,1.3184161996064094,1.0901508321868456,1.4670684709510327,1.7108357684031545,1.001281625022161,1.1250682805509795,1.3065979487861916,1.0765969472964145,1.4394997604891464,1.0809866237437225,0.8005797060240046,1.3210911094106792,1.2197643655242005,0.9811427155663153,0.8838091390787584,1.0881667105278812,0.8408132027102565,0.9714990248729561,1.1045843325435705,1.0950445176816541,1.161808634206631,1.067900243218917,1.816966345246151,1.1401270485600912,0.8912665703208308,1.135113099029731,0.0,1.9049949929055345,1.3016679770449777,1.5239914170572533,1.0752934573804407,1.0652019906604473,1.1792933312583154,1.2469955871806044,0.9850136455418562,0.8969318945059509,1.102280377674891,0.8817608970940224,1.2666850592866148,1.5600448078729365,1.1395659087909555,1.045224380597679,1.1948898174034015,1.4824572609800741,1.2575770096492564,1.1866405107543232,1.070523776798976,1.3696408391836596,0.9593000771657215,1.494488825893666,1.0389523901195568,0.8327925460908099,1.2439258380793388,1.0940061089377915,1.2956840177999664,1.2063305911925661,1.1208622697877457,1.377945058866827,1.176270248671659,0.8997712976769505,2.029994398639241,0.7926771727549167,1.484878728072164,1.243486154432905,1.0062128353753141,0.9236083646801776,1.2803609176674002,0.987733834279245,1.0878519679505725,1.0930882114471165,0.8552731146353354,0.8203014413923831,1.2238368883141002,1.208167690675389,1.0168126526326964,1.3987431609038488,1.4890388224069189,1.2980931538664682,1.7808519508677987,1.1028932391868627,1.0007202682815233,1.1111281714487053,1.3197568674199378,1.148569301790309,1.2633297920030608,1.2761835214722963,1.361810866819518,0.7715513059766334,1.0104430323925202,1.0945157386735205,1.3796624277108995,0.0,1.3803971080133557,1.3232386905856166,1.144738123359405,1.0460485244041566,1.0619466130442803,0.8888064920212639,0.9687950184716643,1.2323477316185856,1.352710317811325,0.7593662855547024,0.9008692203127949,1.0787073947192678,1.931552880772016,1.275468413349722,1.0181729766822274,0.9845575354740171,1.1513169868164603,1.2089634372531826,0.9831211829993012,1.1895662160136373,0.7816871552466066,1.0730992797040328,1.3587417288052352,0.8452687752255517,1.3802060684809028,0.9088581894549955,1.4975469504184997,0.8899811989700354,1.049229228943836,1.1253915168903337,1.3625919911763742,0.0,1.2017612874043373,1.1282412824725945,1.157626075725474,1.0032328320688078,0.9378393126317466,1.176975024518764,0.8532400325057994,1.0847322755634372,1.0032115252367892,0.9725107595243818,1.0035997982654854,1.2152657480060356,1.1282669778239223,1.2609275925629446,1.0785433061701728,0.9214805261156447,1.1292199064990995,1.2227687191411212,0.800201115515371,1.2987690220041708,1.3948330816510368,1.0098788254258653,0.987732328601891,1.5263543251066989,1.8843533637831253,1.4017952919323653,1.2444722361422866,1.3629071957477885,1.6613612488536849,1.3899990331825576,1.1377362613931856,1.144562750990535,1.0369494556753605,1.2494317137331918,1.3295541566711957,0.0,0.9440686393756091,0.9160336932475749,0.9833225950103301,0.9729019446280234,0.9562786566352119,0.9703829654797763,1.1561068508659806,0.9514081524456142,0.9424532399910462,0.9712928194338886,0.9773150259845771,1.0201658665422333,0.9912591236504277,1.2635088289753615,0.9961961330704493,1.3300127825559964,1.238773956429554,1.0282592572610765,0.8787615815841535,1.2448063345877223,0.9446734594489398,1.1219546655675279,1.140070195202231,1.0077519186017558,1.2815828759845878,0.8900938155041564,1.4073532942965443,0.9461871722688717,1.1278954595434685,1.1349149520266752,1.0456899456873976,1.1015442382564762,1.3943613675280435,1.0259027012115052,0.8880643509349495,0.9507751019823346,1.2750218876166426,1.071511039035556,1.320415919243062,1.3948824311175183,1.011794648287082,1.0471685267290938,1.2443569564239585,1.3040447977528158,1.2361474484901123,0.8894852298381322,1.2687134050183133,1.1212214027913352,1.0740458158639075,1.0451739755962783,1.0514164439613591,1.1859818047707968,1.171944598939205,0.9452582920978696,1.2133019307684751,0.8288369567824563,1.251749291151398,1.076162722115432,0.9018657143441943,1.104041561089421,1.3553676489227688,1.0889268891927129,1.101245878201698,1.1320423780376652,1.3481296025455674,0.9332921792134385,1.361402072537414,1.144630292372069,1.0366548648054414,1.4622471592741266,1.1169186196362335,1.1134901212244142,1.177573833976851,1.1847762342478667,0.984746889019114,0.9441338324172861,0.9138528495713643,1.4437947875120951,1.3108358450323696,1.3237821234167764,1.3326919180793093,1.0731346367370793,1.5394257759594296,1.278752594234069,1.270927347206753,1.090121526566582,0.79553574137011,1.1700293293989121,1.4573748277607237,1.3133578549721332,1.0678507773416035,1.6870335437176869,1.1706220727551346,1.0251800247250422,0.9260215355057819,1.1381608284074287,1.8477408605198495,0.9130682344094754,1.3037562694681972,1.2584062019008309,1.151702904957469,0.9356692192862581,0.8779689839094253,0.8886473585881934,1.3903705293577155,1.5148975372437563,1.3223508938818516,1.1698849008354404,1.1065619692356274,0.96611094305829,1.8735987305343442,0.8874967189145128,1.3919078881371443,1.3866804713993586,1.1497793469203155,1.0143896172051008,1.0326518642832072,0.843091946548895,1.571938836824562,1.4831413801591948,1.1785439221802712,1.0862042817520967,1.2165969665794385,1.0937778034763461,1.0962138929959253,1.0824446581945115,1.0937275113785003,0.9805624550258945,1.3537232978424,1.204528204082975,0.8281982779311,1.3559302114026273,1.1445548620222783,1.0663417671013538,0.9190187096584219,1.1716032484790535,0.9875268282475921,1.018032874955835,1.0774351244644629,1.117017493851764,0.8875506520888126,0.7634960501701723,1.0378423717458878,1.044353195974193,0.8828061523128395,0.9505246866919193,1.2005669907914986,1.1603817189583143,2.154144495391281,1.231007109934915,1.2551166368049138,1.0979981846314755,0.9266171985439084,1.2021436256629128,0.7482792773754525,1.0795034180237195,0.9475598185318631,0.9740741624472492,0.9847862872300885,1.2394698529696753,1.1186735133450574,1.2996527562210376,1.6133489806277515,1.3489779514723474,1.298749387796739,1.2956643196613256,0.9642210657614104,0.9263552496661593,1.0758940789806735,1.2284937619272238,1.3178304304982662,1.096394203714559,0.8158974549000313,1.0141368023255954,1.0581641410170335,1.4150754329409707,1.484162393147664,0.95202819571441,1.0549452681283262,0.9091514481844021,1.099613343648767,1.0004625728094891,0.8739313567518652,0.9956369569678046,1.3387645510226702,2.489470734918541,0.9457294306615195,0.9126221124175112,1.3692889582848344,0.9900585412554077,1.0396469442048362,1.0647784963075355,0.9692417907216564,0.983743359676213,1.363954776707911,1.0752586162892646,0.9821338432199992,1.062886360288607,1.602624827371162,1.0308586050531698,1.5364871059585183,0.9854960898408606,1.1510450777555234,0.1695495302713672,0.9938570445485224,1.0817909228702758,1.3055319664906642,1.2418315172830623,1.5265895006618875,0.8975303395277374,0.7557031761983738,0.8805431706145178,0.9724494925077868,0.9781902900636963,1.1647651426904446,1.025684246033452,1.217750823871225,1.030849626126708,1.141255940961086,1.0971910291954623,0.9810980956988861,1.2435940579154232,0.9084579172419271,0.8464676133472605,1.1749570536285128,1.080609262133486,1.047071265523043,0.9930759942810847,1.1845785131119722,1.5810750880177578,1.0641254916540754,0.8958565377027541,1.1604158435518508,1.1751793703890117,1.2618223809660516,1.0858459359764534,1.3995003994887407,1.2748838709866939,1.036257622430126,1.235439865460174,0.9907197798714189,0.9759861938481064,1.1133137744120591,0.8655570289997153,1.4452496250730402,1.5400575222342796,1.7092873304891798,1.3258656921639829,1.693963345152992,1.190156951680603,0.9852063804726177,0.9298883113493672,1.3319632966873631,1.1097571921951601,1.2010729102097646,1.0694501810860413,0.8638474166327944,1.0032196444845431,1.3629933110643313,1.118926763819358,1.1961242300147281,1.0974934459365187,0.8616429156443163,1.1869105159678686,1.5371433768942728,1.3261619083849976,1.0672812557769533,1.325237745796915,1.1892805474075403,1.1168657465972014,1.00833064445864,0.9906068611972627,1.233608874752512,1.0856604094891205,1.1065978180517688,0.7637351966101217,1.2279693503358726,0.8516066879270858,1.2458335016611712,1.3297771784821715,1.1096083316515288,1.052880557646307,1.0868746671026914,0.593993845558433,1.253648260519794,1.0164890280230845,1.2057350629178754,1.0328619429428625,1.0839705491143314,1.3984675389928825,1.4869794456646999,1.0402510349785783,1.1114991024794114,0.9674837566884883,1.0804341675885478,1.3096958764828057,1.0186468779518778,1.21583355653518,1.317894522112038,1.0695165107520859,0.8056667321794819,1.0085356062602555,0.9313868408056277,1.2263893049285026,1.402004094968347,1.0827232043290083,0.940476194695127,1.2624423890590462,0.9953736656785388,1.2021551116549087,0.9867518088083028,1.0289737039179783,1.093105729101051,1.2615957612830806,1.4422327081882313,1.2443633324261885,1.1957688387210499,1.018467738628032,0.9183242017741213,0.9496371796547725,1.101852371496604,1.3853506461996632,0.9536361173152832,1.1010238733846225,1.0038304164346838,1.2532496157749382,1.1638708920917948,1.2439798471323116,0.99835496163425,0.9046827122437029,1.4623574995029482,1.3081124089080238,0.9815980458702078,1.0177343361644349,0.742905836249802,1.1586842600600236,1.2073528791385746,1.5755138889034583,1.3499715981703855,1.0509328599571497,1.4185184915722395,0.8523340813048463,1.1434995191416666,1.321398611040742,0.9878819750712534,1.179132303602235,1.0211139741272148,1.0085410494130818,1.1892141704303427,1.5085480448254929,1.5782185335925363,0.7606553729294212,1.0880702667696236,1.0030961614760683,0.9842056482663356,0.9501047972729101,1.7395772017892301,1.1076662858197446,1.4543957396924903,0.9683552102338671,0.7964317674140936,1.0400725371661934,1.96195527456562,1.0717624968599093,1.0351445520664586,0.9857462778828553,1.0018831957701915,0.8896491302643795,0.7335007025402626,0.8071924838513722,1.1847996988925396,1.3421227623479746,1.3582963000100514,1.0881962310119386,1.1631277903484873,1.3786480198844904,1.12644567949821,1.084597926128403,1.1528866954007413,0.8938316728055533,0.797244465531417,1.2438309897751219,1.2497882158756277,1.1840067758778472,1.0056262489186822,1.343140732161416,0.8521341311563162,1.5629734332359293,1.2541048186552541,1.049478618316951,0.8125339155038459,0.8724402737486627,1.1282058704704985,1.1687631837316927,0.9840223024139424,1.025477701245429,1.195539517746751,1.2485906599672278,0.943054842383729,1.026582753315727,0.9626508303380037,0.7881249139672101,1.307839576220591,1.2216122453391138,1.1924779293830463,1.2829088016546863,1.5768789094094402,1.056741115272799,1.2402531385159419,1.2472467825075664,1.0308864024262683,1.3685584439644543,1.2480933923373652,1.299680097937669,1.3535011495941505,1.1643685093576492,1.228255664607422,1.734501284874557,1.4762786777113335,1.0921641686071848,0.8116079075124487,0.9914056250916973,1.0345710166655495,0.9083620633368579,1.1621413869284392,1.0695700372690289,1.2228342036570365,1.0690272654648107,0.9234411989554528,1.4821346829096984,1.9416878653261826,2.0666990616684275,0.95317431688398,1.1894030569022749,1.189800261229611,1.0067828955393736,0.9310609908816984,1.1802283091874233,1.243236643829761,1.1134040025249865,1.3613937113794874,1.0483751285296454,1.1362386511564784,0.8956851396456247,1.1624850807246825,1.3108571353374256,0.89009430739986,0.9626282894126615,0.95469867476929,0.9109939553800467,1.008147560400396,1.5325784159463058,1.3045099598919168,1.3411909502095787,1.035344749750155,1.378577857599398,0.9972736744878933,1.1206266514842738,0.7707817783094396,1.0865903350034531,0.9551979848145384,1.0613787242574566,1.233998937049077,1.2446118612721468,1.0387494475977828,1.275673698339016,1.0445539094011163,1.0524990182886764,1.0187167695710553,1.4968497037037083,1.4029229916930093,1.5060092305628543,1.0228058942439513,0.9569927629304517,1.2498061871747868,0.9717206909382409,1.195218106490099,1.2215212028461537,0.9315124130814771,1.0838503261514463,0.9301005921153919,1.0475115167703863,1.2267048767315796,1.1775228127276107,1.2320326549942542,1.264030353384202,1.067174817866881,1.0749114717639037,0.7373761893452417,1.283947325841225,1.8496447178892899,1.6319163087794561,1.401641580172041,0.956701831735288,1.25045237905234,1.0806080319368037,1.0337482803231512,1.6984540106376464,1.7729344446963187,0.96253674940444,1.1025707862178893,1.2157793913954944,1.2544210251045491,1.3811580090059408,1.4155581958536292,1.452323911803092,1.0352386647016047,1.1498653280109792,0.9656637693488427,0.931747719541143,1.4439845488104355,1.0680016403491426,1.1234911603839233,1.1515940682855712,1.1579278813995186,1.0335592780295957,1.021396889886386,1.2230948262715702,1.0149623959118566,1.1722779402713175,1.3021408512087298,0.9937058267427336,0.9872919244069757,0.9239810763474978,1.2655958801308964,0.890187885857803,1.103191189665737,1.2360669329369833,1.0510101226014645,1.3488851444221928,1.0807207808268289,1.0778833289563081,1.2353907824252097,1.4241526370858126,1.3592746632733983,1.3578958355811221,1.1593350909332425,1.6155650076454628,1.1594734932930209,0.770375648671344,1.0401795417964264,0.8215376997316555,1.1639271834568903,1.0059159510614317,1.2325713836785281,1.3403580726880908,1.1119776500691914,1.2671768928522114,1.057376392279028,1.1969210993202548,1.1574675594151864,0.8572014565482888,1.4401963250789676,1.3491235888887605,1.0313214342765884,1.0022581963077872,1.0989497247546156,1.053533304681867,1.0953306420768913,1.1212441301380736,1.208137337430203,1.2515322113386569,2.0153253120086116,1.099736725836584,1.1334978022563214,1.0511990204945616,1.0721037351787162,0.8831114448010846,0.9261655949975939,1.1964179311362237,1.2640313994318522,0.8941649470755355,0.8343545539784206,0.8424941682701491,1.404897352745697,1.0465209646126283,0.8659343709597326,1.0823858463013931,0.8873504297153003,1.302686279437128,1.0598242290041824,1.300532818449829,1.1279749486207062,1.171831332505731,0.750883694892994,1.4393191506328138,1.1103830762583362,0.7039567496920148,1.1217032251663492,1.2032102441731878,1.417304934698297,1.0185223084583883,1.2402341700157755,0.847412353784886,1.2586376653459799,1.402434509410797,0.9729444668850185,1.3410610611455296,1.2565794009341922,1.090868654028656,1.2523597114582528,1.1997568052136125,0.9445473743013167,1.0468852572409695,1.1215724879828908,1.1204003579185253,1.0083587955242128,1.0367645624419652,1.1738403490820366,0.7562377229967885,1.5352428614580211,0.9285788627562225,1.2106076197426112,1.3243705243767865,1.395631357167698,1.0465051706999544,1.1119393870855998,1.273841001496886,1.0188086634696223,0.7252483275884123,1.3040714967903977,1.1810999360367334,0.8601851304757602,1.1852722995349425,0.9835192797792355,1.508714871691915,1.2036429793550016,1.0750094956454652,0.7717381516364544,1.1483460080644172,1.6639006390945317,1.1982120371378966,1.012857529905089,1.2310052429453946,0.9255441346541086,1.145540940673204,0.9853829546681637,1.1126972419867536,1.200147131050173,1.3290144503965067,1.6145465839535553,0.812622553858584,1.3531230223829214,1.5260027644608773,1.1017067696121208,1.2558493280607201,1.4689943593589965,0.9999912163559163,1.4190713202554608,0.9155159055372561,0.9828971907671228,1.0844938844407195,0.736426406261108,1.5815529088522564,1.481298081391383,1.5739904758643812,1.878932715858007,1.172808078328978,1.1769239466442223,1.165916399203853,0.8294930806179663,0.8575238836979728,0.9158056340290334,0.9664288961587448,1.1836616410807252,0.8396511985078686,0.8727514075507582,1.2239818929001203,1.6915909481762739,1.0408283868433943,1.2931064788092312,1.1725498401561911,0.9701437499208694,0.9525956907946054,1.2857682454288402,1.0637507788706815,1.7921012843292992,1.1047573451555144,1.5229525920427474,1.0886648569849502,1.0892927621786823,0.9030038335191725,0.8440543760202649,0.9479668840259511,1.8262075967171618,1.1334683465096145,1.1389193352069726,0.7361251620123359,1.2146005665873425,1.2914937593916818,1.0039296014025711,1.3443331424802307,1.0202717521664684,0.945373456434456,1.145924075774949,0.836488390832469,0.8589532577531974,1.4205418959149076,1.1458478980743394,1.33656333970434,1.2109847348505023,1.0816765762387879,0.9271791225345739,1.1570597418045543,1.1562415191575308,1.2063974286022208,0.8632761576845487,0.9224400081966478,1.5085751974602992,0.9501738645411946,1.1141739143033544,1.5494375927603141,1.1241141128346628,1.1451525079455402,1.0224161752706047,0.8935610567642889,1.1225594863119486,0.8796149742171919,1.0463018392369814,1.0417777825884253,1.3552090531750423,1.1742146793722077,1.1895100800309808,1.0969308329896468,0.9829325463624583,1.8523769979566012,1.2848541979782089,1.069088701941652,1.227116099368058,1.2830904512345465,1.7661526191808055,1.146286337231603,1.0990386520199091,1.214743531790949,1.492712976551722,0.9492481353442682,1.3260901774096419,0.9955756680612713,1.476695692892843
