,Sim 0,Sim 1,Sim 2,Sim 3,Sim 4,Sim 5,Sim 6,Sim 7,Sim 8,Sim 9,Sim 10,Sim 11,Sim 12,Sim 13,Sim 14,Sim 15,Sim 16,Sim 17,Sim 18,Sim 19,Sim 20,Sim 21,Sim 22,Sim 23,Sim 24,Sim 25,Sim 26,Sim 27,Sim 28,Sim 29,Sim 30,Sim 31,Sim 32,Sim 33,Sim 34,Sim 35,Sim 36,Sim 37,Sim 38,Sim 39,Sim 40,Sim 41,Sim 42,Sim 43,Sim 44,Sim 45,Sim 46,Sim 47,Sim 48,Sim 49,Sim 50,Sim 51,Sim 52,Sim 53,Sim 54,Sim 55,Sim 56,Sim 57,Sim 58,Sim 59,Sim 60,Sim 61,Sim 62,Sim 63,Sim 64,Sim 65,Sim 66,Sim 67,Sim 68,Sim 69,Sim 70,Sim 71,Sim 72,Sim 73,Sim 74,Sim 75,Sim 76,Sim 77,Sim 78,Sim 79,Sim 80,Sim 81,Sim 82,Sim 83,Sim 84,Sim 85,Sim 86,Sim 87,Sim 88,Sim 89,Sim 90,Sim 91,Sim 92,Sim 93,Sim 94,Sim 95,Sim 96,Sim 97,Sim 98,Sim 99,Sim 100,Sim 101,Sim 102,Sim 103,Sim 104,Sim 105,Sim 106,Sim 107,Sim 108,Sim 109,Sim 110,Sim 111,Sim 112,Sim 113,Sim 114,Sim 115,Sim 116,Sim 117,Sim 118,Sim 119,Sim 120,Sim 121,Sim 122,Sim 123,Sim 124,Sim 125,Sim 126,Sim 127,Sim 128,Sim 129,Sim 130,Sim 131,Sim 132,Sim 133,Sim 134,Sim 135,Sim 136,Sim 137,Sim 138,Sim 139,Sim 140,Sim 141,Sim 142,Sim 143,Sim 144,Sim 145,Sim 146,Sim 147,Sim 148,Sim 149,Sim 150,Sim 151,Sim 152,Sim 153,Sim 154,Sim 155,Sim 156,Sim 157,Sim 158,Sim 159,Sim 160,Sim 161,Sim 162,Sim 163,Sim 164,Sim 165,Sim 166,Sim 167,Sim 168,Sim 169,Sim 170,Sim 171,Sim 172,Sim 173,Sim 174,Sim 175,Sim 176,Sim 177,Sim 178,Sim 179,Sim 180,Sim 181,Sim 182,Sim 183,Sim 184,Sim 185,Sim 186,Sim 187,Sim 188,Sim 189,Sim 190,Sim 191,Sim 192,Sim 193,Sim 194,Sim 195,Sim 196,Sim 197,Sim 198,Sim 199,Sim 200,Sim 201,Sim 202,Sim 203,Sim 204,Sim 205,Sim 206,Sim 207,Sim 208,Sim 209,Sim 210,Sim 211,Sim 212,Sim 213,Sim 214,Sim 215,Sim 216,Sim 217,Sim 218,Sim 219,Sim 220,Sim 221,Sim 222,Sim 223,Sim 224,Sim 225,Sim 226,Sim 227,Sim 228,Sim 229,Sim 230,Sim 231,Sim 232,Sim 233,Sim 234,Sim 235,Sim 236,Sim 237,Sim 238,Sim 239,Sim 240,Sim 241,Sim 242,Sim 243,Sim 244,Sim 245,Sim 246,Sim 247,Sim 248,Sim 249,Sim 250,Sim 251,Sim 252,Sim 253,Sim 254,Sim 255,Sim 256,Sim 257,Sim 258,Sim 259,Sim 260,Sim 261,Sim 262,Sim 263,Sim 264,Sim 265,Sim 266,Sim 267,Sim 268,Sim 269,Sim 270,Sim 271,Sim 272,Sim 273,Sim 274,Sim 275,Sim 276,Sim 277,Sim 278,Sim 279,Sim 280,Sim 281,Sim 282,Sim 283,Sim 284,Sim 285,Sim 286,Sim 287,Sim 288,Sim 289,Sim 290,Sim 291,Sim 292,Sim 293,Sim 294,Sim 295,Sim 296,Sim 297,Sim 298,Sim 299,Sim 300,Sim 301,Sim 302,Sim 303,Sim 304,Sim 305,Sim 306,Sim 307,Sim 308,Sim 309,Sim 310,Sim 311,Sim 312,Sim 313,Sim 314,Sim 315,Sim 316,Sim 317,Sim 318,Sim 319,Sim 320,Sim 321,Sim 322,Sim 323,Sim 324,Sim 325,Sim 326,Sim 327,Sim 328,Sim 329,Sim 330,Sim 331,Sim 332,Sim 333,Sim 334,Sim 335,Sim 336,Sim 337,Sim 338,Sim 339,Sim 340,Sim 341,Sim 342,Sim 343,Sim 344,Sim 345,Sim 346,Sim 347,Sim 348,Sim 349,Sim 350,Sim 351,Sim 352,Sim 353,Sim 354,Sim 355,Sim 356,Sim 357,Sim 358,Sim 359,Sim 360,Sim 361,Sim 362,Sim 363,Sim 364,Sim 365,Sim 366,Sim 367,Sim 368,Sim 369,Sim 370,Sim 371,Sim 372,Sim 373,Sim 374,Sim 375,Sim 376,Sim 377,Sim 378,Sim 379,Sim 380,Sim 381,Sim 382,Sim 383,Sim 384,Sim 385,Sim 386,Sim 387,Sim 388,Sim 389,Sim 390,Sim 391,Sim 392,Sim 393,Sim 394,Sim 395,Sim 396,Sim 397,Sim 398,Sim 399,Sim 400,Sim 401,Sim 402,Sim 403,Sim 404,Sim 405,Sim 406,Sim 407,Sim 408,Sim 409,Sim 410,Sim 411,Sim 412,Sim 413,Sim 414,Sim 415,Sim 416,Sim 417,Sim 418,Sim 419,Sim 420,Sim 421,Sim 422,Sim 423,Sim 424,Sim 425,Sim 426,Sim 427,Sim 428,Sim 429,Sim 430,Sim 431,Sim 432,Sim 433,Sim 434,Sim 435,Sim 436,Sim 437,Sim 438,Sim 439,Sim 440,Sim 441,Sim 442,Sim 443,Sim 444,Sim 445,Sim 446,Sim 447,Sim 448,Sim 449,Sim 450,Sim 451,Sim 452,Sim 453,Sim 454,Sim 455,Sim 456,Sim 457,Sim 458,Sim 459,Sim 460,Sim 461,Sim 462,Sim 463,Sim 464,Sim 465,Sim 466,Sim 467,Sim 468,Sim 469,Sim 470,Sim 471,Sim 472,Sim 473,Sim 474,Sim 475,Sim 476,Sim 477,Sim 478,Sim 479,Sim 480,Sim 481,Sim 482,Sim 483,Sim 484,Sim 485,Sim 486,Sim 487,Sim 488,Sim 489,Sim 490,Sim 491,Sim 492,Sim 493,Sim 494,Sim 495,Sim 496,Sim 497,Sim 498,Sim 499,Sim 500,Sim 501,Sim 502,Sim 503,Sim 504,Sim 505,Sim 506,Sim 507,Sim 508,Sim 509,Sim 510,Sim 511,Sim 512,Sim 513,Sim 514,Sim 515,Sim 516,Sim 517,Sim 518,Sim 519,Sim 520,Sim 521,Sim 522,Sim 523,Sim 524,Sim 525,Sim 526,Sim 527,Sim 528,Sim 529,Sim 530,Sim 531,Sim 532,Sim 533,Sim 534,Sim 535,Sim 536,Sim 537,Sim 538,Sim 539,Sim 540,Sim 541,Sim 542,Sim 543,Sim 544,Sim 545,Sim 546,Sim 547,Sim 548,Sim 549,Sim 550,Sim 551,Sim 552,Sim 553,Sim 554,Sim 555,Sim 556,Sim 557,Sim 558,Sim 559,Sim 560,Sim 561,Sim 562,Sim 563,Sim 564,Sim 565,Sim 566,Sim 567,Sim 568,Sim 569,Sim 570,Sim 571,Sim 572,Sim 573,Sim 574,Sim 575,Sim 576,Sim 577,Sim 578,Sim 579,Sim 580,Sim 581,Sim 582,Sim 583,Sim 584,Sim 585,Sim 586,Sim 587,Sim 588,Sim 589,Sim 590,Sim 591,Sim 592,Sim 593,Sim 594,Sim 595,Sim 596,Sim 597,Sim 598,Sim 599,Sim 600,Sim 601,Sim 602,Sim 603,Sim 604,Sim 605,Sim 606,Sim 607,Sim 608,Sim 609,Sim 610,Sim 611,Sim 612,Sim 613,Sim 614,Sim 615,Sim 616,Sim 617,Sim 618,Sim 619,Sim 620,Sim 621,Sim 622,Sim 623,Sim 624,Sim 625,Sim 626,Sim 627,Sim 628,Sim 629,Sim 630,Sim 631,Sim 632,Sim 633,Sim 634,Sim 635,Sim 636,Sim 637,Sim 638,Sim 639,Sim 640,Sim 641,Sim 642,Sim 643,Sim 644,Sim 645,Sim 646,Sim 647,Sim 648,Sim 649,Sim 650,Sim 651,Sim 652,Sim 653,Sim 654,Sim 655,Sim 656,Sim 657,Sim 658,Sim 659,Sim 660,Sim 661,Sim 662,Sim 663,Sim 664,Sim 665,Sim 666,Sim 667,Sim 668,Sim 669,Sim 670,Sim 671,Sim 672,Sim 673,Sim 674,Sim 675,Sim 676,Sim 677,Sim 678,Sim 679,Sim 680,Sim 681,Sim 682,Sim 683,Sim 684,Sim 685,Sim 686,Sim 687,Sim 688,Sim 689,Sim 690,Sim 691,Sim 692,Sim 693,Sim 694,Sim 695,Sim 696,Sim 697,Sim 698,Sim 699,Sim 700,Sim 701,Sim 702,Sim 703,Sim 704,Sim 705,Sim 706,Sim 707,Sim 708,Sim 709,Sim 710,Sim 711,Sim 712,Sim 713,Sim 714,Sim 715,Sim 716,Sim 717,Sim 718,Sim 719,Sim 720,Sim 721,Sim 722,Sim 723,Sim 724,Sim 725,Sim 726,Sim 727,Sim 728,Sim 729,Sim 730,Sim 731,Sim 732,Sim 733,Sim 734,Sim 735,Sim 736,Sim 737,Sim 738,Sim 739,Sim 740,Sim 741,Sim 742,Sim 743,Sim 744,Sim 745,Sim 746,Sim 747,Sim 748,Sim 749,Sim 750,Sim 751,Sim 752,Sim 753,Sim 754,Sim 755,Sim 756,Sim 757,Sim 758,Sim 759,Sim 760,Sim 761,Sim 762,Sim 763,Sim 764,Sim 765,Sim 766,Sim 767,Sim 768,Sim 769,Sim 770,Sim 771,Sim 772,Sim 773,Sim 774,Sim 775,Sim 776,Sim 777,Sim 778,Sim 779,Sim 780,Sim 781,Sim 782,Sim 783,Sim 784,Sim 785,Sim 786,Sim 787,Sim 788,Sim 789,Sim 790,Sim 791,Sim 792,Sim 793,Sim 794,Sim 795,Sim 796,Sim 797,Sim 798,Sim 799,Sim 800,Sim 801,Sim 802,Sim 803,Sim 804,Sim 805,Sim 806,Sim 807,Sim 808,Sim 809,Sim 810,Sim 811,Sim 812,Sim 813,Sim 814,Sim 815,Sim 816,Sim 817,Sim 818,Sim 819,Sim 820,Sim 821,Sim 822,Sim 823,Sim 824,Sim 825,Sim 826,Sim 827,Sim 828,Sim 829,Sim 830,Sim 831,Sim 832,Sim 833,Sim 834,Sim 835,Sim 836,Sim 837,Sim 838,Sim 839,Sim 840,Sim 841,Sim 842,Sim 843,Sim 844,Sim 845,Sim 846,Sim 847,Sim 848,Sim 849,Sim 850,Sim 851,Sim 852,Sim 853,Sim 854,Sim 855,Sim 856,Sim 857,Sim 858,Sim 859,Sim 860,Sim 861,Sim 862,Sim 863,Sim 864,Sim 865,Sim 866,Sim 867,Sim 868,Sim 869,Sim 870,Sim 871,Sim 872,Sim 873,Sim 874,Sim 875,Sim 876,Sim 877,Sim 878,Sim 879,Sim 880,Sim 881,Sim 882,Sim 883,Sim 884,Sim 885,Sim 886,Sim 887,Sim 888,Sim 889,Sim 890,Sim 891,Sim 892,Sim 893,Sim 894,Sim 895,Sim 896,Sim 897,Sim 898,Sim 899,Sim 900,Sim 901,Sim 902,Sim 903,Sim 904,Sim 905,Sim 906,Sim 907,Sim 908,Sim 909,Sim 910,Sim 911,Sim 912,Sim 913,Sim 914,Sim 915,Sim 916,Sim 917,Sim 918,Sim 919,Sim 920,Sim 921,Sim 922,Sim 923,Sim 924,Sim 925,Sim 926,Sim 927,Sim 928,Sim 929,Sim 930,Sim 931,Sim 932,Sim 933,Sim 934,Sim 935,Sim 936,Sim 937,Sim 938,Sim 939,Sim 940,Sim 941,Sim 942,Sim 943,Sim 944,Sim 945,Sim 946,Sim 947,Sim 948,Sim 949,Sim 950,Sim 951,Sim 952,Sim 953,Sim 954,Sim 955,Sim 956,Sim 957,Sim 958,Sim 959,Sim 960,Sim 961,Sim 962,Sim 963,Sim 964,Sim 965,Sim 966,Sim 967,Sim 968,Sim 969,Sim 970,Sim 971,Sim 972,Sim 973,Sim 974,Sim 975,Sim 976,Sim 977,Sim 978,Sim 979,Sim 980,Sim 981,Sim 982,Sim 983,Sim 984,Sim 985,Sim 986,Sim 987,Sim 988,Sim 989,Sim 990,Sim 991,Sim 992,Sim 993,Sim 994,Sim 995,Sim 996,Sim 997,Sim 998,Sim 999
0,1.0641504598847398,1.8531028441312272,2.209827388346082,0.9335201153582527,2.509125262428683,2.369562440036585,1.319739517503326,1.559571070951307,1.601574949080321,2.74129979605002,1.918618574173129,2.042913100912679,2.2403584779027272,2.9233696333011565,2.8734913152803347,2.267433615577547,1.1243730675757455,3.1695180733912323,2.6922846034944814,1.871404785528615,3.218615791005448,1.4336281719003139,1.9438438912350506,2.559226043197054,4.252636310077734,1.5621773571168494,1.4908389169404812,2.2766506085176106,2.3683099671590355,2.1229217618845175,3.111098321662426,1.377724523620384,1.1963485122335829,2.504274418117758,2.9913651998199113,3.3966097714795858,2.5375511938814825,1.2694945105130044,1.9687435383381124,1.8706686058067448,2.8027763104311254,2.4861033056597357,2.2494124365725017,2.6540694955858495,3.4333973292150195,2.436679805299719,2.3277718127258535,2.5659347571094293,2.7977194681048267,1.495251932186999,2.7385691780729733,2.3356030904201384,2.301586474468105,3.028963806904473,1.7186632655973264,2.566116174692766,1.2002336418667994,2.2600754811009502,2.721798410147162,1.3746150743984364,2.882069345547908,2.2348940560176938,2.128657547883616,1.5725286307786759,2.369808508807212,1.6584718147592676,2.2905098192652344,2.9253512846985372,3.520115718096953,1.569262829102249,2.093595623282534,1.9631054717114786,1.716021581513165,2.717808957147305,2.3005790040673144,1.702473159981423,2.0896566938797982,2.7864078651977766,2.7130615506596176,1.0857102646779893,2.404763082163367,2.2708819241204603,1.915834363553607,2.2131775861441336,2.567734783999546,2.587458627957115,2.7493292816431443,1.4118386517522008,1.2494938577570045,1.739037271576472,2.194248530794853,2.425013447043686,2.798118824221186,2.3907011961288585,3.9493006911533537,2.860966694869966,2.264617478838092,3.281363896650639,2.4989983943138756,1.8592420609102742,4.488001100566872,1.7193461503322345,1.9052280628655769,2.842065662417605,1.6690599830410553,1.691911066278603,1.3052392039846716,2.4564824492918444,3.6191812916804795,1.3219506933165641,1.8023833061060053,2.402182819478805,1.8992575154333302,1.9982566142617326,2.482681919654873,2.146074807081539,2.813516651800058,1.9305430893026256,1.53555942557946,1.0542125225517263,1.8584032425166637,1.8324664073196424,3.2709738207385253,2.3069433858692605,1.8680843096757593,1.967199446838473,1.1436050033470264,2.0589856595062215,2.3868992434435463,2.310617193856337,1.9941441793136276,1.6588059939220325,2.2864073502272393,2.247351352396382,2.7219671464659068,3.159263055169934,3.1842003197039968,1.6783375977790644,2.502127111337034,2.1696766718098996,1.493207339717375,1.9838627354689595,3.0114652957400025,2.7869976541334176,1.9438612024471003,2.3295034817524427,2.61711320879629,2.3737876450937034,2.7890305423248196,2.0611859863486464,2.784342447226497,2.617485133334355,3.6329914690396077,2.4113918786660693,1.8542572287799555,2.4231666387290356,2.005080292536443,2.130772824445709,1.3624761435287376,2.291288556181406,2.7223501199360522,2.2916148570429353,1.836619316034015,2.400962802015967,3.9538567110403853,1.9840696515358411,2.1530081826259218,2.3544325776491726,1.5557254817737356,3.039964941426622,3.7738092741448135,1.8835662988413835,2.39030639116585,3.4266027206171326,1.0755844836650559,2.670028209913177,1.7669224100110477,2.3679575749853976,1.1136949713570432,1.4157842565308172,2.683969955987523,2.0003480308080577,1.4869569231945796,2.124735169177004,2.3978501704986273,2.361414261132229,2.6523628892925615,2.070558088312343,1.9034777779226781,3.407803711469512,1.900390073282814,2.123265352394818,4.09901884046422,2.7061061508660935,2.274866140176549,2.4594301651665713,2.0177474476825297,1.8757679644608352,2.423176058028879,2.3936067456397545,1.457753364324187,1.5372646762355375,1.791633722795363,2.0134958687360753,2.258028257177111,2.649983612905755,1.9986388262130752,2.424937567813205,2.1853261713834558,2.238398336053232,1.3179763571945837,2.182058771045415,2.411068519195196,2.441851042189541,1.783572228335277,4.371700572928884,2.1554593094137036,1.1848110679599122,2.082433246127772,1.9672894164527162,2.482990683215377,1.3634180654434902,1.8754229034113639,1.8968602114055084,1.8510674591439094,1.2470020893086506,2.2369801223948738,1.9645606055063798,1.0626795900942756,2.981644874616055,2.4183473923069925,3.344039912485473,2.4248562498661097,2.000140870273005,2.9475825239748072,2.35073708612924,3.051291346811574,2.1675715807731923,2.1008910719113545,2.3227561264356917,2.0721995617129587,2.3784938600451606,2.700605837740404,3.1185219635013257,1.4486582867946323,1.9082057226196731,2.801911545229487,2.018930150557265,2.9926217791454164,1.0105739147549104,2.537117333068658,2.866245774858648,4.199709345702444,3.159599425516472,1.7312060874673414,2.078064037645769,2.5966798159945745,2.6051682866808425,1.9041841924197682,1.8494786582513913,2.6232699161071453,1.845823983752993,3.084236278319919,2.3298445555979677,2.4657311556283377,1.4715895102279781,2.219832396875838,1.8293832691563479,2.711359076395157,1.7426275689847877,1.7076761910122855,2.4671978075374557,1.606909135618164,2.8338298230467776,1.3650774043702956,1.4865805640032237,2.4391411495518205,3.0692409426485754,3.2077143492576585,1.5435024672392765,2.2142753259397736,1.6445009499206138,3.44226299569184,1.763395502289406,2.3636590003953257,1.7090761981456148,3.386452158630951,1.6355569988371765,2.222903144017531,1.5746697536802206,3.0022916096141103,3.75390267473324,1.8170370281909,1.8488234805655706,1.964441791284565,2.06174284798704,2.5687105779276895,1.9477686379915446,3.414300667033976,1.7142465967273466,3.433521444128994,1.1114346094352519,2.076664065701365,2.8740803948293174,2.6886554507402636,2.3352826199722636,1.580088577326164,2.514217725786717,3.983617772981674,3.0155673335916275,1.5714191588892001,2.061372347886229,1.7413121433976357,3.3424248078901297,1.7107307736073167,1.1392458952642435,2.934998027514061,2.4454048013996514,2.3101356785423945,3.263900505403772,1.8840961571037302,1.9256341108851072,1.3347724531975163,0.8008367714997737,1.891398684950815,1.4615137916983352,1.597050029599668,0.9199447476945902,2.6123305189373878,2.8527480743575695,1.643132793444001,2.0433888595774152,1.1408950389519008,2.0522404101768243,2.8192130207890695,2.4287197038803083,1.2688684406166868,1.2184853954439363,3.6542373522850333,1.4919294135962253,2.4763600078526387,1.7028476432192277,2.357464529317479,0.9295396292180896,2.302045548183028,1.121361555727855,1.9111062999621569,1.7775690610220272,1.7933898914050748,2.870850076450573,3.4906714486116996,2.3500962314549447,3.8005375211109347,1.8500057575093125,1.743439852188267,3.40564285244422,2.652924411875547,2.9163585682178614,2.5059581999260465,2.549567418467404,2.159942980459239,1.3364105904171122,1.6878924694498483,2.1243761448493315,2.322074577553122,1.804569476426484,1.8929496046510386,2.5286824724324344,2.0772291659072364,3.155627987971345,1.8021911795192134,1.9221651543508917,3.7524406810709823,2.7643932442358525,3.359825522542692,2.565773682879287,3.30469742221233,1.3733639527451598,1.8682333332604104,2.1547857583256893,1.4889959424730854,2.6591120333049227,1.0011797850158521,3.042307701904862,2.021555981552211,2.2499804427429932,2.5482707817807704,1.3793215260898937,2.5769468523438195,2.6730832480435627,1.4287157072304308,1.7130310914418718,1.976834908456156,2.1231009838678676,1.7846382819029543,2.5763113441614696,1.1307736243870101,2.553428984052817,2.1739634718797385,1.6100713572810055,1.6599810634846612,2.791465582085026,3.270478934938186,1.4259475415123097,1.4876084216884304,2.3339880965476243,2.2865622520294644,2.852943890031398,2.937683286802877,2.617764139104371,1.972167836772238,1.9975868720157894,1.7868349896782296,2.464910493561914,3.7253755597119516,2.752893742560291,1.0484464593899614,2.2598130615243197,1.5161812093042328,1.9520849612704356,0.888361375584905,2.6463840802516065,3.0146069706522542,1.5535431437274647,2.6407398449946684,2.0636344154697395,2.3076558901374504,3.452689419731177,2.741345325832391,2.2287585953855977,1.2567623287388214,2.1543479091220648,1.8360850231451462,2.992565449580385,1.4039884137285592,1.2129534609569714,1.4623012384725147,1.9480934239816723,1.8883546573966956,2.3911316981629978,2.2737289199850905,1.9320049154568915,2.4936938624813885,2.6904787898585147,1.5276455668044582,1.6154130046095887,1.6024923142353125,1.0881889470038282,2.631770280428322,1.223281161215572,2.1183698055869544,3.0828304528553954,2.48117925170843,2.1011858213925994,1.8167606939596481,2.800759837516244,2.934642321672578,2.876732199869211,2.055052953537718,2.17521539606532,2.2907103608204444,2.3758916986766065,3.534103080747269,1.9122296973413306,2.7252087578004187,1.5382135680915605,1.605817880463877,1.9458530321877265,1.9079685670290185,2.8140560147193856,2.8736804046299134,1.3811557730761095,2.684928698981507,3.4978241161064827,1.7128368593918573,2.009465493513716,2.9237272563173335,1.9546148659573435,1.9678604933731776,1.5399991087510794,3.1056299782769616,1.5645563511007066,2.211747634960821,1.2301862618547745,1.3665883033176487,1.8124351828654703,2.234541990163667,2.51488625098558,2.3431229370767563,1.668469926878168,2.5275757619308474,2.6524410064807804,2.5494468745930443,2.6676092216774303,1.8619587746787485,2.542382338742682,2.1147664908707036,1.7803924873885777,2.5549738635115875,2.3017005358773193,3.3642478975735455,2.2986700084229112,1.9880575059112449,2.172989021539218,3.038593211866622,3.769330912730156,2.3897218032082606,2.878415999927247,2.3921907736198427,1.9097084095684016,2.3504907970049715,1.47685359963034,1.1653850106052734,1.8202781759750055,2.6499696957562318,1.5666546017198701,1.3964778290659725,1.8171680243709447,2.170908178831903,2.5191281590487113,2.706827207072975,2.790172875782559,1.593536098270911,1.7295945803079862,1.8860244365102041,1.4494614381034232,2.052816922755683,2.3427549188202934,1.931500990773744,2.1761337292860525,2.1420653691597322,2.509465201352037,2.9839766458008783,3.77078724835997,2.3386619454257627,1.8823893280800652,2.069019552039584,2.9607969374560312,2.593273353200148,1.9375162829431485,3.056294649654342,2.3938693707803713,3.401633557007912,2.5427029403532964,1.6323057865350172,1.6098272780958405,1.2004838570973102,2.20349120589465,1.7283335099735988,2.204269927608339,2.488636371264183,2.314430514008806,2.439738525122654,2.326888570072361,1.9115934113697335,1.862697919845875,2.8931007161438522,3.498789481696273,2.43974363909935,2.1866228567579817,1.1068708321915717,1.62696204930987,1.8976392642826214,3.189400710604348,1.696671117148398,0.8212062399119384,3.238303271415146,1.8300154296774547,3.378690361682161,0.9365285621897407,4.115103751345428,1.0840951117517168,2.9050768174184984,1.5953778346291465,1.0762059572150575,2.253471006936907,2.3054783101024436,1.2410968685683172,2.5159581788928205,2.4342240141187417,3.050355770579982,2.1013633624621817,1.567709087748823,2.5079984177931074,2.8935091314138854,2.0727179545060417,2.144885648758643,1.7813633089384544,2.6233128820195666,2.5793292990817855,2.279343958238072,1.806291904574972,2.9143948741696217,2.1539604714667075,2.3865387653757275,2.5962269099716573,2.8618618146378623,2.4908489269788845,3.131342755312095,2.8177876589646424,2.4105647899890226,2.1767605873421916,2.3260641490066583,1.8198399103644383,3.2292597858101675,2.10306194957104,3.004069961645969,1.7930162951099138,3.0890033262286596,2.5409757812441227,2.0732467907598506,2.9999539755890385,2.4635432617037476,2.2612805345109117,2.2253987054826236,1.8388415873936206,2.7924776445799213,3.162761374633277,1.8344578301288754,1.6699049713455103,2.5223641190328596,2.2897107322729733,2.946762476989813,1.6197333276935295,1.9561630374332901,1.0119892794309748,2.7218748057363094,1.8259278984451288,2.834722761030193,2.9377021805091794,2.274126584053826,2.9943374860177028,2.5631351675505227,1.7161041278280156,1.9106841782551423,2.092112102469123,2.4403540157932557,2.7389488402877062,1.5878132371252145,2.0346937462283603,3.0818306201148964,2.1418499918709943,1.7438200451084889,2.499668669623397,2.0240240212132075,2.461712577831282,1.6682452834977222,1.928046185132158,1.8051357822751564,2.4844208576218754,1.9333093113783113,2.2991964919884356,2.299367550603701,1.6345048889674498,1.7454475174475634,2.7337426651480183,2.0973810808836695,1.6264160934548961,2.5004997249092775,1.9736968209834445,2.0520232484333403,3.13677818391397,1.8730993236897107,1.4843213768322558,1.465807828723739,0.9312917260544685,3.23686095746179,3.311375279392022,3.209064476485638,2.9144248748472528,2.6914726968367506,2.9959475744990924,2.2413245009725418,3.506824791803233,2.6408001695979793,1.9641218669089981,1.8665880644204742,1.2370749444155524,1.840085709578684,1.8267522128848241,2.3108136457701893,3.2422282411327132,2.210046697025203,2.716052275765963,1.6538889401095036,2.3855957928783598,2.9758395932760493,1.903673417820723,1.642857717421841,1.2832349990846248,2.3108177118832844,3.6075273752579164,1.7491134045716212,1.3149434254897356,2.2298565508888872,2.554736672215774,2.5550529672850333,2.3390388281880066,1.944363228077161,2.359023056730841,2.109704948559541,2.0024213691508455,1.578236923606241,1.0673944692519575,2.0603562287239345,1.5621574734318562,2.898997788561204,2.154760145817052,2.179891571431624,2.252539890938007,2.8597375098760174,0.8966168853308448,2.1748742216163466,3.5963177037667715,2.5719476724968064,1.53421596099753,1.468231914984374,2.321831538017627,2.4051716289240166,2.0337237932401275,2.608496214145406,2.9740003874847836,2.290973834433409,2.5403107874536914,1.7981363510047927,2.104390146799385,3.026963702286315,1.6342140447462044,2.4907827694556315,2.3604697491094933,3.241898369797102,1.8829785946609243,2.158214006909322,2.843838125639761,2.0296588391360113,1.2934323099678036,3.297742490543751,2.1224764422346944,2.739855645308513,1.8148333131720478,3.73501207704282,3.6743794330042037,2.472667864861114,1.939600909684275,2.4130062786995814,2.3181876844863143,2.24709253368532,2.285877700017004,1.36707057464623,1.1857955708203987,3.900852669162372,2.112473789319028,1.4117988682234346,4.444314682380503,1.1420558245538022,1.9259504999029529,2.33800992133443,2.8399971781048703,2.370206618435829,2.8208763655901197,2.672959677350262,2.587752218509762,1.920531603573689,1.8382304296943752,2.0183607034941735,1.5780497717672697,3.606125306160788,1.471938843704704,2.495532296954338,2.4023930294713067,2.540262456918843,1.8838749898743583,1.5182624489692504,1.9352904651368636,1.5005409902042015,1.851515949105525,1.7335747614418926,1.9077497615536787,1.9903862686832616,1.8155844099571778,2.3075038198876032,1.4753130110654433,1.8841423698056279,1.0354965985808289,4.0765398375753295,1.189657053615275,1.463472980972492,2.2534998183397943,3.12849906604459,2.184311806660024,1.1218342533550334,1.819715442253681,1.905482376266444,1.7277232337894775,2.693682093712756,2.6499294706929146,3.2698875135297745,2.3702000443513076,3.1781332486172964,2.3343762433136557,2.9046327492391235,2.511850347242258,1.4252828321075297,2.6653499915859515,2.293506032114038,1.202772411659957,2.098104209193228,1.6237854611663602,1.7298249991522023,2.3105157087930666,3.1894463228850545,2.7393674909609103,3.437133534828154,1.6213430282699093,1.2759448273589706,3.1827356854090287,2.440869018314337,1.526356859070934,3.651026020931417,1.6952446866090307,1.8668030997936655,2.3827923034136225,1.4357093484759502,3.1052644379411762,2.113289943687736,2.690253903710088,2.8729923264969415,3.156517538191041,1.0205582334539347,3.2424234852197187,2.1867674856316675,2.5787867498633834,2.8040072887173206,1.9686535449633054,2.672535761330192,1.6410908663474653,2.599632797903059,2.943084992037002,2.528365107220235,3.2671865373835196,1.1096999349877057,2.3656335432750555,3.3074139154733557,2.734828394994308,2.58255580581749,1.5094093587811395,3.1470551706095495,1.7144590895622402,3.31704534855494,2.3368152501896433,2.06870730291587,0.9414959856713357,2.1363885125874185,1.4565396866119158,2.0357921074217136,2.0133372024670537,2.407563755771884,2.445250253991795,1.3282226087698727,1.959072364053194,2.715756467978894,2.731880460378099,2.1074809605571017,4.6054022599053255,1.7932059549101529,2.126917827443376,2.1292999002271684,3.2585326787539324,2.0030935660565645,1.5145010840058746,2.240413718202546,3.314170525122581,1.5418212832119902,1.888009754718014,1.0834369879715136,2.2779033704519587,2.393252946925283,2.107131724514919,1.6022562994360492,3.036030725621933,2.687650459651221,2.8704318198151566,3.148044938391744,2.7746720560246234,2.3363224013264245,2.1041442463790094,2.1068709155204424,2.9450630006834753,2.064664459690329,2.6477174386646922,1.9566220039683835,1.7424833142940208,2.8683211216538456,0.8981049342880518,3.5431166940187873,3.1188373085958196,2.244948770995631,1.7879260356253,2.245042405184919,1.9133366057196781,1.611079323420651,2.0919091153800244,1.9578088712585686,2.582176605046429,2.730641343269364,3.342620890857486,1.9240326154740792,1.735293291815353,2.456432277154867,2.436616900493654,2.9480111697288804,2.7028379556005864,2.1996158676017914,2.494759876936986,1.6714748657764542,1.3346816648040847,2.3476724218193232,2.247797458798511,3.1007863525019164,2.92587982259472,2.5505933881954856,3.554905908773849,2.013639986317555,2.01195464647696,2.869130950435775,1.210283708058901,2.8421898259752187,2.995311293501631,2.097770600280162,2.277481214776385,3.295623162979078,2.445201704918022,2.048534630912787,1.9675695000812305,2.635557325223608,2.5056357371653006,1.8884901771390588,1.3938852734196454,2.2223248693798605,1.8166016509197542,3.3760247068917244,2.6247814278257353,2.3037324527496774,1.3192129527692271,2.5767366642800518,2.4408961552030397,1.5080008642823965,2.3125846386690943,2.650832241618413,2.03069350169126,1.3134909707709184,3.0080720149307147,2.199771613898199,3.2734013946406986,1.8810564842941904,2.4255620066056065,0.9598110140063367,2.0101836077367925,1.7934606243145865,2.794213642355542,1.6424247818267068,2.783259966643056,2.6808085116321028,2.0383653178710532,1.1254655449177953,2.521446464704955,1.6802256399127575,2.1839632151731627,1.7928634302254718,2.3991790647270976,2.103188254842363,1.6986355892338258,2.339194399243055,2.8616652155185656,1.26369187190356,2.874295421334885,2.1749187789615907,2.51579273213869,2.0190253592298033,4.088768987825309,2.401368041748663,3.2464236989213986,2.5872932800714774,2.429993042795244,2.264586201232602,1.9731139326666591,2.182956760877262,1.6076859174319258,1.8217484417742795,2.3128820099425047,2.661256033887773,2.203667989110074,2.222843751350433,1.5747962517529908,2.7177456186261923,2.3991990923201354,3.6103696734941866,2.6673643956148774,2.1429177482263424,2.0098634225893526
1,1.1608914107833526,2.021566739052248,2.410720787286635,1.018385580390821,2.7372275590131085,2.5849772073126385,1.4397158372763554,1.7013502592196077,1.7471726717239868,2.9905088684182033,2.0930384445525045,2.228632473722922,2.444027430439338,3.1891305090558073,3.134717798487638,2.4735639442664157,1.2265888009917223,3.4576560800631624,2.937037749266707,2.0415324933039436,3.511217226551398,1.5639580057094329,2.120556972256419,2.791882956214968,4.639239610993891,1.704193480491108,1.6263697275714342,2.4836188456555752,2.583610873264402,2.315914649328565,3.393925441813556,1.5029722075858734,1.3051074678911811,2.7319357288557358,3.263307490712631,3.7053924779777305,2.768237666052526,1.384903102377823,2.147720223641577,2.0407293881528124,3.057574156833955,2.712112697083348,2.453904476260911,2.8953485406391084,3.745524359143657,2.6581961512360572,2.539387432064568,2.7992015532102865,3.052057601568902,1.6311839260221808,2.9875300124432442,2.5479306440946967,2.5108216085106596,3.304324152986698,1.8749053806516291,2.7993994633011994,1.3093457911274173,2.4655368884737645,2.9692346292514498,1.4995800811619306,3.1440756496886277,2.438066242928393,2.3221718704184897,1.7154857790312825,2.585245645971504,1.8092419797373829,2.4987379846529834,3.1912923105802222,3.8401262379239487,1.7119230862933625,2.2839224981264006,2.141569605503431,1.8720235434689074,2.9648824987061513,2.509722549891616,1.8572434472524615,2.279625484232507,3.0397176711248473,2.9597035098104927,1.1844111978305336,2.6233779078145822,2.4773257354041385,2.0900011238766623,2.4143755485208733,2.8011652189085954,2.8226821395895794,2.999268307247067,1.5401876200933098,1.363084208462187,1.8971315689925148,2.3937256699580214,2.6454692149567482,3.0524932627867485,2.6080376685042093,4.30832802671275,3.121054576221781,2.4704917950961,3.5796697054370608,2.726180066524228,2.028264066447572,4.8960012006184055,1.8756503458169833,2.078430614035175,3.1004352680919327,1.8207927087720603,1.8457211632130213,1.4238973134378237,2.679799035591103,3.948197772742341,1.4421280290726157,1.966236333933824,2.6205630757950598,2.071917289563633,2.179916306467345,2.7083802759871345,2.3411725168162243,3.06929089287279,2.106047006511955,1.675155736995775,1.1500500246018832,2.0273489918363605,1.999054262530519,3.5683350771692997,2.5166655118573753,2.0379101560099193,2.1460357601874254,1.2475690945603923,2.2461661740067873,2.603890083756596,2.5206733023887313,2.1754300137966847,1.8096065388240354,2.494262563884261,2.4516560207960527,2.9694187052355345,3.44646878745811,3.4736730760407237,1.8309137430317066,2.729593212367674,2.3669200056107993,1.628953461509864,2.164213893238865,3.285234868080003,3.0403610772364558,2.1205758572150186,2.5412765255481196,2.8550325914141346,2.589586521920404,3.0425787734452574,2.24856653056216,3.0374644878834505,2.8554383272738417,3.9632634207704815,2.6306093221811664,2.0228260677599517,2.6434545149771296,2.187360319130665,2.324479444849865,1.4863376111222593,2.499587515834261,2.969836494475693,2.4999434804104754,2.003584708400744,2.619232147653782,4.313298230225874,2.1644396198572813,2.348736199228278,2.5684719028900065,1.6971550710258934,3.316325390647224,4.116882844521615,2.0547995987360546,2.607606972180928,3.7381120588550543,1.1733648912709702,2.912758047178011,1.927551720012052,2.5832264454386156,1.2149399687531381,1.544491916215437,2.9279672247136617,2.1821978517906087,1.6221348253031778,2.3178929118294587,2.615836549634866,2.576088284871523,2.893486788319158,2.2587906417952834,2.0765212122792853,3.7176040488758315,2.0731528072176157,2.3162894753398016,4.471656916870058,2.9521158009448296,2.481672152919872,2.6830147256362595,2.201179033835487,2.046292324866365,2.6434647905769584,2.611207358879732,1.5902763974445675,1.6770160104387686,1.9545095157767596,2.196540947712082,2.463303553284121,2.8908912140790055,2.1803332649597182,2.645386437614405,2.38399218696377,2.4418890938762527,1.4377923896668183,2.3804277502313624,2.6302565663947592,2.6638375005704087,1.9457151581839385,4.7691278977406,2.3514101557240403,1.2925211650471768,2.271745359412115,2.1461339088575087,2.70871710896223,1.4873651623019895,2.045915894630579,2.069302048806009,2.019346319066083,1.3603659156094372,2.4403419517034983,2.143157024188778,1.1592868255573914,3.2527034995811506,2.6381971552439922,3.6480435408932435,2.6452977271266653,2.1819718584796415,3.2155445716088806,2.5644404575955346,3.32868146924899,2.3646235426616644,2.2918811693578416,2.5339157742934817,2.2605813400505004,2.5947205745947204,2.9461154593531678,3.4020239601832643,1.5803544946850534,2.0816789701305525,3.0566307766139857,2.20246925515338,3.2646783045222723,1.1024442706417206,2.767764363347627,3.12681357257307,4.5815011044026654,3.446835736927061,1.8885884590552815,2.2669789501590207,2.8327416174486264,2.842001767288192,2.0772918462761107,2.0176130817287903,2.861748999389613,2.0136261640941746,3.3646213945308205,2.5416486061068735,2.689888533412732,1.6053703747941583,2.4216353420463688,1.9956908390796522,2.9578462651583535,1.9010482570743137,1.8629194811043113,2.6914885173135876,1.7529917843107243,3.09145071605103,1.4891753502221405,1.6217242516398804,2.6608812540565316,3.348262846525719,3.4993247446447175,1.6838208733519375,2.4155730828433892,1.794001036277033,3.7551959953001885,1.9237041843157157,2.578537091340355,1.864446761613398,3.694311445779219,1.7842439987314649,2.4249852480191243,1.7178215494693312,3.2752272104881204,4.095166554254444,1.9822222125718911,2.0168983424351676,2.143027408674071,2.249174015985862,2.802229721375661,2.1248385141725934,3.724691636764339,1.8700871964298325,3.745659757231629,1.2124741193839108,2.2654517080378525,3.135360430722892,2.933078673534833,2.5475810399697423,1.7237329934467243,2.7427829735855096,4.345764843252735,3.2897098184635936,1.7142754460609455,2.2487698340577045,1.899613247342875,3.6462816086074157,1.8662517530261633,1.2428137039246292,3.2018160300153395,2.6677143287996197,2.5201480129553393,3.5606187331677517,2.055377625931342,2.100691757329208,1.4561154034881993,0.8736401143633895,2.063344019946344,1.5943786818527288,1.74223639592691,1.0035760883940983,2.8498151115680592,3.112088808390076,1.79250850193891,2.229151483175362,1.24461276976571,2.2388077201928995,3.075505113588076,2.6495124042330636,1.3842201170363855,1.3292567950297487,3.986440747947309,1.6275593602867913,2.7014836449301516,1.857651974420976,2.571779486528159,1.0140432318742796,2.5113224161996666,1.223303515339478,2.084843236322353,1.9391662483876653,1.9564253360782635,3.131836447036988,3.8080052166673086,2.563741343405394,4.14604093212102,2.018188099101068,1.9019343842053822,3.715246748120967,2.8940993584096875,3.181482074419485,2.7337725817375054,2.7813462746917135,2.356301433228261,1.4579024622732133,1.8413372393998346,2.3175012489265434,2.533172266421588,1.96862124701071,2.0650359323465874,2.7585626971990194,2.2660681809897123,3.4425032596051035,1.966026741293687,2.0969074411100643,4.0935716520774355,3.0157017209845662,3.6652642064102094,2.799025835868313,3.605124460595269,1.498215221176538,2.038072727193175,2.3506753727189342,1.6243592099706385,2.9008494908780973,1.0921961291082025,3.3188811293507583,2.205333798056957,2.4545241193559924,2.7799317619426587,1.5047143920980661,2.8112147480114396,2.916090816047523,1.5585989533422882,1.8687611906638601,2.156547172861261,2.316110164219492,1.9468781257123136,2.8105214663579674,1.233571226604011,2.785558891693982,2.3715965147778966,1.7564414806701878,1.8108884328923578,3.045235180456392,3.5677952017507484,1.5555791361952471,1.6228455509328328,2.5461688325974086,2.494431547668506,3.112302425488798,3.2047454037849565,2.855742697204768,2.1514558219333506,2.1791856785626793,1.9492745341944322,2.6889932657039064,4.064046065140311,3.0031568100657724,1.1437597738799579,2.465250612571985,1.6540158646955267,2.1295472304768386,0.9691215006380783,2.8869644511835704,3.2886621498024593,1.6947743386117795,2.8808071036305467,2.251237544148807,2.5174427892408553,3.7665702760703748,2.9905585372716996,2.4313730131479243,1.3710134495332598,2.350197719042253,2.003001843431069,3.2646168540876928,1.5316237240675188,1.3232219574076052,1.5952377146972887,2.1251928261618245,2.060023262614577,2.6085073070869065,2.4804315490746442,2.1076417259529725,2.7203933045251514,2.9350677707547437,1.6665224365139544,1.7622687323013695,1.7481734337112498,1.1871152149132673,2.8710221241036242,1.3344885395078967,2.310948878822132,3.3630877667513404,2.706741001863742,2.292202714246472,1.9819207570468889,3.05537436819954,3.201427987279176,3.13825330894823,2.241875949313874,2.3729622502530763,2.4989567572586666,2.5918818531017527,3.855385178997021,2.0860687607359973,2.972955008509548,1.6780511651907934,1.7518013241424109,2.122748762386611,2.0814202549407472,3.0698792887847848,3.1349240777780873,1.5067153888103013,2.9290131261616437,3.8158081266616177,1.8685493011547534,2.192144174742235,3.189520643255274,2.13230712649892,2.1467569018616484,1.6799990277284502,3.38795997630214,1.706788746655316,2.4128156017754407,1.342021376568845,1.4908236036192535,1.977202017671422,2.4376821710876366,2.7435122738024513,2.556134113174643,1.82014901113982,2.7573553766518333,2.8935720070699427,2.7812147722833216,2.910119150920833,2.0312277541949983,2.7735080059011072,2.3070179900407677,1.9422463498784481,2.7872442147399132,2.5109460391388936,3.670088615534777,2.50764000918863,2.168790006448631,2.3705334780427827,3.3148289583999513,4.111997359341988,2.606969239863557,3.140090181738816,2.6096626621307375,2.0833182649837108,2.5641717785508784,1.6111130177785526,1.27132910247848,1.9857580101545516,2.890876031734071,1.7090777473307674,1.5234303589810607,1.9823651174955759,2.3682634678166212,2.7481398098713217,2.952902407715973,3.043824955399155,1.7384030162955393,1.8868304512450758,2.0574812034656773,1.581230659749189,2.2394366430062,2.5557326387130477,2.1070919899349936,2.373964068312057,2.33679858453789,2.7375984014749495,3.2552472499645946,4.113586089119967,2.5512675768281046,2.053515630632798,2.2571122385886375,3.2299602954065794,2.8290254762183435,2.113654126847071,3.334139617804737,2.6114938590331325,3.7108729712813586,2.773857753112687,1.7806972216745642,1.7561752124681895,1.3096187531970658,2.4038085882487086,1.885454738153017,2.404658102845461,2.7148760413791093,2.524833288009607,2.6615329364974407,2.5384238946243944,2.0853746305851644,2.0320340943773183,3.1561098721569296,3.8168612527595713,2.6615385153811086,2.3854067528268894,1.2074954532998963,1.774867690156222,2.0701519246719506,3.4793462297501976,1.8509139459800705,0.8958613526312056,3.532694477907432,1.9963804687390414,3.6858440309259937,1.0216675223888079,4.489204092376831,1.1826492128200543,3.1691747099110894,1.7404121832317963,1.1740428624164265,2.458332007567535,2.5150672473844833,1.3539238566199823,2.7446816497012585,2.6555171063113545,3.327660840632708,2.2923963954132884,1.7102280957259886,2.7359982739561173,3.156555416087875,2.2611468594611366,2.3398752531912472,1.9433054279328592,2.8617958712940723,2.8138137808164934,2.486557045350624,1.970500259536333,3.1793398627304965,2.3497750597818627,2.603496834955339,2.832247538150899,3.1220310705140317,2.7172897385224193,3.4160102785222857,3.0739501734159744,2.629707043624388,2.374647913464209,2.5375245261890815,1.9852799022157512,3.5228288572474544,2.294249399532043,3.2771672308865116,1.9560177764835422,3.3698218104312647,2.7719735795390434,2.2617237717380188,3.2726770642789513,2.6875017400404517,2.4668514921937215,2.4277076787083165,2.0060090044294046,3.0463392486326413,3.450285135963575,2.001226723776955,1.821714514195102,2.751669948035847,2.497866253388698,3.214649974897978,1.766981812029305,2.1339960408363168,1.1039883048337906,2.969317969894156,1.9919213437583216,3.092424830214756,3.204766015100923,2.4808653644223564,3.266549984746585,2.796147455509661,1.8721135939941986,2.0843827399147004,2.282304111784498,2.6622043808653704,2.9879441894047702,1.732159895045689,2.219665904976393,3.3619970401253414,2.33656362749563,1.9023491401183514,2.7269112759527965,2.2080262049598627,2.6855046303613985,1.8199039456338788,2.1033231110532635,1.9692390352092617,2.710277299223864,2.109064703321794,2.508214354896475,2.5084009642949465,1.7830962425099453,1.904124564488251,2.98226472561602,2.2880520882367303,1.7742721019507963,2.7278178817192114,2.1531238047092125,2.2385708164727354,3.421939836997059,2.043381080388775,1.6192596838170061,1.5990630858804424,1.0159546102412385,3.5311210445037706,3.6124093957003875,3.500797610711604,3.179372590742457,2.9361520329128186,3.2683064449081005,2.445081273788227,3.8256270456035284,2.8808729122887047,2.1426784002643617,2.036277888458699,1.3495363029987846,2.007366228631292,1.9928205958743535,2.520887613567479,3.536976263053869,2.410960033118404,2.9629661190174144,1.8042424801194585,2.6024681376854835,3.246370465392054,2.0767346376226072,1.7922084190056446,1.3998927262741363,2.52089204932722,3.935484409372272,1.9081237140781324,1.4344837368978933,2.432570782787877,2.786985460599026,2.787330509765491,2.551678721659644,2.1211235215387214,2.5734796982518264,2.3014963075194994,2.184459675437286,1.7217130075704445,1.1644303300930445,2.247661340426111,1.7041717891983885,3.162543042066768,2.3506474318004202,2.378063532470863,2.4573162446596437,3.1197136471374733,0.9781275112700125,2.3725900599451055,3.9232556768364786,2.8057610972692437,1.6736901392700327,1.6017075436193173,2.5329071323828654,2.623823595189836,2.2186077744437758,2.8456322336131703,3.244364059074309,2.4992441830182646,2.7712481317676634,1.9616032920052282,2.2956983419629653,3.302142220675981,1.7827789579049502,2.7172175666788707,2.575057908119447,3.53661640341502,2.0541584669028268,2.354415280264715,3.102368864334285,2.2141732790574675,1.4110170654194223,3.5975372624113646,2.315428846074212,2.9889334312456515,1.9798181598240523,4.074558629501259,4.0084139269136765,2.6974558525757604,2.115928265110118,2.632370485854089,2.528932019439616,2.451373673111258,2.4936847636549135,1.4913497177958868,1.2935951681677076,4.2554756390862245,2.304516861075303,1.5401442198801105,4.84834328986964,1.2458790813314204,2.1010369089850394,2.550556277819378,3.0981787397507676,2.58567994738454,3.0773196715528575,2.9159560116548318,2.823002420192468,2.0951253857167518,2.0053422869393187,2.201848040175462,1.721508841927931,3.933954879448132,1.6057514658596774,2.7223988694047323,2.6207923957868804,2.7711954075478284,2.055136352590209,1.6562863079664554,2.1112259619674876,1.6369538074954926,2.0198355808423907,1.891172467027519,2.0811815580585584,2.171330474927195,1.9806375381351033,2.5172768944228396,1.6094323757077567,2.0554280397879583,1.1296326529972676,4.447134368263995,1.2978076948530275,1.5965159792427186,2.458363438188867,3.412908072048643,2.3828856072654805,1.223819185478218,1.9851441188221974,2.0787080468361205,1.8847889823157935,2.9385622840502794,2.890832149846817,3.567150014759754,2.5856727756559725,3.4670544530370506,2.5465922654330786,3.1686902718972263,2.740200378809736,1.5548539986627596,2.9076545362755835,2.5020065804880414,1.3121153581744984,2.2888409554835216,1.771402321272393,1.887081817256948,2.5205625914106182,3.479395988601878,2.9884008992300837,3.7496002198125313,1.7687378490217192,1.3919398116643313,3.472075293173486,2.6627662017974583,1.6651165735319275,3.982937477379728,1.8493578399371244,2.0365124725021806,2.5994097855421336,1.5662283801555816,3.3875612050267376,2.3054072112957122,2.934822440411004,3.1341734470875724,3.4434736780265904,1.1133362546770196,3.5371892566033285,2.385564529780001,2.813221908941873,3.058917042237077,2.1476220490508786,2.9154935578147554,1.7902809451063257,2.8359630522578825,3.210638173131275,2.7582164806038927,3.564203495327476,1.2105817472593154,2.580691138118242,3.6080879077891157,2.9834491581756093,2.8173336063463528,1.6466283913976063,3.4331510952104183,1.8703190067951712,3.618594925696298,2.5492530002068836,2.2567716031809493,1.0270865298232752,2.330605650095365,1.588952385394817,2.220864117187324,2.196367857236786,2.626433188114783,2.667545731627413,1.4489701186580428,2.137169851694394,2.962643419613339,2.980233229503381,2.2990701387895656,5.02407519262399,1.956224678083803,2.320273993574592,2.3228726184296384,3.554762922277017,2.1851929811526154,1.6521830007336815,2.4440876925845956,3.6154587546791785,1.6819868544130798,2.0596470051469242,1.1819312596052873,2.4849854950385004,2.610821396645763,2.2986891540162753,1.7479159630211447,3.3120335188602907,2.931982319619514,3.13138016707108,3.434230841881902,3.0269149702086806,2.548715346901554,2.2954300869589193,2.2984046351132097,3.2127960007456093,2.2523612287530863,2.8884190239978462,2.134496731601873,1.9008908883207498,3.1290775872587404,0.9797508374051472,3.865218211656859,3.402367973013622,2.4490350229043245,1.9504647661366912,2.449137169292639,2.08727629714874,1.757541080095256,2.2820826713236637,2.1357914959184385,2.8169199327779224,2.978881465384761,3.646495517299076,2.0989446714262683,1.8930472274349306,2.679744302350764,2.6581275278112586,3.2160121851587786,2.9485504970188217,2.399580946474682,2.721556229385803,1.8234271263015864,1.4560163616044561,2.561097187439262,2.4521426823256482,3.382676020911181,3.1918688973760583,2.782465514395075,3.8780791732078352,2.1966981668918786,2.194859614338502,3.129961036839028,1.3203094997006195,3.100570719245694,3.2676123201835976,2.28847701848745,2.484524961574238,3.595225268704449,2.6674927690014787,2.2347650519048585,2.1464394546340695,2.8751534456984813,2.7334208041803274,2.0601711023335185,1.520602116457795,2.424354402959848,1.981747255548823,3.682936043881881,2.863397921264438,2.5131626757269214,1.439141403020975,2.810985451941874,2.6627958056760432,1.6450918519444324,2.5228196058208296,2.8918169908564506,2.2153020018450102,1.4328992408410017,3.281533107197144,2.399750851525308,3.5709833396080346,2.052061619230026,2.6460676435697525,1.0470665607341856,2.192927572076501,1.9565024992522764,3.048233064387864,1.7917361256291349,3.036283599974243,2.9245183763259304,2.223671255859331,1.2277805944557765,2.7506688705872238,1.832973425359372,2.38250532564345,1.9558510147914239,2.617286252429561,2.2943871871007593,1.853057006436901,2.5518484355378783,3.121816598747526,1.37857295116752,3.1355950050926014,2.372638667958099,2.744501162333116,2.2025731191597853,4.460475259445792,2.619674227362178,3.541553126096071,2.8225017600779747,2.6509015012311745,2.47045767407193,2.1524879265454464,2.3814073755024676,1.75383918265301,1.9873619364810318,2.523144010846369,2.903188400604843,2.4040014426655354,2.4249204560186537,1.7179595473668992,2.9648134021376644,2.617308100712875,3.938585098357294,2.9098520679435023,2.337728452610556,2.1925782791883845
2,1.2482921589481633,2.193147491399764,2.320521026133157,1.1003866208289623,2.722137876985842,2.841052643412864,1.2959030686419055,1.8693935561039328,1.8655212490170052,3.216650035205575,2.282250229866297,2.434978559774378,2.392188217468249,3.152419942243684,3.1368503509072037,2.6859017273193913,1.341741865879193,3.2134780820407287,3.231910928640409,2.226073356035789,3.796098864374794,1.6940837276853744,2.3139946516220196,2.707485436787125,4.195281452134803,1.8832193742650616,1.7523784792655608,2.4135009762883146,2.82807063195101,2.530039380018837,3.1370511825451017,1.6279461070259358,1.450345989925599,2.687437955608283,3.226451180318508,3.7935204207248687,3.043916804137624,1.506166355360523,2.0692375628918303,2.2250350448777536,3.365270544712483,2.9924456000383897,2.7161792653894326,2.9041865605080233,3.833504788085337,2.921427379606732,2.7673214057936626,2.7896778051498723,3.3379078273791363,1.7697300660315594,2.9979711070368515,2.77782328601188,2.7483593183781423,3.3010900168450767,2.0401399441540216,3.043683786726504,1.444409125689661,2.4068297287005063,2.964062937656559,1.6146986142080417,3.110779041461503,2.687385517998233,2.494974219721724,1.8638248185252722,2.808399739815165,1.9774971831427794,2.4398568444242525,3.170824779600946,3.6364278136706574,1.8807289933104037,2.505362477665254,2.336796890050099,2.0019910772118736,3.272965961827796,2.45242808582544,2.009912697297409,2.468076415437853,3.0499044279675145,3.267606653719483,1.2947416249751567,2.8726130488376502,2.7096637113296373,2.301072869844441,2.6390648572978126,3.0471710285385956,3.0823400630994873,3.278577685131715,1.680280359821312,1.4599461901854756,2.0973604723744463,2.5743201662268778,2.61916107912128,3.0724409215961983,2.8545482241400597,3.866356823191526,3.424631677764423,2.6669310640023616,3.9139035084189198,2.665379512480457,1.9450960531807073,4.761165478583951,2.0843815735372413,2.255067036972371,3.117846034037708,1.9592129473363398,2.0080237843421918,1.551606137512279,2.6112802754528106,3.4683708298425735,1.5814094940073689,2.1744895761942376,2.8360110458282906,2.261922896576835,2.1300703036112187,2.6894181251025833,2.2843613075351836,2.7967591407591437,2.2866779761519753,1.8088125080700448,1.256389506337066,2.2202691468554194,2.146180467380117,3.635851846320925,2.463084253570544,2.2431414517708204,2.3632317599848176,1.3755392451574153,2.4636367754693103,2.8607033358686538,2.7801715603348125,2.102013150905229,2.00041332863706,2.7291020196145643,2.703121873506198,2.9487896567014844,3.1939212749043113,3.504124721305357,2.0127603067201134,2.9681916034782336,2.5985027921006987,1.7779175225417203,2.383466354229345,3.6292820866129603,3.0595106668462115,2.2693659850422887,2.7804811662111004,2.831350536905752,2.802135970193376,3.294324771256081,2.455590212649297,3.0411227178640585,3.12049430007745,4.319569133764814,2.564942101269015,2.2373128749025954,2.8941204051737857,2.410196493368641,2.561360562646288,1.6191652352662413,2.755715558145604,3.2242721711329128,2.7257433719011597,2.139851697446601,2.8245068041613832,4.1183597005527375,2.3435598893494407,2.58789386059936,2.548977795443253,1.8752405348367063,3.355433621316876,4.542051417866569,2.262207798962445,2.809607222513048,3.7637595972784643,1.2490408219559122,2.8956330212300134,2.1210061475287088,2.7957141988063623,1.3094541283075225,1.6712313920315662,3.2320110923839924,2.3694618860773518,1.7495364816999337,2.214429444252958,2.5677009372340067,2.249453670338017,2.623371854397344,2.4567186362085436,2.275143409070285,4.043716207270876,2.250446535005721,2.4890001796508843,4.061007811869137,2.9703927812126887,2.4164337821853854,2.6546946581531,2.4036161449950297,2.23028709994542,2.6088156332668038,2.5608974035527132,1.721842005720489,1.820576790161776,2.127838741464368,2.3646670712342583,2.715699923977024,3.147683451066146,2.379285836285084,2.87506668779589,2.6185036596635194,2.6264487148100466,1.586989611273032,2.5915325066739014,2.8579107836424145,2.622758158737474,2.107454576210928,4.389656287138053,2.5708438008441474,1.4363590238657953,2.4716073254253557,2.3209271415246455,2.944783200744051,1.6422805050370863,2.2304622124539937,2.2219480252001347,2.2223264524478012,1.4821074818538735,2.6684771350298533,2.359696261058218,1.2675869601506025,3.293615535626676,2.866532263748285,3.448256649431721,2.6196871332838874,2.057573830033135,3.5086508098961104,2.5208702375934857,3.0667510466396877,2.5957331513883695,1.968378031997238,2.7839198284534508,2.4693022975506578,2.8288473987839926,3.2414008805743695,3.4472436353315974,1.6845643333246645,2.2910185242511285,3.0544108847241427,2.426046793476583,3.3189857565325163,1.1927494509031,2.9983244362213295,3.141252769582898,4.456132060226521,3.4931308792075,2.0657582923477213,2.465123088810702,3.0727230667873977,3.1047223537533513,2.264966518045287,2.1985160534922494,3.125318770077404,2.2048579326014357,3.7063032408415686,2.7599085769794813,2.9035080100508015,1.773118947776174,2.6492818980615604,2.164538030441829,2.9795732271317115,2.090868580606648,2.0043235701063224,2.9361922330394212,1.9053603067583165,3.0743676823943034,1.6119746105142678,1.7476207110530502,2.634356488231251,3.090565439782049,3.5162338103441195,1.8395775664194363,2.6517336326660588,1.9618770007205883,3.834712814773533,2.060113407898453,2.8010853371870783,1.7472787300061827,3.428819648125601,1.907714851430741,2.6304235702283543,1.8872151188267385,3.287786980479178,4.210287442869743,2.18132084780275,2.2090466552547188,2.349812029255431,2.445351464795757,3.0487271188811205,2.2720506019838766,3.817921110673973,2.0463007032866916,3.8154100773953203,1.2819478984140533,2.4519770446151576,3.101149887375381,2.9364099315052017,2.809266631525981,1.8628410574573613,2.9828479617143593,4.169461430143522,3.558822998414592,1.8536648322540135,2.4549244355124324,2.1000778967670906,3.7322515370984153,2.03165035408815,1.3706536108519505,3.2292083160498084,2.658414866244482,2.4593775172251675,3.8700446252594176,2.262472019950164,2.301511178908561,1.5865509779225246,0.9498977265650235,2.260219610061673,1.7078346285744654,1.8832407983661779,1.1051232424001525,2.8660270715023817,3.113880461159646,1.9596760722442954,2.401663207806969,1.3519472806561892,2.412508114782748,3.3748723573043327,2.9021857211613726,1.5064635955673662,1.4771827682266356,3.5156718748512454,1.7865596807820938,2.928631177374456,2.01169596999641,2.847051010725962,1.103887276243685,2.1808305276180633,1.3594385072374997,2.2510230547217978,2.1115681281549117,2.129481071584262,3.1723758733010934,4.177832770156005,2.838336458305693,3.9800800282165194,2.188645145131309,1.8017314228665042,3.7674537048975427,2.8906576107016466,3.1794444784368503,2.6775887185925793,3.0691871913431172,2.56436066630881,1.5885714722856528,2.014658148759003,2.488187269599689,2.747912837869017,2.1772642935003756,2.240372404596145,3.043768470940254,2.4847796767411645,3.7725040418550257,2.1420721033658077,2.0205022571995936,4.177557591138747,3.2650944433345277,3.454199850487196,3.022801620229581,3.6388175474964988,1.6441588791729762,2.2112575753292703,2.5908340634491367,1.7724997919188348,3.180525879291446,1.1923812132932232,3.355220710332455,2.120839344721557,2.380088046600617,2.737671594476843,1.6513327853853677,2.7762411050108815,2.9003932770170286,1.7211724038657263,2.0338305302109854,2.330966926767983,2.5285168033731806,2.0881282458513395,3.0805372883681947,1.3285125550044579,2.728577792120593,2.5389603597747867,1.9081344242675369,2.0016679798861317,3.053577365103793,3.5510938404271086,1.7173773453556456,1.7602358687993989,2.774835021521954,2.750335142325435,3.1318401953800907,3.214257500443078,2.861268638030884,2.082976615191166,2.378884841706689,2.1444082700247558,2.923515858825226,4.123109379300077,3.24859603928991,1.239084038902893,2.7070968091225334,1.7949062447699393,2.3450366475384543,1.0557359452878667,2.8979549131963633,3.306928309629706,1.8515505032064352,3.0942784524288625,2.4692229205726823,2.454443647243898,3.8634867885426623,2.988194868477753,2.3816968121462194,1.5023605609693833,2.589690945736109,2.2042278170153136,2.976341327324219,1.6691628548445991,1.4495732582239682,1.7193329857613906,2.0266752605383074,2.225518397472513,2.533985393321226,2.7136763322487703,2.3204447195249016,2.9488983036485283,2.894613678066698,1.808890368094564,1.9028267694626897,1.8906771128752264,1.308438069683741,2.868208305357714,1.440359891506343,2.557340735092298,3.3794275996615357,2.6595741848820778,2.5146336096369364,1.9034967988000178,3.331939159261677,3.4930779447179825,3.1449741185609668,2.4361601557369834,2.5719645271210334,2.6996661739971204,2.825545771027537,3.6645202637840355,2.285593162040658,2.9719276433069295,1.8222811271672636,1.8926273134013498,2.062005976051727,1.9887342736549143,3.3242659334201456,3.1372725579394865,1.6524516657188437,3.2005821833003774,3.887935286891318,2.055172226538329,2.381776143042173,2.944821446694722,2.3259247584289033,2.331157854768367,1.8567512207776815,3.4359582076003767,1.842599997885742,2.3463895678848044,1.4676288217022333,1.6254194030656084,2.153419067649798,2.6874546799629324,2.6851787922296255,2.765371862928651,1.9794235118509205,3.0009484154464756,2.874152342911525,2.7637195120429188,2.9076561715591858,2.2249340696725812,3.008073142104511,2.495742931312633,2.12549706976733,2.791898337104833,2.7576000087688977,3.7526898018760106,2.4544978502532393,2.3656457372298574,2.601843709045606,3.0408955161337556,4.172731223967037,2.8330226071814275,2.85689273187349,2.8451381959552617,2.2719148186206133,2.5379988006655787,1.7378161627807085,1.3808261919562275,1.8575654981605183,3.16887123596024,1.8442117860645195,1.67078530329332,2.1591595231533147,2.545773355271054,2.756898154859784,2.9346980263513416,3.2760793941133985,1.8888107887230647,2.075542049424273,2.2338603445125527,1.7243913367916934,2.4670007117132284,2.8184631845868546,2.3201029410813865,2.293661611140815,2.2733797371545172,2.9881309412553443,3.2818103125371634,4.234282839244495,2.7607836519582163,2.216331324834301,2.422669388375951,3.5344211232628804,3.111285160748264,2.348871539227101,3.365470179105217,2.8810388368480524,3.4937938191497464,3.039437147471698,1.935530895564567,1.9296277636750214,1.4450173618428321,2.617295184641179,1.77900058103655,2.364199944950708,2.69290285537451,2.719586461973665,2.903314400219342,2.76507926127089,2.296028833032619,2.2256163711752492,2.9004217347932184,3.850541882281681,2.9144589130932674,2.5851334933529255,1.3418712494049716,1.9054444522849017,2.2229038488498363,3.52923439171998,2.0251116609542468,0.9848923545922632,3.580384755024736,2.1750844778755916,3.4528930469300514,1.1353635088213125,4.577632938986646,1.2930197711201026,3.185144323081807,1.913608290405914,1.2708240723729902,2.689048268290964,2.773569873015044,1.472563649272286,2.7190271843723126,2.9186531069899213,3.359283591729972,2.5039045295981137,1.8681127371546151,2.9971096371433417,3.164763328462314,2.4480403971434836,2.2348057186698753,2.0951411584425315,2.809140214226999,3.0942407886745933,2.431738361695767,2.168088322553605,3.2008822690445284,2.5783941584453647,2.882463492829964,2.779226535279805,3.109094502929792,2.9649401606818104,3.1759610113986603,3.11997098584835,2.604009458790561,2.3270594393784894,2.73571804903265,2.1311089327653585,3.316209437257567,2.5177303652682594,3.033625785640022,2.099564095715335,3.4297857594190937,2.767657762551332,2.1960817670377377,3.280505270249628,2.953947174861575,2.629138500166132,2.336375280569081,2.140272817440358,3.3423715291623934,3.472340190695408,2.202338023974222,1.970262100076302,2.6601846641077875,2.431666130670366,3.5614211514854235,1.9419809261788672,2.349939231544009,1.195113401156545,2.9601813420544194,2.180844061834499,3.0863939690890936,3.198900316771769,2.714987087986935,3.2729107351852775,3.0643498877584516,2.048838635682565,2.240953659232007,2.4824268698651055,2.6461459127346365,3.2881967630114475,1.8690137920878869,2.1328236299895886,3.388813710916744,2.5527669090609697,2.1032053349816193,2.9573079468587875,2.3993440912427486,2.6543547437633315,1.991118274990272,2.2831629894665664,2.1260830402773285,2.6947473959726187,2.3330705678536505,2.7546383438596775,2.7441986086832104,1.981527612553153,2.1160245377238356,3.238267230645567,2.508940256619917,1.9278098712741434,2.9990333668114326,2.3410658268459024,2.4452173315965733,3.1610918115503717,2.228404208258311,1.7788033465263364,1.744842134803049,1.1184449855066962,3.3378576908884,3.354724310856728,3.530448306778166,3.180582971002389,2.662207026505498,3.5334336838960887,2.6739085985987927,3.8799290548985432,2.8860581746011014,2.359412736182602,2.2522191622418593,1.488999907220328,2.18829820592046,2.192418734342133,2.768613238648742,3.562817244584938,2.3778145411219653,3.2500999652375,1.9508849228421985,2.8379476189201602,3.2795875171488538,2.297281682617418,1.9700274258149175,1.5143599566024015,2.768886925339273,4.3092750177388,2.0525722575523564,1.5410975399219604,2.3327474235570467,3.0540868431215693,3.064637927754866,2.792449358917118,2.294256312311557,2.5680505168512457,2.5357719404110686,2.3948448651628205,1.8914762397819402,1.2722037437262281,2.4761575107420075,1.8498817022083496,3.164561629008865,2.5908097385228994,2.598815083987682,2.6984454065844568,3.1243404600616955,1.075664504579327,2.6153844542693756,3.7350150557760022,3.0764613788782156,1.8060319024696674,1.4844743092811465,2.772887265512021,2.860099915910668,2.400403252053292,2.829130420397904,3.2404872239364715,2.6999193154326973,3.014631925064831,2.14724824619206,2.5090509650060486,3.348976606907451,1.948671389745059,2.93533575998728,2.8181985090911956,3.589364262801349,2.2508265959540545,2.5841656161864064,3.0868008635668027,2.1214194091084413,1.5572481253058839,3.646500019209493,2.5513902800379937,3.2776298857945387,2.1460315183652905,3.878453143148354,4.0940477591059885,2.6849279642985007,2.2971520297901735,2.925313104158337,2.7460002862733632,2.38195502474049,2.4208650882937137,1.614301783445745,1.416119127734672,4.366853773747281,2.4847453516999405,1.6648952239835346,4.487250102010443,1.3419528048421083,2.3021312071581104,2.509731057392124,3.1224837420481997,2.5332952127476025,3.0784365703312657,2.9021068793652747,2.7926050823718263,2.266414290960407,2.1732581390563652,2.4365012741980276,1.8583739404388224,3.9897722338829444,1.752573545368476,2.9819261355371456,2.9124465495541356,3.0360495688314537,1.9783543640066288,1.8188760947160696,2.0333945105351012,1.7647904437974193,1.9284991425946052,1.7695935731438754,2.236246655051196,2.327821480702724,2.1685447551658807,2.4691818954224174,1.7566626164823909,1.9448102054490115,1.2333033640964772,4.30783022809965,1.4208030370836369,1.730319275620511,2.4268411567713963,3.4798355802546053,2.581830746247558,1.3282165142094142,2.174326092910127,2.27749021801918,2.083826843825681,2.8926765621990866,2.870657661738349,3.5786371922574505,2.852003024845322,3.7787734885412223,2.7852236133538604,3.1738613930322424,2.7294975257408387,1.6820400526701684,2.6004456039118162,2.725819503721981,1.413807512935406,2.4894813685023762,1.9469854795941939,2.0542589252079333,2.7465827715607842,3.4648415259019356,2.706004017105677,3.530671317639568,1.9126463823020292,1.504848133966084,3.503490947557625,2.937611358758071,1.8286969414803664,4.338709634160716,2.0227589941079165,2.2416051650925692,2.834520904729705,1.6988590106555335,3.4480769531859643,2.5304572047680454,3.196703257046419,3.1311432092433376,3.2152050487789805,1.206143018125214,3.600028155810952,2.607768729079945,3.082585031766334,3.072772606335838,2.342131725787506,3.1859957654120277,1.9789082652991703,2.8275233088138947,3.481063567427518,2.715573909697063,3.605125470588958,1.3125251272867562,2.812466591260945,3.4141642625545816,3.250293814387013,3.0425205198297114,1.8091375452891287,3.447798026942011,2.0564164701721324,3.7058670326404966,2.8000629739401353,2.442295660954251,1.1181650834404453,2.2681392930792823,1.7238313908304534,2.435565910033821,2.410033933339826,2.8745097355599785,2.8665293843733215,1.5885866417446044,2.332023123983957,3.215230772419121,2.6977410001829263,2.490254574668861,4.654618510072097,2.1521902911566158,2.5248046592561644,2.538051776759991,3.641649161625829,2.3503699349077154,1.7819580723549668,2.6831786088457705,3.6421863681773736,1.8259155619218919,2.245645459419271,1.313462151516223,2.696917763027679,2.8797260009612202,2.5328755533628486,1.9101869281413824,3.6144223152848927,3.2475704055421106,3.4148878243093925,3.4718593363806876,3.04785520790986,2.8105326431819138,2.486898976899528,2.2377538187619708,3.506118114258894,2.4607785993765376,3.1236068737732157,2.295767549966478,2.0558771939424476,3.4228233919166313,1.0671190412759257,3.4236994997217547,3.7046048783914483,2.6354170233690346,2.156677442160696,2.387140375581577,1.9999957787373757,1.9215139695459678,2.494976133293689,2.3059708361572175,2.8028781594711103,3.2672851119207578,3.682657979528843,2.3005032862340506,2.061298890202782,2.9017695811688062,2.613734288471699,3.5194395604458633,3.2235752398601716,2.614308543510349,2.709143837491337,1.9500399003465532,1.607217036019557,2.491935029223999,2.703048536805632,3.123209652216998,3.458333177771089,2.7623599176719535,4.26633405784008,2.356095457027778,2.3856032750265594,3.434797730784557,1.3924630032576475,3.0925989107060805,3.2753257487968996,2.4795678235030127,2.707135841676154,3.6494001725743916,2.35033696429496,2.44058338770998,2.374311069728932,3.149999052114759,3.0048661501314573,2.257351868780858,1.6574558350962811,2.64008792172943,2.148344445958559,3.4650737814059385,3.125801991184874,2.748850171412058,1.5776947471980554,3.0917281482295262,2.604785392086974,1.82816544171811,2.4651579884939143,2.8554881710947715,2.4291763937237887,1.5505482709693679,3.3116561382204646,2.336531692813695,3.3464539306504593,1.961714196634337,2.573088780399974,1.142941753396736,2.3832943745592514,2.141890800316767,3.0648398362598,1.9382743740376682,3.0675760969613073,2.894583354043883,2.4603205469269134,1.343534800045905,2.707145573275173,1.9940249169805475,2.604197540121763,2.1517973667842876,2.5981797158637003,2.506463119243426,2.0378789265226356,2.5284673637394275,3.4142824962900615,1.488649065549882,3.407839123153087,2.6041736078919806,3.017553408231967,2.1365833741624534,4.2771094161004415,2.8789009161914834,3.3155754688935204,2.806109399412877,2.880726464863724,2.422596166235406,2.338465626623017,2.3104612922727354,1.915897415026183,2.155687063042736,2.474309918392164,2.8838917043205594,2.35936104319027,2.3578758340933006,1.8670265419152094,2.6897051867602,2.6106689506954392,4.027401824202194,3.1574512035556053,2.5656897786380206,2.3846942131603908
3,1.222035155595091,2.214407311924584,2.0020025325332735,1.0929209216649687,2.5569858129932768,3.0043762357526522,0.9974186810641765,1.9499776772723105,1.7713516397613667,3.1265292243981224,2.3387077548744566,2.518336267522253,2.1695867822764585,2.781010274824852,2.9224921662931767,2.672736796722951,1.4018276290315084,2.6781408324489258,3.444443326842663,2.2611307237821467,3.781939235829749,1.6894612963984663,2.3662174609202116,2.2463223044653855,3.3344839837961846,2.0216885060836103,1.7303553393226898,2.118343221018038,2.9631328791377105,2.6152189957417185,2.6204124357223106,1.6231460117730623,1.6087276297434059,2.4201540512432005,2.817114295293825,3.7192096082750625,3.1994134721060012,1.5179513207667625,1.8194725265166054,2.2859057992437277,3.5833477003707443,3.226469743724339,2.9549087282944,2.7425290244655494,3.740211560880269,3.061787931914074,2.8348742000076705,2.6302372449947065,3.4877441844571426,1.7846407965276592,2.826549980779886,2.8310676565016526,2.859882004114585,3.021981183634253,2.070419519598752,3.1192530680746273,1.5460388938311849,2.1583354530380023,2.7349948422878203,1.5899730096770468,2.732755210069225,2.8566879020436424,2.3740027555726,1.9045014298720502,2.8345395664811046,2.055569996176796,2.162239019300313,2.841389068694521,3.166371538242489,1.9870931530321392,2.638329785198055,2.409040512249969,1.9002350269541948,3.523416265477228,2.1969310957106694,2.021107437152737,2.4387679278449212,2.8618717457117624,3.5062777926991298,1.335529205966516,2.987642682758674,2.8299704573582116,2.4361248766289787,2.734829748234956,3.1019688338023057,3.200230860086239,3.4120191626713554,1.7259193258139438,1.398411663632035,2.258292772884932,2.515054152661971,2.454420262650048,2.9403038543774174,2.9760989029566707,3.0736697851234887,3.6109693243432073,2.619363965913254,4.027811658994563,2.3233425103304377,1.6880095802602908,4.204074103705027,2.2947449981237154,2.2574874905137885,2.973657739091596,1.8968866215015197,2.0495495557677614,1.5915791115337898,2.2654114378206476,2.6032687970879738,1.6627876219266642,2.3334252765043684,2.8315879290506123,2.3433390158913436,2.012452190227074,2.5331735386428287,2.093100328292553,2.2894809420639994,2.310383296389296,1.8021539381208154,1.2919815782146609,2.327726655904609,2.0735537979719414,3.5188566406044672,2.1689907219732443,2.391498754342387,2.5181826681815505,1.4815866008557173,2.599686602518548,2.978243726955173,2.979261177316794,1.8212780866721325,2.1591738649819696,2.820999360575701,2.8781549207802906,2.6952040070668604,2.645054610479757,3.2652128774532856,2.1195009234179842,3.016475740827422,2.7330671338024937,1.7762710295794073,2.5476274638819656,3.908614772152106,2.9403004058391393,2.169604498602499,2.8669951078499634,2.590965408227541,2.8029489918605153,3.285621119178274,2.5206589648293938,2.832893768937371,3.2107974417898992,4.410455292219317,2.235101276871561,2.4293515207024488,3.027952466241783,2.5888194796741484,2.737954830493663,1.6519267708048124,2.9600390779405252,3.257787458264674,2.7922410049628397,2.027383624895947,2.7651481616804325,3.5280872455644645,2.3487420712594123,2.7583518936848384,2.3984506333063775,2.018399484556208,3.205928647069788,4.878301338460151,2.414211842991559,2.7535437411333086,3.471192701576252,1.170036898546931,2.6831541280589857,2.23827710436044,2.778480960838225,1.2565385564770155,1.6585217224700828,3.4849747197962504,2.4014136684050422,1.721455821495899,1.8720970597113402,2.348410600650768,1.7400742124100579,2.172816455678759,2.5010985070111778,2.3561422573375705,4.11699520429873,2.2914301467610265,2.4230341624437237,3.330719069046749,2.9026997637008876,2.155970874848875,2.4639175033392084,2.4595513926589745,2.2671307332319417,2.4166658059190134,2.3041213904793985,1.7066080071700696,1.8476153033609921,2.1783172811386917,2.319598166844324,2.876346739254293,3.2174854079360573,2.4673364424082025,2.8945919679864778,2.766956988848512,2.553801829115664,1.703905907431506,2.636261628577516,2.894131157969376,2.3918811090148404,2.1061373394842633,3.707921027682726,2.6735736757991724,1.5525428298540915,2.5198498393315227,2.3138309026826267,2.9894730353545116,1.7534569234004325,2.276993637800966,2.148280179780999,2.3741711063318602,1.5129097510545182,2.7837171315665414,2.4919345536528104,1.328449901106254,3.177851355067066,2.8689337006186504,3.0483917695463125,2.4560405951525333,1.6434956000238035,3.620369109324206,2.291478521172668,2.4817065116189987,2.7222223001514685,1.4639035256817137,2.9454132596021294,2.564430150340237,2.8967530404583757,3.4656439225517026,3.3101068721890874,1.5748615036520086,2.434084286084995,2.832409531538751,2.602100853880186,3.2376803692604033,1.1980770547831918,2.9931327964986445,2.957977349719016,4.011983106063224,3.3348737304866725,2.126825428463923,2.4939004048933424,3.0388867595962514,3.2090366404458273,2.327236415360775,2.252634782732592,3.2188600645288847,2.3030174809049018,3.9146362248828215,2.7937555647815717,2.848592458915486,1.9106496448960595,2.756209518422229,2.1765275633906027,2.909840167043584,2.2142201027661215,1.9258625903883972,3.0154256172418967,1.9302142717666382,2.7910833064983853,1.6024817985273738,1.7062732875443165,2.414533381612822,2.601752764381313,3.202143632612353,1.888718059403779,2.794903833637675,2.0374230605523493,3.727003413903047,1.9817124820356091,2.8136499359794547,1.4913853174772003,2.757427542404138,1.8223648558949535,2.6368420993483577,1.993976420858468,3.0493279577492403,4.121419666512537,2.309562852760461,2.290116947327675,2.4632481040732266,2.451703663570745,3.0985710672034825,2.158756543127476,3.735043816946666,2.137482822344305,3.6454424375991543,1.1573657479392143,2.439621297657406,2.7569182745632173,2.7436328968747405,3.016227557830425,1.8625161665031789,3.05310632864141,3.6488986187299313,3.5597995626041845,1.8448567383304573,2.522363490003327,2.261030673201204,3.6288387062830383,2.053026664154307,1.46495202034357,3.074322954324821,2.547060682660075,2.1837294194483126,3.9405453644124373,2.392396380008631,2.4238980528597738,1.593846637398888,0.9735687007621346,2.3651980832165926,1.6445087773733051,1.8779895198599363,1.1774619898144967,2.758918606584576,2.8551995373594616,2.0324485887933985,2.337006406504832,1.3802662206498824,2.3764709098315215,3.5528580112499966,3.0363580768454046,1.5498462769966381,1.6044860729087849,2.7106860411287728,1.859446601267063,2.9136064568382785,2.0153125596133856,3.0930780856354736,1.1297067974218984,1.6155836298694917,1.4878653996637394,2.214694102200825,2.1703439284309214,2.18499470096752,3.110308292930356,4.382301944171469,3.0649007174130762,3.5557854770044113,2.199443922372494,1.5699593888211805,3.5290680870810576,2.7498932035612755,2.9169370537978327,2.3395695133386596,3.2839416755047157,2.6245763035706235,1.6422114281719804,2.083908122719766,2.4064635462285175,2.73432228073733,2.344064497880761,2.242007049031654,3.248221496387859,2.6049994428818346,3.9615711721184486,2.1537683788679334,1.7579113609691195,3.94992558951811,3.276033696796088,2.9817846801772636,2.9793580315893697,3.3842349084787595,1.7411155600771726,2.2202126893859044,2.7593330364032758,1.8292794616612793,3.3149922517721873,1.2287529821629124,3.16844895734378,1.8316311538444758,2.059245300408245,2.4438849392869963,1.716428017180828,2.50680914004608,2.690134783569838,1.8461861361130336,2.079174167056326,2.3048963869727856,2.5912963530391755,2.0220302277068756,3.2190117578834476,1.3025841035922232,2.409381742501835,2.4055291443959517,1.9285402169447983,2.166161163261245,2.882330904035246,3.1427411589510963,1.8461473342363535,1.7663428959022882,2.8499592262905855,2.949020189623326,2.968645534017172,3.003663423195972,2.7097186302458502,1.8560473548260243,2.4638767901103997,2.2803649606170504,2.961955743501689,3.8020878484499594,3.233120844263823,1.251383974402352,2.8775930831765133,1.8118297200982676,2.498593239749769,1.0572810922296099,2.7946610152415756,3.0751876792227177,1.9142695987866976,2.988251125831555,2.585401756165534,2.14961692303592,3.803945598809791,2.755940180475116,2.192284075015987,1.554797160743766,2.788808011471611,2.347556571980622,2.3668680365492043,1.7197653641141155,1.5173489004086103,1.6731511990210297,1.7252016831915822,2.188895315471249,2.19634736611633,2.8502127371963697,2.4902230163417416,2.9789147892614976,2.606231270104889,1.834493524584286,1.874838567994375,1.8897555927939362,1.4004968709111842,2.6915397348411303,1.4192621844091864,2.784876865161817,3.129779781929665,2.3759062364820607,2.648979506734147,1.7356612681070884,3.4160577987170715,3.5833917520789407,2.9520836841249376,2.4497967670168324,2.5687864332826362,2.67454144808736,2.912878143372433,3.2080075296800086,2.3533449940157634,2.7893045687059117,1.851832018318909,1.8832822464160448,1.8680976643556293,1.7393660957877213,3.310416332034513,2.906673232532627,1.7316704952681476,3.318707313118477,3.6991678233289167,2.1700271552159123,2.41375271458006,2.5088351328685463,2.3875211107063987,2.3361943096012414,1.9951996200088955,3.2970994964695737,1.8275366776001842,2.137177631533893,1.5390644196169312,1.651784613678899,2.194726527820635,2.866547987227756,2.346349827137928,2.757030117952886,2.016901876387981,3.0614293074494885,2.6589745920727585,2.571757922411962,2.739851546181984,2.3210590262093023,3.0388436154227634,2.4846527467766126,2.1939432314277685,2.67645569773404,2.9190491635456075,3.668445936887705,2.2194192485733546,2.4418096725380023,2.7603770764137563,2.4246483214772825,3.870417516320611,2.857501077479446,2.3093003333625766,2.9134370520793222,2.3361054201166733,2.371430550897187,1.723773527794672,1.3892300443582137,1.4697500374677475,3.333060545417152,1.8117316570118467,1.7508927105274008,2.194305509824749,2.4554082180752235,2.6821426290866723,2.6983644669959497,3.180219352047901,1.916973344310945,2.1996468121376718,2.2500722299899447,1.7544419647302925,2.6403761547629685,3.0114140124933377,2.470928923371622,2.000686574671008,2.0244219962923635,3.0765222609531717,3.122150386256898,4.160734997075762,2.755441986260087,2.176595884019961,2.3134587730878424,3.667273821356207,3.293666530192482,2.5963972884960445,3.1886855795894515,3.09784373200378,2.9219827446628925,3.191618506335913,1.9475348678394118,2.0127717450648257,1.567855800460559,2.6908734159120815,1.5451739215845397,2.230358575177422,2.5040394878696017,2.641492510263968,2.980718590648246,2.8270731264004265,2.451106157098679,2.3343081677706623,2.423323225765839,3.5228916534792716,3.0449516140630193,2.6009387722573583,1.4737565725631256,1.8248510588708196,2.1563053960708736,3.3817571467164234,2.1011979707162065,1.040751899321381,3.3798559075617542,2.240819460470245,2.896529695551095,1.2646176266711469,4.2706395473051195,1.3281635781702503,2.9994696111174584,2.029770732251616,1.2790295084561156,2.8024644311440303,2.9698307138471574,1.4911840628571786,2.5292443931338497,3.0868101277064985,3.1699879683700836,2.5997015523883857,1.909652526356635,3.136568387948416,2.9234166380376942,2.4457282202851705,1.8373693512714566,2.0673995119298487,2.453501798037349,3.2875366783881805,2.194960955009104,2.3004354961868234,3.0242316526257036,2.7053189082411864,3.126995287994858,2.4326890412247173,2.835583240744762,3.0546222523241022,2.7085811197056655,3.0768216722450794,2.434191604709958,2.1152683742576137,2.688261369550348,2.0376936515532096,2.8842595370404807,2.643024803996014,2.569929083882726,2.0201171752868134,3.3588080097739215,2.652908548250882,2.0082736177373,3.040343722626148,3.1180746117031117,2.44126721856848,1.9819210459240741,2.0046516417339206,3.5229260248202836,3.2155556137574766,2.332401405228234,1.9424912225426587,2.2213763829500213,2.168601685165052,3.8953132425185393,2.0623905425436817,2.4971228728124064,1.196727634509911,2.7571481959247253,2.276764628379833,2.8314345333830504,2.9341298125332473,2.8223147665752975,3.0258494959281528,3.193224281431912,2.1284432561985906,2.1721879136381133,2.507729610413133,2.47667165329672,3.4856382195793714,1.814708343927676,1.8652793710563667,3.203347926740828,2.646342519865588,2.278658969597535,2.9410297254614477,2.4329617762752886,2.438507620024812,2.091633581463044,2.31108050398178,2.084743214145029,2.5504987092201823,2.5222093121540485,2.8957090416805964,2.8481762266330266,2.173134511769847,2.336864191495538,3.2674243567009666,2.6235889750879835,1.9224550761931214,3.2033984825632946,2.354319729403936,2.5127548021652677,2.607200130245727,2.2783502929174246,1.859461119083955,1.7871186666113825,1.190008964771877,2.9187351872029446,2.734793131593227,3.3078859222312333,2.9111244204220013,2.1576317306682404,3.4838642606657926,2.7635066710837366,3.6119239462300388,2.7325351990445528,2.513464388284634,2.439055464247655,1.6019615119675423,2.2531283235593254,2.3112141971700777,2.91751919366284,3.3057716984440346,2.227642473208248,3.415277716980809,1.9413411574804582,2.9226698435194227,3.1379820984274875,2.489923501328545,2.073466283013734,1.4945263149542878,2.905662187384256,4.50798849036361,1.9985807644785232,1.4896931797252,2.0023331655866703,3.214919310264656,3.2605579722851354,2.9094054040186172,2.275807561132117,2.507711620344913,2.688773661228832,2.50170059209998,1.9984079365233653,1.3223660412663685,2.643915759786111,1.849213322686619,2.929047330090906,2.7860620938506093,2.6836378929470825,2.8350675167296435,2.922236415305172,1.1454867240972553,2.781220243998379,3.252563257135672,3.233446223999926,1.7944157200885353,1.296352634941404,2.880599566920795,2.9264959638527577,2.4046150098405157,2.588794471161219,2.9762562888829107,2.6607438072660283,3.0350956139133363,2.2397915667955903,2.5855864103312394,3.233493371423811,2.0328040260027787,2.9168618438999,2.93024021532836,3.4362303742360414,2.338622897157559,2.7148634630212896,2.7852149513662736,1.8376527467202184,1.6843152448453376,3.449809433494607,2.7340780580309008,3.4395604681709226,2.145348598219548,3.370118637666367,3.901064751985384,2.5325686908044736,2.2927652142736665,3.231561669943172,2.7591725965248592,2.1231070807474106,2.1067509748331386,1.6046729553147625,1.4776189115414313,4.2305155520673825,2.4469135111659517,1.659236780586826,3.829038305019422,1.3231963000362326,2.3915967501746223,2.2991498673614776,2.994948400324694,2.247541311153387,2.847729792073869,2.7017350937432822,2.5426157071860938,2.2494596577120447,2.1705224802508885,2.6332460452297237,1.8495007954818647,3.704711517438279,1.810428206867972,3.112558499235227,3.177470909672846,3.1927015316112675,1.7972310342467568,1.924849438616525,1.8488384646653597,1.74679934192179,1.6917634710730862,1.45680100849857,2.1620062508787194,2.2099716099614612,2.237163484258985,2.235041979888797,1.801729518037857,1.6406309513205444,1.2711679794867234,3.8491372018048726,1.4962075950703273,1.7300665118194412,2.2627345738251208,3.425398166295648,2.595137233329326,1.3513230771441562,2.2676255011841064,2.378587568506666,2.264552306399081,2.5331654919201494,2.615380243695517,3.2399772327455176,3.0703770891960738,3.864169492061791,2.859155522037278,2.9637051071505986,2.5779181382705376,1.6745285328113269,2.0195150563521738,2.7820135033979785,1.389261768779867,2.5348095761559684,2.0415297446691616,2.1089017785395914,2.7990100699866893,3.0723618834380004,2.1938808882551575,3.0000357100796204,1.8973586402100833,1.5004297621663927,3.2911212165160304,3.1654116528866494,1.908743555667653,4.459788386022655,2.102281002430035,2.4032992043111374,2.905223972450748,1.691920551754015,3.3703728896392815,2.6654062626635944,3.259525095657707,2.8953864932853106,2.692989624835011,1.2052699457610119,3.5109933699202065,2.7168132572617507,3.21656077942105,2.9304140364406956,2.408727305952353,3.284264138782427,2.148252633632466,2.6141190200722186,3.4732099597190667,2.4227741709884762,3.4150797019829104,1.3230829979461476,2.8610134561224676,2.976499709611114,3.317134330924032,3.026088981800209,1.918627369059539,3.1891139893670672,2.1879859230015843,3.652361610755511,2.9590157646146005,2.4286807840203046,1.1519056211873635,2.041003492799357,1.7379990089910895,2.555144358298425,2.5349210976,2.9960944186933602,2.778195332969786,1.668798241794503,2.4042431421310804,3.2362548110766687,2.208780489703875,2.472898813840204,3.9561958729693383,2.2690018602003077,2.5624959957466302,2.605192733522421,3.5912663198151913,2.2758900040127186,1.7534163105131448,2.828748214168418,3.3459375337097357,1.8527866113938858,2.3002741698187408,1.4227490461909744,2.7033605321366467,3.0461833922022183,2.720631083124651,1.9642311551594047,3.7248374467186336,3.5341802323164955,3.487899679612461,3.2992078378932392,2.9052782372128045,3.0153994314635346,2.4856632016184714,2.029045838609762,3.579838162875183,2.5246778682799556,3.0913873633012985,2.2498495336911204,2.0409174607360354,3.5590623159116515,1.0743145090125148,2.759967722081358,3.791343159416519,2.5346014992771075,2.3179498675401393,2.1341071280362525,1.7391815761832041,2.0063216241598223,2.575151586022467,2.268473799152977,2.596793093898789,3.4320087523216265,3.442604135345775,2.4067692919386534,2.0854108058006853,2.884440624640546,2.343786670830619,3.673501090686537,3.343499395345694,2.6620474145345208,2.562482479675909,1.8645987469962415,1.7195387688501367,2.161140365645428,2.8742588142270993,2.5894013917943757,3.459925688587199,2.565983961383734,4.537005411646121,2.241838731308611,2.4149083640694413,3.5964370929538165,1.2430505407757286,2.850430647090514,3.054473598132371,2.4990737858298653,2.7646613805920186,3.4825705339446613,1.7989947081131175,2.49890245853045,2.559193961279595,3.2776214345253045,3.2014237727031007,2.3583994403333364,1.7090182113991481,2.70935688145248,2.1352404897769306,2.94682379456835,3.205940293442337,2.857135256365011,1.6702743942067997,3.2744713155226783,2.3116905525424136,2.015644420863179,2.214944373065737,2.5776977771547482,2.540229034387521,1.5586124830769776,3.1297381087523086,2.104442059673691,2.8710605635201305,1.7453301626548572,2.2353768577032174,1.1705637002405653,2.3982205104862935,2.235271042476772,2.9073252439123243,1.9328036767709396,2.988737519295164,2.5984734307134425,2.6361978999180122,1.3798273658070166,2.4402791881324113,2.0146126876146866,2.698549837888654,2.282229382218791,2.432780577437899,2.590572540285459,2.157003743887247,2.3939513041715754,3.533653297123444,1.463251286347792,3.473115624805671,2.735915794125925,3.210490914447729,1.9042512594977457,3.7042397060773444,3.0496473797598513,2.780279074927976,2.6135642502921765,2.9054371756148702,2.2049652047066353,2.3688528819166086,2.0737335402015016,1.973054507982341,2.161863801445635,2.245342687013835,2.66831805130472,2.1840035893802745,2.0978201209694527,1.8705105560857442,2.1431645828456887,2.485398080561359,3.89310576236243,3.1894404215745387,2.708007332648786,2.4212585589980407
4,1.096851991179054,2.0692640139317735,1.6525786389635648,0.99417541976176,2.329860968150676,3.0138193252849024,0.7027171102411462,1.8442025702214129,1.4892984431029688,2.70239276371286,2.2053105562023347,2.4451067875335983,1.8558964301018357,2.2680820646888917,2.6133979877008144,2.343255981272173,1.3856358403521818,2.143385046283087,3.540701786960098,2.0818933903038994,3.4930941556046475,1.5330721779751688,2.217087588004509,1.6438824138177837,2.5746288507949533,2.0724709529505576,1.606372687196391,1.7754420125998205,2.976677710331102,2.5011250742261257,2.1404016756914195,1.4576906218728283,1.7601461057870427,2.101083923295566,2.2087793596008556,3.5933267452190285,3.106511034877543,1.3854731559743798,1.538554903084798,2.2067003584757043,3.646398372508007,3.3729860816518062,3.1207780368416493,2.4680742589287377,3.5562108159531007,2.959577250052833,2.7044240675950935,2.4186287397563486,3.4977233890264854,1.6698387235415195,2.5062387067103895,2.63396617686543,2.774390622055596,2.668643921125561,1.934339318320079,3.0156124227392485,1.5943419187474435,1.8960573383789736,2.3812155175823024,1.4571725801892432,2.084719743645394,2.8559054405158424,1.898293993912586,1.8563497732533143,2.6225195959588827,2.041205361781157,1.791650294226196,2.3394670402268476,2.7488425180664535,1.9884227480127277,2.641950348563114,2.323691698114865,1.59975027061384,3.6600937444871047,1.866798907340997,1.9234322479476216,2.146329186514352,2.519828091789167,3.5867411959488016,1.2784524534577097,2.9055413618878942,2.8469538705562387,2.4106289627402857,2.6555557872582014,2.9381809957304394,3.1967464343824736,3.3851837640964098,1.6564216310066542,1.2049997361394849,2.2936166825681745,2.243312176039561,2.2673578175671274,2.743433639518442,2.9283889695083793,2.422907936687017,3.6645512697062177,2.3252761410888914,3.7916202926886435,1.8340816464496392,1.3947823894222493,3.54990340746106,2.4530376553367,2.06006766683899,2.789762448516786,1.596443451398581,1.962203653062704,1.4865619828317442,1.7908376604463965,1.795158091122898,1.6887907389481982,2.3331256231461506,2.6092018069015466,2.2982856818195048,1.9505444558973564,2.3622660206072448,1.9002585545683681,1.8418623228361293,2.159192145651058,1.6620374840397114,1.2217357811447267,2.344500735344996,1.7985117198544982,3.2932199844572727,1.754822560418934,2.4492159536979994,2.5732358050048854,1.5442056958624026,2.6243662794095677,2.8159624765875684,3.0637156831209955,1.4120441899001603,2.1763275428600983,2.684529578089887,2.902174687893525,2.367092498287156,2.119119093021616,2.8926506058432793,2.092082638114557,2.8372480276661407,2.7182629384099246,1.4984697895003085,2.6340676192356307,4.033770323634253,2.7585784040353882,1.8490253243993116,2.704688068314312,2.2438247706784953,2.5910099954017456,3.0023747590572185,2.3649560539546144,2.493366622126565,3.03474266423986,4.182670407609617,1.8240264298236257,2.5352143027966534,3.0243945654132878,2.6903260464890315,2.79593335374204,1.5726057815361656,3.0476291558604367,3.0338501495669967,2.650375757854163,1.7153459312308104,2.397029883414438,2.8556103558417707,2.1737284340253256,2.7911976033757755,2.2363020445777657,2.081291703524212,2.921796703953671,5.04093940494926,2.4701643724155375,2.4378383529736514,3.0579770595386946,0.9626102655349944,2.440316821568662,2.205776536644608,2.5123906141679955,1.0058845575591562,1.4817312995956622,3.6509316636074605,2.2804805678118014,1.537616356822687,1.482880207828116,2.10466474289115,1.3615297431062738,1.8412826988983695,2.3940932295761934,2.2423881621266313,3.9289519555579524,2.221168556840759,2.1615373432151737,2.706750202754706,2.8971197292070934,1.8624415076569656,2.2664363812799655,2.290320822148319,2.1043086140701255,2.237341152689356,1.975780749385922,1.493007049897278,1.7745204460626485,2.0987627418970884,2.1024953542705216,2.827904447992677,3.1100861835195186,2.4390751503265253,2.6507078314667463,2.76069885628388,2.251565668313319,1.7068860360435727,2.4666695757751693,2.6977132442633307,2.135270577143309,1.9315379007075593,3.1351836577516448,2.6245437237363665,1.5268445673352566,2.3994505536293644,2.1279822901753875,2.785115724087637,1.7360993313801096,2.1394156703542047,1.8604151094461285,2.4233373425003992,1.415315123999526,2.765080699800068,2.3920735053843525,1.356828325497312,2.9758473294723107,2.548017326744088,2.748308575285371,2.2834668235331588,1.1441751168631544,3.5318717328592246,1.9667585544379471,1.9172387050688982,2.676629725615314,1.0577632888393362,2.994310325461825,2.52265473509222,2.7394520049627156,3.6069977040315235,3.1179912098173754,1.2688358241672555,2.463685742932621,2.534016576321282,2.6832343561146295,3.085691533601726,1.1377778618376262,2.717605262326521,2.701427948347715,3.5545804356176105,3.086111884335948,2.0042736289142438,2.3082134314852985,2.6125088238096175,3.1099374764557695,2.233471238750411,2.159705674867217,3.0863345350224844,2.2934845401337736,3.8549110560766655,2.615575814864845,2.4511655272414217,1.949958957370751,2.706368864847713,2.029272082950378,2.869737568696916,2.199704067905663,1.6004007156323035,2.9026224535356158,1.8037493931123787,2.40181427464082,1.4548091393067533,1.4585669185079375,2.074670015320998,2.219783683981126,2.693044947367779,1.789772975974936,2.8029145617518885,1.986827936276919,3.551438788201086,1.7457365975964683,2.520041183278921,1.2440830879762428,1.9784220780480526,1.5879011784736867,2.4086301685965754,1.9953862261661204,2.6576427258929667,3.904860052541707,2.303370304351057,2.2085111656002723,2.4359794019850565,2.17354625020675,2.9133989715701274,1.822975966880228,3.5826535027316506,2.1139300069530043,3.3174860499540424,0.8580820400845163,2.2112895743601055,2.272669442648057,2.4217040845208095,3.1440131688736526,1.752994445309347,2.9234617979754174,3.0884751229858156,3.315523688904595,1.7011327894363266,2.4104348771243633,2.284095987606327,3.390083519424268,1.8493946715970815,1.4886167069307144,2.876872253615787,2.4462194670430133,1.819843426290749,3.779240710819236,2.3304511520283366,2.466726660726369,1.3928164186263159,0.9432602661967987,2.347253468408492,1.4435965171754077,1.742762654413283,1.2056071926960061,2.5801452658820656,2.3889492866004463,1.9816091246323162,2.007074015253118,1.3514670727391056,2.1686363535166064,3.5800490301949193,3.0306613553525192,1.4991770135344433,1.6288489562385804,2.0703147755486446,1.7676969950220525,2.579252026027337,1.8445647772411728,3.2177040071176273,1.0876964023544045,1.142680442662524,1.5395366700245918,1.9608106275940616,2.1292200804610353,2.1483022334410955,3.076819392917135,4.34345602338696,3.1333401143450814,3.105777212618592,2.0385771392259993,1.3557784975133385,3.0809411706603917,2.595972402152434,2.542924409095032,1.876156059116421,3.343604599930619,2.543412633389992,1.6501324694296646,1.982424310287438,2.1080875309578415,2.4100121109752974,2.3693828993803625,2.023596586603405,3.285812711379222,2.576799282663439,3.977816087897086,1.9115709937398804,1.4045005924525102,3.5297434313103735,3.069851569661792,2.5021404519774926,2.641171118867157,2.993947993639944,1.7572265780064473,2.054271160671514,2.7595850230749774,1.7649755966086753,3.239022238847403,1.174647283454681,2.7922380590955584,1.4625269234529366,1.6198958545416966,2.042488337615219,1.6255520119645293,2.1575021132779666,2.426388297620494,1.879378294120005,1.988721974043496,2.037453758020251,2.4534588878154953,1.7958694088356324,3.1690898077406775,1.1630847542321452,2.005368791915847,1.9573865538275947,1.792550234123694,2.2586382429263834,2.6216985298781212,2.5374672438503696,1.8874725446579064,1.6259255252547273,2.766276947265382,3.0183384123730295,2.7221445341432555,2.7101191501789863,2.4527544831793993,1.5519290674664776,2.426578149704291,2.3126845413510058,2.7960601144936805,3.2445460632620575,2.9317398561673738,1.2177957788409135,2.9364295272609002,1.6989551842477313,2.5297911051714235,0.924799677704916,2.6473280086063746,2.7032940861090595,1.8528900564196558,2.5962667607502703,2.554781214022971,1.725250873731786,3.6234594665954543,2.37885230248543,1.9953926217612146,1.4582573530529477,2.962600121752322,2.389897698790153,1.7512523101324178,1.6780644228714956,1.5049907367251492,1.426897814352381,1.3713296689152101,1.8918560518794405,1.7836737986833588,2.9031994397718157,2.5990772564994655,2.8251884119564434,2.220387403814514,1.7523440478009942,1.664178758631689,1.7564782751966281,1.420712836171167,2.4420532375728072,1.2601077855348397,2.9392273929130694,2.767815120679934,1.9971344854613762,2.680086479728554,1.6424943309724385,3.264629157412518,3.4361401992236527,2.710132167473079,2.195965573831648,2.3145297163783187,2.4362475047826884,2.834930347202969,2.713007035287708,2.1882259249497484,2.5141435893209145,1.7761998138842698,1.7340961241333874,1.6504732574166991,1.4892633847659427,2.9967737885934946,2.5684352560749164,1.7207349590360392,3.253132858177984,3.3972094581106345,2.121664020353472,2.271038787882424,2.2047508226475108,2.278243629458431,2.117109331412953,2.0157975507929144,3.009306385766413,1.6538029273162995,1.9243762764425556,1.573703057323105,1.492326887961988,2.0592599675697874,2.873747922669885,1.8495841871986638,2.52097048817809,1.929630482746379,2.913536729184777,2.378131838383303,2.3301541534172077,2.542820977727462,2.2627850490830377,2.8634050617870934,2.2649092431587965,2.07551406480311,2.5308344971777874,2.9747304480387022,3.518189479264615,1.998784103651028,2.3698844177135063,2.861913574096529,1.7167908164865746,3.3943981050378946,2.616979166480812,1.82521044262518,2.7922279075162555,2.2515241081102513,2.1079359490175174,1.5972141784144296,1.2586525140169313,1.0106800072314466,3.3902958468647872,1.6028427006151371,1.733943308529461,2.0604501320916606,2.077419940292729,2.6642641212470384,2.395361598365942,2.7289003668059957,1.815080314270348,2.195456499630679,2.0854843626254507,1.6155759848616953,2.691917116439755,3.045835052327768,2.5160182157837667,1.6383675894530483,1.7008506095939808,2.9527209496600206,2.9404819461132625,3.99589799028962,2.525624750044183,1.9078502823590178,1.9107191861100958,3.5698919503338002,3.2920142486618706,2.8168373726045743,2.916201555804509,3.251348655602604,2.3017149819630944,3.2070481307433107,1.7691172634569898,1.90934679662293,1.695873434776218,2.632494214483699,1.3547868628672606,2.158177612185516,2.272156219927571,2.2528220012164564,2.849794537295299,2.66712353690652,2.487091519444262,2.3184281423085826,1.9617136911578246,2.974318533664323,2.998527359727233,2.4159255681070952,1.5437220021881282,1.5097761754529708,1.905231998245866,3.1775686446234555,2.032043864106297,1.0391295757135104,3.0258780987968845,2.1793258126084964,2.2978918031189455,1.4104203433543139,3.7622710951153504,1.2402634127292482,2.743910257365043,2.0430713626516837,1.2132508548705634,2.7700226323780077,3.0363629644625854,1.373277347540466,2.2986426828706192,3.093840006588469,2.8347898220515084,2.538485795805329,1.7543454509996779,3.1499637741103577,2.577663244788779,2.2523543618359967,1.3290066744867985,1.8967979854865946,1.9639998506879943,3.361406401864568,1.902302127995717,2.297569434419891,2.7495837622374983,2.6630673107986675,3.256014841459524,1.937296350067096,2.414287340039052,2.951763280947402,2.2715297674235013,3.000274379035524,2.248048666987674,1.8597096511677267,2.402571770332081,1.6965917363419507,2.4450566778596587,2.6390805459792044,2.162024009857123,1.7371815529005634,3.266971007925958,2.5521985575523116,1.839859642007302,2.6565713019291923,3.1393477108615535,1.9062782879593005,1.5363491292902016,1.6305263689158065,3.549484573432207,2.835359938391446,2.3136706862593748,1.6971912114050434,1.6144909691862157,1.8801294248686025,4.155770618482317,2.112976165203537,2.5004661738850364,1.1139292500521734,2.4408985137567574,2.2240866184912633,2.447671701739652,2.5662912779910387,2.764656164164031,2.677381573276585,3.119209521013921,2.0617904138215657,1.8938737156534022,2.2938623249539627,2.230569505227421,3.508635160030664,1.5089833367411596,1.546085004487436,2.9971876956775274,2.5907789010912894,2.3954432759856044,2.599123683592766,2.268831760228286,2.133297058537146,2.120204066806391,2.1427105043150627,1.7988684449012555,2.4140400726426705,2.5789452125119725,2.850442382767472,2.7567856476283588,2.281211368932545,2.528543113148875,3.0547721282342217,2.5725425211446558,1.6914927329945115,3.3344279813874693,2.100022253958324,2.3748297038824155,2.1292611659236274,2.1008618218162844,1.7566451776738554,1.6847243998002706,1.2031986399127657,2.4913340079913455,2.1051765896745005,3.011628416323935,2.487978838402346,1.7258936312767101,3.0877919751831118,2.6708376107357266,3.1158424858699147,2.466686565688651,2.5494412813403105,2.5355589562091483,1.6376936204043733,2.174610080713209,2.2828660124496913,2.903388805940153,2.9603978506714475,2.0557124419531454,3.439009869202313,1.7722433998846205,2.847107613167243,2.9150730556816553,2.595100734475597,2.0381858790063228,1.315695808276712,2.8385936752858782,4.506152566455556,1.7489607995762406,1.2837696983431255,1.5933368647058856,3.232303604855472,3.3333104263326296,2.889300356987723,2.0575361992925547,2.5258163760231844,2.657284955286644,2.4700323894935847,2.011291154470893,1.3032973523354079,2.7150633163796907,1.6696727894583763,2.6100782948108434,2.9206033197368915,2.565306919326155,2.7888662421254864,2.619710493716705,1.183613991685953,2.7721577308392136,2.6549368828922586,3.237019504035014,1.6681739327181093,1.1602295141479102,2.7880079299801226,2.7702465802770027,2.2613178922670096,2.2156002444227236,2.6381737244190795,2.3589391355743454,2.7439426044196606,2.2007779233301674,2.4468011661362894,3.072487225000231,2.0346894889774676,2.6697584145030206,2.831266707691403,3.2166200042210726,2.256273499431383,2.675420215545779,2.314075151264519,1.5225570451684431,1.7508898191026847,3.0983307389147545,2.8084851579465693,3.416474238348075,1.9613064613266233,2.841126630019337,3.535883608067237,2.3494719589385067,2.033791053956456,3.471297660876324,2.508837050567969,1.8511358441189436,1.6974054526877849,1.4278719165002123,1.4548624477425895,3.99012749069481,2.1787417996264553,1.528220143879896,3.2657996084467174,1.2288052580717417,2.2774875111815835,2.0627179770790183,2.7899750882906624,1.798229845439897,2.5283239736788112,2.4916050972412376,2.1946850476351036,2.0143280975955236,1.9358403470304482,2.7139265733279014,1.730902869839676,3.2406444045815297,1.7789462254662332,3.083307462024033,3.289966842318314,3.237531539590255,1.650828290926829,1.9278293831349786,1.700064382353665,1.6290397988730927,1.4265906874769736,1.132453809082195,1.8738654392515723,1.793563564389892,2.0786019473018302,1.9184778522909993,1.7042935311995768,1.311365959490339,1.215759959486701,3.249921372167706,1.5412453266151138,1.5735267260906551,2.091065050228544,3.3231047745664135,2.4171849271396892,1.3146596239606874,2.209140913728314,2.3601468827803815,2.391556355039846,2.054372955278287,2.231102592801699,2.693652918439179,3.214757927662275,3.6842641446953297,2.6788250217239726,2.6937111529155082,2.3786731642358934,1.5347616665145205,1.4948000487347204,2.6583886781407147,1.240576589423346,2.415538354624433,1.9761280898958702,2.046952095399924,2.5874836752953545,2.456015075787037,1.7686221401400781,2.4413868473064437,1.6969081368756542,1.3945258511142153,2.9482095394288326,3.327015815026092,1.835142503871437,4.389557445300966,2.0537840949814496,2.5029506507377963,2.7610910829634627,1.5137104912987316,3.253738353014253,2.655117725251802,3.099097974864403,2.576839682749256,2.0531048385235215,1.0967521592130973,3.4223633492387293,2.6967546159594677,3.1472160336346366,2.7081335034892193,2.32835318170969,3.166957816547173,2.2732182146175752,2.2579849237152216,3.114590244689128,2.0065826816906283,3.091117226358648,1.2487744746535383,2.6467177968709716,2.5801008562964816,3.1021918385471476,2.794425123547886,1.9430806344578637,2.816232505353672,2.233135924034668,3.50920015478754,2.9886561605646524,2.173127387374495,1.1402102217577657,1.7743589938400484,1.6366555053406135,2.5373889043873596,2.5435796747885697,2.966107674181377,2.4246904856069613,1.6571782798711379,2.330799588089991,3.011498718064824,1.8312501717489233,2.1827978847852756,3.352676263993923,2.224301878754813,2.414234722143279,2.445581452193032,3.4062818328967475,1.9694906905422285,1.584312718415135,2.80633424657767,2.857062986680027,1.7833444727742798,2.2014900206922734,1.4321995220742456,2.472233930414675,2.9380842733423114,2.83317412811335,1.8281963908431578,3.5852900473166662,3.677439570657649,3.2853914145140792,3.0506583143400943,2.6336170361296904,3.1339919057541272,2.2573783285149007,1.7807363521373405,3.3161214482533037,2.3839910519374587,2.749327221059884,2.0340794094608396,1.8435397904191688,3.5078799417808746,0.9485300259418522,2.2924265687879593,3.6170016740199764,2.090302057230121,2.369512199550349,1.851736820846529,1.438931299680894,2.0175298764325156,2.474235479407778,2.0119632744091476,2.3449634181202494,3.4242619362320452,3.1092384891381295,2.3858141863320332,1.8983116357388896,2.5633939841970976,1.9456391954375278,3.652937203294745,3.2546855546927853,2.4779894566676997,2.4139954686547274,1.6279621682725949,1.7444367540696097,1.7374701804187447,2.881939882502373,2.0446937286463793,3.2014722323466756,2.316642454942829,4.647976761019639,1.8195918836703049,2.2439648147690323,3.5180425505020523,0.9089623780471184,2.5120784771072495,2.68529589120553,2.3898406230120894,2.6162897763591597,3.239906202205658,1.3452210021303315,2.3249519944689885,2.632571875666649,3.192451141414643,3.330400760813379,2.3191496303757715,1.6616322998811945,2.6258498110008333,1.884080683639886,2.376395746538159,3.0239783405356384,2.7936746059232163,1.7250569912945113,3.328088823556617,1.9556456897896894,2.127362469228368,1.925755041911335,2.2249514817278593,2.496728191538786,1.4766708563785547,2.849198652104345,1.8552982754763085,2.4305189600684014,1.5628994000971148,1.827604748925498,1.090058616112958,2.1893085096824914,2.216044653355491,2.6707564901046954,1.783854110034831,2.8724529786209185,2.1320196964820273,2.6363683459642493,1.282285325442381,2.1390945477117027,1.8316378599075445,2.619993363991541,2.2967587247398167,2.1914327697722635,2.5114946639523255,2.134129672934262,2.2689909301444127,3.396015227847917,1.2895110734199056,3.327791693503132,2.713583724790756,3.287946197585302,1.6063460862429564,3.0506745721137887,3.1144047056639454,2.1998311082987296,2.3748617955215057,2.6778557218487595,1.9608913923577742,2.220978315353743,1.8454564201162529,1.890742829551074,1.978099825827663,1.9516337652350724,2.3942343926086913,2.004755613040372,1.7928731155908657,1.6620896516723724,1.5571541265131008,2.3368434868745793,3.6705270355389197,3.0070541643577626,2.74541226195949,2.270977852760141
5,0.9601771878025963,1.8358001531587065,1.47030794251331,0.8718563130499775,2.081159545166476,2.8721242770567557,0.5416440568912859,1.56079806017539,1.1994856422035642,2.17853912205884,1.9282673289998233,2.2634753001884413,1.5560441520440877,1.9145287549801986,2.393518716275132,1.8970274902786777,1.2789357342255803,1.8615149781248963,3.543240380063351,1.8102596115422027,3.191087053006716,1.3374541563478184,1.959386285370062,1.3013060163989119,2.307369063938118,2.0371154010980046,1.5382697674246573,1.5672598874463175,2.918119590816089,2.1802963973067477,1.8882678369963126,1.1811426932718143,1.8477085388346564,1.8901170468490023,1.727558737865255,3.494174755880463,2.777935921625479,1.1847750845789153,1.364757647713306,2.0817307319325153,3.572987701788671,3.3852880863085573,3.1773208693503863,2.196221381203358,3.3828862275554985,2.6461829583264977,2.4653936977875537,2.2270894297168824,3.4328151778026212,1.521480647924781,2.1370195371759007,2.310791465830639,2.5041999344958144,2.4587329117426657,1.7197729759606775,2.751679371990532,1.6318797609861155,1.7457188794546887,2.081821538125151,1.3610418321952178,1.4241219400771383,2.7184586302678437,1.3638388400136605,1.7925170164191147,2.301919011606567,2.008606156980392,1.5279150597295539,1.9099739381332437,2.570746618773663,1.8600494342594174,2.5243701959313465,2.136020053927363,1.350461866072413,3.6560373212421857,1.5401224586991336,1.8212461390306682,1.8242382383201678,2.103864638007783,3.4846040932900584,1.1818189950859286,2.6841288634053257,2.842912605552304,2.233370890949873,2.437564579650942,2.702273192552497,3.200228521074772,3.2861544858449694,1.5483650950720524,1.0693693732988292,2.123549894785712,1.9555847047039694,2.113984598749113,2.5318422261560354,2.756933497245128,2.23458034727396,3.6707165045925416,2.0478441092705872,3.327543244416675,1.4237112208879252,1.2338833743642639,3.141111745746249,2.4900959919069674,1.8508004038096277,2.6266277931422524,1.1852320147504793,1.8448940684870037,1.2097653003461648,1.4046184578068974,1.3181159592296259,1.7220353582137204,2.126426282228681,2.342289559509146,2.1877216405751843,1.9450286105548003,2.2414190254875606,1.7671734252853453,1.5604110573639371,1.9626339128547525,1.4603383683284414,1.0852795506707043,2.3026769893482175,1.5329439849070408,3.0486953357328552,1.4338965771758814,2.4048966418151134,2.5272922415641585,1.5294616665148162,2.544469525974547,2.441053722011991,3.052090189130599,0.9827602110560546,1.9079679420426516,2.3916952821607866,2.8008295368638576,2.1586179752759596,1.8279139816124728,2.622818765290036,1.9563270583163335,2.5495145879161294,2.591106916413799,1.0843330930973873,2.6552229812254153,3.9896509214735705,2.4890714303420953,1.5241253895195395,2.3839263560969597,1.9402991972510852,2.3110192432755534,2.6871330738905885,2.0342815782134718,2.1137603191418766,2.683786263683081,3.8928781186252475,1.5981066210602637,2.4547293826162813,2.9275966100887816,2.6702471504046517,2.7378109960363735,1.479113384244959,2.915726073001987,2.6782452931800216,2.372219888100516,1.47239398626163,1.9151101815286187,2.480516759058012,1.9543622265334553,2.665730421070151,2.101829479334218,2.0395065744344345,2.526515595741847,4.961064083860964,2.3935273880768526,2.067970614254132,2.772364814064481,0.7615935189847636,2.3248316589441367,2.0245325855469654,2.211854766760718,0.6969101594022928,1.242323659023628,3.738120419381479,2.150731284067328,1.3303623617277938,1.2625762325250356,1.9351636683807918,1.2171060138140901,1.7594664378980123,2.274400521211721,1.9944457456218252,3.68592355671122,2.147450355310334,1.9497943909713311,2.3832384399118927,2.969434694268613,1.6716339264683666,2.1687916720155185,2.005539033228241,1.859138819995419,2.1891477858769113,1.7138730833460287,1.1715639400953646,1.7111726946164045,1.9402291902003639,1.9323291955795843,2.5897814515196083,3.005793982483962,2.3294430190098003,2.3155612105710097,2.5357500509747224,1.9798788002541816,1.4834089769464276,2.181290908830624,2.3871141583538296,1.9958211387132718,1.7217461688172202,2.8832078183040837,2.4598990458573384,1.2999791839774826,2.217794728053553,1.9056946910738302,2.4029383378826057,1.5364546250978257,1.9085830626994489,1.5841136469439594,2.296471589854062,1.2256252243268102,2.635386318779274,1.9490438804230699,1.3749497520787155,2.71973692052568,2.0860196394680672,2.6655832013207306,2.177653781298337,0.8460250274160548,3.3471429478738766,1.6260352296343912,1.6739178750294448,2.504223750471814,0.8540277871836287,2.9583822542194946,2.3487847631774508,2.433304840674933,3.6880292718977596,2.9234833421275184,0.9868055172436195,2.3754653838012567,2.283442887554912,2.6038613013463046,2.8193340487583765,1.0820368432697265,2.34661941072183,2.5108708239610458,3.3194245386854906,2.9006115473859246,1.7733176969872544,2.015231130212845,2.0449337230462024,2.912255754091901,2.0451290839930003,1.9943262761069542,2.835847311922899,2.235015643023755,3.601808201636583,2.3235045773723995,1.8661585968336545,1.7996424195178025,2.5749193982413905,1.8752431748833374,2.8035259730979387,2.031020905000025,1.269439336940917,2.7692312039521427,1.6126940567265773,2.1177522629434575,1.2994583984213366,1.091515453725727,1.7096061013129429,2.1181988518739017,2.3001999480615645,1.6279862870329715,2.7042221973530074,1.8272964537316274,3.376126048981316,1.5859140230794158,1.9978762441457403,1.0806492660674138,1.461688418353545,1.4230496240465518,2.0930374870659327,1.8870274678686525,2.2847124078479233,3.6412600921389515,2.1637603925662665,2.0587330827214974,2.2899103413111934,1.7388216779194476,2.6332254357076605,1.5571931512534254,3.5109228359885116,1.9864378148907789,2.9290614353428053,0.5763467116853249,1.937301372738911,1.9444996012991336,2.0580689823866005,3.2420121841994685,1.662728630494846,2.61688812046987,2.779901870267907,3.042809332640233,1.5716537372750359,2.2243653641517445,2.0714485005515146,3.1409931594174134,1.4880215154710614,1.445382418533724,2.72875578325229,2.3492908350147155,1.5414407660064369,3.5501076744711635,2.018816999463739,2.4138049030236184,1.0582886613130973,0.8728970326330621,2.224936422678559,1.293231027861836,1.6094675639842762,1.2057667206345841,2.3334602958136843,1.871947675867994,1.8516176552976686,1.6103745890786847,1.340287006198229,2.0046167855464496,3.5579500586790505,2.95947644616336,1.3569892590651733,1.5332352825926063,1.855767283258987,1.555316592438811,2.1162566300538908,1.5737608715478317,3.1095486931224157,0.9934069087288093,0.9431002112717,1.4363675665369204,1.65011384725105,2.0722866474113024,2.140860448943695,3.115214497612085,4.126972770906707,2.967046300505063,2.7358241939365198,1.8435636919133676,1.2201506402737836,2.6151131056685877,2.448933195916668,2.265816229645254,1.480225589927982,3.2689343483809123,2.406383382018857,1.7000238130155163,1.7472403910196668,1.8440743050928514,1.9127527581344046,2.1585486936349008,1.7117099776624163,3.1821183132069697,2.408328847555301,3.887707566145673,1.5734609908207098,1.1198126998839593,3.1892896597440434,2.8338906597437887,2.1736691507963424,2.233703042936219,2.684615231099967,1.6478581795805631,1.8895220915734994,2.543500413494869,1.5804313887157697,3.080079606974356,1.04399005392108,2.2956330419161937,1.1543307015900919,1.2550014249254131,1.7610505104360645,1.4080233780374267,1.9093657475228096,2.2184145711198124,1.8072841874169572,1.8360762532816866,1.6458223127492475,2.243754138200835,1.628886599919107,2.969383517098684,1.0299900730124842,1.7295914853748695,1.465963952187026,1.5802627138356309,2.230350699049256,2.357734247100181,2.061702412362161,1.7846637155552578,1.4324875564873467,2.648877989838576,2.8928196216745468,2.5207397692250066,2.4427486301004873,2.1053986164951293,1.2632162220418057,2.324477930951276,2.2363887608178494,2.6121298345241097,2.8450633891153814,2.538864817689538,1.2405559288740247,2.8087527919800115,1.5634154576908332,2.3870351133865677,0.7223521766316255,2.454477135882823,2.3978729960936533,1.7062529286970474,2.297470994815609,2.445215328120618,1.3766190802926035,3.3226565621755535,2.0341791787941914,1.8837251641952697,1.2206503794574735,3.128180764837567,2.2983694014647464,1.3835602690892297,1.5693853242148126,1.4183892438220078,1.1297130019598076,1.1277684000316097,1.4461219774124436,1.536539315815723,2.8910114175245814,2.5968919886268536,2.6244401845836887,1.9182360462451755,1.655202006780295,1.3930595339911123,1.5868729002766937,1.2985414886608395,2.2264716161729847,1.0539593923245165,2.952559309753811,2.519211590448924,1.6830954883999132,2.68551911696285,1.6620533365013799,3.0300682021316705,3.2463206637056436,2.5508330322375676,1.7436847153342772,1.9313068954799055,2.2097009380997177,2.654002149994727,2.325608374928215,1.8766827634175294,2.226303481214406,1.6671293041800281,1.5703609127687141,1.4714676489746394,1.3080672234413022,2.606954969145927,2.2723636293313665,1.666183364764668,3.093747799803489,3.249939865032079,1.8356294858012456,2.033930344560722,2.157538190879988,2.055738194739813,1.8403943668308607,1.8435985942058768,2.533831716955869,1.3814705174616029,1.7572206253741975,1.595224967858099,1.156740337929988,1.8229807304394305,2.649407072547863,1.3930598836737964,2.2215051619648833,1.804390569426792,2.6923742031367413,2.0947773285220377,2.15889206069334,2.41869436005521,2.0631958669085244,2.626723628182818,1.9932347421030807,1.8261459996122236,2.425222368652602,2.955034451530446,3.366004120829888,1.9462471643964636,2.1971016472514955,2.92442247171892,1.2027013705842884,3.1159958427357592,2.221036983456357,1.5882183341427352,2.6433039691680156,2.104676518622953,1.7867842143258696,1.4879907841516204,1.0215395652531,0.7571596122002809,3.453064012778676,1.3710469049984422,1.6608260333971907,1.8968508203116452,1.6645330642436207,2.704814966242666,2.121770551800278,2.2114569883925945,1.6622720922986818,2.033056576149934,1.8890037300350722,1.3644595264548158,2.534689673194726,2.8806020763981204,2.449751075442858,1.3845827614743895,1.4447455413524124,2.7036165963796828,2.855941830408154,3.817825089809169,2.226989249572471,1.5828224126932833,1.516413671775126,3.3919733749463896,3.077104964270232,2.9251908115104084,2.676750293668537,3.415084746904939,1.926283268354723,3.1300750236483452,1.4883721287328195,1.6441650019079452,1.8333457771215165,2.514465054729253,1.2747156516423404,2.1606054833065222,2.081410336996816,1.7970213999520956,2.637366107734129,2.336418719228556,2.32857889739079,2.1729390373805995,1.5904429379076022,2.475858561568347,2.7886140210907095,2.1344571044296345,1.4470491255787414,1.1381119979388283,1.6588173846742489,3.0476029615661644,1.8492852197004508,0.9776336700290857,2.7024490977680875,2.0136411539124888,1.9092608008293144,1.5332247082488175,3.437608707359553,1.0724974475042406,2.5524441162519453,1.9223296408833592,1.1351172868002237,2.636661048316626,2.939177656897228,1.1564654141484871,2.0531870483771613,2.9377282571771257,2.466373064360574,2.3239892516517697,1.447305765813613,3.176759961623442,2.3395673007273396,2.038955760608544,0.9719195760161737,1.7517218624363349,1.6258637055949623,3.311592805839876,1.6913426901247774,2.132453671187772,2.4681992404402693,2.4682462002740504,3.2173480952969933,1.5884179025263454,2.0410071616213217,2.738648299386188,1.9759187278724561,2.8867661071751227,2.1465839249758014,1.649798538102523,2.095233399676025,1.3643678177044514,2.0714292034958497,2.5540781728149344,1.9566486257404854,1.4913166716754456,3.183496583760097,2.483302080373244,1.696513330918623,2.2677335558983662,3.1115490339436644,1.3871873350834796,1.2029752185418892,1.3329667991001273,3.460841551293152,2.524980419160201,2.1308906261726297,1.3806880170932314,1.140096040454587,1.732453704760463,4.2419260439150195,2.1040715394483027,2.335976868305932,1.0288106644448594,2.0920755816827152,2.0006811290038087,2.135338427468249,2.2721132887580615,2.6350303967032076,2.403389242184354,2.9385753218970416,1.8509465022035374,1.612266832009961,1.957260324962859,1.97784992616938,3.411400650806012,1.1083071625074603,1.2754377481878054,2.947358311999993,2.445868111409069,2.4193662642124774,2.134812532547788,1.9573877765153196,1.8329370984373257,2.0721705059863695,1.798455496044125,1.405048602807384,2.33396137961896,2.3966855231226822,2.6043765767617377,2.5308558144119306,2.221363164795677,2.619546711381657,2.7948314014482283,2.3954577547573983,1.371236328108949,3.3507272343955576,1.6494306955810736,2.1217133132825374,2.00698425643946,1.6772614902039538,1.42460196362514,1.513367543199976,1.1383708411394922,2.1574904516896005,1.7822392923412997,2.8651591333619466,2.097473159201204,1.5157466299711486,2.6943825962407923,2.5098696983305633,2.6739419680054395,2.1100301068435843,2.4510011643743677,2.4816616260675852,1.529692758084667,1.9959702792951322,2.1398169997805137,2.7378015060823406,2.8222849167251147,1.9247040818328947,3.421363895559087,1.5553185008675903,2.7369224787442596,2.6658174046441974,2.5403130831823355,1.8882909270246304,1.1008819955234583,2.608482262046684,4.4013878739102905,1.4737092952959063,1.0574541227600478,1.2855667272195863,3.084742602173832,3.25791966985004,2.8484568595279676,1.8135515231020833,2.560423425018875,2.4359994848551567,2.3962940556476555,1.9600361070226353,1.2188796733201817,2.714935251864997,1.4505957662188154,2.4213470687909027,2.979665324003387,2.2621204499992795,2.5976538706969303,2.337007130651526,1.1787787073919902,2.572578411034664,2.1264432158110966,3.09632864239823,1.5562265812827953,1.0301761828372098,2.5586217983620143,2.4913985973776764,2.1138846474196793,1.8725055802001365,2.473914210332688,2.004794098288731,2.3183073390993214,2.0344718787853067,2.138120155812067,2.94783171118785,1.9813309645196688,2.361542710351336,2.5266657431933517,3.093814035037129,2.023675194589663,2.481122493308244,1.9131686584036665,1.2843384721541906,1.6521951104330812,2.724310866989333,2.7232411904636367,3.2561578690840878,1.752571504082892,2.514040282252372,3.1914172512721146,2.195944671871459,1.674573088388219,3.5287786145800135,2.14095909027599,1.6999974505486914,1.3816340734852428,1.1544401867301162,1.3475109396031966,3.786285873939087,1.823919386461673,1.369539495641084,2.974505375998077,1.2046624573221094,1.9683675010338075,1.9387553214637907,2.5410836476098164,1.3317963397723376,2.3002684831212274,2.452497115412104,1.9228401780756932,1.7027301000375825,1.5324696859252707,2.638028860194435,1.6336987687810638,2.955091427782458,1.7340353470944863,3.0037257100595216,3.194639195383874,3.186202733604362,1.6066511754764567,1.7825850810572343,1.6278494401887107,1.5679396726908736,1.1839209216719464,0.9668116959039309,1.6027898467983337,1.3541952666368646,1.7040353419987697,1.6376105304655273,1.5279874908395388,1.0942785928664185,1.0748075356868334,2.7097486085262137,1.575000515288188,1.367129492768052,1.9609756857147822,3.195685544845524,2.1829046388467273,1.273233418310672,1.9946625535964202,2.3064502596000707,2.403805397938741,1.7468511269514826,1.860383965129013,2.265156461187868,3.2533513465882464,3.4356398936592645,2.3816948920906436,2.477523279573888,2.177315199986487,1.3850371894437765,1.2662164321801728,2.510219920295467,1.0629475365836498,2.2305282724393214,1.7402933031072307,1.926433992479093,2.16617949128421,1.8872491114066885,1.555513130684208,2.074410803773752,1.4333405592254185,1.3098278280145446,2.6155248268112485,3.411518753873961,1.652673884786005,4.358100308805311,1.8984494989557796,2.481670913909998,2.506562669380454,1.293378191318907,3.134874946295538,2.490549975836176,2.909655205803348,2.345225262106383,1.490313734446242,0.9383273330242323,3.4160145775557815,2.569712872812705,2.935836015112883,2.4274588015707375,2.209300017538774,2.99097081435504,2.3096668139289442,1.917696453174542,2.6173781930474136,1.692084529765204,2.7877713510489546,1.1595174937786656,2.263469225248773,2.4211804926051785,2.676231138336911,2.5330816206501656,1.843583023190927,2.5500510010405084,2.18323724746259,3.2316025390756464,2.9147753042771036,1.7820791226656394,1.1038407069823508,1.535980324751866,1.5314396697380661,2.435132793360262,2.486503161592064,2.8778941152345787,2.1115966561907573,1.545371147421029,2.209242323855122,2.7588823301915393,1.7143306079508522,1.7247984413683042,3.042246936928495,2.0138205967074225,2.2379379655584817,2.1602641333797874,3.070652848142343,1.6610960631921246,1.4436144391765893,2.5906193631559127,2.4780591225786988,1.7477427096186218,2.046618054423223,1.3411589155360866,2.1960933007567833,2.517892201488543,2.8345784306945965,1.4937361344649172,3.2836432201863945,3.5506990644152383,2.9565753842602804,2.909701580081327,2.270373865286741,3.211184271724896,1.9135302587293128,1.5708311910417878,2.8400942437316252,2.1590970389317308,2.3356748784489065,1.8195626847795454,1.6228758332950382,3.38033951015348,0.7248766674089102,2.0960266569445616,3.283539004317998,1.5855998820036623,2.3063700215496885,1.6645378300230371,1.2417792955769125,2.0015221824647385,2.2831796826659043,1.748105154370664,2.1955492600107522,3.294922175823994,2.893134706139718,2.2657721585747947,1.5690376429277049,2.1229658125409334,1.5968459187615416,3.570672163115776,3.0059555470730537,2.1545698257003254,2.340580790261936,1.4672126237877006,1.6512947186684637,1.4575686253520388,2.7485629191806393,1.7032542866955376,2.951507869239104,2.120268139555681,4.673724106453838,1.351112288402025,1.9732109185418143,3.245369934895016,0.6387225535194136,2.2215477973238102,2.270282380906781,2.3338766492091203,2.369207707104973,3.036416976666134,1.1631012751197447,2.0068993465835225,2.5762813441301877,3.0201229549316198,3.43159054851747,2.1528476529547413,1.5268860274462734,2.483161907431582,1.5170094052708585,1.9594909342397961,2.6828801388046966,2.616979280558626,1.743388752129088,3.354191331093566,1.737391898213155,2.025428260899791,1.709472200576632,2.0212404756347278,2.3033976601433483,1.3812917302289769,2.657800393762799,1.7011667785833606,2.1863013347892926,1.4755588278145597,1.6050394159827224,0.9175439616239068,1.9049090582938952,2.1265889826681024,2.4283710905022082,1.6201278246490638,2.690051114542825,1.7136979110478552,2.4550329916631655,1.1088306882656886,1.9989282339767072,1.5317117503972488,2.442783762926938,2.1963373203647745,1.8893305797044886,2.343675139007506,1.9241714831946473,2.177091758027213,3.0755600717936735,1.0965358699056813,3.0809840232606747,2.589507310055699,3.2525367973323442,1.3010871936011537,2.6578627013077396,3.1625240524705376,1.783778470407538,2.20225019723359,2.3581177032196683,1.8288033152385894,1.9973025513516707,1.7782541946981683,1.7325406907483016,1.7462671781102734,1.7002517473359031,2.1644837621605184,1.8630617557465454,1.5297014179198134,1.3188056049525474,1.1230148127787485,2.2314791018442737,3.5077046102020315,2.7878840470377106,2.705014560899981,2.0305900609362704
6,0.8469299026621062,1.5771062151504596,1.3569819277109392,0.7654646203036473,1.7974835404432723,2.682115039255436,0.46199100195800663,1.2654233755784312,0.9857554843728755,1.7171498371558145,1.6473755751957526,1.9907285255728002,1.2948916669917314,1.6731951204984574,2.3192253115036205,1.6004550241059392,1.0977235850726847,1.7390812438293535,3.4667648028908333,1.6143446997074204,2.9454391317598256,1.1894723291339346,1.7318255909826892,1.189481681401011,2.298892362928986,1.899993878552418,1.5105688667801065,1.4202052538548857,2.8533469907064815,1.7619834704837962,1.7128903085424305,0.8372797774776892,1.8636150505471853,1.6995336190864585,1.3924601355189523,3.413628191899023,2.4282735710120167,0.9662675761747981,1.2356040038796232,1.9744557944352616,3.533215448892937,3.2797387263710402,3.185780956570676,1.9876682676581834,3.219292789438713,2.3099840787796113,2.1944103249923175,2.056347004592822,3.3137937264114354,1.385754449248772,1.8124632711113229,2.067865892010625,2.1774761912518206,2.2711503383723,1.4854280344596953,2.304850811231997,1.7162266054931639,1.5403099199773327,1.8802298788006748,1.3393786595007033,0.9107776520648295,2.653811103425221,1.024362880494376,1.6857737782345432,1.9795988649685525,2.010095675124115,1.3816430822983377,1.6029978813409658,2.4424460212316514,1.6090885995279993,2.3512543514244797,1.900204536403297,1.2141903789399096,3.572662394697011,1.1737501050648473,1.6805146264028292,1.6820132569392412,1.7188788299687652,3.311932478972193,1.1253174571851914,2.415820823905472,2.8290604953825946,2.033783840789841,2.1310717040040443,2.5599528824768036,3.174963489053873,3.179713258204557,1.4483748253339443,1.061388517767875,1.796996122189218,1.6593176013216984,1.9704066009717116,2.303835636541896,2.540644262023397,2.2269772093158213,3.6649476487563892,1.9427768128669396,2.9118805235274428,1.145090599742506,1.166849539414351,2.9049591471056475,2.412315067109385,1.771367212004142,2.431639870900021,0.7825173274038815,1.7796097017374723,0.8504390814590483,1.11390143650518,0.974110442337925,1.7696250520067618,1.8493982743172348,2.061507265602204,2.0977293367836456,1.9195918703254957,2.1038287193379444,1.6316928402082567,1.2570180421966461,1.8417025788216808,1.2177090321166577,0.9623084140757756,2.1640239736060116,1.349553478275083,2.815611223474014,1.253883892993311,2.2891597532524095,2.38352865422841,1.4226677690737572,2.4053512551677345,2.131440342073774,3.0307770246413295,0.6020092076867374,1.4674771416775705,2.1442936939460346,2.701762064164289,2.0344044896260582,1.6256144851304666,2.5153065687393186,1.819558373415242,2.2880017626486966,2.4185374645343938,0.830086022072713,2.64279926952137,3.9324856706077247,2.0935303739979734,1.2577997552409483,2.1267703588310853,1.7368491353718927,2.038833068896621,2.50450492844989,1.6731794737580323,1.72112985695409,2.350503790684262,3.779936930925404,1.5412862370398352,2.202130721876167,2.748242100811708,2.523960030638161,2.640727200204817,1.4425026025120333,2.5609995048398533,2.320102502394823,2.0207057432617854,1.3548230210474523,1.5270958061878481,2.352553144890728,1.788883872464731,2.4316825380316596,1.8948289194101884,1.8869107113856773,2.0245438755122764,4.626293282706337,2.1857566408184272,1.7312690785293392,2.5177715128633,0.5926503660743353,2.281944731657882,1.7814557795901336,2.025475390735931,0.47702428090266047,1.0473650208985377,3.8378612776057985,2.1077348794047754,1.1694240623699486,1.1426548787788053,1.7938000903226592,1.0790118281576149,1.7476098402752809,2.146005322175929,1.7031001018016465,3.4655657179748824,2.109230401041337,1.8510157915580867,2.155729100078837,3.005071222958583,1.511396489056379,2.08551285053216,1.810078479390818,1.6565960346555695,2.169052078347775,1.4900822926539439,0.8804188230957481,1.6506280252373848,1.6836392924833998,1.8238159368034486,2.342866233888127,2.9397737457891058,2.127518382612254,2.0121155011107468,2.0795071385659494,1.8035837721680188,1.1044473290588819,1.9155426982415065,2.1107541590517096,1.9283871132050048,1.5663925585913046,2.8149460070819217,2.27263284004163,1.0064139825418557,2.042340643702951,1.709065019370488,1.9881268451504106,1.2581874379338402,1.6871932340303797,1.4589437666515033,2.040637196760172,1.030971936903969,2.412687322784916,1.3358772638233403,1.3370345622100384,2.376732530506774,1.765777436753555,2.634327793294682,2.097324266129122,0.7001368625447209,3.1074576135684673,1.279341615661057,1.5917263550511902,2.3215029440567587,0.6908812121072908,2.8042388532552764,2.0299032432298416,2.0947159955080394,3.7594007762034294,2.6509572599764506,0.8307338263593813,2.197710807491149,2.0240796843708893,2.4005956509880284,2.3856861646559655,1.0185598935698683,2.026388350563663,2.4046717868839806,3.2115753746737536,2.829893917212725,1.5533572038594166,1.7321085238322653,1.6964618877714441,2.785886568932085,1.827040334888799,1.8109596943916766,2.5747227299139106,2.1487972213904136,3.3608477726401826,2.015870894065023,1.3041343000015637,1.5069717460663385,2.4543835437791506,1.7953879002388382,2.5404248998441856,1.842685642108168,1.1109783550891195,2.787400467941144,1.4384619170367166,1.8901953302981913,1.2076916033404435,0.7162162024637787,1.3467411939781497,2.131391673015772,2.1464334068873345,1.4902796405077745,2.562339191049925,1.5786579978490016,3.188357394246332,1.525505827594398,1.4311924727388887,0.9454482077194761,1.181556215630705,1.2989636100178417,1.8171813065682816,1.7128681847021416,1.9884525265286788,3.40220747081356,1.9714995834625144,1.967532593244203,2.1011836942752176,1.371805200533148,2.381520528359662,1.4956612526494077,3.5176164730654107,1.821844280242719,2.484421956122478,0.3899577407458772,1.7381102793896923,1.8017252959365195,1.6606153605138319,3.4092117613250097,1.6021552535447032,2.158579451608505,2.66447332067436,2.8126516776320494,1.5005919825855663,2.06740229921979,1.7082936466775995,3.002285355717546,1.140667424155696,1.384306133216037,2.563429322716358,2.1734899939332877,1.3543760062317551,3.28115214459679,1.6212153532022675,2.17048295174898,0.7713234732259318,0.7692607394506378,2.025131640032791,1.2259167164021467,1.512933911300878,1.1796639318791793,2.017270905601465,1.4614460543927024,1.7057015660626638,1.2822419006067947,1.361505627609842,1.93796395004413,3.6157338537985306,2.879837178963557,1.1683878783886603,1.4455439760767,1.771058997368505,1.351097425332164,1.73925297426138,1.284034630221276,2.835429346975668,0.8196365290324782,0.8284963761616815,1.1971414731097052,1.3467923025877981,2.002650835699489,2.1562370750219726,3.0998776622708504,3.8502060975831363,2.6120011238125196,2.356204214265765,1.7202127156320874,1.047937935479629,2.1736121955657115,2.1604600120858373,2.1020948187746473,1.133470611095226,3.2360716692249722,2.1814006532941845,1.7654719361956883,1.4733111154203355,1.660571259671407,1.4010164633332696,1.7652033196330006,1.4520850744745775,3.0600857677851634,2.1365499233609286,3.762918938412542,1.3549334690089898,0.9531164573803722,3.007039376490743,2.615646855894457,1.8744158048434967,1.9239135279374442,2.460136703954408,1.4342130653425338,1.8132812472288178,2.1902410866350497,1.2944261848421792,2.9890616094433997,0.8693062484337852,1.7737511549165967,0.9148300329284902,0.9858369148127062,1.6039024628472607,1.2101497133663328,1.70001712478886,2.050240320545166,1.6719597239115622,1.704382471665445,1.2529400813041378,2.1057918517285708,1.5619281985176274,2.6261177504568964,0.9820615416420162,1.5467075361939795,1.099093730895722,1.3620040812904048,2.109860464207655,2.1293344838691395,1.7166073387531182,1.577808927734958,1.2254605715548563,2.5560635895583728,2.6353249066548488,2.3803648556272217,2.1608127604939487,1.671186830924124,1.025450253050377,2.1849202048439142,2.1348673582394166,2.461852178166313,2.7361367113909965,2.2315161812074953,1.282794215528898,2.4988875713743073,1.488306226129127,2.097849962041805,0.5400870748815195,2.2774323107373085,2.1912056822776798,1.5146374479713827,2.2726665425951107,2.319519922579009,1.1653147822148036,2.9568409484444356,1.7801422523427668,1.8277409097289246,0.927918123310701,3.221548645111031,2.086689166865811,1.1059654165407102,1.402069040289338,1.2610704204083882,0.9313078616763087,0.9650569007862801,0.9983836036992337,1.4212343698540295,2.7879669204294877,2.4609024386069085,2.3995963519553047,1.6886345896044777,1.5719130986382905,1.1104177488807703,1.3899798858018293,1.0219005323545525,2.0951146495799158,0.870552006350534,2.8854529282588204,2.3673727969971106,1.3811502848790014,2.7410929460667135,1.668390484882838,2.857544054148967,3.178564431445688,2.3916607556842484,1.2720890200008923,1.5336169413174,2.0874652855400813,2.4391694588500514,1.9974160017538087,1.601890685042139,1.9524468174346719,1.4998912825769386,1.455151932041381,1.2675873424863193,1.089620855645505,2.2560939406642375,2.031354172773412,1.6101652526846169,2.908296078623879,3.27028596767915,1.3897477683212043,1.7245639024921422,2.141792813059716,1.782082443108957,1.6540013175490667,1.504779816050905,1.8444828371853144,1.0190676437646005,1.551847343602292,1.531905561805745,0.7754693069984826,1.5856673785792395,2.2817467285886637,1.0283832555396488,1.9715011665200777,1.6779969810723236,2.5056085304559326,1.7260585874552503,2.0302688549611068,2.337702301407458,1.7854349600853898,2.417029382365141,1.7621564565550967,1.5649887599983952,2.3788639377839673,2.882311599665385,3.2038674573385513,1.9204808473110153,2.003955115293727,2.875449479952637,0.8980840768209851,3.0825642314587283,1.8181208049652933,1.4435266828870343,2.5390468082362285,1.9887313362581647,1.4798377504174312,1.4280194347509994,0.7368405041277515,0.6796933227202382,3.5474193904795275,1.2084085247723948,1.5888614854157015,1.7886043092358683,1.3942427307374832,2.6734653000449375,1.7607568308413348,1.8365273210621242,1.4983974661731971,1.7787829313951369,1.772230710188803,1.0944770800013348,2.2176149558528113,2.6155779320344186,2.2693383662423305,1.2591347749193178,1.2665931183533035,2.4406062491768465,2.7501900671927055,3.629129006642251,1.9264879068955463,1.3618788724146969,1.3547877746740138,3.3173603461711147,2.713694881296765,2.91440344069584,2.468399185696419,3.598562448883785,1.6931850689064294,2.9747043772368382,1.216948666150911,1.3877675644823422,1.9402605344211483,2.316795440783555,1.1593585778749078,2.067705544142681,1.8742508058845118,1.4493331081094272,2.4989460209875465,1.959470355380541,2.0233501841999235,1.9718927641037503,1.2209942073812186,2.069977354921668,2.467328249400567,1.8385249409002709,1.1639000537471313,0.8479103661745002,1.409416030819505,2.9194331446441306,1.6346828617958895,0.8436586383216792,2.4621843550278593,1.7701107110269407,1.6551923495790055,1.6073439092611665,3.278539212433765,0.9066308612291997,2.4080384656215283,1.682799949667109,1.050723304379233,2.4472727554663223,2.751655837857213,0.9107083863687571,1.690799065991897,2.685872509678961,2.0925156234037066,2.0149476995962665,1.1515923382412987,3.3150757482358277,2.2485619420050282,1.9031779349438604,0.7420445345627331,1.6222290766935954,1.4486776118121165,3.098361364676285,1.5360883074506777,1.9091229579812805,2.17739952116401,2.24240598820109,3.0842272145173237,1.44123548147418,1.7482562987526733,2.488035978969376,1.7181269786750453,2.7411728189512186,2.0818398784559817,1.4498795922568815,1.865764950003257,1.1967444106360663,1.6488257543727094,2.397214265269734,1.8368992331316778,1.3784413989380984,3.060817739224215,2.2966733926988727,1.4503485051740066,1.8838450898800725,3.1523202174275164,1.084304958500246,0.9298588710598785,1.2137381625047616,3.336318137227259,2.23459378981731,1.900798662170991,1.1090617044075375,0.8083127823435643,1.683705398428041,4.165351334429059,2.0396533277580446,2.1019843557115823,0.9687124161592977,1.7493231904463653,1.6389411772926281,1.9249330803104798,1.991698911183209,2.552550427145222,2.177916281367929,2.7883974081854515,1.5131067011651789,1.383471106479197,1.6946996020510403,1.7450231351807757,3.332314609730534,0.7972975354822116,0.9895270646573746,2.9476192435227264,2.254354785813632,2.330671424510278,1.7760736877348728,1.5594347241705038,1.540363780596855,1.9361020882165936,1.3622570147427182,1.041077252109279,2.230336507244833,2.046335905412797,2.183316604131007,2.3200269921312047,2.0182962515671345,2.5796130187244786,2.611066937036344,2.185471088251046,1.1164615210864755,3.1532145250781625,1.1640536090373736,1.9089570016168715,2.0531000897900937,1.1367930784035212,0.9948696939470711,1.4017318434290857,1.0189128053240202,1.837708694554609,1.605756578019381,2.846972896318885,1.7520405548548106,1.3332054022764155,2.5809490828453256,2.3755839493271873,2.434609728872929,1.7038801893305662,2.254646056483738,2.289753043837854,1.3152708306251997,1.8230451616412278,1.95212594947466,2.5077072650842664,2.872130415687406,1.838064795084917,3.3941248924134344,1.3443287989088848,2.6636039509273965,2.365676123356329,2.3218629832921884,1.7492166395983086,0.9410778046718813,2.4075744441646494,4.215692570373321,1.2571996579410112,0.8547177974442213,1.0649628270382,2.810479211920395,3.057097733221966,2.8538473219492206,1.6418268851241908,2.433770970414269,2.188281306852959,2.384883352940915,1.9180745185197927,1.0594291246825895,2.6663669948967366,1.2962547903616073,2.345030991456256,2.972485081319374,1.8452149688548165,2.410181892116964,2.1182091717024725,1.0728344198412036,2.3227687010956353,1.7369181769414794,2.808316769566016,1.4781367755063015,0.7784112840279542,2.3454958932257712,2.1939617920925514,1.9365279011984087,1.606852596585603,2.4430299029931075,1.722831772658473,2.0080979547298816,1.7668608473700829,1.789522799455743,2.781685358043094,1.863294380292606,2.048932850360355,2.1529168184143783,2.992598606979019,1.6516195555891855,2.2741251579573274,1.6540372876945826,1.0418857944877558,1.3462309414213791,2.3950391738105417,2.5409719882353854,3.083306996121799,1.6051898322607512,2.326857443819636,2.8423175895346207,2.045756044070117,1.4252958439334058,3.523475619922358,1.8428393212036207,1.5830301904034159,1.133311834266133,0.8700525691930343,1.1583912656425122,3.6013135461808914,1.4957820999369575,1.225383713619454,2.803801126365115,1.2713204930770596,1.58603921239891,1.8800019693034151,2.245577782515124,0.9387491224880685,2.109376415333438,2.571829424588411,1.7156587689786742,1.4474325095272342,1.0804514841854247,2.4692930726210687,1.5610088747742485,2.9201379319929543,1.6942971779149452,2.969752538884948,2.9879977285850066,2.9430925174229534,1.6206200159721529,1.525653981036572,1.5112025812735532,1.5645912980033834,0.8912816593081129,0.8818343227212297,1.428283841725822,1.0743026773324915,1.2927964596475887,1.3834876728870003,1.3539621052100912,0.9223825243408378,0.8659504305419559,2.328040252028727,1.5391520626434694,1.2014417437529998,1.7628975851865514,2.989556051970051,1.986501654035659,1.1894826331987225,1.688244892580747,2.286711869131292,2.32754477098283,1.5820833397230143,1.5377469402992672,2.0378276701262323,3.143300958394252,3.2730872202749777,2.1663810189942216,2.2376279465314766,2.018827940422237,1.2604743549899697,1.2075578708011738,2.3685836710675714,0.8936680197537303,2.003181592692042,1.3755090303274815,1.787319853829439,1.7140175484165612,1.3486688715272799,1.35200697112908,1.8173949367672595,1.2243207197780002,1.3020805417855077,2.2998364923250723,3.3925514155018845,1.4920507778766299,4.317924897046834,1.66774801438897,2.2780328840429327,2.2769520378091634,1.114845991330906,2.981495040523685,2.228305853651252,2.8142193099061332,2.150266133490008,1.04212223827895,0.7568377299251665,3.4489079186169365,2.3259640140510025,2.6764043279342093,2.017101695210129,2.1440993531565193,2.89642957860953,2.2132137313252334,1.6866531239168783,2.188246458014092,1.5373153373972182,2.5518146851411543,1.0750631719314514,1.8564478683838186,2.2998405446235846,2.2232264169094598,2.2933534922074363,1.6008104350897845,2.3283905205113733,2.097320856211407,2.813509715648207,2.7531545014765424,1.3661772195511275,0.9826784388035597,1.2732580735420045,1.4568626755913379,2.3440270021157117,2.407434743928193,2.795282672084128,2.0153990782533953,1.3717773239194084,2.1574678111584333,2.602780170508238,1.6658484111314449,1.2184316877066008,2.8459719173682383,1.7425025980462638,2.1080573929713995,1.951566458911234,2.667185817911599,1.4135635380652727,1.4013053428886393,2.2893451369165203,2.2979465894749413,1.7961275617469954,1.8804699272247456,1.2949907300730623,2.003113595091526,2.0309268248647276,2.741781377942349,1.060930036124352,2.95776733215975,3.262232552205252,2.6730799961347254,2.8589239016455683,1.8861457244785003,3.361883862945464,1.5407894006611396,1.382901390710079,2.386038446907963,1.988627698366666,2.094095768523656,1.6193210766039825,1.5070999313380233,3.2679812643668518,0.5020356733263969,1.8666591915232833,2.921277628940209,1.2786376945059388,2.174533112672007,1.4827281103026326,1.1187997532205376,1.9515083917106482,2.0904621477245318,1.623450129697121,2.078578511985313,3.138880721104679,2.7256422210786577,2.046394350232295,1.2046661405716963,1.7907046052423086,1.3787150930588954,3.540830139884342,2.682530509850603,1.8348997453601559,2.265493257310056,1.3817838310367436,1.4335625332236772,1.3017147376889284,2.58947145061766,1.506773927600228,2.818698719520422,1.897054283850522,4.736340330063061,1.0390095034836135,1.7072105734023313,2.9245477818166155,0.5203119059203141,1.9423036528903315,1.8572280364830533,2.3329643728081026,2.122410294849788,2.7604074602567223,1.055342058986525,1.7309092978929488,2.4285966677017763,2.947799789508273,3.505703892841297,1.8800039484036706,1.3059562098415012,2.323448107913258,1.174449872474835,1.6245239212474005,2.3293641318329854,2.439350822839918,1.6930135324776021,3.444561865314621,1.6061574259582372,1.740008642093096,1.510356983109094,1.947653811212544,1.960493730895818,1.2478465823929112,2.6438529775067074,1.5578142729143378,1.9588905172020414,1.3691673762133978,1.5413433922359774,0.721047551469794,1.6992266558547842,1.9878322456869935,2.1845560558454635,1.4550369517576438,2.4075147809136017,1.4479225293023736,2.242092986439053,0.9700483355013956,1.9224317927507355,1.286746611948912,2.319894727102981,2.045245631324752,1.5345795105021787,2.1616347404134073,1.617217905809234,1.9770656537606222,2.7443155778216335,0.9824582807651385,2.776965890410844,2.4544445628411475,3.173802572418683,0.9863923883512293,2.4920939230471912,3.2760262787328127,1.4488931115517691,2.0509502010035567,2.088309602715312,1.748293751287516,1.7667877712436193,1.7915932565674484,1.5526245382798622,1.5927102951775955,1.477826654295861,1.9436552003135792,1.6954117760542582,1.204476177673525,0.9695406542628224,0.8021972535264332,2.1329900365901913,3.3987432601596153,2.6363307515230794,2.5885460869342616,1.793741734969279
7,0.7743217463752641,1.3732769555262225,1.2003998372236928,0.6624419856040717,1.5510387141997495,2.598055548136439,0.4006904509473736,1.0837374626611949,0.8542782423416053,1.351655171536306,1.5171829318977277,1.6299384975719284,1.0640426791841269,1.397396121694269,2.320391618835027,1.4920675323512436,0.9159934607295606,1.6410668365070957,3.244307595919364,1.5105132740824447,2.6460904573629165,1.080242458366658,1.5867399031678375,1.1162051754265314,2.3342818389265894,1.6008833231656008,1.4286877326705243,1.2789193099449525,2.8808249567249544,1.462251690936871,1.4843482788249283,0.5261993151719815,1.8431311393693812,1.4675946803847444,1.1008915295688546,3.378909120446223,2.2150409473090824,0.7023982106135033,1.0340610625851694,1.8328972989072292,3.620027949735899,3.1723331858374597,3.2589836403806496,1.7969006047269669,2.9974422672328034,2.0526337325228914,1.9086023609834961,1.9374943788268557,3.1719485385539414,1.2532778558898054,1.4961070564614523,1.9688235391755258,1.9628102422092812,1.9651135451856327,1.2345570240951764,1.7558023857820413,1.81041235748663,1.2226855178968539,1.7465920148181382,1.3135649526812758,0.5852032114008554,2.793677077641032,0.8169931807159492,1.4353055905145273,1.6753462774550725,2.033889417803606,1.213209586852392,1.3657168349929505,2.271807532167041,1.3172554244794297,2.205982275995491,1.612591371249124,1.0634198127743066,3.553906494239353,0.833434515898074,1.472395065685851,1.6226717415798253,1.4841944954114024,3.1845303405960683,1.084797944193293,2.1424794395193842,2.8072794102239182,1.8699671683942651,1.8092016514189084,2.56383237084708,2.899209325185288,3.091857571595311,1.265702490445912,1.0466494324916829,1.4624758656435395,1.2531989095388236,1.8380174453619014,2.2184691216472716,2.351251931890584,2.1207898697380303,3.5554533935800405,1.8917456200049996,2.6822661545584867,0.9829192636171831,1.0989380292469921,2.732865327349655,2.2814555664055582,1.675374515020918,2.2420609986933333,0.4793601456037971,1.7376592650096456,0.5715931985284097,0.8935207354110652,0.6814440651052565,1.771054193242743,1.6513196892402668,1.6721690115467678,2.0252886193701825,1.8615272169344332,1.9066065413791267,1.4950302192098939,0.9563821937751984,1.7821388137379341,0.9838345968878789,0.8851193401198287,1.9063302395253068,1.1625817548653112,2.615600201834492,1.1525491983417653,2.2116466155765453,2.124913449407413,1.2280239383489913,2.241761879404885,2.0336254260570272,2.9895712742397516,0.38268527339107494,1.1380599839501393,2.0646867252172743,2.6756620914943015,1.90208247680363,1.4493177310787504,2.5483235593981792,1.7399755511572883,2.110450945390039,2.214359273458333,0.7821778250543748,2.6400029982124003,3.984341873981089,1.6913802283490265,1.0012451499469288,2.00769587979082,1.7052053115405625,1.7862644884675374,2.3941521434401714,1.442429066882638,1.3673061897057928,2.1013175140027904,3.7806211657547544,1.5109387136290082,1.9090079889385445,2.497767781370575,2.3306712110742387,2.484142194396312,1.4364722441876734,2.175977994952819,2.0436185648669043,1.5927607972891538,1.2336341324819844,1.3134616638420162,2.3090803316407293,1.6735253158799208,2.119979616592859,1.6194822550092374,1.640630136160846,1.5802652669930557,4.121038753429036,1.934677983130311,1.3930585554921788,2.2071746987404004,0.4453483384100298,2.2507871542656885,1.5763314652018787,1.8986777947602762,0.3259471449832695,0.9602665173336646,4.007845554475786,2.0772826514683715,1.013881025826738,1.050731462283366,1.673754022873422,0.8463514095284875,1.725480398796,1.841844426649925,1.3354851071533318,3.1820708890053955,2.1155954416738245,1.7485267202179495,1.9566627935544045,2.935051515038741,1.3248136229718683,2.00806517974501,1.736885860802262,1.4799974106203795,2.0666278544489987,1.2916180005820619,0.6769345390766237,1.4593997334040112,1.3833960026031893,1.5962129334938537,2.165344983406099,2.8136713281707233,1.8359610072161798,1.6671133800858957,1.4995740031617166,1.6233199419088682,0.813371030192195,1.7790503015047743,1.9258939244552975,1.918220897214744,1.4663066093916917,2.840589326185941,2.19531126524676,0.8053808465951133,1.8275693306941565,1.5199617235515237,1.7174249429603776,1.0737144155350862,1.4993076844486386,1.4484406194618489,1.8564941630394287,0.8992864233358714,2.1407988310401747,0.9027861060486939,1.2440357593973024,1.9789092580056749,1.6552276182761494,2.644782739664155,2.0442532530338227,0.5680575061333895,2.8180540074604967,1.0049435120498877,1.4706614481855398,2.155710562245979,0.5460832420955983,2.502002676643897,1.6304510019628236,1.8131837273991653,3.822338928026562,2.365792250632355,0.720135114056519,1.9690591447674572,1.759682657597419,2.211757607492979,1.9356947717444866,0.9023577507083801,1.7414578117916273,2.3483576867427143,3.172014842810286,2.852491570420221,1.3146394702444342,1.4969773700469053,1.597476237978806,2.8168478271916464,1.5869130023828235,1.6711189775316655,2.2563140588674186,2.0161342755482856,3.127075830090349,1.7970325982952617,0.8847013470431724,1.2910014455675642,2.3307744115566145,1.7391332215374786,2.1683667009963865,1.7421856079166336,1.0522100858032724,2.8950476535082235,1.2895006798205262,1.6507389109587358,1.1459891212712505,0.4345015358688832,1.0723710782705955,2.176704809021503,2.147940533172906,1.3502310764083547,2.4262961585248988,1.2782636281227608,3.0882235156549362,1.430527800636058,1.0120506699458978,0.8552729160037961,1.0250150365794475,1.0704134180215201,1.6212477446419569,1.5025859576416505,1.7563512477360788,3.2642361098645982,1.7946394725273662,1.9521391555597964,1.9388972798005781,1.1052252429257114,2.1551672125240016,1.5496407525779128,3.427406080226585,1.729301841541881,2.03138607729863,0.24163117399139666,1.5847798766082755,1.6841480628990615,1.3089212412553126,3.6609721493354774,1.4998654387340613,1.6369672850413892,2.6010803886877145,2.581043483184811,1.3939410716094562,1.9045551855581522,1.410223270852905,2.9410381942201202,0.893316676912375,1.2952269626613098,2.3513518605896184,1.9673978508740422,1.1632540633463715,2.9481590405724063,1.3404078312446202,1.734001738577848,0.6093825903361396,0.6521602709032415,1.7494757693784782,1.0804036008994808,1.3994662964497615,1.0825899936490722,1.6993388977559736,1.2947338482513282,1.5973479631080294,1.0106672941750197,1.4087075934698543,1.8567106299032405,3.7714222089235783,2.7665295437355644,1.0234125628141146,1.4390007488881023,1.6701679169378494,1.1566717267226705,1.4247728043306216,1.0274123527999919,2.613196702585023,0.6080732961836175,0.689818122678715,0.9007973106320895,1.0441720281223006,1.9078380995662565,2.0712372739504494,2.989165639931689,3.5847279610649343,2.180445539809768,1.9821296777242459,1.663651869101889,0.8416801845073598,1.7296765857844754,1.7256502356955932,2.0104169241540886,0.8651272504513217,3.359912577958839,1.860078455955201,1.723039233629824,1.1701043601522143,1.4275471574359848,0.9684895420921357,1.3718107708595861,1.2657230220841997,2.960128500744416,1.8287394183181256,3.611920271684099,1.2004677092067866,0.8411788009215901,2.90968636974024,2.412463870660846,1.5222999314974581,1.6819954845257246,2.310849255426926,1.2301703184431658,1.6827425114785195,1.7730611243230812,1.0036841149750066,2.9156692981887,0.6913155162717028,1.361596958256601,0.738397102689547,0.7819252930903202,1.5220917876391857,1.085224644028028,1.4612567135071184,1.9661700260847466,1.4642169288375864,1.6304997571414122,0.9646359277729939,1.9707488841545258,1.4590621115658085,2.132871743064477,0.9796472118808823,1.3818483472235226,0.8476013751150882,1.1755940111316932,2.003587775243567,1.9901248375663294,1.4232111039762934,1.4116794233902978,0.9813491229592884,2.400431232660911,2.3783578186109557,2.2507296733110507,1.8970242628746243,1.2779494014823727,0.8680890215042049,2.0510135008458183,2.085080234675827,2.2111067527227624,2.7541406679104186,2.1043367601691307,1.2308376040877789,2.185925695883726,1.4623849776322557,1.8022306296836645,0.3939696247021853,2.238478005967096,1.9806131932584585,1.304173135926105,2.3263710678815315,2.100717960639062,1.0607880779349699,2.6269783622597735,1.5871371674169006,1.762977541292447,0.6560844443284928,3.0995539536541488,1.8309256487352856,0.7930743784281753,1.2445446802887674,1.0495533391562584,0.8466032192937316,0.8208271366268538,0.6474576458684298,1.3504523851280423,2.6730258351577603,2.332554677802451,2.098838718024749,1.5098315408393326,1.4612480718899614,0.8052344290866942,1.1703673832551504,0.7296814592365848,2.083767139057359,0.7447834638835829,2.820556358088143,2.261232334425217,1.0593226351648948,2.8036278565684083,1.650807849128881,2.7083656122351045,3.1996126140314933,2.1945159050531053,0.9463678325984738,1.139486495119369,1.9590409827883328,2.2579521540416163,1.7641134623957928,1.426740928556881,1.7063643162964932,1.2306595980147033,1.400740548992463,0.9798129131324149,0.8463978048998277,1.855674217800434,1.8839512633645814,1.5251452357480741,2.6839205289119423,3.1970869052813997,1.0435264620346887,1.407239456718709,2.0542849690555496,1.5343137047666713,1.486179434064727,1.1153416821831423,1.206737036244616,0.6496687278021533,1.3158542620099536,1.3142704255450763,0.5190439652340237,1.41171163215184,1.8664100967438562,0.7776570106094383,1.8098915600780787,1.5382537872182276,2.3369330863674573,1.3693433318519121,1.8810928627164385,2.303610509718987,1.475702105207582,2.239680483090723,1.56408666458868,1.3087759061653272,2.353357875288008,2.7852234600419776,3.10024483757671,1.82759195952584,1.8617125552115739,2.7194651233360645,0.7255245487559935,3.1605175930711646,1.5180413583980532,1.3346628019971385,2.326461045210459,1.925542918969417,1.2906388896287748,1.373413842967324,0.50456935663638,0.6028033219423772,3.4616277428722535,1.0602945040854204,1.5086930695716492,1.6588699934698194,1.2316948774748349,2.5303982162008745,1.3540623595879178,1.6052451215528962,1.3490644551148183,1.546287439445937,1.6703829844738374,0.8638166764053035,1.9518351841928783,2.4223164809403417,1.9917222351015071,1.2494425196967345,1.1172089568757646,2.198282255169611,2.5535889490775237,3.5254714676894388,1.6180239256696918,1.250791085425917,1.3142753967444412,3.296131475171578,2.35485056740845,2.895199151000626,2.268504966033614,3.603648946102143,1.5057105218987206,2.726786917674973,1.0286879176902641,1.2306298530198556,1.978739843125119,1.9993509085820604,0.986142925639227,1.8746965276890937,1.6248204933737738,1.1437898684643115,2.4350715955494646,1.67828853910282,1.756557801512204,1.8264668736745648,0.9261052139314734,1.741982978092667,2.1048240124909596,1.5728014914075732,0.8243888524166239,0.6771264094637313,1.0834876037218382,2.746477290731762,1.481382956913706,0.6062957256602467,2.2854218848684345,1.5403818873127613,1.4524023033109277,1.6321617197716076,2.9915633834052513,0.7454148182485796,2.320042780906612,1.3874386336889166,0.959641661670533,2.2353752640112563,2.6092235192396935,0.7089904144811108,1.3035174007617973,2.4089220599561707,1.7308053360083275,1.7107982805038606,1.0025359841132255,3.5177811102377863,2.2574650011854063,1.8087527044689264,0.5500316073597915,1.4464408423231896,1.3382945351604014,2.770201987059688,1.3519816513171534,1.742276541116915,1.8709197020785506,2.1029441320511486,2.9417695525945353,1.3591557664923815,1.5307666268020856,2.246869133910417,1.5427098308477485,2.5885368131881066,2.002009642140557,1.2871108482999112,1.6816433201842882,1.1242232922510709,1.2004732500115385,2.176060666069337,1.7440323680105492,1.3234810228879927,2.9605054751496036,1.9939708333114807,1.1374013542614256,1.5086566845252052,3.2604618428567687,0.8999030025848703,0.6653252739754275,1.0756797055708394,3.2473276119258685,1.888687787594941,1.7536858482447095,0.8422217681402138,0.5583668152467252,1.6349701989093932,4.0848550509351025,1.943244157657749,1.9161634009038833,0.8811065545809216,1.497059095526649,1.2276740273253768,1.7169823126613248,1.6478694421954247,2.5511732657439423,2.002166696083026,2.6696084202905177,1.1141943384147692,1.1873805961933686,1.642027417028132,1.5532381927529098,3.332195839777812,0.5909467036866681,0.6781379950255747,2.9166735974799565,2.0112492009142775,2.125036080304414,1.532257267579868,1.1757597233150912,1.257198286973094,1.7701873265016976,1.02422670016031,0.7491826313309532,2.1331290436205697,1.7191651986843468,1.6469364873122616,2.16094820585327,1.8003678331444386,2.4601596522975018,2.5111285408343824,1.995062877872615,0.9157593165568056,2.7518338562876377,0.7422419900480742,1.7402895925576525,2.0700827042577163,0.7045159628669849,0.676925385850265,1.3864952145353184,0.9216680678472613,1.5673981167597395,1.4306521489464727,2.859243327952206,1.4475912509172952,1.1037728292397953,2.6100657577523965,2.21161250722216,2.3425753109570175,1.3594227812985047,1.9961610178130695,2.000423960759452,1.1333096519162553,1.763624682181728,1.7158422109653815,2.3109191005842917,2.930317210418372,1.7722797186938783,3.252738019228645,1.1447906427703296,2.5498714531185023,2.0669236568392892,2.0543053252988632,1.6716568138717784,0.8033109795392366,2.331050014241987,3.8788026619539315,1.076111902930639,0.6590835223372211,0.8874422363888148,2.524245614906822,2.8011920891579676,2.823621409399575,1.4989030200004527,2.1813125383187923,2.0099050326927914,2.4046812107915327,1.8650168347955076,0.8492407068427833,2.486001095573632,1.1387280049122526,2.252117170213758,2.938824473353386,1.4479158652279842,2.28677028740982,1.9334073500785194,0.8576200857647448,2.1331238542233906,1.5281061116188543,2.416422504571183,1.3798935534587464,0.5213949092868709,2.212483962222026,1.8503698986875106,1.6487967286569862,1.425469611854807,2.435950631091089,1.472434642931011,1.862334189481663,1.4813747802512978,1.4875860368656013,2.450267980942255,1.6980567184878306,1.7178760470931504,1.8594120247077797,2.7943743590271595,1.1633895291611758,2.196588497319219,1.4895664822869628,0.7857824785686944,0.965171030874102,2.26426449059322,2.415095850555911,2.948256429950515,1.413859638071479,2.2778934754782374,2.3629275047333227,1.939913004977299,1.2768978844327572,3.697493279100073,1.6674223592220758,1.4434988213015658,0.8828263590501781,0.6329675093002763,0.9647865319228726,3.5255339273022432,1.273009926311941,1.0783206284073024,2.6985095262125802,1.3125422788456418,1.227593504711323,1.7621284677478002,1.9773838353145305,0.6640449835099914,1.863358927447133,2.7662525746868876,1.4789321876591413,1.2543269130836416,0.6882990812106724,2.262318716024784,1.4847651628251435,2.997340330977793,1.5866627136289915,2.9746799227520326,2.742891599824203,2.456712526586915,1.6494543361705518,1.2866074511812875,1.310068494682759,1.5483442111013201,0.592146817655159,0.7786971894893795,1.27176812122226,0.8873992186556252,1.0104786499766913,1.0965994328084232,1.1751543053683073,0.7461113636907576,0.6380270741756889,2.1726361069328695,1.3997370357488712,1.0657396938683812,1.4676246683829741,2.6567798033948637,1.8127159554442192,1.0385945418738252,1.4314935153718555,2.300891338264255,2.2972039895809413,1.460681923188956,1.2725548312524868,1.882773486083881,2.8815192574091024,3.1627805307669634,2.0065013811254038,2.0065716483492273,2.0072806230205646,1.1140490601943616,1.1925160012138303,2.1275191870884473,0.7124958229669964,1.7284555068822827,0.9395173403451567,1.6747533778371224,1.3632974979923222,0.8769730937274525,1.1577629677762578,1.6426829719760623,1.0630453082614844,1.3144856662572808,2.0600970213224072,3.246533622598324,1.3943973325889436,4.002053063191709,1.41103464667624,1.9578153857701293,2.0780492486324884,0.9279718953275882,2.837116047002846,1.9379420617899186,2.7204450731264345,1.9248394979729304,0.677965217623448,0.5503363670149231,3.582788411625496,2.0343284770928567,2.337335760925736,1.507514278976097,2.0559106179059423,2.8437403470455225,1.9791982818342568,1.5131082312601078,1.771893030517243,1.4968651905089758,2.4378302713316047,1.0068162385299717,1.5072986358717895,1.9781873101356255,1.9241406909765273,2.0479269040980843,1.2756660333092766,2.059777501753449,2.0450525994302042,2.463030858717518,2.4753256696136563,1.0185230273392967,0.751620920216306,1.0198801358079668,1.3551669306566452,2.293546166628232,2.2863380889908487,2.6516420268296046,2.086506082582812,1.2111370579856517,2.156401436923317,2.449168621144965,1.56757878444063,0.7840598054768907,2.7672499325441793,1.4886473506662168,1.9157519936534946,1.8886452545355008,2.2946423796662856,1.1537591571854475,1.4164096557913153,2.0801259485822015,2.295623647029693,1.883456841819712,1.657851418959279,1.3716745669914063,1.8365202657584454,1.6691081310331373,2.6208646735857153,0.6911862427837443,2.6931588977704877,3.0690816063205943,2.53764711683345,2.726927185770634,1.5433990539066662,3.606754790336544,1.1950596705648509,1.2144981332668898,1.9922367570841555,1.8573153576050248,2.0531524708964835,1.4038914272193552,1.4771612282390856,3.1669521454505025,0.3407033480761351,1.6097657386765842,2.609278929577891,1.1362140492069992,1.9849560497309728,1.2733661099489177,0.9680384841852291,1.813252924256807,1.8889818317975224,1.5568563559855169,1.8677106962326373,3.019431925728309,2.528374473127783,1.771594985002925,0.8812234229875632,1.5583858387325522,1.2532362711793603,3.5300157399637944,2.361902708086654,1.585897957329054,2.1300150097700468,1.241452854021516,1.1502475594196788,1.1444191481966064,2.433243004451043,1.3505534167091295,2.6837678074099305,1.5132441587607834,4.844242058415729,0.8379269039964707,1.4588686205218844,2.6261384674897843,0.45205919041355264,1.6756076892013607,1.528685541273274,2.2210077246136626,1.9087111561212418,2.4100762247717378,0.9455187091100623,1.5610946303895867,2.2592365079863557,2.9918805033598854,3.5903032025505173,1.5540103367528544,1.0623332219892712,2.1134160918420464,0.9099645583171563,1.342957654283359,1.9773667532250816,2.344657212867234,1.5988039786511639,3.535933172011289,1.4965889748443149,1.4296072351155094,1.3533478467049203,1.8716093444732995,1.545846876678141,1.0257921596336272,2.8137106655027235,1.3894114875690176,1.6367890315916933,1.1999499755490293,1.514763958124779,0.5940713965262896,1.55607157713423,1.8035140610742075,2.0290011022675336,1.2336847520753116,2.1189584721782904,1.2873782541590941,2.068954858531396,0.8644718029536591,1.8064310706529045,1.158352301603814,2.31807831625975,1.9245448302499806,1.249984141823837,1.9825968294831036,1.364604404056708,1.630000095124625,2.521344931411989,0.9451707206065783,2.503826112958758,2.2861540593013716,3.1570000965216227,0.7555786154303887,2.4306481246577794,3.3898666591465414,1.1568345623099283,1.9175346760474106,1.861956863273037,1.5872859463808504,1.523009302028572,1.745904423964009,1.3639327174046043,1.4734598333859261,1.2671558335622786,1.7213438584443406,1.5064708280672434,0.8361611165396186,0.6970407215979497,0.5777434666941421,1.9864730191754487,3.3108478885364603,2.5491263831125384,2.439650971813646,1.6098130257036423
8,0.7325188650221232,1.285017975614878,1.028023156412598,0.5404323936525989,1.3877672942414443,2.6671949580446555,0.30540078786793834,0.9586171474387991,0.7920049767098952,1.0383579263552172,1.5479560365776985,1.2468985078464598,0.8538767511053359,1.1013231962384245,2.257382417230526,1.487279838839005,0.7866880164032198,1.5027985131860724,2.896395658261765,1.4520194792815262,2.276537107419106,0.980943778692356,1.5000006558477317,1.0726975728892825,2.3994354109288807,1.252822473290693,1.3904815947776554,1.152830665464562,3.02363340712322,1.37400139824219,1.2012141782742716,0.37383039625629705,1.792366831843034,1.246250676156744,0.8460638340494268,3.3544373673469767,2.0642697849926535,0.44546274323851665,0.7303999019456617,1.6012479284563477,3.6116780804974695,3.181997500814042,3.425690530079203,1.5696906767804601,2.5977784665022003,1.876812312392878,1.6578646727264177,1.8929726595409997,3.081781240322968,1.1749514472835207,1.0748384253931518,1.9034690637677867,1.8189089730717731,1.527727662834477,1.011028169674954,1.2505906171321912,1.8585190194369579,0.9956476055345359,1.6812835895834413,1.2432181366263189,0.4041439468090984,3.0135241721456287,0.6306050034041983,1.021650406956523,1.4238281757617894,2.0527685785190313,0.9489018695139044,1.1326367735157308,2.1309216461448495,1.1097909162548067,2.099431051148039,1.3230015250403064,0.890999520301754,3.671579991879627,0.5857872113946913,1.2825878262158494,1.476631767951993,1.3631397993199272,3.07197936496883,0.9655116240658612,1.9146033278403662,2.8009195550345436,1.7025298853573887,1.5840465908923187,2.65186052427663,2.3335436689155302,3.057896526243564,0.9428440449669642,0.9335461263090957,1.208134598926786,0.8492152552514464,1.653981369938324,2.3986493974470244,2.1919116616194145,1.8802191567012665,3.3193463197316504,1.726441511589491,2.577726061506555,0.871407559740881,1.051194298295584,2.5609480002564426,2.1428066625494537,1.349809076879814,2.1200467953640114,0.34374282431360376,1.6488978643803984,0.4154190238949754,0.7660460395195998,0.47338616433414893,1.7540127261658904,1.5576156027650156,1.2190894798956873,1.843125455812815,1.6922325588597118,1.7181566121544705,1.3766011820581565,0.8045021090179658,1.6640132890964965,0.8163395060371248,0.836813429994946,1.6395816412964779,0.9773185619610311,2.4431635696904768,1.0725447519619882,2.2862282855139338,1.7514706269145908,0.9859069355095439,2.0236484900659084,2.055678843354568,2.8924186876748297,0.3425718302936327,0.9433649087615256,2.0602960539010677,2.6690856447693023,1.7383544904024548,1.305698561088233,2.6107897788292638,1.6741555918245807,1.9928234973829466,1.9795801046665282,0.7936127424212501,2.6351021238971386,4.016573531324982,1.381061430132819,0.7762859656542063,1.8550975174384163,1.8135096987457477,1.556030758329654,2.2574497243997156,1.4023497293707359,1.0499146599940448,1.8597259311935974,3.709988640677217,1.4355118855276516,1.6504312936798509,2.221654309200361,2.180167341843995,2.2345304251618754,1.4439752380482238,1.9610216105439202,1.8407805865120443,1.0955233685887231,1.1055281496856098,1.189422299355837,2.3261549592408777,1.5851863847008696,1.7460220658302132,1.3658356033439283,1.39699191249461,1.3529995592562645,3.6015387598165267,1.7345790759921906,1.1109175961720086,1.9560431419627697,0.367231117787034,2.2331349757851378,1.47193731895179,1.7060656887432915,0.2028626016721154,0.9585799013732413,4.067787662629788,1.9345106300680386,0.8096463639002258,1.0129656982204993,1.5074752325817193,0.5614217951948144,1.7209179099161869,1.367403042289772,0.9120046989397358,2.8374177891632817,2.146927826633014,1.6207179310959654,1.7639779132739564,2.680393726310301,1.1466945850143229,2.013456898341999,1.6781537001677083,1.3161468015731215,1.8985911535305209,1.1445392727820145,0.5236895142642051,1.15391158765758,1.1987982602114498,1.2342339191012988,1.9805588100587912,2.6518645510733396,1.5264460483919553,1.3169548238519888,1.0130483282956115,1.4875283172803335,0.6921762290175362,1.802866266375887,1.787938371491769,2.0026645020459943,1.4349100859170627,2.839199072258345,2.2488905432277333,0.7381645125220166,1.517879809414331,1.3505591108681354,1.6571989181348037,1.0315681344488463,1.3634939203740115,1.496101199775309,1.828993111346262,0.8227907533071662,1.8723230804663382,0.7734890595034808,1.199736006210716,1.5757713891506464,1.6595783238212096,2.7827376501160055,2.05142588323686,0.45665111515653045,2.52428061352085,0.8365169042375524,1.2817471417748467,1.9457419936032747,0.4804223394736465,2.1958091613782127,1.236819234199476,1.708042099538505,3.7291515608411667,2.153331561418037,0.5840712582131167,1.756206346577691,1.546787782216897,2.0556213487736894,1.594455884179814,0.7549206607480118,1.3766029771067618,2.226208282397077,3.0893157113229734,2.8652845553028072,0.9922651653098765,1.2948115630336243,1.577778144582484,2.885477622049202,1.319400789327581,1.6662721009549624,1.8313413607132456,1.862596982725567,2.8148178890592623,1.7686487918038496,0.6147795750897707,1.2671046965856905,2.143328250633795,1.7164394759319652,1.8791590898877844,1.6254278873998143,1.0072380386852453,2.9394532737012016,1.1411862273135167,1.4448258850362006,1.0878394699085925,0.30033462828532864,0.9637058611639533,2.1856495859573117,2.1204439191366418,1.1929482475904554,2.2785101131927687,1.005731734680236,3.106024330929815,1.3371201594809807,0.8248881523492891,0.8074890880677089,1.0115771112274072,0.8342986070725477,1.5434896783248901,1.2608085547001637,1.5213030509440655,3.1549933523109415,1.6535321891493735,2.0178635321193608,1.7930492657206634,0.827188972041809,1.9240851208968208,1.6459590189434827,3.0845419706028165,1.7390655924297223,1.6336080828829125,0.11518606808462427,1.366521755645021,1.4952815187506336,1.0974005429892428,3.9105351161431274,1.3623716423512986,1.1734198423239788,2.480364563748184,2.331811044843521,1.2246037952417796,1.670269536502384,1.277939886529841,2.7283560901397577,0.6935286797338507,1.1202928585661525,2.0065765482472586,1.7246967344478488,0.9001995820243669,2.60917103091956,1.133210453570065,1.2586917014994892,0.5218832042345048,0.5311910773779154,1.3573806413586733,0.7623720199796575,1.2575475881613323,0.9419744315721834,1.4482024943517051,1.3278840084844337,1.5685427099429987,0.8142700689885056,1.474021579145322,1.7358456944740515,3.8815370796624222,2.4739269540518443,0.9412778188540355,1.425166478494247,1.6428682891716042,0.9305340100803974,1.1112280698223578,0.8090543142291657,2.5463688427926066,0.48402238538224274,0.563102390259088,0.6375110302139105,0.8536988350696401,1.849854634790327,1.854974585787137,2.932291990414194,3.334554707680886,1.7986820327924806,1.6222328149071883,1.6289737145577579,0.718299662405931,1.3597046923860807,1.3389040688658609,1.9413271965655134,0.7419676211013336,3.515064327039179,1.5873375019629017,1.5600825379283743,0.8461822755191568,1.152953405417426,0.7080333444728968,1.1201822233517191,1.1009489180344962,2.8259620538106525,1.5453573826649052,3.3976062196165264,0.9931385691967167,0.7077945941556124,2.866119102454756,2.2633434852982495,1.1269013536126096,1.4691720651055216,2.2594626924344667,1.0885691774911697,1.4432243085568108,1.3314980671341943,0.7888898669735943,2.7891474342091747,0.5439602381513534,1.1047694149246055,0.5901651393319762,0.6281994749444783,1.4923698503038694,0.8838564287661534,1.2865308527620658,1.9033555062110323,1.204720967822488,1.5480174176909447,0.8491728423761125,1.667824865625327,1.2887079168341227,1.642801486027495,0.9344613160394133,1.2116316540654526,0.6752101074077484,1.039356899852251,2.0125794074978396,1.9488519757972518,1.1896131902025249,1.3625784132002745,0.7242512177241968,2.1217702256202253,2.1412947216478218,2.119721571043662,1.6832393654904347,1.0389423448186825,0.7897874307547258,1.9588786122756068,2.044861596225729,1.8695584230695912,2.737328527546978,2.1494486212517963,1.1238575796441639,1.9924345405274235,1.4324712217919287,1.5937168398300186,0.2828786639650283,2.1608828764006645,1.740319203120424,1.1110057066944155,2.271467290464816,1.7695765327190387,0.9698655204452924,2.227929740422338,1.4179487452311867,1.5920648255879077,0.4632911569442827,2.65242077873657,1.56672934512349,0.5398794516219658,1.162655064349658,0.8146754969566239,0.8138098875338216,0.6582599009786388,0.4283917988502855,1.2837354487919277,2.667257967470444,2.3756430952986975,1.750647699234983,1.3601685344109393,1.307302995014549,0.545141529665898,0.9925478978059835,0.5758880180775888,2.1375184024230953,0.6955439030848756,2.6729077774674894,2.2483671172109214,0.8022213457794588,2.7584850529410856,1.6332063572502553,2.4881399147371637,3.1919743147327764,2.054916324320171,0.8148061171847159,0.7410807958873075,1.7470922918019083,2.112913345565577,1.6582171501780967,1.3736849688802764,1.4161688802470158,0.9396172105760361,1.4423571824282253,0.6459214458319794,0.6709438329863268,1.448454786821475,1.8335610760692158,1.3952371465751434,2.4103429433204258,2.8640142865436458,0.9734502310659646,1.2315145040110118,1.9817857862680623,1.4053123337407456,1.2376262142673724,0.8047892574678743,0.8729198543953094,0.4382190721723037,1.0446480379551084,0.9895264073348444,0.42683345605636,1.355177702579417,1.4177078846631437,0.6163736023461011,1.776827321952804,1.4008861331804705,2.1548983605038656,1.1941863911678314,1.6801032498221797,2.316314442785333,1.209985218906037,2.1319349785228483,1.3664561965829751,1.02729458288453,2.214727040312664,2.7232236831235026,3.0950670496083745,1.790805513835853,1.7743467840117413,2.551845354214172,0.5990851257685721,3.2838637961398107,1.3739720816323155,1.2324868514573402,1.9631005995101805,1.8951678808349433,1.2379774853518435,1.2978445027559844,0.432448122369143,0.5013501426766782,2.8938099312978998,0.853555706642995,1.3976943310776786,1.517183505118814,1.119241196583698,2.258424231076444,1.1071751113888493,1.5096400442817042,1.2530110791187363,1.3820094839672297,1.5171001563746713,0.7299227427028085,1.8475410588073715,2.356784875961722,1.7306130554885215,1.3313097028696708,0.9447587241478301,1.9328529609657026,2.315519900325726,3.5633667759956476,1.3884732022611939,1.1422342288432605,1.1733370868765798,3.175601749574037,2.1690661587157365,2.9649168053450934,2.0685870822040187,3.369652140265769,1.4127094477760083,2.4328941701029234,0.9343498716317504,1.082562102680642,1.9302413599509998,1.6024912026468625,0.8731219229457503,1.7085902938879858,1.3838321340339486,0.8335839981067886,2.324448412881585,1.4776028788290847,1.5952803722568578,1.6975341356958291,0.7468081724665341,1.5395243284019613,1.784022533418867,1.377000136493959,0.5614369526109395,0.6386206941918569,0.7901530068999958,2.573557794206679,1.450301923750301,0.3343293105239416,2.197932354239197,1.3916697098715078,1.3063423361705402,1.586399832846399,2.475842073625423,0.5777165868016498,2.2717289309346778,1.1013106225120433,0.8983904832945662,2.060296523872112,2.535335862919391,0.5713731523933189,1.0697212095882591,2.1242461326441244,1.4061482030478931,1.4563201858607573,0.9950126243408012,3.7074548877720797,2.2483966265870468,1.729308333569793,0.39650083462375707,1.3199722094854989,1.2851558713378508,2.5387636662852744,1.1156286280441667,1.631019243320266,1.5393492711697168,2.012392316014398,2.7893442028486266,1.2286528800788734,1.436686993145691,2.1204636883873844,1.5275458570908818,2.4860867199498697,1.9303532735804665,1.2095079950215408,1.5424709199907314,1.0973809045934455,0.8152601745545534,2.00452914470933,1.6255651201978023,1.334392499581095,2.891880402336171,1.7554898866793187,0.8703545510535142,1.1366871774395093,3.349576680694552,0.7699923866334093,0.46218999473208555,0.8750905110367259,3.1440943178644467,1.5289802256747342,1.715135101080761,0.5885690016912373,0.4020207407093336,1.5093683588523503,4.143675376354789,1.8674540995914937,1.7644596768427423,0.7361663943219059,1.327452554168035,0.874295853254615,1.395201250070837,1.2714085044114745,2.5842478250232856,1.9639632670750635,2.475477808834759,0.7796634363017481,1.1170544661383466,1.787096811071744,1.387638168680518,3.3804981535231167,0.41553894437449235,0.4323872898798455,2.934436631883435,1.762707314119714,1.8662840842964818,1.3485936929707845,0.9083936291045969,0.9648623595519891,1.6108068519912901,0.9128917368333833,0.5304813474696592,2.1015950311287455,1.4912242512663183,1.1758886135465503,1.9205828516144003,1.7052778220944491,2.3780791490260302,2.522752136367795,1.8166773954614905,0.7487503755914642,2.3028081557379934,0.42167767057869354,1.509519847808987,2.029769366485425,0.4485454020635192,0.556176214995778,1.4158246233034348,0.8671111095392495,1.3663374429354902,1.313726510905627,2.802044628139284,1.207707278364947,0.9504889560733585,2.532730752778174,1.9216824954913094,2.2932989388867093,1.0969753311033212,1.7192256350138266,1.6721461107673665,1.0644138239517629,1.742499735445717,1.4724654255281027,2.2111838764262637,2.9219754270554423,1.6490128989666322,2.9511450247268174,0.9472985343758833,2.335979467992876,1.794147092050813,1.9133636344650677,1.5646693728440466,0.6573678674422186,2.2843875291505986,3.4380517424576573,0.9108583036392921,0.5075910103828277,0.748543038551322,2.2303904096768,2.4904500029722234,2.699157939321458,1.2906531751517303,1.9232641695306518,1.8093716893149527,2.374190819044329,1.6636849922810328,0.6340794198016595,2.1359240945559144,0.926882132283281,2.01468718255169,2.8929960325801334,1.2008039731558344,2.1102826229692306,1.6552948913031038,0.6485639178229003,1.934467958687354,1.425305191864768,2.055985149595113,1.262138784428174,0.4050566137689966,2.0396284523750854,1.4538386704335788,1.3573227010456257,1.3376363034765681,2.48161262892891,1.2520392710934243,1.7934881857274234,1.2947778699997665,1.2843676141075142,1.899154460955868,1.491356441347253,1.3795868064958032,1.623459534408256,2.598007682647478,0.6954713646684252,2.2829976678015518,1.3742225087047282,0.5856728640921303,0.687724960822089,2.401506510572373,2.376691389146218,2.7597776379045356,1.1044530996392463,2.380687436370538,1.8128520594532,1.874340811195025,1.055704488995677,4.074744981533302,1.5787409020305363,1.2993319906489602,0.6391116831045334,0.47022573484798375,0.8717933696244234,3.68176546405541,1.1963729995363936,0.894781125169396,2.6138915538268077,1.2560421496120417,0.9476554378689852,1.5171360142594437,1.791064176381351,0.48314046609197586,1.5897040156988012,2.9648243902568683,1.251887490973414,1.0560340706178102,0.40754472762189703,2.030464335593255,1.4455430889351675,3.0664363646248276,1.3726383518506071,3.02239276828493,2.5315500524781878,1.8529503966684038,1.5714652968052916,1.174930758186421,1.0720173540654967,1.5451745430546797,0.38447318912830203,0.6568267485976732,1.166335571722426,0.7706524450957825,0.8417013615011972,0.7604430490272778,0.9900466659390685,0.5627340622426832,0.4853880485393257,2.1344238332531247,1.2111982841902988,0.9253162134604869,1.1160349679755108,2.214177868851341,1.568761286738899,0.8880481250460934,1.3416765755744344,2.3839542323037852,2.3286638070964267,1.4249427613689911,1.0528306762336452,1.6113046529156816,2.5620203002000603,3.0914600528133835,1.7966369236692985,1.8650826632113897,2.0802534686453864,1.0030449407837618,1.179431089111115,1.8420852205433949,0.5195626814810099,1.466307747750731,0.5612402569297593,1.6271890505531603,1.072080927866655,0.6532700297901833,1.0575704927166583,1.5128393889275258,0.9040432260824579,1.2827350267412678,1.996817614029951,3.01114106312614,1.3057088439555904,3.453498247270331,1.1760902740780037,1.66914517236816,1.8524329461667024,0.7565344239274816,2.693313936655472,1.5783562908865063,2.5660878122116126,1.706483786947343,0.37806825912213304,0.3676445115681431,3.777804152628101,1.8140540393929858,1.9326400910610786,1.0803495055931347,1.7829509413438094,2.690006502443407,1.680355314996929,1.290780450217774,1.2755866496687118,1.57481124335793,2.515598423041806,0.9850012864199902,1.2493259304815119,1.469137189480302,1.7681483901442527,1.7843882626630854,0.9555468813235115,1.8368871043846322,1.9712308183517253,2.296636042082465,2.103838330871749,0.8075408034852426,0.5167892007631049,0.8073836937814092,1.2039829597318688,2.258001706718714,2.066713946100087,2.3186258789836427,2.255478500672714,1.0769163823939356,2.05982306381431,2.195683501178607,1.4878277762305598,0.5459610063920152,2.812228556043888,1.229680894587144,1.5746990726991157,1.8984986684713332,1.9155340106721148,0.9676101391020783,1.4821216987724424,2.0335136952588098,2.4277806753262547,1.9981391970042488,1.3915505879624825,1.4220268953299215,1.6571539428910684,1.3552078167462018,2.4115753504286115,0.49981322147208607,2.474467418248353,3.0644001276289297,2.603499366534025,2.398840456533119,1.2152152158540095,3.7824378114309996,0.9403384022454364,1.0364268652735362,1.5309435470933823,1.7635064091225026,2.111651339484082,1.266155705038039,1.4311430498632676,3.016036798077593,0.23318635133721083,1.5032375728979765,2.3042987403916357,1.077353620111291,1.7426545784698972,1.097527089522615,0.7344801021169334,1.5520910273968962,1.6883827895520187,1.4412329539197617,1.5286488025597453,2.956906948488019,2.3407838005513137,1.6140123245549305,0.6733154238302661,1.2879913239010679,1.1226235983665263,3.462252038803446,2.013686170464589,1.3962113241044871,1.934902230339572,1.0785459808141253,0.951811312621119,0.9247887479677026,2.199006112084245,1.1690904443881398,2.502794453120311,0.9586136792924002,4.818076628029291,0.6918577410128994,1.2347317141209282,2.349816479771411,0.39256083067803715,1.483945984292156,1.3385265497681165,1.9450312063159794,1.749051309221731,2.128586592055504,0.9027605877148894,1.4604117191642063,2.2285858295700196,3.0513964822486104,3.6272631853059547,1.3032312733171922,0.9148515195176454,1.826585411489335,0.749182231072336,1.1533018862874185,1.6263618867565477,2.305813371926037,1.5132021207106412,3.5198258508278912,1.4538252920943637,1.1319623312108902,1.2680285556345383,1.6903020286209303,1.2266706520262645,0.7874563505685394,3.0939945642789977,1.2743754029069732,1.3059165030280995,1.0178292597415977,1.4205736663879485,0.5924456601694933,1.3966563176172775,1.5740569282592891,2.069391025031523,1.0425732397258884,1.8638792517476523,1.082244864067973,1.8918699124838947,0.7311287981405095,1.7089423482498018,1.0496437929182645,2.293702275583183,1.8877401126853601,1.0865710072811383,1.8318991515312182,1.2099763172727243,1.2246821566848218,2.376866295201733,0.9770585762341555,2.399535604975698,2.0023995164949757,3.2090669764703508,0.6157472418930128,2.3754373490575915,3.402870307427636,0.9132176008313304,1.8655995457683172,1.6235445916658895,1.2981786185086066,1.299882718326715,1.682017960829623,1.1848640917301931,1.2989321192073513,1.0314277061548665,1.443247103584209,1.2584914720237717,0.5274816112174128,0.5198470019504691,0.4579600770244235,1.7748322741894973,3.2039034573050684,2.4773451998403715,2.3837798522616866,1.4821148164110793
9,0.6441342293041556,1.2366598340331247,0.8508236646471243,0.39798238131206054,1.3471175380948028,2.8898415500490557,0.1657415928934636,0.7978943507131402,0.7475396837076538,0.7039431751974308,1.5937808318394229,0.91332969917356,0.6738400222064279,0.8403771238834957,2.0487579700135816,1.5437673047953258,0.713747675953241,1.3334304893219042,2.6892964801948263,1.4759500081703392,1.9120592731681527,0.9035116206903935,1.3698235863211532,1.0447555850308639,2.398928472210054,1.064632114788876,1.5102660653540005,0.9772378046074108,3.189315695925086,1.3583881589182198,0.9683417361224156,0.3532522078811482,1.7175831022568804,1.102604190854222,0.6501445060765965,3.2233943935052354,1.836599649002406,0.3092392815596896,0.4260833887222012,1.4187276052200408,3.3685798198534704,3.294825014744344,3.65544970407866,1.364731121970415,2.074992621185621,1.8234029638216542,1.499876863260191,1.9092127241539782,3.0433645998951677,1.2288443323359557,0.6430011617760476,1.7364957441487607,1.5353172897904732,0.9712667767874646,0.8595041405557347,0.8885268466820947,1.853563074580074,0.9303187941683809,1.6971766798516077,1.179610318482748,0.28764122157144967,3.117815087034432,0.437099207936212,0.5953829996511116,1.2907338626642144,2.0558565875459474,0.6811112682601096,0.9080252701417977,2.030025368780278,1.0541945028951136,1.9858095514173917,1.1661735232320556,0.7594737761005409,3.7025937094900447,0.4140573488831337,1.1229780244318106,1.2556275556697942,1.2530822543191515,2.84741879561433,0.7675291560893163,1.7240369249599368,2.688141619485796,1.5158514656442479,1.489314273795601,2.79565899246958,1.7562478715676741,3.1196259506297817,0.6104827619175549,0.7988746837723457,0.9849231571990424,0.6252966388007485,1.4183683365034203,2.6514436391416463,1.9615777160966936,1.5878476863783302,3.05492828016884,1.4794519797456946,2.3995060659474055,0.7374537909447572,1.0469807676995295,2.3297481316338313,1.987257980320026,0.8379257327374986,2.005891266701111,0.3200587020374332,1.5693544411694693,0.32452577645194614,0.7444167186239066,0.3342503025577812,1.8617066269158598,1.4674480417902005,0.8216796020909976,1.520986841982534,1.3688417008438702,1.6880207733354866,1.2773971112421516,0.8071132885491843,1.3941712718509771,0.6874732364217285,0.8640576929875678,1.483087543879043,0.8994851414862686,2.3353926073954945,1.0044210137870213,2.525070859121655,1.3591585671366697,0.8241702837173588,1.7443206608636068,2.1244364151010657,2.893144091578667,0.395239847762401,0.7687330111455826,1.9519523196630966,2.5847570711059253,1.5593739514841878,1.1837622207249991,2.4191264452285246,1.5692828884168646,1.8220571360393865,1.702913581095248,0.7372829825037399,2.4605661122861444,3.8177674153686625,1.2173409927495793,0.6283796615624673,1.4857229594142018,1.8438543508853995,1.3671682798931848,2.1251894052914992,1.4302601444686749,0.7420020619241459,1.619836302800644,3.482381204862314,1.3422917755904311,1.4314412655890454,1.952760089157859,2.0495476196673614,2.044420874984928,1.4783810639454185,1.9687088414639522,1.6246993447035174,0.6091997995362266,1.0256750807928483,1.0092095564763388,2.3518868530707646,1.501476492834931,1.3958872340509625,1.1348159927209813,1.2766491081029128,1.2979317751596886,3.2157207363097426,1.6012117981760339,0.9599568915404617,1.7648107834146836,0.3733313027435047,2.2672828058985743,1.4596565186256387,1.3798324680464025,0.1276844492151207,0.892729233734494,3.6884422197482367,1.7920825716147588,0.5748637073782442,0.9760158694267415,1.223118487890701,0.30366420301385294,1.6976034739370738,0.9533870172219168,0.6069500896271564,2.5729796776570772,2.1321148720591236,1.5711303035328956,1.5811291145879065,2.2829533249662113,1.0456818920522344,2.0366873614300385,1.6064861403209227,1.2707328027732205,1.824616902382865,0.9922300028353251,0.3609532519480163,0.9569111315524482,1.1368237946411477,0.9065094219374425,1.7394039889336956,2.5096680954458783,1.2956877828438675,1.1671578299399996,0.7990987631916311,1.47526488875955,0.6458373103672577,1.8717248869820249,1.6863275322645703,2.1388266534193363,1.455384469431707,2.8422111570062096,2.3179754412522633,0.7686054573203187,1.1689796244594388,1.249217293645019,1.6852675850188585,1.053354124652923,1.3221662437763766,1.5762955463618673,1.8451944895952512,0.745001377000143,1.6700457956355361,0.7822869250932994,1.1836883363930097,1.2386030168111257,1.7168247237058112,3.080667632634369,2.1551526472125966,0.3676727593724268,2.287215878334698,0.7042109873755809,1.0668023305021845,1.6520677003603486,0.4899768714870253,2.0924478808708384,0.8805510224638616,1.866446925336861,3.4173045982163184,1.9526942163485443,0.4379423047568491,1.6228200371270043,1.4532843296962397,1.8634444079711707,1.3524988421187858,0.5939046885196658,0.9560177590460361,1.9685088691457138,2.8201096593701833,2.843182528123735,0.6537173040144134,1.1263179436730584,1.5907343559291511,2.8134745847500424,1.1532987168406468,1.7249753236508867,1.443089470968343,1.7390863342134977,2.441876531214043,1.9969409963619538,0.4925039022991631,1.2701828487097964,1.958693535246076,1.8253935022803804,1.6897378107343046,1.4473692024936196,0.9707085165422031,2.9327900539621496,0.995116852981629,1.2919582198854846,0.9709712756198289,0.2756219935373653,0.9454747296153234,2.0710135701243475,1.9618623961210604,1.0777277739662603,2.0701682380050963,0.8542137375295447,3.2011499948205255,1.4336228909288575,0.7593046130615998,0.7676314625836401,1.1774442373732643,0.7467651216213371,1.5190859343093441,1.0477893616083258,1.2547580177768192,3.0335521502857405,1.608073590563334,2.203939163687463,1.6108427260255729,0.585589574873244,1.6714004690744926,1.716642416177157,2.6186863646575995,1.8299889687648043,1.3452874925857612,0.03500964926680007,1.0172446145065364,1.328532311935346,0.9773214973646847,4.079988378430116,1.2525717595616546,0.8490816914316863,2.3236682094174506,2.04435088999184,1.0494231561789908,1.3967376494821564,1.279431422494765,2.3539553893528526,0.5140015659940663,0.8837943765953968,1.4327337412015624,1.3767669431344138,0.6092544995693192,2.2827151924230846,0.8522738068519579,0.886924045264189,0.4468443797937594,0.42348400834625965,0.926865684307777,0.39552793971382405,1.0740605232071139,0.8682958625432258,1.3408217319625049,1.3913743518203496,1.5925071747180084,0.7499942259119655,1.4760730293919742,1.667305420490023,3.680450570411306,1.8843296227426298,0.9075469980630471,1.329343726330471,1.740651404701619,0.7388783057299951,0.873517152575135,0.673870317237266,2.596141862685764,0.4358511785136536,0.49022769526369275,0.534987799819945,0.8545621537190222,1.8110502016180843,1.5593182768573632,3.0284311861001854,3.0753214730204537,1.5505081924493167,1.297386131672666,1.6091720667403222,0.7206252183101631,1.1954390583091525,1.1797366181593834,1.9014572951369342,0.6951430984426616,3.5708949910385117,1.4461392215992601,1.362837773766166,0.6290755963736687,0.9518465781314488,0.6369682782795457,0.9936907983347902,1.0246893428714459,2.6187129361615087,1.2542127511183527,3.104189643247755,0.7474627786617334,0.5910793533952455,2.8589051775751386,2.1388140728175884,0.8189477901546584,1.3390044962757945,2.2873859579402005,0.9864891096808053,1.2726123898299484,0.9770838760815412,0.6210633669144479,2.687067125142142,0.4354039670775168,1.0316480646627624,0.44697846342276015,0.4825521342770476,1.353893187344791,0.579708121287632,1.3178347789371647,1.7070169710161531,1.0959039014064287,1.3753004700545755,0.8158900185383458,1.2372339562251091,1.1594617494541843,1.299989623125513,0.8168710856744905,1.0864272499634247,0.48787293767958395,0.9074764518014676,2.1956788355644727,2.015484279822913,1.0136425893034626,1.3394887847212462,0.5293728309509899,1.9356510931795947,1.956075151657506,2.0708456528526673,1.490726181151186,0.8993110684482261,0.8116693315570355,1.8275782965758132,2.0101339223289267,1.6230866272947315,2.6004889366158404,2.1606091285636255,1.0689614431730186,1.8347017903277734,1.4289675251910814,1.40021053719475,0.19735559682029138,1.8129330581669652,1.5996015257022536,0.9599731291646297,2.1006209421361652,1.5063152767055323,0.8489023536971491,1.6413317514605,1.2502122862171876,1.2944577861732418,0.3756783383107304,2.0022621584023055,1.2712709315176323,0.45509999737161155,1.1228064073546369,0.5594493770687448,0.7999259760894382,0.475573319791004,0.3159396829163156,1.136057388354453,2.7326876159343083,2.5154366704674285,1.466785184658775,1.1810107625513875,1.2131797752697016,0.37396959856390616,0.886406677139121,0.544592615042642,2.228173870792558,0.7382702332053535,2.3978630496017708,2.3287689868621193,0.6949619678582044,2.536100946146059,1.5765721006379902,2.287895339495431,3.038757986359144,2.060430165506456,0.8200245015417886,0.38115176256801175,1.4916418983501119,1.9642294116599044,1.61908519503521,1.4355489314041128,1.1291173392591822,0.7392393849378919,1.530344981843132,0.4201465273735744,0.5893703608428508,1.192568650352301,1.7260152250215237,1.2288243298335544,2.1074808108268828,2.4968198073369634,1.0162737495790848,1.1864695757135537,1.9996961385981833,1.3964628081464132,0.955712246563389,0.6452411235166229,0.7448442453278885,0.40831955666461,0.7389834343526696,0.6513364802872802,0.39145043216540165,1.4323254992332966,1.0399204968806104,0.4699825719157015,1.930606525184736,1.315616161747316,2.0251303678874963,1.1491271654858146,1.5186267145199879,2.428092718554428,1.0766585448263533,2.1512285823112203,1.1592825469568617,0.786881450726433,1.982750520442412,2.6985340327374576,3.1454813394833065,1.934426879618107,1.7054889652156637,2.3924859613584313,0.49003764231009117,3.369860733686171,1.3047207968371222,1.0622883054091221,1.6481050908012436,1.8614960850171258,1.318296681553253,1.1936957114325801,0.5057572949250603,0.47693320911606146,1.930731284037464,0.6015965136238921,1.2478459145197345,1.4119906037068728,1.016973651648191,1.8988561363541336,1.0639225968053958,1.5258546141540887,1.189321798016205,1.325414244502666,1.3461956774823944,0.7518611065022804,1.7810634210667058,2.2676461400028156,1.5577975398690669,1.4156389078488683,0.7477987244930576,1.622958532035914,2.1355736346848375,3.750141925286832,1.3071620181526766,0.9510451989678675,0.8826385029642071,2.9419220887528446,2.1688221061851056,3.0904843032418152,1.9458844825493853,3.107484642589945,1.496161965216555,2.126211471229408,0.8602391786104461,0.8729605845236597,1.7862062529955294,1.2260181363755727,0.9137439497752483,1.6173428402798615,1.2272174690603301,0.5973967350633396,2.1046087814400716,1.2267282089299307,1.4424466736810004,1.4200671092595072,0.6564574022876424,1.4901932930504052,1.5885901738180064,1.3082073926560693,0.39645436311503857,0.6636201781479962,0.6284151960044402,2.3693893032365563,1.5782478146340693,0.16252655609605196,2.1940362408195546,1.2224283103131475,1.2352879055318446,1.5176990390586613,1.8861016093064995,0.42057997777857214,2.193482680216209,0.8524318760792737,0.9374822327565031,1.9942806217773796,2.3924776368741894,0.463137555055256,0.9981682907615266,1.7885717980329279,1.151992952050073,1.2433348763141456,1.0215927909775844,3.782833352318253,2.1354574355754994,1.677703868581602,0.26664559741059485,1.252567336261457,1.2620193440030145,2.4803129155839367,0.9004888033228553,1.6112527439551132,1.2420393407960373,1.792679633274085,2.647817875341553,0.9973649174743815,1.4628963239293609,2.236061836422398,1.6872997155112257,2.572383609654953,1.892389454633384,1.2198666274018053,1.4165035002715638,1.0965295475691532,0.5630993391725866,1.986422683200065,1.4246024092310778,1.4731695172275632,2.787121810308393,1.6588673511600966,0.7154664998896039,0.7811063831977789,3.31612923869643,0.7390821454622648,0.3377009722724922,0.7262652960409441,2.8569139766466156,1.3342143848936896,1.7334985110935297,0.43009191391948687,0.2883437885143535,1.3628601344793465,4.298732366712855,1.8293536659629335,1.582770283639594,0.5880197734908752,1.1751958120129817,0.6462538740588661,1.0374501927422832,0.9365639343423515,2.541430418752581,2.049632989093067,2.152966816001006,0.5668916299013964,1.1636070489755346,1.9858401464199347,1.2866610357347796,3.361936270304725,0.2472842642172854,0.3011772588422977,3.0240314505170334,1.6428147014497063,1.749809352139755,1.1809148699821959,0.7692566646082535,0.6839874585905847,1.4216274021279203,0.96567963294908,0.3692992210512909,2.060468877720502,1.3665406578935324,0.9512577549063677,1.5912034112093356,1.7151139363985188,2.386872677300487,2.6211264366574576,1.6112369123137373,0.6171090988300125,1.9776489566799271,0.21871008558284025,1.2223320024703288,2.0163364028706408,0.27831028677875685,0.5845496826060324,1.4921229044551545,0.7903838877973917,1.2006352239931832,1.2860471995235665,2.631074781021935,0.9706266854761271,1.0082436693359083,2.334642616656345,1.454758713237516,2.2728260272171994,0.8706151083210121,1.504091461130151,1.3904169088614875,1.0228299458725127,1.647162075468188,1.37450131818534,2.199072656652251,2.8135016394673107,1.541202048819633,2.522068703150844,0.7239045892722558,2.1027420718871084,1.5380963104603727,1.9320076469333407,1.414091309115755,0.48615384849120424,2.1865778965117633,3.04598325267244,0.7166849967632785,0.37241795033431635,0.6336163970722732,1.8686245979021727,2.0708780984977304,2.49994021411345,0.9212541159159735,1.7341518571825305,1.56153931883768,2.2881410436959113,1.3581241760288134,0.43495161881886946,1.7694983080222204,0.7730605254863073,1.6419383399923366,2.9887391244254227,1.088607931759027,1.7585038729260272,1.3671532227238137,0.5322168875437058,1.614996479527564,1.3332256976035413,1.8247320227601154,1.1714160621865355,0.374374158565128,1.769853392585771,1.1741702355816783,1.1794530767832376,1.2898909923870798,2.573668953305434,1.0592910061007972,1.728676302743368,1.2579064631749288,1.2857488127862937,1.2683992749797377,1.2039170742295795,1.0734728967187692,1.4238026525408574,2.591461895344688,0.39024912000662126,2.45834912520927,1.3136307164323373,0.504155312322263,0.6055276851746956,2.6413617797120734,2.3537984271568653,2.4687693380032902,0.7507432762396642,2.5768119070800797,1.4223216605181024,1.7579466482350798,0.7414270137529047,4.5708662990921525,1.4923989864160658,1.1971525292289928,0.46733574774017256,0.3725424609496363,0.824533683832513,3.990363399050682,1.2183732071076352,0.6729075459906714,2.518926383054509,1.145508210390107,0.8516620122363898,1.3222461747535175,1.7236646078300186,0.33038737573954197,1.3371805920855881,3.216721288250666,1.182374155019977,0.8824880433975086,0.25166155995745976,1.8505956574899813,1.4447345309950859,2.907868527430786,1.141193384136752,3.024024293918638,2.5046431924088646,1.257112219887844,1.2972238272332557,1.2345876976017274,0.8722231484558225,1.562479270316897,0.27008288445301115,0.5083276238404393,1.1785352103059945,0.7849706195210329,0.6931995761378292,0.47463860470740993,0.8831684319017965,0.3827096259347096,0.44767038070347176,2.0411488942377094,0.970475145389482,0.7781150706641858,0.7318680826686536,1.7528609876046317,1.2444267989646982,0.7590453730089161,1.429017128358961,2.5822115797266383,2.3181582149750968,1.5273659965967092,0.9174432023897527,1.1945344919308538,2.3633763289650473,3.1807442625020466,1.6314741503572587,1.7392020117408173,2.1676350882098423,1.0299476550897462,1.1329129414993768,1.6042788802955714,0.3294326459767054,1.2752751249398289,0.3440422771511895,1.6392065210102276,0.8190373188680227,0.6447350273664366,0.9523891605866697,1.347655734461107,0.7850218377773953,1.2363134295032034,2.130124593821964,2.801619952638556,1.1858251170824032,2.991702065862459,0.9159960746812429,1.496361601995748,1.6745443389092038,0.6816468484885116,2.519541273047546,1.0968424434470512,2.3832015702274427,1.5672480180679496,0.22040307218451138,0.2547634976804736,3.8172591882371885,1.629777043923196,1.675078724099062,0.897135554006685,1.3413293578176169,2.331173931423171,1.445837374790996,1.0456446068746637,0.8284516379785691,1.7615417474099875,2.7700627152649484,0.9642413498592568,1.0958191416539318,0.9774320976128443,1.6191815198808368,1.5160827366847078,0.7014916747993245,1.7057666546158021,1.8200295273937734,2.2253325278196168,1.752449036635979,0.6996649794988059,0.36928312319765416,0.6198948063810039,1.028173059602946,2.1781837924526886,1.694252822329134,1.747200766667651,2.3994663797065447,0.9137034243545463,1.8443627305248564,1.8182561390428267,1.6150796431963057,0.4677697684469412,2.768405359663144,0.9845677373476966,1.1123284340279729,1.9509982690837302,1.5825690920257187,0.890373271592503,1.6464467752410243,2.051253281899844,2.4739421883217494,2.1310256382372357,1.1571077879986567,1.231524969369508,1.4109586954492135,1.0517929283282013,2.007018720181901,0.512405139600485,2.229283490635785,3.1532285702491354,2.685234852841437,1.9687544002865662,0.9711034158153461,3.8179370771761154,0.762867677690879,0.8172684894636278,0.9817574986405053,1.8239763295643998,2.153540434791387,1.23046130173925,1.2641759739163962,2.719578458169719,0.15426376970293196,1.5967347349973817,1.949424649524056,1.1312078376403178,1.4951990102625972,0.9713516606932259,0.4876753270463614,1.2155208513534712,1.5060422870395689,1.307895182079359,1.11991309324467,2.9175988965617368,2.160693435086077,1.6110247183576036,0.6192355181987629,1.0136433077759943,1.0077083297007006,3.464354212732159,1.5797425766958155,1.2448359927417258,1.6872042990310492,0.9968800954705895,0.898331483764583,0.7008852595103802,1.7892475573364912,1.0172786293295883,2.2866434076650735,0.44965923789897544,4.504145252591567,0.6390430685095267,1.1539458286473665,2.1584689743083776,0.3659783694988835,1.3646219067647818,1.3056096216304844,1.6698409317670988,1.608941249481051,1.930931564720806,0.9192908425974194,1.4521129715387269,2.409509353964066,2.980134405030707,3.309435957453153,1.2037560854002254,0.9186354920250228,1.5088744853930547,0.7134394730768374,1.046901659562606,1.338006901761735,2.21547195858061,1.4302971109402598,3.293471540986561,1.468438946556414,0.8791435048464271,1.1558224419394643,1.4212820110640452,1.0493401876048298,0.6927256722013944,3.382790127030889,1.2713858655049206,1.1333082769052047,0.9283529072804879,1.1928548843346667,0.6409255709636903,1.214536765865482,1.3049921905229684,2.3001109295259123,0.9486790468795376,1.6289877639014847,0.7893702795563963,1.7652042848500709,0.5542697616759384,1.614911812556908,0.8822208001085821,2.09689052573151,1.9187734913090377,1.0009957389339599,1.7011259413119255,1.0892842223718429,0.8429806907753284,2.2541353158508013,1.102428248875121,2.4322078989361975,1.5776939682375362,3.178704759731399,0.47977627665533074,2.275726807725725,3.411864247068662,0.6859020854832264,1.9374763564821966,1.3002316010503523,0.9951323609779696,1.1438530330257533,1.800118237885227,0.9584832176106082,1.098078156401664,0.7901687153431999,1.107246773697109,0.951674943103227,0.2832444451199059,0.40116071672532566,0.38159217950921365,1.6268933773305716,3.0673990899748023,2.388425540435345,2.4422500230945468,1.3641009044568246
10,0.5860832131750244,1.1206696010866155,0.6530445513437394,0.2454161392713597,1.5272261634442688,3.295968507789809,0.1539515689387113,0.6998819391912663,0.6880698768958784,0.419280638716789,1.5102471393944252,0.6838232042281288,0.5323004318876343,0.6197516684339243,1.7603063765877909,1.654633747133556,0.6433481098250313,1.2012933466096958,2.6485674984805065,1.5946929092355628,1.659790418736267,0.8475475920563271,1.1358652827327833,0.9202092997136354,2.1788345276797143,1.0589858448333571,1.703366383304013,0.7725871570212937,3.268114473708131,1.2408427828644912,0.8916574950034779,0.3436658972438488,1.6918724129041505,1.074322964691298,0.5570782039109481,2.950092740934066,1.6438859813385351,0.3212936240145976,0.2608918606128459,1.4364022224104838,3.0623641322193897,3.324528377188751,3.9915625434114785,1.2344669903315826,1.6784113424191074,1.8606691961916786,1.3933433137255884,1.8445895402375303,2.975735119405364,1.3929895513629769,0.3910424708092513,1.5320397150435594,1.1209380683697903,0.47139048187729005,0.8382338283335666,0.7580956152689727,1.7089185286645665,0.9632069908049792,1.7087195213076498,1.112677244062069,0.23093571809170538,3.0079194924456063,0.29507452835534487,0.38781217117487743,1.2782757997804775,1.9832569078426536,0.49809613971082267,0.7457932047181536,1.931672908365268,1.1601811076405788,1.9297357352719093,1.2052186829068279,0.6499075349005612,3.3926993324429007,0.32306589761209603,1.0078280459167028,1.0633638123256695,1.1725338105161351,2.4179618929953586,0.6704856535295751,1.527077410677849,2.3574310006621064,1.4376579614937908,1.4726505402738852,2.905143976375516,1.4104722012581021,3.1835465800750273,0.40520170021665053,0.7769750794343421,0.7453825467239745,0.5350828145217296,1.210829318294896,2.7896326245232306,1.6802731831596498,1.4058067034776935,2.789396064388796,1.2952297606163536,2.0663545188938794,0.6437240592813929,1.0323985811067233,2.0792882003059163,1.7919422910075897,0.45340763921834,1.731197805135463,0.32303313325783994,1.6218861288283446,0.25514550592827673,0.7557388003252505,0.29679237887871684,2.123658847093512,1.2894494675480086,0.5486771434031336,1.1713826269692447,1.1840189999499788,1.793956326509418,1.2009774636485786,0.8347207655780334,1.102101447659875,0.5802978069029547,1.1364890492220039,1.5058047720884722,0.9915338257215321,2.400580271135261,0.9887503855884998,2.830759050892194,1.1155843775453866,0.8881913023702299,1.450863333908786,2.1895164239244984,3.0942575400444845,0.4672806223467144,0.6435537889325175,1.8046583248840187,2.422176591290525,1.4336930219026685,1.1539037197107787,1.8666679645524953,1.4015655082823044,1.5001984559736534,1.3941519350509255,0.5763100787445969,2.164891415137401,3.3553594488075014,1.250608487626846,0.5870136416604501,1.053190411137689,1.673226525695297,1.3428207628813067,2.206589308462168,1.3269859885471962,0.48149998459819193,1.468531413342174,3.1498431992081946,1.262278289654631,1.2648698837832073,1.7602665083928095,1.8288383447430652,1.9789098321851077,1.4075093152076636,2.108511897483335,1.424227592041817,0.26590823510661243,0.9459711625094043,0.7963807396044456,2.288009348948676,1.3379902873081861,1.117372540418357,0.9305599921570307,1.2970132359357542,1.3665645481011972,2.9044401670573485,1.5184646020041532,0.933383132693199,1.5388458275223593,0.44235053503408805,2.380199529385953,1.4250627608905595,1.077023537355079,0.10585161795368958,0.7596321161029468,2.8509033398459884,1.8377375047156488,0.412563376186546,0.8627006814505551,0.984564020642805,0.13453688074778836,1.5925616048991684,0.8040014128260682,0.49731638699147346,2.4182473129142976,1.9958486460599267,1.687619337623266,1.5295131948937823,2.0142537488458925,0.9960007146817125,1.9683044836304369,1.5676572576454888,1.4229343243982826,1.9839083324842708,0.8151055018868711,0.18826891876129984,0.9568018048626514,1.1872961177674333,0.7545631473272043,1.4826023532172978,2.3460264003136335,1.287374188789257,1.2542589851503216,0.7761822568979313,1.5196040302921756,0.5928401086212727,1.8949068318409272,1.6828138801391777,2.150416251820889,1.4993427693504926,3.0068558740180698,2.322739455981762,0.7901149178513728,0.9437839574077573,1.2655893157460882,1.5708991218284611,1.0659926181091604,1.4195280142171511,1.6053961512117945,1.7788042335558327,0.6592563200077572,1.5792154619155234,0.7308768817569694,1.0389050514576077,1.064766515831105,1.87784514987915,3.3828924283627204,2.24927694533024,0.33263750045562157,2.1271102634873396,0.5747535902912652,1.0564774428183186,1.2460509113477272,0.4940935010091891,2.2227699727663404,0.6930816568165614,2.0398743619871715,3.0655331675866244,1.8088256519512906,0.35384311134536406,1.496604583199045,1.5009930022301619,1.6543904639111553,1.1885664587893767,0.412245356645993,0.7702263629564048,1.7629707085818016,2.400705190757973,2.907697761891511,0.4172548692851785,1.0255306928230712,1.6282202995684623,2.737214826012817,1.2753778657039085,1.6518845299709313,1.274422226922122,1.6821210732652432,2.0502284468270595,2.3551327574690673,0.5272720213721895,1.162349882308477,1.978200444464677,1.9778254737932208,1.5571647730868023,1.3033050694862334,0.9928849241912493,2.851063714855313,0.9382030758400308,1.2932289215287838,0.7626269394668688,0.266923450178878,0.870911834839107,1.8628642694773438,1.7347741532801233,1.0385910075730354,2.012144094842349,0.9044308260509601,3.427656397595393,1.6538234009277764,0.6526518617931387,0.769540639927657,1.3816214787658962,0.8071585874721315,1.379194826901272,0.9005784183196284,1.07433900551603,2.864941476173673,1.6446169850001953,2.3771185838842106,1.4479913717278088,0.5649227365616389,1.3320674629711855,1.6015978176812935,2.3010471072953704,1.9859043968102448,1.2193294315268104,0.0046754339370540954,0.7300182388967857,1.3237202870028844,0.950764044887558,4.108824191326178,1.150105484574066,0.6560974847880605,2.2413269600802628,1.7179346508209468,0.8624705667147214,1.2481690482839842,1.3934302084377657,2.1147344650038633,0.45947598800360157,0.7050678560684879,0.8281373043704554,1.0643423870473505,0.3863941415105503,1.9784124839206987,0.5087965771618695,0.6561577886374563,0.37127458107995703,0.37182440027647623,0.7117113746078022,0.15354861456058244,0.8993012157570908,0.9006997706343223,1.3491734992827065,1.4530355351554767,1.4980091038575967,0.8098527842196577,1.2934587374408213,1.647267892201988,3.094291605929613,1.2205146525139023,0.9220407367063655,1.2181110309825591,1.7922540144128336,0.7194801295954882,0.8332184009275387,0.6579683148934835,2.7691324005032945,0.38003869967686743,0.4259597792073656,0.61467473371894,0.9992418902552647,1.700988596906213,1.32147413203519,3.0564067555476706,2.8589467639107435,1.4481324585527582,1.1341153711363081,1.645602724903779,0.814725211350269,1.1959581575944174,1.2671956104767168,1.9503236056828692,0.6460241121564232,3.584923511487476,1.4827613532837784,1.175181442213349,0.5827871143414947,0.8747983205338034,0.6606346802962719,0.9262026261464409,1.1664878410475819,2.3968132756547202,1.0116968718624442,2.7702835914158044,0.5148884021814509,0.5827537641136628,2.7848061269645257,2.0627152930456534,0.7822908173776787,1.3236781965339905,2.463322613901699,0.9073513155303606,1.2805406439544795,0.7563467736842513,0.5696975472461803,2.64093691306462,0.37135307209657314,1.149399813312046,0.3279075330767743,0.38026058691173037,1.1434614105773013,0.378613018481586,1.5266327933617962,1.3761680621960481,1.2395318507250521,1.1509655891907844,0.703327806737663,0.8924252680536212,1.2002724315837106,1.0473053948848727,0.7188077315414144,1.149490483911424,0.32772850130111275,0.7285712824248305,2.436663716967225,2.0499684867755414,0.889390215209814,1.2484377923041496,0.44968828444420905,2.075170911154833,1.8872074895265842,2.0583955346590397,1.3527668235378223,0.7561154301175987,0.9866438391580608,1.5736347513355682,2.0881805947720875,1.6257617799579767,2.3248072398854385,2.020646778099305,1.109739841809697,1.639954369921806,1.5059566612068869,1.1370644394364087,0.1362654886558084,1.3741892841222914,1.5814603237122151,0.9112947518024331,1.9752961015719896,1.4188848742759548,0.7456880900496845,1.0518057733446455,1.0707490666770538,0.9820759928021426,0.3774949472821568,1.5254374664569952,1.0458930204559398,0.5025175945191632,1.1174465993277536,0.3479303627106842,0.7832352454197529,0.31755393058474357,0.31315943488190756,0.9289270051374865,2.713837504720624,2.697283574478289,1.2961634838800353,1.0352011634101146,1.2537740140187472,0.23713060999906632,0.8669175282640743,0.5619770469621579,2.307929320347445,0.8858508021817351,2.1062173319910906,2.5049255232969676,0.7261481175228626,2.2294919878753086,1.411106931350343,2.3593623614854518,2.8060877318511457,2.148411933256257,0.8425032946077586,0.18929817994593856,1.2518697642748906,1.8884693471289637,1.6347732011139275,1.5027459417490974,1.1074725898847506,0.7389930215928252,1.5311925472114394,0.34745525299259783,0.5339892144137528,1.113742843737302,1.4568872483423978,0.9670053267430399,1.7988187744610808,2.442262553704291,0.9542925947549654,1.1497525881359196,1.9718466310569167,1.4824536134490123,0.7443813251335334,0.6421107078273813,0.6564614729285734,0.46576460422478455,0.5311088995024447,0.4746937223660018,0.3918376471770033,1.5925057202067965,0.8752149665186777,0.36031424037565063,2.2652359849313743,1.2890380091865883,1.9825669369384875,1.0724443954577199,1.5017981060003904,2.6841763044087426,1.0164823990521614,2.2104529068784036,0.9909295606703303,0.7303472288715729,1.9049572786639968,2.6575280486769493,3.0986636164267662,2.268866672144141,1.5415138868824112,2.4272149467325206,0.4323176376520183,3.3566684991724705,1.167578745780182,0.8354160201269587,1.5083617525515955,1.736898515004019,1.4337098619272994,1.0836637113515906,0.5598897853017527,0.5225780159410908,1.1321939136923902,0.4282316902178269,1.084630553057028,1.2949563722296136,0.9011177734164044,1.7904198190125165,1.0951587189610508,1.5745971070124136,1.179357529311747,1.5301413400055224,1.1509917520357393,0.8487412901802688,1.5572817272488266,2.1169321617904964,1.4259369887380473,1.353486633490974,0.6523878864061092,1.3764897969601781,2.1280346729728974,4.006787585673547,1.3022497769133385,0.7695868764719241,0.6073952466776757,2.682762138280263,2.2633557404424813,3.0912385167437595,1.9604130361316467,2.8348146472398286,1.7397548488874142,1.875474944000715,0.8002748117375824,0.6728017785110012,1.6796307928547762,0.9956045199635237,1.1033438540203417,1.6874132804766035,1.1580877053364826,0.4769422573074172,1.8617830524479704,0.9619809815933766,1.2956088751319634,1.07463360231166,0.7032805231798129,1.5523480051767369,1.5232565389680355,1.3442803709544184,0.3180103936896734,0.6768084754431648,0.6229645578663809,2.034866657640171,1.9724182679992452,0.11471830965425128,2.112482382116221,0.9407557591444018,1.1824545159121387,1.5646864481075995,1.3488718875789458,0.2765144757623842,2.143185718812398,0.672654404752107,1.0816135997128493,1.9935181015028487,2.11616536524099,0.42842423733867746,0.9729156123063969,1.518518700716006,1.0145214663469353,1.2031417401550693,1.0036670632626896,3.6187496346443795,1.97548514113669,1.6100493132585942,0.18595695065898482,1.1367963821109168,1.255405816950363,2.4440039810090237,0.8396390314066612,1.7779653906805957,1.0147598167222833,1.5844176743889336,2.5215297468796773,0.7604560918612352,1.535609301271158,2.503411866863737,1.9194643780712946,2.766442150123538,1.970087065774925,1.2738301952537492,1.2110379026434492,1.0828347619137388,0.4785831792309875,2.0495123954764054,1.2677817066293073,1.7290104264937738,2.704095395786463,1.685137952836385,0.647165816905505,0.6479757978192793,3.14092493835557,0.805600052963084,0.23251645838704837,0.649252016064712,2.361899724366884,1.3888519092274465,1.8011677350643152,0.4194188426882,0.1784471297385862,1.3353830300711649,4.325876331005951,1.8371772771481842,1.3495704525931036,0.5700908991262758,1.0412860362507932,0.5870653956455315,0.8662212415116896,0.6969214436766452,2.304256412521673,2.130709090021616,1.9403296842402233,0.47556797372352677,1.1492002355541346,2.124277274547052,1.2616015753161383,3.1289349804862723,0.13581168399837834,0.22661669727087302,3.0239527606109045,1.7080795122101984,1.87917907512866,0.9301941614716225,0.7200404682437209,0.490808755497593,1.1692121484688416,1.0110638780241656,0.266064459229576,1.8407993514775727,1.4233303376324398,0.9210959120353835,1.2986565733076212,1.7344852320789843,2.3867323599329913,2.722351202170655,1.3908336566229675,0.48763007589147134,1.8945332657263083,0.1277143601981448,1.055325419831743,2.163456249859414,0.179519361468497,0.718066435049747,1.6117530785897676,0.6547142021981852,1.0738281666984457,1.2586962924384402,2.3978890951726193,0.71054632408424,1.1550452293169597,2.1347481394401737,1.006355365816453,2.360524475341558,0.6854718894132532,1.4181255467413107,1.2194838028314248,0.8385549441379971,1.543383580990021,1.4780074239844618,2.1576672226143097,2.739342850269324,1.686621758933389,1.9775273416307773,0.6039411460481707,1.9498540211931785,1.3755137954539483,1.970344020924733,1.3343474937391149,0.3110321469423653,2.057091157400941,2.774170920646181,0.5662068316388319,0.24453381244239644,0.5280108393113239,1.5056326099357236,1.5790626038187208,2.317187562460767,0.5457691561684063,1.6568098531902,1.3812981306053804,2.2574730807639467,1.1756614646092107,0.3201381015665833,1.5222677831675977,0.8101531833326177,1.4098478794794462,3.463426933941424,1.0442747951451727,1.3413809763960123,1.2469227739234767,0.5003645213419379,1.2300222118216357,1.3062858409590627,1.771872002437398,1.1407091001870486,0.39487683868629075,1.6519600367849108,1.0835107882485486,1.0810676706500622,1.1844617165785842,2.6008594666624667,0.8257342035767566,1.5780266811895538,1.346337215954324,1.6303171119559239,0.8715875847133281,0.929459824395171,0.9068138365295262,1.3287518827790799,2.790528445557994,0.2903593226564671,2.5505020763485304,1.3104328027382643,0.5470191335700062,0.678331383319143,2.7431893659397493,2.374583676129892,2.1520751337193054,0.48166637629305487,2.6973638720022106,1.2591108811279037,1.5740000725350038,0.5798664599840055,5.066105204731569,1.2732636973277454,1.127499030807718,0.49530870351139544,0.31736546522463777,0.69314959104262,4.170820868216413,1.233506277758306,0.5284683268090602,2.4061455189393306,1.094168883913226,0.9372655588300698,1.4567196502670035,1.77493586480221,0.20189673723097223,1.1938662365947286,3.531758744719288,1.216635927601576,0.8322777712462801,0.20856648038878967,1.7500319826233288,1.643670172519832,2.435183372951463,0.9752796715662478,2.849794851875578,2.688967673677967,0.7971330707222671,0.921349036633638,1.3583930194631195,0.7903190199075456,1.559128951851963,0.2624855032627585,0.417655678939554,1.276982741362039,0.899997885910314,0.5440488370126547,0.3392117382508205,0.8330323690735248,0.2754995160950853,0.41870380164748183,1.814755538456276,0.6554064208711277,0.6846605157404633,0.4080750459125493,1.370439497141457,0.9593734616060596,0.5858968886305533,1.564126403455457,2.776987101491506,2.313078166348053,1.728139917963389,0.8976491650347032,0.8742542353975955,2.3420100601199025,3.3578914615028572,1.649313832042134,1.6012302674223928,2.2500209300914475,1.164852209875468,0.9513749874301393,1.4504306003134266,0.1652630136043858,1.2535221398299274,0.24308626232365807,1.6259657144450064,0.7559410162135956,0.7657074517176252,0.7468572703279504,1.196880063721729,0.7537720806467145,1.168427613603833,2.2945629734238295,2.613938012110288,1.0446060728161466,2.706936827259198,0.5984850334778107,1.4456543873146663,1.7398552307413762,0.6626896568543479,2.376953932712249,0.6505914656811089,2.193430676489276,1.4796987530500196,0.23381495017085385,0.17366940228076438,3.7210358293608494,1.4566371252095904,1.6321792127517392,0.913007974466617,1.000964507541232,1.897833734798458,1.3332526790917016,0.8960406175270164,0.5892473197482913,1.9531735363486533,3.089966045154033,0.9062511128047223,1.018851122284096,0.688479318435894,1.4360733068093012,1.452321133434422,0.5687499522997955,1.5955549393837944,1.6348485551865986,2.1819829770766894,1.5413011718216296,0.6419886699129791,0.29452390226759567,0.49699907761733536,0.8498522765633818,2.0857765777303054,1.2130324175851273,1.1240283234994295,2.3686152493217456,0.7480048963949855,1.6949496897476275,1.4238936691148933,1.9379539595522264,0.41607164387992324,2.4844716497043953,0.907796779108974,0.7189434276647175,2.248139181592649,1.417026817231208,0.778712059780988,1.910291145308225,2.0217417931603396,2.269738898102791,2.2156497473858514,1.0434030261006317,0.9159866890428026,1.0674165125293078,0.9104785442859349,1.550598970454228,0.6639267551435011,1.8786898115873034,3.275333064315673,2.489973315218148,1.6043789108474154,0.878450750476308,3.7868848306371685,0.6255466971578981,0.6830551105460079,0.5776406848532406,2.0027580591362244,2.0295155870138486,1.220147166005622,1.026533715475297,2.3725349399522195,0.17846267021101886,1.7876686284126255,1.6892518835654486,1.2952072153498349,1.3757982942582831,0.8684763648117866,0.3301768663446079,0.9818845822567245,1.3241353415366868,1.208136250951374,0.7445027579207496,2.7206295808697023,1.9007915445194956,1.572140051192934,0.709459901559529,0.8342930666594046,0.9594098748828275,3.5066869814933743,1.209300529807316,1.312311877820263,1.4227111109097241,0.9984535111002694,0.9431088857561464,0.5816242145078934,1.2800062446357798,0.9584817419692756,1.9889237784672495,0.22463266715452812,4.005513087707413,0.6946107141815818,1.2978057412843849,2.048202911218335,0.36339985977868094,1.2259762101618072,1.3561470048495727,1.5185217038626138,1.5442852222873924,1.7009781724887678,0.8521105319246881,1.5258059784464368,2.63080497007345,2.7969568280930233,2.6117984632432845,1.2242451974028907,0.9886943015788259,1.2889860790610923,0.8048792405073933,0.9646421230824971,1.0957085175970263,2.1668315938510068,1.379661244768129,2.8892691884972095,1.434208746858849,0.7999417793934267,0.9297841349872569,1.3175034375324173,0.9671243827932903,0.8286073069983737,3.4947301841860403,1.3603608908131757,1.1160360963131075,0.9678161628281232,0.9560556143981471,0.5980105954433744,1.0558599003462983,1.1793022888209277,2.6180967330454816,0.8554837558217838,1.4116780953893864,0.6657980765845839,1.7943154940785526,0.33911198790379943,1.4130291859797994,0.7162511155700698,1.9516947568280785,1.997753189559711,0.937745081320902,1.5047555096785024,0.9132534805047263,0.5805795312570443,2.167278337941921,1.3013723797224446,2.4666576202158277,1.201256425079326,2.9433319939691893,0.33841058028311727,2.0940194414042947,3.591200054966353,0.5209652797375518,2.052456739638128,0.955010651621325,0.8269453101721058,1.0507728651559518,2.024622035978215,0.6485581461441594,0.9392360360279488,0.686873259948571,0.8525970703721226,0.7339958976684741,0.10364932753627439,0.3021935322027711,0.2753057885197089,1.627847890287282,2.948482840219956,2.3767168254961257,2.4992458299463203,1.2549438510053676
11,0.7616989560801948,0.9887895233111361,0.5191898502294536,0.1262269874118362,1.8365855708460932,3.501522451079075,0.412430219455305,0.9138353988035854,0.5587858395356926,0.339891125439383,1.2800230644897304,0.5416901810400001,0.40039112950279676,0.43497807228315544,1.6491212418932348,1.7027861004393978,0.4835708602271812,1.1090821690701884,2.2942239102104924,1.6220493389277932,1.561273886053708,0.7181051539792078,0.994115184079583,0.7026774898944514,1.7534253958484458,1.1798873662526028,1.8597120350596068,0.6452078185842067,3.0842120030367854,1.052826975084547,0.9484475465134655,0.30524206132134946,1.762762837904448,1.1439807696904514,0.6062219538541115,2.6483880550073455,1.759364093042834,0.3942636986770751,0.22423830029011432,1.4057284127810181,2.6001828820408193,2.99600922675424,4.2417736008770515,1.1631059440922922,1.5589526573897752,1.8804697770317873,1.237381169034809,1.5312238947212578,2.8722183294678914,1.4501625438944772,0.35497090754067606,1.5579516967753964,0.7754287772305275,0.23506231504736813,0.9343263916873354,0.8039917866888556,1.3164902516488917,1.1529171669022635,1.5594314907419806,0.9427752755831578,0.2753882871658138,2.5911642554128047,0.3476450787836037,0.44736179474063165,1.1870627059032053,1.84146065766606,0.3961358064254241,0.5990899767642773,1.8796816962784009,1.4048684765184865,1.9942912646877022,1.3760631043283436,0.5268009970942078,2.979849593989887,0.3268829542931141,1.076778260336249,0.9105180832076303,1.1119517783402608,1.787916881202406,0.7972589093389648,1.5261382049040848,1.952384764950492,1.7476444727313512,1.5230762574714776,2.6948657080832135,1.3398042502137355,3.0076391651889947,0.32424113882747185,0.9185755696709396,0.5404917227346641,0.4595824884218805,0.9912346809749633,2.837594901148485,1.5117709144935036,1.4040060523256548,2.580384290293893,1.077176543741007,1.8768450638165186,0.6780980763042604,0.96506805296946,1.842012423430358,1.6505948275315263,0.4455879170876058,1.264123208704723,0.3816633049143339,1.6802215322979992,0.20313534370899544,0.6247946944810254,0.40943706924470225,2.225070088140121,1.3164353752785471,0.5165492359520061,0.8810704979317201,1.4332005913908343,1.8416270877955672,1.205844532550155,0.792748663680062,1.118916919273036,0.5532958564833553,1.8258653796315567,1.6651085826562948,1.1193950721985797,2.467222295348951,1.0500785085555127,2.95951612863444,1.031726681779154,1.188277763495924,1.1501414645780828,1.9875875097734472,3.1347940556033835,0.4528414048162649,0.5936750615909294,1.912392259071737,2.331448100266213,1.4565357146655185,1.1464806738258957,1.3086024123833668,1.1893381021210039,1.1975421917824962,1.2106502825664576,0.5473817326498838,2.2986824286753604,2.7764045584674575,1.474122191706276,0.6086323296990896,0.8921155272292681,1.3834620371043211,1.4970452074636473,2.589619801190068,1.04900120934726,0.3319698247498008,1.367750149938884,2.7398953982816456,1.1871815445241227,1.1504131229701442,1.7518245852779208,1.497744774961252,1.775135847056856,1.0874576017010302,2.095144225782608,1.2993878630927154,0.11517391410251515,0.8057471163471891,0.6490354898842394,2.1741296663420524,1.0417969201860853,0.8540284069456486,0.9145858299485384,1.2980395880624984,1.7462150518727864,2.307834908194783,1.4903645072410499,1.0203618126557,1.3272589080084842,0.526428508209941,2.412028111915843,1.1738012562256306,0.9675477898380701,0.1256085772822107,0.7614180278374738,1.9616029311610879,1.8057674827043857,0.4365432105067152,0.6684587587882989,0.9106717930326855,0.06498875670649394,1.4165984427099962,0.9614170237606432,0.5706190334592807,2.0322294210156118,1.6414291205493963,1.9630940448632308,1.6269020082640688,2.1741388128291232,0.9051963255946293,1.90198607780234,1.503096372155647,1.6080923637567324,2.279371131305896,0.8083719647256391,0.06119482868499143,0.9509754414235067,1.4700019900522043,0.8146911988244608,1.2852919114169088,2.0734454126654294,1.5612195560333495,1.3802411212291132,0.6471782083256017,1.4248443491919498,0.47959665804616747,1.9945535886407262,1.669552631583712,1.9277360940934487,1.583177672263137,3.1420846602308043,2.164607568602367,0.6826233781586521,0.9062169477453148,1.414964692585727,1.1879046217321703,1.0738580073914155,1.5707529698925817,1.5331545842648269,1.6429775794550763,0.6325677617364823,1.5469688884993271,0.6542266132340697,0.7548422570084976,1.0587167090740273,2.1666352569607787,3.1849329719584736,2.052369013914659,0.571230264322012,1.823859065763465,0.5102680394067489,1.5518890727462777,0.8290664101940773,0.38094710888544175,2.2827001736658312,0.7770725210584735,1.8437278397581478,2.724829579349047,1.8686093516776325,0.3403719892512992,1.21093920409733,1.4035567421117499,1.4503499231888124,1.0817064301698853,0.3354529471195001,0.9415395179094892,1.8289748681350044,1.820623144901547,3.070862592307198,0.32509615639047373,0.9866551784141467,1.5407706392444358,2.77963953622437,1.538395793167524,1.4794962101369766,1.2309613027669881,1.7205228637865562,1.8267273763853766,2.44633459643407,0.6301878438919133,1.101143839475048,2.2341587750885488,1.8075242155424767,1.4865528132220713,1.1298443143131087,1.0867837771654711,2.540198582465136,1.199062038799482,1.5618297683128526,0.5765699974153959,0.19449775532575858,0.6822210302552625,1.6739909298753752,1.5238022284993156,1.0501810650487111,2.3649656942254946,1.082001874305543,3.586875933129556,1.5378452184580125,0.5051343227043632,0.7741753820044965,1.3163098966592348,0.9890376188502319,1.1823369594787567,0.7847669518357399,1.0878365450049645,2.47086655902268,1.5765345340669106,2.2208004106322563,1.4092861512279766,0.7540508481333539,0.9047159920034604,1.2475403808617804,2.1802471429716737,2.0400826662921623,1.2490992150628732,0.0,0.7424396743389474,1.397303721043797,1.0980245229234709,3.8853615813869657,1.046887315366028,0.5068512224071344,2.106990220606402,1.4153832020827053,0.620987355193194,1.4738549472780496,1.5473123565058295,2.142778459454675,0.5702407470042385,0.7318498908375679,0.5071218574392802,0.9944027853060357,0.2625186634031434,1.669652195433084,0.3132826323441874,0.67087592995278,0.3594284981678052,0.37311556683032254,0.7758879698499719,0.0474971238685176,0.9448451411103045,0.9442505580118599,1.2517858519566014,1.5167225422574158,1.1310006373411297,0.9082712354478407,0.9297196922395943,1.4847215282116788,2.5544187575721082,0.8066816662108602,1.0617021652166114,1.1844985380196262,1.556930983342302,1.0330643946320697,1.054090065794186,0.5900641118492799,3.056923049062207,0.36181516382735485,0.32778063584165273,0.646213809890947,1.1562209263210592,1.5491012516166816,1.3471278645813545,2.798021731675794,2.679334855133429,1.5048556879313406,1.1393243323289552,1.6398985337251506,0.9550013432231585,1.092292937503471,1.3744436783508085,1.9636430812432626,0.5730075988690968,3.50075242141591,1.7245763624945336,1.045665969373099,0.555392070630591,0.8293810130198713,0.6118019690289036,0.9197512170389903,1.4336254440737544,2.2885035259541433,0.9691099113792265,2.3719142740228385,0.5075291979017948,0.6231653661318054,2.5344892007991273,1.9142259615184471,0.9546426739212275,1.3804062423504022,2.813773534747053,0.8481165921819844,1.274789719320822,0.6246048568516032,0.7246214000829515,2.4696626928613608,0.3605936709798707,1.2237617285415001,0.24337546748214628,0.45281302569512916,1.35890236318198,0.2974398263086609,1.6002462048612285,0.969575176464746,1.3496780657038312,0.9480698586196694,0.5213950045570556,0.6810231256152508,1.3844131870227971,0.8424574037580707,0.7713934411754584,1.3161164761723434,0.3755145619413657,0.5417181070243415,2.3709292632889087,1.7495919785145415,0.7963612161972173,1.102912061356232,0.4174826002335362,2.2493421915195246,1.7251569641059452,1.8353260081522405,1.2667527869028405,0.7067616135273502,1.2295646197957146,1.2558270233811963,2.182109715390715,1.768718531599601,2.069274339360931,1.9508030028749035,1.2799871643859833,1.6202742976485365,1.4983297474160777,0.8650662243006647,0.12958559694082872,1.2109478485816645,1.43916745437301,1.117145020944628,2.1158707077150316,1.3601183062029918,0.7886507121126818,0.7702279328383139,0.8439002174941941,0.909216788940959,0.45001013380062915,1.3943392236561047,1.0003838415201916,0.5647958187894568,1.1952311875827208,0.3146840028599815,0.6571984313157361,0.19135840243394572,0.4218096103835248,0.8500223005424087,2.514215266869658,2.994930984448173,1.1232787273208307,1.041073394430564,1.185406786832083,0.13750487664117644,0.9144104812984412,0.6235568627073287,2.1492295463369473,0.9644428881544856,1.7946541017702606,2.7706132634626837,0.7575967549659695,2.0396597280179254,1.051038428021433,2.6328731610392655,2.6597805980121754,2.0613535502101215,0.8176924618800115,0.24347386058238848,1.1204421417285921,1.9399348113995447,1.800067072370896,1.5570378184322293,1.4528082187763163,1.0176834690820828,1.4689713649085094,0.30750688487238503,0.47873785702758453,1.09013201898617,1.2078272498293083,0.5788245550994057,1.4941334512901916,2.616504438575072,0.8913927824974852,1.1522447517116021,1.7339935948349958,1.6307257003986964,0.7054940508286094,0.7459243498422944,0.6578823298471407,0.5323119413193212,0.5106328508877178,0.6479733802077599,0.500455602809403,1.732676986001618,0.8991816193228179,0.42767133622825915,2.4910091450084573,1.35536138544111,1.8297677337481364,0.8834139808356092,1.5187886520433074,2.8301924786165116,0.9685087166017354,2.116146459181765,0.840157015708182,0.9684746056409916,2.0577543469043826,2.601503781178666,2.7546136511664683,2.6668487379500676,1.1550410968994689,2.7842396032229173,0.4658061120409205,3.33552340345028,0.9430992106935125,0.6662942676805613,1.446705283139785,1.4153584392725733,1.423503493519181,0.9627788438825432,0.4352767975924682,0.5378098206368839,0.8032165514073827,0.40922085779731593,1.0475369719685323,1.2844913425231468,0.7911729336701568,2.1820792021289592,1.0691698196445896,1.5540686076763908,1.34444442365185,1.9530686962037973,0.9370561978431695,0.7721041540104493,1.143034068764782,2.2334847586684954,1.339497087766581,1.0917416936261257,0.816951096412616,1.2940765242573833,2.1401631163611574,3.8517466232650763,1.2548331108379407,0.782006023024401,0.5816446212660679,2.4398603451794534,2.5023281640052333,2.75180737445654,1.9815092208701746,2.4329264363502636,1.8631896461431434,1.8936113034773308,0.8545808157424652,0.5668788195268558,1.7697549006760627,0.9238278179893407,1.262956712886938,2.032431990369659,1.106996965408614,0.4244325393765243,1.6996734214012341,0.788858766584511,1.2516154802048196,1.019296007285755,0.9250856191144131,1.6291892307313989,1.4414651161724863,1.376841278854291,0.30620283899159983,0.6577533867797802,0.8354564453001847,1.556778115279269,2.6179806527656986,0.13326558090972956,1.8513575265603943,0.7210941420190301,1.0514948589473379,1.7029058438054825,0.9059506689643665,0.2412930598575525,2.066689626053605,0.615567325360437,1.1107674695990415,1.8829412890133672,1.8427552758041794,0.5303939795647706,0.8633503581854987,1.6712526566505412,1.0894485337797577,1.5476423103875274,0.9006731875272167,3.2853189855739826,1.8018572462109215,1.4226625911544197,0.27824409616013707,1.0174631849194005,1.3122438715360505,2.445452521023049,1.095589403125249,1.9998195854385763,0.7794749959495334,1.9653486795862496,2.258757834188141,0.7508399844322815,1.531966406554678,2.4542664531938234,1.9055730115183886,2.786153851345266,2.4681479904081756,1.1771188787401374,0.8913416923804791,1.087342417259075,0.54286646623432,1.884132997331747,1.4192448935681883,1.9893523548111594,2.6590645887939393,1.7921119049869954,0.5725515089530214,0.9307197437056384,2.8887600398840227,0.7931038267228606,0.16079835613681814,0.6748060506246735,1.9485378825132242,1.3541353334053634,1.9908369884105026,0.5832124399168667,0.15907607240995641,1.3447777924538333,4.004631551126244,1.9062468805621107,1.0566494633957526,0.7299528609847976,0.8950324823648652,0.783476946485433,0.8807682128932861,0.5784602021138947,2.0113167180001725,2.0990664101216447,2.094177983704411,0.5147331832271338,0.9360189138076738,2.1179737629839304,1.15718262302897,2.650767591476571,0.15312039474253802,0.1614255926538308,2.8263641366086807,1.8006345064109592,1.9330886093204946,0.6592869501452734,0.6684341136127984,0.3948904660236361,0.8129919687745681,0.901014988695995,0.2557414499784311,1.3636927602875792,1.651077572986347,0.8648943493462895,1.0762587904087582,1.8485843693010369,2.286907269220961,2.8293009522983517,1.2096471060829221,0.42029688391059805,1.9596763669896888,0.14306929840476856,1.164136331561436,2.389839036155644,0.18040279900466993,0.9162786372730973,1.665071826032105,0.4891166059940163,0.9119959678593292,1.0903216008983123,2.0870530809740107,0.5783247706328031,1.0308477610255722,1.9587077040875909,0.9380881613827229,2.519463323700083,0.5970200030332301,1.438148182933333,1.1994031656711421,0.5363612668973846,1.498663754135233,1.5937884649079659,2.0022832333868443,2.91619364157985,1.9731199307053426,1.4006484651480056,0.727512728713954,1.8777680076009704,1.29993805255228,1.9632432034843648,1.4060065487454108,0.2651711218408953,2.0066258640844,2.5777939533940657,0.6393069709707215,0.2634326360466599,0.43668085107679155,1.219309842282258,1.0962894242538708,2.3297484480009887,0.5425665079878796,1.5836247505036936,1.222043678182938,2.352643222032833,1.1187014406664162,0.3472806364504526,1.349742420081963,0.9307935536500664,1.436960082389463,4.04875987986107,1.0866795525809891,1.0621636846890972,1.1852112861104098,0.5097289631046725,0.9622636771610344,1.465113224223942,1.871886677226161,1.0867115529859979,0.5229595890019768,1.827312745959623,0.9881169721242038,1.1089780336663209,1.0758512068475807,2.474492378342025,0.6108793773488501,1.3526207716177514,1.445126098889983,2.2064474149060738,0.8641536415520972,0.782278810191815,0.8706400955654734,1.2215933309144302,2.9733735724706043,0.36217821780355663,2.50000297801512,1.302236791007117,0.6426739398399672,0.7419139539422158,2.5262982367481865,2.4666859139005375,2.061256664887546,0.4083816760828086,2.5190972450571993,1.1387363536773392,1.3658087372677903,0.8304184098350308,5.273911344996931,1.0073187881591816,0.9969214533655437,0.7811945933768601,0.26725379555701423,0.5367528438118442,3.922689664868988,1.1306975114467825,0.5555192406898677,2.2604144911692368,1.2101293868729792,0.9474459719699017,1.8197952233731378,1.7596092754788306,0.17965149725868915,1.288783809145483,3.6352338018720207,1.1190401990103667,0.8233981283643962,0.20028895596164475,1.5425368649885849,2.1797812105595913,2.0566835200162243,0.907124307323569,2.685257711481165,2.720915578496988,0.6233093254252153,0.617171604578257,1.3693839794106806,0.7882361188548153,1.441093230319159,0.3913963595699763,0.5997389300034373,1.361176283196754,0.9685569218478358,0.42018453001136014,0.37268643986236505,0.7093978746860781,0.3012546986680384,0.2851104833778796,1.515893423419238,0.48105274716816104,0.7115494865841299,0.25835977605190763,1.1750613184801566,0.7698604418787842,0.46428659751525037,1.4931619967546736,2.673072310979443,2.3862187917968587,1.895327379734975,0.9020193356878593,0.7674246724181266,2.2737235044339617,3.1025737706761887,1.6495287850284948,1.4998489822292582,2.0952936821109462,1.2551173605444315,0.6320613480193134,1.459232829477919,0.055555559437150626,1.4033920139962162,0.18772535709979463,1.5149264188413527,0.8989838032108305,0.9841834565733862,0.5970414769617511,1.0904613262133447,0.8456315852967873,0.949159893300058,2.1483810215213595,2.2527653039919193,0.9555440461853872,2.3681495617687744,0.42053202234952747,1.525027850717305,2.0875209544265787,0.6423493482114229,2.308033784285173,0.410379017234461,2.118746991636934,1.3192530970499328,0.2898172361363342,0.08290815057293016,3.6912889232941977,1.4449743845037228,1.5973417139262176,0.9509749459662649,0.909501711278861,1.5317231128949924,1.217783201475793,0.9262117946089173,0.5837899246351407,2.058747751688011,3.0798212702592327,0.8947480308395241,0.8659369190700814,0.6907723017748246,1.22789988058265,1.8250800956650113,0.5531355954318308,1.5483010656559355,1.433363107220676,2.16294437142816,1.4815081585321144,0.64092901205856,0.21880491845017802,0.46049983719050414,0.6575652465556646,2.1413240088250025,0.7693384655437105,0.6853461358114589,2.288978254341095,0.6973913303043322,1.7346128260019937,1.170320537264348,2.0720656629698126,0.36930716038271794,2.113630105826048,1.0652504659133664,0.6261694747960014,2.9128850944763167,1.3852754858101566,0.6073922638483745,1.9819198513775285,1.963949826544185,2.0045706263436456,2.136457663455745,1.0423679988779415,0.8504156336983635,0.758112257303232,0.9229943060973105,1.2988864849085398,0.772346322728327,1.3590113691024874,3.4658292578276697,2.1370025692577426,1.3262860355177042,0.7544153874968711,3.417887419213538,0.5443421436019461,0.8554792451862419,0.5926172090456255,1.947181829594435,1.7319985528269926,1.2553281889556174,0.8748410030570076,2.289535432093344,0.3870473624321557,1.8432479063753755,1.622219123243821,1.432210408642835,1.520882243027644,0.7665201838069211,0.2559097700182642,1.0608629226773383,1.1144485628619099,1.1033174783995612,0.5583866931451549,2.1976750077492073,1.5108051998722603,1.4686710622257526,0.7931723739543256,0.6899852306879852,0.8686538740654841,3.0741338309355437,1.0758403595566266,1.7584136943234356,1.4102087185423315,0.9483399590974877,1.0597900806238294,0.5387159271778608,0.9227959469494325,0.8410344418607049,1.5412761599128142,0.30224725749963494,3.4465937090389844,0.7790158904224478,1.4884405556175195,1.8069948413182195,0.3323160662630426,0.9593313892983435,1.2955697935829427,1.277722652995113,1.785636157246926,1.323323535459751,0.5993793169423604,1.4637435606097027,2.580332682137978,2.8316717722426614,2.0504292710358936,1.3299746615909775,0.9574010248025139,1.2864865854986904,0.9850790077879781,0.7902148291793893,0.9024708885971151,2.3861183851784356,1.4437155558903192,2.607807196523689,1.3817267406786256,0.9233684132870127,0.664479372851888,1.5801946799690765,0.94612043205549,1.0641615070378534,3.136609911825581,1.4521389592288612,1.0060652239839252,0.9873107622411391,0.9154728608213685,0.4675285008927281,1.0250712605969148,1.3799119492603469,2.882616666665415,0.773207383311281,1.191963720791556,0.9285660823446313,1.8213046994538797,0.1554683918828179,1.2045457661319523,0.7305048764170219,2.1193099281946313,2.0549107308775825,0.8188442887209835,1.2710508342389535,0.6879424182710923,0.5067248903422104,2.059434551313562,1.359011653471217,2.462240627836672,1.132758293703219,2.7754233605827743,0.23230962350040646,1.6972103252649218,3.703450674387428,0.5070642232710372,2.0351973423961183,0.7884147023047732,0.7804083948360733,1.1499991344895137,2.00588151775975,0.3965481493661687,0.7927940670596156,0.7334067317246187,0.7159917716206587,0.6887442880164052,0.07359178011848877,0.22228234551930284,0.1894096065351236,1.4731616206235032,2.7905694551035385,2.3276698624267067,2.369732517627438,1.139517355583486
12,1.0399282306913036,1.0009351096116088,0.5138228055335705,0.1308500815807054,1.9909606809089162,3.002668739504271,0.6077111325900776,1.393389164384811,0.3495457305576016,0.46145490456376137,1.0252269466783734,0.42422359297946355,0.2697655470034629,0.3193518035090691,1.767637353665048,1.5219400497883435,0.3221039209968548,1.0289531680268085,1.5662696594000558,1.383805547844136,1.5149461679787153,0.5205566730104305,1.1012405164000003,0.5288200231339321,1.320950449530959,1.3228811753712815,1.839178139977895,0.6233531722064596,2.5764998061818427,0.9427667989447208,0.9955571295255785,0.26577314234539784,1.8157272645541696,1.3606518348038699,0.7123745310878694,2.4466514112964717,2.0921575636631675,0.3668529840873088,0.2850105631196156,1.154630821783907,1.7854240956410863,2.325041779092234,3.891500610561877,1.1010900633444332,1.76657762227033,1.8018484733021032,1.0489848226683445,1.1481669483238945,2.7173692700500083,1.2157098569601108,0.4913739499072568,1.7747268845389337,0.5761091671402399,0.18436477797526202,0.9379049017694842,0.7852047959551836,0.828009160265079,1.3710551641217854,1.3444283971324409,0.7461156388606776,0.32009506609051236,2.035275822480008,0.5225072607761732,0.5368431323605334,0.8938368505863163,1.7742005393443296,0.38860756798894325,0.44974943869235845,1.8562128710724592,1.693183079052104,1.910626696638927,1.5081018472731262,0.41724603617315653,2.792021647018099,0.42211675238833113,1.2525401905102418,0.7618703275406876,0.9294350971047969,1.138872036197508,0.9693983173318999,1.8263152113734966,1.6302338221920623,2.303411679866225,1.6326017981710712,2.3183276584899435,1.5261562385759693,2.558627383259095,0.3092365945303198,1.1006436621618685,0.45977112607654885,0.44218842101588707,0.7619408235811284,2.81617231535361,1.4077990598101338,1.3463235841613104,2.421013146765409,0.7478621418043727,1.9223861178313506,0.8189364017057705,0.9003222185757378,1.6479781572172865,1.7238369897628805,0.5847923514136665,0.8609503700179144,0.5316044800199144,1.4614747813830278,0.23967023053580194,0.3941558441453279,0.5756790929635802,1.8192237074350213,1.8549133497180446,0.7744539455369862,0.6719570651056381,1.7013945502505554,1.844215727758146,1.385560061029644,0.7420064422568742,1.4628936324353494,0.6510208847729204,2.7577777615857686,1.7010424977170164,1.018898162845733,2.0719130611323506,1.128777241945234,2.7264461167890213,0.9063262657704468,1.5012435189864883,0.8923321304161919,1.5739637731965637,2.6281390287089446,0.29199168409774695,0.5789075405058737,2.1881896797022535,2.37532203998465,1.574774241303739,1.045349815487349,1.1385219254968306,1.070454418544772,1.2729268779045677,1.2994980282187756,0.8346135243628111,2.8944771803157368,2.3844557111391715,1.734257073021389,0.6207289639903668,0.924685978749095,1.1457273586963623,1.5439206479866159,2.930336129955121,0.8539992293703739,0.2816064213771261,1.2559881568880231,2.270279649881872,1.298249035955702,1.0467249242106427,1.9293492607330647,1.236463092384404,1.2624938863497097,0.7941841130601539,1.846939910669657,1.1141876230924024,0.12044557959319474,0.7290654850035342,0.5738334735195965,2.1612545843351847,0.720462897702352,0.6636497069278436,1.0953972070603064,1.1384170576968953,2.4255805341871026,1.4166660650481362,1.6541442049243316,1.1261725013263963,1.1739823527080435,0.7254945014901448,2.2607087360259377,0.7432273542394191,0.8724557264492657,0.1360970195774534,0.8020335874972447,1.359588607259186,1.435816420616579,0.6437287475613691,0.46365643718657273,0.7698105714413588,0.08407920384051706,1.2386224020558796,1.2012297274786568,0.9012128662359857,1.3016272535567386,1.1417179399337452,2.271976491954758,1.6861830537855174,2.8183726161208487,0.8382456007660654,1.8819517821885139,1.340022810886247,1.5375735912706598,2.3737485085300998,1.0578824396236857,0.008788619027121298,0.8047758973995128,1.8097892316837352,0.9391401706871292,1.285782430050388,1.7691202722047312,1.7596419863396469,1.37427334318942,0.35274791423978163,1.1096337484508871,0.3416663852078274,2.1504156029094164,1.4205146131462536,1.6255614795007378,1.5951983645360657,2.905918021744181,1.7828315051584918,0.5234835293776005,0.9397031783996868,1.6007504303569453,0.7815532430164223,1.03830915144544,1.5340699207740123,1.484667056955038,1.5755277566051586,0.6347352302501565,1.516472793452046,0.8427150278028696,0.47432481530367787,1.1365284086283647,2.371794406954129,2.2918341249018197,1.61811746910913,1.1332252494173158,1.231293974074437,0.5958834823852057,2.311166832008138,0.7070301415056238,0.2518124945639938,1.9494757037497876,0.984694356905683,1.4702565262646805,2.3355254223704303,1.9199067946066606,0.2891109534916063,0.8083600449202158,0.9332251430441322,1.3957470301843555,1.0407646254473892,0.4865414608025749,1.119362264152275,1.9576893076268786,1.1350482040328291,3.1681209557412195,0.29324461525970924,0.9723370821918631,1.3327241105497662,2.437418521586316,1.6205825914055616,1.367551571183667,1.2137946950071508,1.925327912121277,1.955627372501715,2.2198173640626533,0.7091297865600587,1.1687526052829937,2.4534086950825724,1.2729742151582564,1.4630252131453867,0.9514125216542677,1.157609552636854,2.2038152496033456,1.733698122739792,1.8581509454706069,0.5115607947192321,0.08350492489719108,0.47754376196979614,1.7099825364970638,1.4238076148884145,1.1314695812618887,2.7154483442991024,1.1331775170258942,3.315840516166552,1.0301564139655643,0.4371081759624963,0.6838824902940848,1.030598690421323,1.2713668973889638,1.1411828983432448,0.710176156809709,1.1866748523803452,2.0675463068294953,1.5011465696470296,1.8405963625281132,1.4660891133867429,0.9662540242137581,0.633411985529712,0.9417483027778039,2.181885076150664,1.9030094913621975,1.322836712074257,0.0,0.8573586587353179,1.2839959464846276,1.2629391345850318,3.3590062558718707,1.1760957374992955,0.3466469700351202,1.7577544089755697,1.2771036778865559,0.4063618541419745,2.086735192748571,1.5737983402064608,2.2733373567450195,0.6375488882496544,1.0341616494678065,0.46329235032451443,1.055424654756331,0.19033015610708015,1.3096441650942734,0.44575172205049896,1.0456363880047403,0.5070224995674555,0.4148560789938725,0.9129175990399032,0.008824006960222903,1.27965878924655,0.8698054977024177,0.9955263300897785,1.4568120366310575,0.6558143580568504,0.9300813172052746,0.6290827790053224,1.2315808218493645,2.4739015339548796,0.691851960735181,1.495954530850058,1.1830805322237206,1.148907872998796,1.6164971554194358,1.315900957536647,0.3652777835257447,3.3069440980795517,0.3461475702702763,0.2884152287297975,0.5060431231002328,1.1446920195126589,1.5087871560290385,1.5294031764074407,2.490927230378638,2.454350773152235,1.7704639586382551,1.0700312434623696,1.4856294214952834,1.018219051579221,0.7533385965201952,1.251200068314248,1.770330580072386,0.43089955166608557,3.1775206100390747,1.885110068109385,0.9612508967721969,0.4157712117848692,0.7234418007090813,0.452151309982655,0.8860009949451175,1.6465366584800167,2.3914444550150225,0.9813160983321363,1.792802307632963,0.8614121170125504,0.5295742311511795,2.158740698117992,1.4301851678710307,1.06581056709017,1.5008228069321348,2.9148721899685412,0.8963068153699975,1.0139656502278231,0.6064504171855536,0.8139581108498017,2.0534502428551877,0.4066033024328948,0.9534755678480294,0.31004180829405736,0.5762987206550613,2.101347023290322,0.20714285051020428,1.344125049065127,0.5934715037675364,1.184956455693826,0.8315696163371744,0.45397896449530095,0.5777653286498048,1.4176047709014272,0.8056906271297186,0.8900479005334466,1.2545107632229247,0.5383040741518962,0.4546058234695421,1.9897302606960596,1.218822451366237,0.7288465204038445,0.933699398620724,0.3518826590941563,2.0859844611524765,1.3034244315567876,1.476497744561268,1.1216177254894528,0.8899073371034116,1.3882486547181814,0.9741084059897558,2.1201930170004175,1.7710595174909187,2.0263800999303,2.007777315746087,1.4261361733230762,1.99004334685561,1.25060794595105,0.7401402243789025,0.13562345331942613,1.3268251716734074,1.1548981403978984,1.5491807827233652,2.376126493761585,1.1612000861074838,1.1498318529661793,0.8339336301089888,0.6736759898522795,1.1663956672124163,0.5333673526575095,1.2763346516931984,0.9513666265077122,0.5644571489837455,1.2598703832209668,0.3910900701601749,0.38533439283399706,0.08227591889281038,0.4802268004806951,1.018583149506934,2.269382080807926,3.098195840930847,0.8685770256513732,1.1385382683839897,0.9006314226928205,0.15438596824345285,0.9691756149553131,0.7030597078365214,1.7992839880348086,0.7311234109806162,1.4290373867449238,2.9701559714634946,0.7304297360659916,1.9894552657566362,0.6343975517114276,2.5723717176289322,2.4872899671194153,1.662338339098596,0.8618754753495037,0.43695790383297306,1.3443486995967384,1.8471810074574448,2.009198400451237,1.617016129325837,1.902190195701031,1.3200999430629092,1.382305819556114,0.2649725787269809,0.5579491802672045,0.9597383891612539,1.1823702533053604,0.21605275130411916,1.2414451636768513,2.563770931526865,0.9656631013520732,1.3367304600308438,1.5364571173457051,1.6824346151001142,0.8847314726892628,0.784449697990226,0.7510070216395923,0.5401496928439578,0.5978825278741975,0.9781489521574038,0.6063010588732681,1.7764386151867773,0.9411089591594389,0.6230822537541645,2.421589315164836,1.632008397017643,1.5404833718678583,0.6275965081547024,1.454859134571076,2.6484088307298737,0.9980568125677751,1.7542601276186351,0.6932108795328659,1.380975512808068,2.1641930870337616,2.5130230378009966,2.2539440326673894,2.860377600370446,0.7641102941185135,2.916424251264681,0.6655268307625817,3.288745893234205,0.6953023983382091,0.6805464471457172,1.4532843965228666,0.9626409779050222,1.3825604446864976,0.8015542261867088,0.2426787312453831,0.5092616949401394,0.724046558781877,0.4715218190583357,1.2111715908503797,1.435328071175549,0.6872617532019056,2.3882541525095866,0.9736820906635845,1.4569984750070195,1.5976259359204352,2.225787172211822,0.8161211609918504,0.5405060451513078,0.7335080191700899,2.669447214552899,1.4940021497685618,0.8456116920760671,1.1096909242441688,1.315757389830485,1.9029497533488797,3.0148968875736273,1.1797510980337251,0.9858251144194743,0.9702730737828738,2.1473381721252442,2.85992000436043,2.1733147881663886,1.9258680823460679,1.9630357993720613,1.6427336220087787,2.082196110261991,1.1060921326524962,0.6029220947036221,1.858560325048888,0.8293191895418626,1.170002803095396,2.336209797159797,0.9891040169137334,0.45748220284265817,1.579792412106028,0.6725005204823906,1.2277620401379281,1.2657999474147812,1.1453045852386345,1.6163926395630532,1.3104761457710952,1.446495024165424,0.33325130646375845,0.5452169694833868,1.2227174963316438,1.0429262533069725,2.991177147989828,0.14302007163878702,1.5437305717730907,0.6695414085157938,0.9764099898983556,1.6080984626993406,0.6416050805782798,0.39558892694308173,1.6476134305973766,0.6253989507475072,0.8783343384496951,1.6852252412241555,1.6553630960824295,0.6319851900819877,0.6780212660029594,2.210364272650195,1.4072630303928382,2.0354001933000383,0.6879936116802858,2.9931625250173797,1.6006949569630171,1.2346435791452826,0.5158383201088286,0.9935840053679417,1.3394002615175702,2.6302165176836914,1.6328324115884945,1.9208273541039127,0.6088114139055983,2.7987163786968186,1.8652786753733306,0.9104431488709397,1.3119313564856458,1.7879547197792809,1.6615526238906564,2.640842138108273,3.2293070867088765,0.8426218300759578,0.5806304289352159,1.1275000108464606,0.6373305725583164,1.3669150636299165,1.7855403843018767,2.1370235801732793,2.439789173228257,1.7344394050887808,0.5466953053444206,1.2522741387109346,2.6641922647773693,0.5718910898277774,0.25770353608130714,0.777006656908332,1.9402011662027654,0.9900979644824666,2.234662637229851,0.735743369472466,0.27195192709307836,1.1599765679488043,3.3248227519338673,1.9074033748010506,0.8159595648598655,0.8810836118497178,0.6710889792474578,1.1856510613479263,0.9397319213283142,0.5683414045761692,2.0953163738987817,1.8395208891319106,2.3517301238023265,0.536211197730075,0.6517783225421767,1.9431102045738533,0.943042647905112,2.0657760952861204,0.33378200094487576,0.14308177519215573,2.6095738141077254,1.813510196860157,1.697938920074423,0.6428853160020365,0.5251305684831342,0.3721274580884392,0.4524280068791275,0.6916959127022089,0.3433073758980596,0.8163272132477483,1.842108424579003,0.7077308193373597,1.0492540290867582,2.098986432618203,2.1674013489049297,2.8995262555061636,1.075649643397959,0.4862565573377011,1.9462575366604828,0.19601347633552996,1.392439107509444,2.297925720400402,0.22563436541664172,1.0514203569214466,1.6957887466159915,0.44658472613333267,0.6371619055052257,1.0062241418942777,1.7691027156741512,0.5982875808984174,0.6464091320907924,1.8885246517812555,1.1159649362326964,2.39832325657507,0.5612296665004539,1.5261264893955206,1.214572636739713,0.3416895919373133,1.5282274688888595,1.5054084036230952,1.8617803802212887,2.8991384117125016,1.8674923195022912,0.9995431239725305,0.8744612722737386,1.8550478679114428,1.1540206696743893,1.9799086282519194,1.6100675286449289,0.4945613940582827,2.180094322241782,2.2807215731836967,0.8009399070978124,0.4631475499644129,0.3227211079717403,1.029104487219609,0.7324969097937126,2.4559922763144173,0.8984195585833452,1.3468969987173494,0.9663832652703279,2.478273993331787,1.17278140431222,0.3889830731117889,1.2372418648623937,0.8654913333548019,1.390816061181887,4.12838607957994,1.2024600719192964,0.9403699950547717,1.107769606552835,0.437454175182624,0.8405586839108917,1.7039908332551734,1.8011939902034653,0.8931259431471151,0.6591597478183379,2.001487618191163,0.8255889625323605,1.3079086608124268,1.2161479159309816,2.2223626830690137,0.705017253842746,1.3483072936940612,1.38351915706534,2.375102957934569,0.8990236529176686,0.7274979963764043,0.7769801182877932,0.9892626615284091,2.8537764572909614,0.5760931408241652,2.429689530003177,1.2326341844696607,0.70511177115545,0.7413650099997213,2.1136425620004013,2.4815648889813957,2.4593396986268514,0.5060349583932169,2.116010622367257,0.9692564657355016,1.150907426643562,1.3632811418678823,4.940533735309199,0.9664646172767751,0.9000081688722268,1.0686499088601964,0.22393730816564428,0.5828069369587459,3.312755859799255,0.9455949901534488,0.6699228755696963,2.1356328434919907,1.5439616140319863,0.7463577745355073,2.0237558195544034,1.5276524613026246,0.22967459980750177,1.4761332386107013,3.3419595442286534,0.9450220449005964,0.7667163645874213,0.1489954428807218,1.1518775547133084,2.5597563692220717,1.9521348808110828,1.1874933307588327,2.7706635617320674,2.342649792648929,0.6445308909284386,0.49872407016372594,1.3041251497027053,0.7831587386581362,1.1338796642187075,0.48425720253885624,0.8960822206911049,1.2708097345371456,0.9008367404512044,0.3758065208667637,0.5487776943127155,0.5971047169883444,0.3304851642767319,0.11237218211037397,1.3755531783744528,0.6938005223677515,0.8034710729154032,0.3070282412466214,1.151331002396149,0.7247278430033558,0.6522017259929453,1.2269884920229186,2.2219660855358274,2.5135539583991156,1.8802449468423623,0.8806095600349813,0.7262669370688905,1.9528142295565862,2.2876524921178016,1.353807986821242,1.2856757380985386,1.6753861436102362,1.2361874803218031,0.4104526794410805,1.4501706886334227,0.008865248861443608,1.4663908556741945,0.21334354164707198,1.504238921126892,0.9491416074198038,1.0347351979206776,0.6876746636175388,1.0102881257734762,1.0489663480739253,0.6765303033232676,1.6278769897299095,1.7527975296798437,0.9649317052067574,1.974345220219433,0.546323404892531,1.6627860727955754,2.35389549993333,0.6740565661823588,2.2949696465547293,0.3076228619010416,2.2647725271039394,1.0704382609988392,0.24534033359291818,0.04145407500446459,3.7000375469712306,1.5692047156325573,1.4612944788558617,0.8902662697719601,0.8477961099200895,1.1749888206032948,1.1172913755995353,1.081853753762035,0.7869918568647046,1.9613826881989511,2.3292163112733135,0.9335034372992639,0.5854746830249126,0.9494044653487319,1.017450408734589,2.352510881073028,0.6033930694697951,1.6929467320785963,1.3322712662445615,2.1053893802380133,1.517798451534175,0.6514824686629166,0.10903533689532746,0.4432036047295054,0.48160683142786787,2.2953255824604075,0.47099627758897306,0.47690056497475863,2.3559878719914504,0.7540292120130048,1.922250573773882,1.0675506792492213,1.8474774815807429,0.38883079361791295,1.8830798555517778,1.2595990386149887,0.7723244197254688,3.3935898179423583,1.450587070379423,0.526180841196315,1.5695296315329141,1.9644224300227724,1.98065496088056,1.8780337775037146,0.9382373261419136,1.1150743828955774,0.5599340583264975,0.8808767662349951,1.311879566369854,0.6966757656040956,0.7809823668123078,3.564902441749609,2.0614627066091367,1.0351879863317563,0.4787293496232587,2.465185094407826,0.5073886696287135,1.1138599314677284,0.9183696571541584,1.5739269469556074,1.6012385803302565,1.3586916655001113,0.7433455906666906,2.463425274629806,0.5833074340201149,1.7227199540492555,1.5078853380833495,1.3809728323599058,1.8279818964035401,0.6444945661901593,0.1812778725600938,1.3863292409489372,0.8803379985786133,0.9549856604472937,0.7302309795556374,1.6308369985011106,1.076041587131715,1.491842152191161,0.6598045843064657,0.5651498829627791,0.657910465453325,2.2280327014658603,1.1477120580132236,2.1169594949156636,1.8948623850510016,0.8532094705675168,1.0741342678857877,0.43322581535408,0.8491436056924442,0.590831087351624,1.096340174252903,0.5234389850910529,2.918857595239416,0.8108359510796445,1.554743782426451,1.4357814010373653,0.2346160491314901,0.6063734716417379,1.054897770038717,0.836500553247559,2.2501584940783137,0.9034223042743277,0.31862905077389936,1.146461757544875,2.076557332858241,3.0080498407599876,2.089484826299243,1.4119067260028229,0.7835183257240906,1.5881051122201346,1.154779137250952,0.553681856244529,0.8922545576946009,2.583415449085973,1.5728129058680018,2.5539835642924533,1.5149804206982416,1.1675918487805101,0.5246578808798767,1.9028311419589135,0.9136028256681037,1.1476976099744647,2.403480874168213,1.4792235852995146,0.7877200867597458,0.8615147376230823,1.0075863464489463,0.357996621323942,1.1805268934273967,1.7265638522447073,2.8496693227096523,0.8542890546551929,1.041868964187963,1.227981995126501,1.6511415377053806,0.1021465877897724,1.1896158450367946,1.0347608216697914,2.244419342635344,1.821305226632431,0.6824391882138738,1.1665051190719373,0.570921543370241,0.5497157194334271,1.9510136147755768,1.0830286944361114,2.421110744778479,1.129357954634502,3.0912334497938883,0.20095442937303473,1.1880653397931988,3.4165349510228715,0.6153356844839255,2.0231650007310455,0.8108153429581426,0.7237650294815762,1.614865430651645,1.752181812588022,0.3025419616008588,0.6650637523338983,0.7726243646720948,0.5936184851994808,0.73882221807991,0.299078013331137,0.21685008082119842,0.19998277461522845,1.0037041019628847,2.3489427246247665,1.878070492046328,2.0004580278234774,0.9309070421938295
13,1.1185246992345537,1.1180920673925507,0.5850081091066667,0.24469378010704418,1.8725650601809014,2.1309759751549118,0.4372143977188161,1.652705836633436,0.1920419028851837,0.6496663879327174,0.816779154775743,0.375764445067576,0.22148937578970956,0.3056172102923478,1.691856273021004,1.2626089985066355,0.3037079951234102,0.979064778045506,0.9922785249578977,1.0427658484551974,1.3897180126532107,0.39914049321822953,1.1243400166940614,0.4795251826330931,0.985561485305412,1.2323161498333892,1.4558824537329416,0.7303652453531633,1.9333048278965324,0.8123090351569641,0.9140701535524312,0.20174705613838032,1.8233030811920363,1.7680249518235738,0.7304101700318536,2.3538207413667185,2.2874098959717584,0.1962557075457942,0.5562667032601446,0.9705427837091837,1.026619606935734,1.7616960440523641,2.869595204288747,0.9567487009959115,2.049365099710995,1.4719396497527923,0.8965143848345162,0.9622474733252845,2.3101821718315283,0.8766098717704046,0.6435421678919216,1.7157183256137751,0.46617040837365104,0.15846515642124773,0.7378990087821324,0.6502763371848927,0.5605684108091641,1.2786584996888761,1.3360531021173658,0.6426930368708573,0.26504520788915853,1.8089918291854925,0.5438649279077593,0.49705502355448344,0.6901796180514612,1.7233006136332372,0.4856369343719721,0.4017030486764267,1.691312380783236,1.920514344608593,1.510144472646762,1.4805983913308853,0.3360201606845455,2.604164464399851,0.5426744556532965,1.2096383862913025,0.6729201261074982,0.6796222240912536,0.6841282714739099,1.0100384754987863,2.063119574002717,1.3234196258504816,2.4082662790600233,1.6392047915733858,2.252856732310479,1.8184196220203295,1.9815370201571185,0.26203343170372473,1.210127235784912,0.5711268419405806,0.5282564236610974,0.6592175750456064,2.782407125131305,1.2318984722251554,1.051059494749185,2.0076453866097337,0.5141308836682272,1.6853311736457397,0.9973714867237309,1.107842215075992,1.620813874836919,1.8947203030904411,0.5089948614284312,0.7125433258232081,0.6636047704671381,1.1183609709520541,0.3671036421594212,0.31163076637432097,0.6652482109390667,1.062852376368669,2.3847617892581066,0.9975571629132404,0.5196098131142824,1.5399990153244323,1.8951440077834782,1.5888018617264281,0.7403883331943011,1.7350224153069576,0.7817356662244723,3.147669057502111,1.5440683800973949,0.7476650954716492,1.3401647547154552,1.1247941820289504,2.3209860796339745,0.6482166112746682,1.5700077473208969,0.7898762907813461,1.4950530980831682,1.8709049692674906,0.10501265040863508,0.6185808035497794,2.073975275866536,2.2475294222747655,1.5673763804879117,1.1625294541847262,1.2704471988532045,1.1527085427205206,1.6930130526862737,1.4262775140181685,1.0958576779953229,3.102719375492524,2.317217662757992,1.6714183263328695,0.6459147111482131,0.8628167777148158,1.1772816975194251,1.4464704077891506,2.9179159992877963,0.9658359371132316,0.2483303713253912,1.2243568706642027,1.9510346819282347,1.6146944845383586,0.9327073262478369,1.9839390030446877,1.135248543966703,0.7588004115503084,0.8231018983050482,1.7207026540955368,0.8116424157750615,0.26276990134491707,0.875209206430191,0.5453528190562207,2.3446985688473645,0.49385187898969124,0.6383574647871465,1.134414432374587,0.9062779575970139,2.8454340454052476,0.7684106256907998,1.931909190581869,1.0949192901664304,1.0550326619224097,1.3019867148226485,2.0512682021881226,0.45410490238367407,0.6343113694089929,0.08491847456876198,0.7200327620033576,1.1089105590348614,1.1356740982289635,0.8388245459826511,0.3281922328825969,0.4737371290887461,0.1556318246120952,1.163205555689398,1.2111830286753338,1.2852640252364371,0.7214067123713916,0.7587118969239482,2.270567731809653,1.6206025190947435,3.4320789582848237,0.8498436219217945,1.7443633977176711,1.1982056698430663,1.1630942656608223,2.08939855105483,1.3060304939480634,0.0403625464501841,0.6580759027722258,1.6836823447972333,0.9398650069369842,1.5241588114094955,1.688701098125458,1.5006013198651154,1.188810292632941,0.13211897954529098,0.8012244286177747,0.2851689123996694,1.9635653401381299,1.0280776033116519,1.3178714659146078,1.426946450839941,2.3572279490100514,1.3767483671201548,0.5416690607332604,0.9652092501355385,1.5744906780418106,0.644891500612059,0.8779793937577811,1.3101691488736644,1.4395725813551405,1.5195281799565354,0.5993023687636391,1.4463691821997304,1.250322385601829,0.26345141649640635,1.1830140799148965,2.3002261331273575,1.3970964595617654,1.382991941174191,1.5827260200390474,0.7090289656015264,0.8198007945645415,2.7570104499573196,0.8222642527404932,0.38246991771058625,1.4691553044610064,1.1511325619237458,1.3427787472368005,2.0226882740728485,1.7225098745557954,0.21036937279041337,0.4898486948701861,0.4258055390815244,1.6370379276239435,1.0848015109162341,0.6618129134944483,0.976194897903158,1.8273850262611355,0.6394677322012694,3.0266727531782305,0.27657609550486967,0.8647412507718164,1.2710402292151706,1.4600072245579383,1.600142862842882,1.1918250075267853,1.4285225418845877,2.163429869807855,2.136765868622728,1.9802721919176285,0.6853298522950745,1.1745226090453262,2.359829020030535,0.9068381939195693,1.4552043157136598,0.989794724430645,1.2579591023172714,2.162122508370895,1.860973086913413,1.9845169997414467,0.6242585394317404,0.015409886383773663,0.3643682905975675,2.031628848135896,1.3905746648124304,1.2592323656353033,2.565506618848042,1.032773731621023,2.7715722830042226,0.6806744215746832,0.4760259896309272,0.5616798823410961,0.9951472134450172,1.4356813667732549,1.1412527586215728,0.6067434658541038,1.1553219967942179,2.0034736421808255,1.7250240065315388,1.6574826562749925,1.4962438462472263,1.0804085689707397,0.6970430596517577,0.8566005527538594,2.282111762751932,1.7721562150472736,1.2762655929474194,0.0,0.7543266456114281,1.0734393713707484,1.2234167300551557,2.6136028137700777,1.4528354948037459,0.24781824752825815,1.4459766920393478,1.3008750260942683,0.3501228524365577,2.655390027275432,1.4178919541922148,2.209700449673986,0.5489653429329087,1.5204520415113312,0.4607548689450229,1.0293093312690074,0.14256198949562188,1.1190227218478386,0.7037958748675499,1.403816041147469,0.7111024000060109,0.5885385315705352,1.0132128766979647,0.0,1.6100142627869836,0.6945803154149821,0.8164239767028572,1.2306370946849645,0.36306603353736183,0.7792655054637052,0.6179141899966076,1.2245567082979771,2.5759793755971074,0.749052610304411,1.9772493008063519,1.0744686559575578,0.8638775208636462,2.107718701944134,1.3022035714040368,0.16858974624265138,3.307569488457599,0.210317510853091,0.3298555476602685,0.40806776052304194,0.9599271202379467,1.7028827073436288,1.446191605454324,2.3528150524711218,2.2318993059415257,2.0361924186732887,0.8594516037439615,1.397253486481765,0.875761244442446,0.4492450227610028,1.0690862482560006,1.6112857777612548,0.2910833139824359,2.671017658462728,1.655524565458525,0.8536108834309888,0.26612856931323026,0.6088972637135274,0.3038768539478303,0.6748652430455002,1.6103456193055787,2.506738587523597,0.8468306478488565,1.1306695227997285,1.1546135617198017,0.3675165710585867,1.8716715786537554,0.8524920827121893,0.9738551080229054,1.6126000951129176,2.381510765640897,1.0224663417760635,0.6410300113865544,0.7090465446088586,0.610507354177548,1.580181951562087,0.49060061168299995,0.4684866595512727,0.597959580891518,0.5253879644876354,2.6318956521972456,0.11904761548752846,1.0238062031084358,0.4138204028995054,0.9243582138978865,0.8095580233375606,0.5313956598178082,0.6651611014101512,1.1918283050062017,0.899172424583933,0.8676433101636781,0.9755210907711919,0.598899926749588,0.4834125019225006,1.8177378111167093,0.885488521977642,0.7198626842652631,0.8487251365476876,0.307973133381948,1.6969351324968411,0.8561517192536814,1.47093887367154,0.9157371167749876,1.1016665557767888,1.5281719792331285,0.7220247063311122,2.0665313436701247,1.6454689989643023,2.0952751742137585,1.9066928828400045,1.23886558895479,2.38067994715741,0.9033864398071074,0.7237706034148972,0.0849359000101985,1.387849887307549,1.0514214448126276,1.7477709864989288,2.2701134879526417,0.8940041658653778,1.67611404948248,0.9737172919956032,0.7890112720842837,1.3664328070754879,0.5718695939665412,0.9345500780505601,0.7186777592566935,0.46040213120183554,1.085196610771288,0.37494074742956746,0.13094669355036065,0.034252800502610384,0.3765874812440024,1.313062125840998,2.1749006448926558,2.639047910897764,0.6433249534713357,1.2486153728371636,0.7972500886640003,0.23555556040554979,0.9686139518635747,0.7976534711507359,1.675713440971008,0.36064207011663524,1.2664197208143166,3.0256153865069537,0.7056819114902997,1.9691497631965584,0.45870920969249424,1.9312962348046074,2.062238742215313,1.1296104345406517,0.9797751545562321,0.6124140971536679,1.793016585149708,1.4189857022044843,1.8753092805879532,1.4403668277069472,2.1789806069069915,1.2555329875906343,1.1228763215116837,0.22296763557616145,0.6619260816803446,0.7136554828936507,1.2992857138285727,0.08144125343663403,1.1166092120858704,2.187262830494653,1.134703654481331,1.7114927548126575,1.6737031464311833,1.516641813581777,1.1155979125548723,0.6096021064176691,0.7663059486097714,0.4860418771552447,0.6036274752379964,1.085600790815474,0.542528375258575,1.759436799210424,0.8781698663328976,0.651458930515777,2.401400684543937,1.8896004837384566,1.5586019728365976,0.46029769151586664,1.444477522205602,2.3071288232534872,1.047655494257829,1.1422668488482368,0.6431990479061722,1.5828660509187793,1.9692213154285474,2.322827149398573,1.8780836360268705,2.80518312646255,0.652883510533652,2.4188601220316075,0.9945360399237407,2.935235255826778,0.45644813390477285,0.7841226009475388,1.6177187079143054,0.5629290187194561,1.3924369109808388,0.7246184980451449,0.22398462818508502,0.45551419925257886,0.6866071031385828,0.5858507358050288,1.4063118140605828,1.4451384727959564,0.5684135327122952,1.7130455126882962,0.927247841055786,1.4572978673221975,1.5790685494249728,2.308748500653973,0.799894340102107,0.4163397672988124,0.5236200611853788,2.8759476238643904,1.944697054706529,0.8508754533619414,1.147783211506007,1.3071842032391516,1.5150218476151454,2.154097946105793,1.1909703356073589,1.1720557433530363,1.6276623669617396,1.8017346739359523,2.991923132183734,1.8441330237805535,1.7980247065545196,1.4483499763314978,1.2281322267770591,1.9755889386931087,1.456097823837421,0.7597824772552223,1.7240820519682174,0.5899003949732533,0.9057016019265356,2.0484964343713608,0.7883754864259767,0.5964008588626312,1.3689944363238262,0.6085406120071908,1.033856611072244,1.358904843129959,1.1790950171413779,1.3559959313216254,1.2903086860373953,1.6150239142533465,0.40697871389349577,0.3686437087338795,1.5020602190988483,0.6594783708386781,2.493277356552145,0.08902690334521275,1.294223897406118,0.6129759125310336,1.1188534921316624,1.0909690582392528,0.549600925390453,0.5797603438328691,0.9945750490872566,0.5776083001323676,0.5926379047075617,1.536195687805693,1.4939759809098074,0.5655827272243407,0.6531571793172195,2.4695347067927393,1.749733467729857,2.1381752619591885,0.44366706866122546,2.58373658410859,1.4400887748019748,1.2784316599561758,0.721400502722637,0.8983948520529663,1.1766930590138955,2.71208689208876,2.033627137314517,1.4320704550777426,0.7721889124709911,3.13803067331649,1.6264748045874544,0.9154329797487999,0.9291200755478776,0.9500190733120604,1.740724436575244,2.6097444743635365,3.261377226546513,0.5521442368588523,0.4214721234664215,1.1663114203628087,0.5900248718100098,0.8828982125298389,1.8366244533761262,2.059426531118164,1.9333224669802438,1.3511254797262422,0.6647604455535189,1.165345951255436,2.4975481195407125,0.29623788864743733,0.4695828117840031,0.7309332399839099,2.102849311809783,0.6117989809151625,2.3800938751974456,0.7062168075620344,0.37752441373162515,0.8373002174041435,2.4865170348692818,1.5677795383493631,0.7254728494896496,0.8789550097552719,0.40087212979227427,1.4658798564647197,1.0284693723292841,0.6207901173465923,2.4114388763117236,1.351939516493412,2.3272147977423816,0.3716891380871367,0.5917089765500783,1.7425680120843783,0.855660761445997,1.5809727048285291,0.5732462011648521,0.21109500510240442,2.4926853434781084,1.8252005503805608,1.5700771723725495,0.854653004266053,0.3548229535761464,0.4228400922174334,0.3633059712776592,0.5683750395376505,0.4249224338645191,0.5368249568441378,1.8333717658620814,0.5682066815692296,1.237874934867218,2.264316351265398,2.008958845250751,2.6859641155075886,0.9131616876082369,0.558796822511212,1.927295062263834,0.19250156354063164,1.4245805427795257,1.6892300795803865,0.25013452335372305,1.0857134035300908,1.821710229397562,0.5804709820225559,0.34328189008975396,1.401557670339972,1.5767869427255907,0.5265655541275599,0.3829423142554821,2.0960347643282313,1.048953547884025,2.016796480848355,0.4389528016143663,1.6367874359577352,1.0875947846685727,0.35158877068135574,1.4923921931336284,1.2193790442493266,1.8717665611573484,2.254013703220063,1.3627280208673438,0.8751073742643407,0.7715108740176633,1.7656648072793653,0.9079868951307215,1.9587674360514735,1.6821407446709846,1.019451184496099,2.5073719535220906,1.6940103810331173,0.7600581858713249,0.7214372025926716,0.18048840076392209,0.9650390648013952,0.5819829695497356,2.402215587373383,1.094199838481007,0.9904946839521607,0.8015985441019798,2.5428416591879315,1.46002522889517,0.36041886409781243,1.2517969803447806,0.5521084344067673,1.0598946265761662,3.4685773215547515,1.2895904666562275,0.8954110253180314,1.047772469758928,0.2304893981166431,0.7795494950065618,1.868884133692204,1.3092085566905578,0.6780149145884315,0.6967093572060692,1.8835715786400118,0.6991410014274964,1.3752711329664122,1.5813633546352512,2.120360803536956,1.088394524990969,1.6621656635147701,1.3188788927950652,1.6890113209833402,0.6627654865324495,0.7314627275524217,0.5686507963065037,0.7636905651523276,2.421533523039795,0.8383782512690552,2.390172917807827,1.0771497403006474,0.6399171144705953,0.8134437212564368,1.7704498596691347,2.3495165045748414,2.8289756972030515,0.5286379979929566,1.7937078583975943,0.8750348335152934,0.9328305785837283,1.6214515042356172,4.02278799181339,1.0123499732718346,0.9958716578123321,1.0754500688092858,0.24105561581840373,0.7797566144291568,2.752403376282852,0.8942818630314664,0.7650745246803776,1.9473159001000129,2.043373612295271,0.5139033922654346,1.8999254256933436,1.2315747081818482,0.2128203691055415,1.4540431216832228,2.830108190551384,0.934313955560423,0.7477210453315952,0.10014447783179786,0.8817657127613531,2.3817594313134465,1.682663912330052,1.9348413623207752,2.9011243021503876,1.8756726693801822,0.6699913047261296,0.5511236920122957,1.180923239310133,0.9082375704091347,0.8357926813845069,0.3947089076275299,0.8735573020238663,0.9771951819758385,0.7856549277490293,0.44790968759172856,0.7234619517963934,0.6292180767976119,0.2079457213704779,0.018891555247673598,1.4680159801434853,1.0635603352257155,0.9261616034910488,0.47338779568150036,1.1278510699760496,0.8277546158547491,0.9736134507670275,1.0714233568989626,1.7088904351601553,2.664022178632526,1.6774930818968257,0.8915785758146467,0.6368591759931403,1.4566890711157487,1.564274212335736,0.893024213379097,0.8696894878409539,1.3970753262216664,1.1352115648331056,0.3964106839178634,1.1186834181184808,0.021276597125620685,1.281770768778881,0.3012678074237277,1.631666695085835,0.7561185300608764,0.7806607387648558,0.7954252475122472,1.0176770690177623,1.0790821510089699,0.5603293058800917,1.091243650883554,1.3739242593361807,0.9417378484459108,1.72720370718699,0.694199683631531,1.540459602636787,2.0886363950888622,0.714705200953156,2.205916100773608,0.24597600040185358,2.3406648281052873,0.7904404714581102,0.1430019256679716,0.14449706058846362,3.574951089174025,1.581736792643545,1.2559807002070698,0.7669446771905022,0.6496001434607056,0.833774410072929,1.3107476223081065,1.0921795438201034,0.9712494359952689,1.747913641227882,1.2786088308447439,0.8133737760814885,0.37187877603272446,1.247408579568335,0.8334745965099146,2.441428096488229,0.6616854356916316,1.9796653532660238,1.3193004196651539,1.8888371005586575,1.5969473952598559,0.5728022697213773,0.05356121785554324,0.4095724992845763,0.40127920903897785,2.352567541991641,0.3139230025181004,0.4633304792818389,2.254929358319395,0.7945202387197245,2.0990033821272727,1.044722399504249,1.6391021892820286,0.5110347574022,1.8464671057189297,1.3031731782625071,0.8716153584328565,3.1202871563216794,1.6832398230622387,0.5997797801137955,1.0813538152930806,2.024140486832388,1.9800726227308012,1.7283595308875226,0.6870463102734539,1.601020712516306,0.4624870245946012,0.820681143018721,1.4143507589520032,0.5262278477670919,0.40617321370156667,3.1578262063969436,2.214680369381202,0.7720451416707282,0.254257157188433,1.5210664409184702,0.4645467662010155,0.9432001705519031,1.0969772606234722,1.2799888849915337,1.750795161780672,1.3804626570276795,0.5442684688201269,2.4535192465915356,0.5902787148659817,1.7243792916816674,1.2161675749567586,1.1621140775112446,1.9077657031687043,0.48255851998639177,0.10066408703114485,1.612546163822517,0.702483479237433,0.7525174941102721,1.1597936819482615,1.4887169733139785,0.817369006907542,1.5686946302697071,0.4450932440732177,0.5900994524745067,0.4447215185916187,1.735110284606045,1.2208151950768977,1.9909145911403856,2.3919865113833882,0.8929386964920514,0.8400072881391425,0.2820163812135539,1.0365662124492063,0.5893201918537155,0.9405251644398727,0.6669681927112843,2.5986700734812085,0.7963019173595085,1.5828696082091906,1.1900588024868153,0.1418058895659916,0.43383296250362513,0.900764691944405,0.4723444915031566,2.365490661023749,0.6629358648705892,0.16865687389633477,0.8125383530753276,1.3926234510628028,2.8041222126399146,2.5542248308338102,1.264804105141767,0.5860080120025037,2.085201628752537,1.1565847660534236,0.4795289706887689,1.013707808497979,2.2672912293377494,1.550035516857844,2.46713856996352,1.7730849535867241,1.370924046465093,0.5186216110242344,1.8800255065895675,0.7904692895743197,0.9486078627502457,1.9027598865398214,1.5942947888203207,0.7152233473501524,0.6742275293164901,1.127965206967905,0.3050417273317385,1.196101895369375,2.008941760630181,2.4575899956575413,0.9864055352807937,1.0881528298936538,1.222197834451941,1.4232826898866016,0.1341967748714535,1.3063216939125446,1.3634300520862535,2.0676747991376017,1.286806887320222,0.6245708398491288,1.2373924399356295,0.6337318663770797,0.5673698006532574,1.8239576843480485,0.6990754451760259,2.224637401578136,0.8472177717768548,3.569505164490483,0.19393418728641354,0.8835712158251522,3.022685100511358,0.7454671633261822,2.311245549897686,0.8489528554002407,0.6434210638407382,2.112359814762983,1.614403764557642,0.2874083116452758,0.6302509304318371,0.8787822599993229,0.5375729016378146,0.7842194507144747,0.6550098315164417,0.29316876545389137,0.2536102094603587,0.646140701697566,1.6269306550171851,1.2051928613695073,1.847688351497898,0.6584933218842346
14,1.0126105064114737,1.1400549568685656,0.7791964497991518,0.31503085843892115,1.5437238810764298,1.5027633704766985,0.22957975940007055,1.590068206044164,0.13276901069059938,0.8314489943595157,0.7214973925864019,0.3817085243111766,0.2992804497078103,0.38570261555600527,1.293970445862385,1.2049714348841314,0.2939775979268667,0.946979018106882,0.733571034904615,0.9015807030625469,1.195764914124825,0.3595966416748574,0.8380672710192671,0.6059558973423165,0.6618415692171447,0.9305634438794873,1.0856454128049462,0.9176203071294557,1.3688542538502202,0.5621346165572124,0.8369571810679366,0.15096447130550722,1.8783260398805752,2.1919687124306164,0.6075769450166584,2.2600267727822656,2.235353306673188,0.07147470520453578,0.9877227997561208,0.9482474673614798,0.7847642603500384,1.582226280527021,1.7188618490714767,0.7608339560844684,1.9680251311970511,0.9829570957452194,0.7347063997602126,0.9444542473272511,1.6577833692077475,0.7253304576042167,0.6250768389070266,1.2906900341252503,0.40301473472908433,0.13289787777487505,0.5082102853959867,0.5933555840379454,0.5894368290419052,0.9279977631070475,1.5084185513130959,0.5940194102562403,0.2206632520977363,1.9214760127723851,0.39954211194380285,0.43485449670583987,0.7794487693814358,1.5026398882028298,0.5274212240682288,0.475881480394332,1.3583864686469713,1.9945011604920992,1.2091049398626732,1.4604011316806855,0.2780944400554063,2.072182935446653,0.5375306216792124,0.9909351129852029,0.7112044112375411,0.6013675032431041,0.500963069000351,0.9647782174867361,1.9892048696610072,1.0202232283898711,1.9304108521949357,1.4158001993467555,2.1735484570191224,2.009427750050873,1.5024473158390457,0.16940153749918158,1.2945587485414414,0.7658247667793616,0.6416212673283345,0.6800049544817206,2.725359942888324,1.0935102384590003,0.667860714734481,1.364187010225294,0.4386673366371859,1.0943876976751876,1.1902569856713459,1.703837123610489,1.8089303385422637,1.8278297077405756,0.372803457314777,0.6702876295868329,0.7435281167647535,1.0544424902075078,0.46035132684366586,0.3538841429425142,0.6924491642643342,0.5171177281810857,2.301117508544268,0.8407247249848668,0.45307025922398003,1.3544354264774514,1.8079079694465912,1.551481450934698,0.7989306661629152,1.8088436791862146,0.7853098984180935,2.6441022363699114,1.4729607057564942,0.7315749026821938,0.8896076185072752,0.946494319542864,2.1697868526073325,0.4187752057167429,1.441370586304589,0.8367188279831931,1.6762449137591449,1.3400376118215087,0.08003584012666673,0.7131781009244715,1.4999557714471237,1.665212808586688,1.3645067644982964,1.7091362941843524,1.2585195469842323,1.308169828737342,1.9549404278370206,1.3295946379380628,1.0848608027077813,2.6545378911556434,2.1900689071054416,1.208371904515953,0.6697210915930393,0.779607933354933,1.3607108607638145,1.525875626047169,2.722860998138639,1.2164375341131073,0.2436633940346736,1.2347222613042597,1.839612142166707,1.6202805153742208,0.8306073185263474,1.665814760742867,0.9444113804959804,0.6383654466120271,0.9854386427105103,1.72879965295949,0.6772480032415595,0.42711121872665114,1.1531812493128955,0.5454835171227529,2.551720175383341,0.3915116436887398,0.649813404327733,0.8577663598139375,0.8049952649653885,2.6644856831395343,0.5841537945249289,1.7877650411712462,1.0200279586699847,0.9333608007224687,2.1744690619617337,1.6700114706909908,0.39805934379254493,0.42573085230664287,0.07867446820425816,0.8024424415332665,1.1280768868253062,1.2018032569762676,0.874585956513481,0.24340197148849174,0.28636129281250033,0.26881860550193587,1.1426127703234092,0.9706107105112913,1.3561059910701725,0.5395560452207299,0.5760297900974877,1.838157616489069,1.600588282544765,3.2550350538279824,0.818385023947079,1.5229784522626009,1.1538415183737678,0.7333466130985856,1.700766205516898,1.2710135217318335,0.18324596081925573,0.6012219715086886,1.1169583836015573,0.9115787257130314,1.6682754795936172,1.7296953160794675,0.997063218193301,0.8871509916215368,0.0737248021775608,0.7054197503494607,0.3319943130496416,1.4272154990979078,0.7845061175761687,0.9530752938217906,1.2993379863203771,1.9243138832999944,1.1261558150887847,0.7483627373455964,0.9990367505459792,1.3851072711219292,0.7126762393486498,0.6910648477693716,1.1847150461337461,1.2365967428143092,1.3050697363768964,0.647587294789953,1.3621534564848115,1.3418694751228395,0.10805624512775315,1.11126791133797,2.0841458853691748,1.1049347162455918,1.3884946911166958,1.5413537069709182,0.5583264171867104,1.03735057575783,2.7059476095964423,0.8532563432478134,0.7325724258803872,1.3564585534164377,1.222903265852817,1.3708608932662738,1.8587547584099915,1.5378881791658419,0.29561236044888467,0.344817849914679,0.2607387386921459,1.7843521761148269,1.1412808584623413,0.6719297683342809,0.7122115971961099,1.5557506888300978,0.41241970095885583,2.5811508017268716,0.47678468822834125,0.6005142115830013,1.354791518053438,0.5968962245749211,1.6853839741491012,0.8813523560405846,1.7240634940306812,1.9877903352065591,1.9838619704548375,1.7604414973460483,0.503328753460629,1.2006890309912173,1.8908920272415641,0.9601664865668496,1.4142950693426561,1.1564404318663901,1.332099813584716,2.2351320355412136,1.3415945084889098,2.01240936398676,1.0122528814610579,0.0,0.3087312163821535,2.3480402740763173,1.155387731667126,1.2523137081946274,2.2620253725950827,0.9866105516691267,2.247613524254329,0.6584728090815756,0.5140308537016314,0.4899522517640664,1.2598655902190834,1.2428852085791453,0.9827156051999232,0.38352865887140525,0.9764917678802876,1.8696320713529428,2.137741525385397,1.4855596928185786,1.3543689803841477,1.0482837062843395,0.8829890295688141,0.7101146674070355,2.2580264668302714,1.6420962759650184,1.0635528130099732,0.0,0.5799335734604938,1.168721763812528,1.0158829005201786,1.8293656666716134,1.3032238631901085,0.29577725830929447,1.380479337345406,1.2282824201827864,0.40363612959138084,2.782161536882643,1.1158079584814151,1.8641663054061914,0.48007856229796086,1.9758672178685113,0.3964991516337896,0.9633920453657354,0.12955037924222187,1.332833017419968,0.788387720668178,1.3121806346811804,0.774407990055608,0.8660986993294169,1.0645740512172814,0.022251843438656476,1.6036456999113295,0.4865056089203869,0.7385361607886638,0.9857528890780811,0.2929036409682597,0.5338047973969959,0.8553776868479034,1.39953991907152,2.453413211309347,0.7762604131086804,2.0187676259693244,0.9842282197009974,0.8791603578856355,2.2245792127266335,1.0737831889568317,0.11367035917035753,2.9140853248854954,0.1077877241807607,0.3612208111456229,0.44921290096001665,0.8199361358824439,1.8587976978491718,1.0659835808679317,2.1748483581759266,2.0682735690140395,1.9258506835960425,0.7846194345892405,1.485435476067009,0.6395300226462973,0.4498473234716842,1.0105420748791343,1.8474006628205497,0.40746891980967964,2.1307555963576013,1.2602797998397797,0.8213510814201556,0.20174411526275488,0.5790417491732891,0.18826104684977482,0.39372534524901565,1.1890586523598246,2.199278784035313,0.7014248524853319,0.7176201851830708,1.0238253419302399,0.3998986889930112,1.7224876138915732,0.615194688612718,0.7895003196848911,1.5184117969450073,1.7015677417813644,0.9612639157826637,0.49451569898095765,0.8287540367813542,0.38809070622265457,1.291553066545923,0.6076830910942328,0.167006818442111,0.8296547192711001,0.42844137584895425,2.540496858256848,0.057142855510204135,0.9412713587915993,0.39895515894538724,0.8012046074051371,0.7739308321609952,0.5760081964286407,0.8518993522036711,1.0358584311010506,0.8867291590482423,0.7115177154857029,0.7955620568491422,0.6008449287502284,0.5351127786585044,1.9136433944770006,0.8055651092892048,0.7453217152808035,1.0089242874410205,0.3402853830163934,1.3540264694618378,0.6415712316697495,1.8216023834005537,0.7540269607001695,1.0694697633196273,1.6115869424581477,0.4993828795626956,2.035259149379514,1.5415578762626634,2.087656234223041,1.631537116512913,0.8344108978184186,2.4098269031049675,0.6644541068512888,0.575942863654334,0.021233975002549626,1.2427785756294614,1.0078595614596562,1.544992806017135,1.8244637435397513,0.7924829244037971,1.8475422374798574,0.9785071126164915,1.029802264671577,1.2614419053225798,0.5541012512064126,0.6752896510612327,0.5084216257042615,0.3262736689039625,0.7078018678389851,0.2752464942603989,0.07818180415225784,0.0707891209626108,0.3477327665556955,1.386908730445978,2.0727224344590574,1.890695321300858,0.5845655902752309,1.2970168440517544,1.1467150561384947,0.29530864773785115,0.7923849890700698,0.9701717355083637,1.7818038190744532,0.28074719079155963,1.5103704442892771,2.976821397941588,0.693117964987495,1.8777071541777772,0.5140884357089324,1.1725607555950714,1.5223194607698518,0.7065772868707753,1.0465311113886324,0.6578004446890774,1.8678366572128628,1.0058268739366,1.3748594854178453,1.0257858070483463,2.1312771774706656,0.9069907161568369,0.858102211289178,0.17008428568960343,0.4850061654113403,0.5053987331000895,1.37101215551227,0.2298802582333964,1.1037769807722992,1.8062771737776284,1.3681167449660037,2.0545239114480895,1.8360614724400823,1.211774306139673,1.1963468546599336,0.36197462730059293,0.7398581218739705,0.4484973424897842,0.48018324854204486,0.9753643570336099,0.3762352662143319,1.7740495322170433,0.8355261536832723,0.5337021933738937,2.5633403405603374,1.8044447660960499,2.029774871444923,0.4442571512683177,1.582491519312395,1.946457940337054,1.0423183158583749,0.5545604187230413,0.7245619197643343,1.4192201528643567,1.5880298928819738,2.116608568059554,1.5750333690801037,2.6401985780481394,0.7262268186920005,1.7749100334740289,1.1027440195560922,2.3297859312485603,0.32157676864689266,0.7547071536446067,1.7045033225826294,0.2849711950559236,1.3425703490551464,0.9150110260410731,0.27911930549457703,0.45449602934742256,0.684894999923759,0.770925190349881,1.4355396573082078,1.2758901626695318,0.459215023960598,0.8167678597175725,0.9344696390847804,1.640977071711263,1.3100783919806829,2.408915946745411,0.8141585269001776,0.36137227282993417,0.5244696606767236,2.631586609570448,2.0911974407151925,0.9590676666126128,0.8265865419510363,1.2088137701159998,1.1540362480482373,1.8249152214726714,1.3154303120661566,1.1860362160528692,2.044486267988193,1.5576638049738907,2.7227329968979888,1.9636915505736243,1.5822835796753423,1.0066366274866692,0.9106340941032978,1.5913599142102797,1.5219049182224085,0.8931007881567923,1.4742749570047624,0.3394282355054645,0.8913253865934245,1.4035011733109648,0.6053123472401307,0.6550594790956132,1.1069073297290766,0.6869167161632681,0.8181952539587147,1.0953741566627175,1.1457211908596538,0.8538823633872513,1.3347880291470615,1.810428303851522,0.4941908560325888,0.3008636691596452,1.477943108247362,0.5529351999833925,1.4877035490479487,0.022256725836303188,1.1367547003317084,0.5308599083326417,1.2373330126893392,0.5190839642041987,0.5030149526166938,0.6612139153557566,0.6531285116821351,0.4893532117097145,0.4875526381047134,1.3522047083973225,1.443415154794876,0.39667598982438623,0.8211102631876052,2.1007703551286347,1.8757615627613704,1.8086071207187147,0.35205157332444914,1.8366326119782757,1.3401849306525069,1.3734459243439439,0.8690761285144712,0.6545367912953673,1.04761932151607,2.4031541587682206,1.948795327197902,0.8258839478055774,1.1818104019023423,2.766921561097498,1.639733829032907,0.7380191910885935,0.6620411750348351,0.5542534936620092,2.0941471099116393,2.70298909526391,2.299882045559573,0.5109275601466601,0.39592551684907945,1.2138519000308285,0.442780022805907,0.7342100187648353,1.440151562057419,1.7765840278273581,1.377759899692787,0.9121930603854079,0.7422887597445417,0.9888453920888959,2.1506124342593136,0.2373458978535262,0.5671376908467443,0.5279754506297782,1.9747129138317931,0.46519280766228693,2.3709008800058857,0.7252641699511038,0.3984182591336545,0.6145783518408751,1.7418667041224316,1.0080860547364756,0.7206927146179046,0.915246363831735,0.23474763549893385,1.3825056544414318,1.059955036675986,0.6767680827485499,2.1747161472162784,0.8582958912051066,2.048625163053441,0.18368586766200984,0.7123084118379437,1.642108364317451,0.9013495615114011,1.2997756537597838,0.6516783465031193,0.29406550114531943,2.4330164885063024,1.7268580055116318,1.6751806534192692,0.9349610969495229,0.30889553087925103,0.5661488177624934,0.5298239597058146,0.5858562025680216,0.44983661135637965,0.6539008196719849,1.7274583741896614,0.5175627388498357,1.3221459870968495,2.1899642633148018,1.6431853373218581,2.2420808892088093,0.704704703747266,0.4943644201126171,2.127515067498431,0.1897569321818365,1.2346622598108399,1.0079157041795037,0.30210534856735144,1.195233596451841,1.7919694354030442,0.581550784527439,0.15891464090473562,1.7980877495342573,1.334412632573149,0.3837053119516775,0.34569891334663,2.4361975382634853,0.7819986742403038,2.0282128180727383,0.32042397396853184,1.6096020654399528,0.935680077748106,0.4973694814087227,1.1546420574936727,0.9782194184764537,1.9938547086521028,1.5047034365148246,1.1125544236504492,0.8647789792338247,0.5992253860464413,1.4841806236042736,0.6720546970015356,1.709159045594376,1.3988175987058804,1.5348290384634171,2.6774752391799694,0.9834361713458398,0.5800327771435498,1.0244747622869879,0.1392703426780867,1.0216131892565237,0.5450989276611465,2.208773026385093,0.872410182662554,0.6914975460806533,0.8408111269112655,2.4242382115218755,1.6501940468087581,0.4034285852370011,1.3117009652161864,0.22836714867038946,0.7063975948553483,2.394495904317241,1.2788763435833645,0.8637272630323818,0.9070645901059068,0.051719572238381605,0.8239420216535198,2.091410021503953,0.7296010347381355,0.6268524199131185,0.7028340346455365,1.5342303282791212,0.5894953701671017,1.2168300381505015,1.8287576580286777,2.236462862265255,1.212825954804076,1.9297578344726491,1.530727160982222,0.742234717083551,0.42944495539739436,0.7491217880777186,0.40321831981661993,0.6496542318274006,1.8750871173834183,0.9133120566012032,2.3416263478669643,0.8416940224637717,0.5151625152302042,0.9174546195048776,1.5013120176299393,2.2837199120241185,2.3853888340711364,0.333035769058029,1.6623733082036853,0.9027712669517273,0.7565374606457259,1.348726864185526,2.8962441310898988,0.874575070651195,1.1476783697462725,0.9209902748723288,0.25487235971177424,0.8002599290906776,2.3974916353049,1.119082439882913,0.7345916440001934,1.47228607514438,2.4963460260711843,0.4072346670449694,1.5242070096267968,1.0411826912112785,0.18766825204317136,1.249465617166912,2.2978824439620613,1.0504057007090866,0.7914993065288862,0.1641440539850252,0.9747125024740148,2.014324736634202,1.2881688769685042,2.618351524233602,2.6609234614282964,1.5723983733148503,0.7553707531223157,0.6869194363230716,0.9133700568312718,1.236063770200867,0.7747466077128826,0.4100361236154548,0.5939557783845697,0.7981744476529301,0.6734113221040458,0.5569554243882304,0.7403692242845168,0.6529923321023678,0.0935755743394541,0.027840186209801568,1.5008634375983922,1.2119503544930343,1.082652776424772,0.5280703214843034,1.0560151112823097,0.8270565014354762,1.0690964421484273,1.0601445570047558,1.2957227959663817,2.7170050169870685,1.505860206655091,0.9310830832582918,0.49441311710155955,1.0507902420600224,1.2702054973387318,0.5781101002189016,0.5052429179488611,1.370056673694119,0.9013952680388366,0.42205386812667806,0.6736842352518224,0.08510638850248274,1.0571244346452675,0.3286614364064137,1.473067466521843,0.6439093925774129,0.5257656345524389,0.6995443954734116,1.1468337892702671,0.7718602411182712,0.5021477947585549,0.7399185046022287,1.1979070886024723,0.7414330165600529,1.5736401121413175,0.5482756026584737,1.0441787713142547,1.4109530274772735,0.6342380190639803,1.8803698179081865,0.2814296927903651,2.022068476229108,0.5611695452222243,0.20049074928582586,0.34110781496548753,3.1201273062454176,1.487731612787478,1.0300146197811073,0.6827367713256924,0.43123693938469526,0.5900849839933491,1.7250002235913675,0.9193737087210816,0.8809574224787562,1.6673693519081343,0.6786237959253555,0.5730010545885955,0.31587251726344756,1.3146693216171852,0.6561112578302319,2.0810003622411406,0.7178867675487836,2.171333311806801,1.0469086111015915,1.475333915010848,1.6744438602989442,0.42595407038013794,0.1482852228029305,0.42257176650397155,0.45029229407278626,2.2352456653064974,0.24619028639717933,0.5563430190648196,1.7243649463214035,0.8962953479611443,1.9976082231339203,0.9868430153897851,1.723161501991967,0.7201956412337076,1.97673606563361,1.2085378979193149,0.8183927281304009,2.2856881477358804,2.0436455547134917,0.6971919035620479,1.1825964112949905,1.929222222286945,1.4706808093456707,1.8604159208532547,0.5992244381951516,2.103370199357656,0.4809498832592171,0.8482952061590149,1.3953747290282466,0.4280385017515314,0.29661389730459864,2.335910032634769,2.0581590992817267,0.6740907905178396,0.21940633404094614,1.1699644762086325,0.405825911782589,0.4997751542984396,0.9299611480551361,1.1537330394671845,1.771744812154206,1.267421101426249,0.5444132228813678,2.1224538694290818,0.5446338644689133,1.8872959192518075,1.0081337897328484,0.9953787880819849,1.5728135912175363,0.36251754717898904,0.10683253212107384,1.5429995437065331,0.6133338884339574,0.5304859501433028,1.45953490619417,1.7590426623270377,0.8708478788058491,1.4381514681431773,0.48144960677692267,0.7466535268355947,0.3286704330740707,1.5886405828065897,1.0941155483778586,1.8299405359624576,2.327046872652937,0.9500022954663947,0.5852072075253589,0.23900090712858463,1.3078646647456154,1.1147500734350015,0.9955080981785518,0.6443627748489209,2.361607799841344,0.8454594781263296,1.6855162379029647,1.0689987136302987,0.16786624029856026,0.6188953967238917,1.1501582748946488,0.3300122622677184,1.8461550232658588,0.592289786169315,0.10740117126008562,0.6804554255802036,0.8896572288690804,2.3449186817122567,2.6718908283093628,0.8956455649088938,0.42011438986406857,2.2929577209297567,1.016095733901781,0.5491263766966107,1.0029527952776005,1.7357617971951795,1.366459229328158,2.242968004951124,1.7829118796674488,1.5171073185798782,0.4964841650384336,1.5989551138377582,0.6033383263447609,0.5767414606753558,1.9010786370898443,1.9750434049623316,0.6692758387830828,0.5425250250243265,1.48469601251022,0.36842002543676977,0.8500669606918978,2.277874732506188,2.0272163900697997,0.88699472865711,1.1925372979278848,1.2255365158741434,1.3732374610004197,0.15132827812247018,1.365096953611999,1.3761658894167035,1.914181529383793,0.9160307441832689,0.5580480659409635,1.4035792899115294,0.7354466712133843,0.492315187006008,1.4316002129785375,0.512626613635674,1.759716036918005,0.5522679069149294,3.4796946271357734,0.17841945173064871,0.7343271573384055,2.8308484407844556,0.7792485431371444,2.6792578164568335,0.7507723884033961,0.6151628012757828,2.112076792152701,1.6626552432700208,0.34529789403228944,0.6349659130237659,1.1049618261661136,0.7282311546648095,0.7565257419678844,0.8188899031210011,0.34917712629866093,0.2856453261407744,0.6236741175650651,1.1248700066136414,0.8368451794870719,2.296019767508839,0.49521593420038834
15,0.8943760447266147,1.001905723491642,1.0667336216328753,0.2830654623385552,1.19139686626951,1.153007761106863,0.1924418559525864,1.6124955105598981,0.11903084619613458,0.9368545363998589,0.9052376739641854,0.3235013065794705,0.42819180543320784,0.4668877686043953,0.9679287289029804,1.2484161841098924,0.20840544717790016,0.8779832750281326,0.6222925850514017,0.947433636158813,0.9470862640781604,0.34058193780512236,0.696342258120382,0.8574163332897611,0.40989610110680474,0.8630154728395056,1.3080378570695645,0.9342433750753529,1.0346510234531034,0.4462280627681217,0.9141195068068024,0.23394151736822977,1.7222897203539205,2.4157779674540585,0.41975013563173363,2.028576695984103,1.9898821612315047,0.1106705105406891,1.3515850578624158,0.8929441249573996,0.8156686581027317,1.6138420159723421,0.9390768721509907,0.7062721753981327,1.6660761515658264,0.7135371745739081,0.5517319462520691,1.0804569652047091,1.1303269860486125,0.7936443300361331,0.5461153382608739,0.8719913635042422,0.3899477391634961,0.12873305435713156,0.44310545504560617,0.6465731626910353,0.7287940217274834,0.7113373952292811,1.660709877153984,0.5917849217605083,0.23212085099009977,1.9347857173182417,0.2624712220078819,0.36659969432065076,0.8546427996752197,1.1191554649985611,0.35574774702867545,0.5835907945828194,1.0547395333393879,1.7259940481132912,1.2327172000882585,1.6227716175007294,0.24056061224630354,1.365778799740954,0.41039658186857664,0.8459490006892884,0.8261661948560896,0.6271610212269243,0.6063343067028113,0.8714261657865081,1.6729779747745512,0.9163440276217756,1.4999516843588863,1.2852993599339566,1.566293924915581,1.9561931623548734,1.4088693488018493,0.17578221123106383,1.2987329814552022,0.8187912996150245,0.6976301920374655,0.6770786905237948,2.559143642054125,1.0433739951114462,0.386279496090494,0.9831978739158344,0.4034680978541747,0.7566667838727072,1.3735489245638082,2.252294784828887,2.008660436884302,1.423722751524977,0.39264294970625,0.6289506227285899,0.9132390185509138,1.110505141933952,0.49638337941894517,0.35466156288025896,0.6778199544504453,0.5418452133217927,1.912290637407603,0.5077634870782911,0.46030832068069333,1.4654160566311725,1.54169911841545,1.4190438671203296,0.8930713849824089,1.8696543725375898,0.6820218787683652,2.312867840342793,1.469563344852912,1.0374018502524522,0.7801002319050725,0.6430008343589114,2.3612322134327934,0.2939837112589195,1.3329163783390165,0.9370783485190434,1.541177865245351,1.0292229110776991,0.2879861015084215,0.7532546161555199,1.1019179667517573,0.946984587835315,1.210163514084261,2.148584138397256,0.9057717658220725,1.3928807528311526,1.8451593360489424,1.262655070009254,0.9861330268113597,2.076939396064686,1.7094708118831456,0.8481552217333285,0.573678571037292,0.7848919063885765,1.3055309605408811,1.7122248286991273,2.5518490683753154,1.353866246367488,0.28358354011976294,1.1025621440981903,1.6143283208234895,1.2190841271181199,0.7072597068194516,1.3384377971352304,0.5668767336009338,0.8605111750900996,1.0648694656984663,1.5668612834503444,0.8908007780816576,0.4216420490860074,1.3313419748169177,0.5761188575553606,2.4203086006216075,0.36993173281945413,0.5501886436988471,0.5426345090604915,0.986280788205166,2.1582932759977416,0.6244278275511823,1.278902739212461,1.0869708506177922,0.7452901723034453,2.8322322500610353,1.0910120464054223,0.44174191208655067,0.3152895310308027,0.2741685987583434,1.0830177320766319,1.1693485782938413,1.3486429152214137,0.7548580213085536,0.17982462982694572,0.2589906865642767,0.36888725788965826,1.0300988811058056,0.6791881053286012,1.1979047316891005,0.4754823711560906,0.5480273779988487,1.4146255490373083,1.5890771079141806,2.4309071192604113,0.6961991518971877,1.3715066317007687,1.0671392280374856,0.5117912034794083,1.4610637864341478,0.9595467016241218,0.35530572979001085,0.5298508445380585,0.7513197843871253,0.9881553111521382,1.4572108860564021,1.4404340250481567,0.6253920763627879,0.6211807890967709,0.07553347133667529,0.6665079169148858,0.44594269673486814,1.062303036694344,0.6969627327989509,0.76691180234205,1.2969471989982724,1.8345778179143464,0.9726352400822593,1.0332265323362195,1.0225569424212175,1.3796967273907443,0.7997241182177872,0.6257495648006508,1.2085069603123333,1.0318218577801122,1.1216444185261711,0.8386465076712879,1.461833409247935,0.9970933027424539,0.11365916213468599,0.9824206619219326,1.9102475178667009,1.1277888700303345,1.3014811535759438,1.2160168859549725,0.5716230478277519,1.141869497199838,2.232170945269152,0.9634630834848519,0.9585503782699513,1.6203863385585187,1.1360891211925288,1.2696462863412241,1.7375412458110828,1.5411198258829,0.48454021890571586,0.38543916248124854,0.38306197690799315,1.5309744937555145,1.1514760145548393,0.607840106837979,0.6855622237991219,1.3757994786941659,0.33201545312366415,1.9957876483121628,1.0176637894554452,0.3710811313991007,1.317428190142178,0.35269229723983925,1.6735874691689014,0.728631386446928,1.5120039011854287,1.4020966975651628,1.6440190115491748,1.5190766723659095,0.31506251393732376,1.504369843031814,1.4365119721876038,1.0111107607934338,1.3049597381713534,1.1861988908384709,1.04059460449012,2.258404200083507,0.860084361383413,1.740135803265124,1.5672872394163744,0.0,0.28473090976712534,2.3355515664462043,0.7793415948592082,1.187058398099556,2.073308471946403,0.9386968989444325,1.7223457377014006,0.6327861359015822,0.4296756155606279,0.433013151159948,1.407710611808487,0.7944066865143294,0.8087993797263947,0.19643157281012616,0.8738519072258093,1.3350659734339267,2.472252612310985,1.213087186273011,0.9581855182551525,0.9268848360542642,0.9224658099150702,0.43545832219486047,1.8471082901216271,1.3851412699127628,0.8019021159696172,0.0,0.605576829170795,1.4201553261954791,0.8857199075952695,1.2855259148527742,0.7616657608882749,0.38934945950098077,1.3311759087931687,0.934231993569245,0.41871933221826957,2.4715887615303918,0.7650861208290443,1.6093419568634255,0.5127708101569884,2.073811425254448,0.30783914698783543,0.8975587238819565,0.15606129070351957,1.579621632310984,0.763738682343471,1.0228889944037511,0.7666852336723631,0.8725931781888635,0.9898008921680385,0.11337844027700095,1.2900874026240792,0.24325280446019348,0.5579974209258143,0.9307519003027918,0.26814782630656664,0.443817490719612,1.1085040057365119,1.4084072111105066,2.096280230347389,0.6701460118167595,1.8636715784793905,1.155238545655643,1.1571892933135333,1.951651248689001,0.8429746793321066,0.11750194419612733,2.277776491035785,0.2208333858699518,0.36724115773047894,0.44358100899842584,0.7857125300437771,1.5481304718308468,0.8125216370237844,1.885617675647079,1.8810046729304317,1.6347118204764488,0.9500452649781799,1.522341156434739,0.4937255893046354,0.6242105452207092,0.895836687545001,2.1657556975316314,0.8189983757766809,1.7525213705860778,1.0607042063844068,0.8940183770562999,0.19321214620692995,0.589493543693855,0.14005465058622385,0.31122545269722124,0.7193722139757065,1.5405284806260942,0.6443107159577338,0.5933868494866642,0.7685924273041259,0.5727522498930394,1.501661852321387,0.6574943806978685,0.7776914826465495,1.2229428108148845,1.4889557671803484,0.7461076136175715,0.5972663952537209,0.8456697924336758,0.35276502133695653,1.2061665325846354,0.7633063993745209,0.12666491162030658,0.7711767245490742,0.4349193734717388,2.2666708976873515,0.032142856096938816,1.050191835178611,0.3678244362801626,0.8429849514202514,0.6527768897677212,0.5224663118325001,0.8980540381021684,1.0607856732201415,0.7771025440888129,0.527112136628165,0.7663979011191895,0.6538774517357755,0.5787789719524656,1.8600796227311562,0.7805750321274525,0.7223669182650978,1.2555757851437575,0.3594892966077971,1.2732530436756608,0.7390697439717064,1.8587738442550685,0.6943044604036397,0.9332866721427262,1.386339849430846,0.3455193905168585,1.7766675055835266,1.3680016302309217,2.0197420769722902,1.3693156358677725,0.6685301431649646,2.2231658414949305,0.581013497125236,0.3010146179354559,0.0,1.1121189794795145,0.7837220711979905,1.4030298739600982,1.571426325506998,0.868421717255639,1.5908025945708166,0.8969325358671332,1.0312439328250118,1.15532959168459,0.4467427281481843,0.7088143437852165,0.5235266056299841,0.3216651730867585,0.3952537678234004,0.21410884612197087,0.25903877714811535,0.1061836814439162,0.49523214559312384,1.1147142758782274,1.7102267531719515,1.3651753967268638,0.5994194831243209,1.0788972805350818,1.8271809081131491,0.32567901825200196,0.5146878569540814,1.0880098408097227,1.840940934742832,0.5681919880075148,1.7883970685275035,2.649535607988584,0.8205101206113707,1.5878841008795437,0.5846104486685079,0.7659869106687927,1.2000996923180627,0.5738806708786347,1.1497900853271996,0.5203312825979063,1.6066136054070332,0.8664161732277894,1.1131272680746287,0.8733977858989572,1.761614630677522,0.6394788756157479,0.8917406473513378,0.1943820398239216,0.19503639365953537,0.4220749253025573,1.3155457039860514,0.4682223662035482,1.1672387792629009,1.558921904206223,1.5688970908987099,2.1744595336236703,1.7028129274910921,0.923018166150007,1.1265005625891518,0.2686959172156058,0.8761671434296685,0.5191688593735231,0.4235212769386699,0.8642723537899336,0.2862637273905408,1.8721639955468845,0.9106341602585953,0.5618770233992205,2.4571290382391924,1.609725607465873,2.3728093819367015,0.46358909056578684,1.7067194120182023,1.5779244271420976,1.1600259623537508,0.3777420506618162,0.9469836524395713,1.3457749667581929,1.2978669554534406,2.0017869830202923,1.2537516264046853,2.1994157263092697,0.8330648877517387,1.3838160112372533,0.8494415723571526,1.9259971676415932,0.35716276375734396,0.6016206464345081,1.4931862043610007,0.1420273880774295,1.339150988844506,1.1389857184847318,0.1860795369963847,0.617923816927515,0.6829582738356359,0.937624464847908,1.4131810310420598,1.2163416083353218,0.40074092160069225,0.4542105583396795,0.9175615494086312,1.8517549353158311,1.2078217286939745,2.3722310258966455,0.8148112620759619,0.2773916071708431,0.6360705724946261,2.3151364039017968,1.4657223018646697,0.8459463073032781,0.454822740286755,1.000585457541585,0.8275966306170556,1.5944612359395582,1.42041443575747,1.064706596887031,1.8690100517671824,1.4543252090459715,2.3521470942018055,2.01143631242392,1.4485609214205586,0.8592171120188317,0.8599217884581197,1.3261390511010662,1.3620545845903744,0.8801769802557853,1.1571007539462101,0.20909012777358535,1.1566008005495547,1.267352234329252,0.5836125776056345,0.5664017086816181,0.9689420878455661,0.842607996659169,0.836423842642533,0.7845308743690727,1.096338056704483,0.48940453043656873,1.3230899244955054,1.8700710981519941,0.47949615189553796,0.3291871717487357,1.349581557193809,0.6231061756316025,0.834333434872694,0.0,1.129840854593066,0.5036498742140947,1.1243838509397557,0.2850305770134437,0.4510410750353253,0.6823293790175574,0.6282624477355876,0.4218055959782695,0.6111550966504894,1.1883577592836116,1.5432607100179114,0.25996378210093674,0.8126615768873706,1.5595032267745557,1.705966386895704,1.3556384661847305,0.5283569943657884,1.1382629115374874,1.2349142139283051,1.2160690330289867,0.8900759550170876,0.5981698704343767,1.3434443811303267,2.071920486628119,1.5500737607377544,0.4138692161315316,1.4034195793300053,2.1677797970958745,1.6272110611721566,0.5911406636202525,0.6250970901100295,0.6080872764131893,2.031198516962383,2.6107979687223506,1.3592160443907395,0.6083464914666253,0.40782384333118266,1.2250897630577091,0.39436428087966724,0.8167979173575172,1.007343235431423,1.6072715399530093,1.032415258445967,0.7225591106873221,0.5943352568459175,1.053853670590047,1.5420617834137726,0.4647006000995214,0.5151617290955666,0.557538525126156,1.6926952105188597,0.41894727881157107,2.089311318380423,0.814100390775876,0.46605705521409435,0.5406146696124291,1.2416616190520535,0.8054348978024859,0.7493141788689066,1.1147616048579576,0.2645841748969024,1.1033191624714083,0.8772040161122466,0.6572451913620496,1.3966810220227406,0.5047581066683796,1.7509035987470094,0.1721761393267299,0.6625481865297596,1.603409208663754,0.8200627416285571,1.1426964069444225,0.5490538336032423,0.2791485500711832,2.422424872707121,1.3900217036424791,1.5420967559123981,0.7877095450459572,0.35984737103741404,0.8685052594366196,0.6120330717610185,0.6635454932563534,0.5141723287626241,0.9028176917156816,1.702724868252986,0.5559715102790905,1.1872226008937286,1.9127027829924366,1.195286046150628,2.004987945463892,0.5862364430141768,0.349283888766064,2.339750706338158,0.24779515793016155,1.068210695599362,0.7161755351593566,0.4028450861669809,1.314089957129765,1.3673467200693619,0.33196857298968824,0.12013184945010236,1.5810321501135562,0.9785705015026573,0.4552186091733247,0.3989247179199912,2.480652266312953,0.7025244461323669,2.356007318472227,0.4384226453061961,1.4274908687472352,0.9623718458552006,0.6843671287756073,0.7153729043078649,0.9765846741716149,2.117141439915703,1.0300530066060378,1.249213937441389,0.7474638379819613,0.7004311565522938,1.2766982073359898,0.5307660486868825,1.3348415876525963,1.0005449434610305,1.5526302038690158,2.559927377198964,0.5175482977639583,0.5024277754755305,1.326110915987039,0.2124531569071824,1.1021558155873916,0.5955968105194489,1.974423260850986,0.534386754512079,0.5461667967216328,0.8150795574421723,1.9502804920620194,1.4970343710500054,0.4721918493068894,1.2329523943438558,0.17030397653728077,0.6078533389359383,1.6189918175559797,1.1247352123480898,0.8179766878429253,0.7781546182453642,0.03194444131872656,0.9443823536154976,2.468898065483386,0.43130541503290554,0.6581303198247477,0.7295826060453713,1.2163116493973578,0.4583634275422642,1.1749976896049084,1.9457904239721469,2.1235458243388656,0.9849353306133284,1.8323494296647993,1.5569901335372276,0.30660231936332943,0.4203046688698866,0.7307576565215868,0.37078303681380553,0.6215495484517382,1.368627490761357,0.7113621293902,2.2393597149892024,0.6605442608114261,0.5228597112235329,0.8283257836803284,1.387909510320993,2.338837519883559,1.4400487083150528,0.12088078591746818,1.6894136753555384,0.9606750698548073,0.68939361859055,0.9761078314132207,2.18895034556597,0.7421341065088688,1.203678522217268,0.8752267618402177,0.18462236471510318,0.7031345005346781,1.9376834463875812,1.3638575752296107,0.47845890014865183,0.8856641342358933,2.510237538314669,0.4275414228647639,1.1788653670965932,0.9648635767549155,0.26104332741134945,1.0327945928399804,1.832503883520109,1.2018403128758026,0.775471995300793,0.3144798888478532,1.1875261138478115,1.712317826141274,1.3047729264721601,2.6976721219198248,1.976722752039919,1.5259016981250915,0.9111495222807443,0.8488496274715361,0.6369339131443761,1.403373023742773,0.8582703478702716,0.7418893224914642,0.43730520649671245,0.8688393420660302,0.5181283010161652,0.6645769337043421,0.625796969586907,0.584815576661984,0.26087735728275846,0.14662498021001832,1.3362716131008519,1.1970313678246471,1.0707649024486043,0.3547290863275564,1.0477473746378214,0.5753811606542714,1.1254470600513504,1.0050510886061677,1.1475262744435561,2.5982053421921636,1.4288457447720717,0.9197978934017322,0.428936668185637,0.9069893799454218,1.1378602545586491,0.5558706275694943,0.4022933772219525,1.3456098480202003,0.5357277656809202,0.3990573433867376,0.5419126752473684,0.1276595827537241,1.0335694440474787,0.3918655563613348,1.0245530949828439,0.8089524477107681,0.45600421132417523,0.6027718956505923,1.311095119296977,0.49226569486452676,0.41695211989016623,0.5218090025563497,1.2389662968389052,0.47167055748927955,1.481875220932777,0.3202433811288109,0.6254920686600174,0.8928573899163827,0.4892880812765087,1.4385311505538065,0.40301534972092495,1.5292597669564971,0.5243534383810063,0.5002692313642885,0.3932215087540478,2.1911456354630783,1.398924301839025,0.831214191912193,0.6816253900707475,0.2821446804250233,0.4978812366502882,1.940529695767674,1.0242199268009948,0.6597415656534984,1.5637533216962132,0.5019937100646554,0.5973108470974604,0.28930820154416664,1.164753480014093,0.49729399951421194,1.7631716739454826,0.8587550326174687,2.077375907241298,0.5720113936375791,1.0047532606731104,1.7884481853382868,0.38084478049062687,0.3346601932693726,0.4950664114672966,0.6533673307052421,1.9142122057817665,0.2270556849004436,0.6379867588430526,1.2295691136529807,1.180943296070189,1.6072590556833843,0.8012447499779779,1.8551719260681492,0.8247050201910877,2.1457679106120144,1.063949052226096,0.7287579280968308,1.3406487664400353,2.32662784034551,0.6839615719085269,1.6098960736756482,1.520085343415997,0.6957287201911942,1.9125418607439608,0.691022921336819,2.097305337780395,0.5001675587816817,0.7920402712915703,1.2581518969048142,0.45127839220942817,0.2812229614851134,1.8613852671371782,1.507396997216386,0.6667760346476135,0.2609889422674957,1.067226447458264,0.36985003276041545,0.33793015506980006,0.6687788301507539,1.0304738922222845,1.491133765288721,1.1870113855936355,0.8611782866973654,1.8549679189796775,0.5872750030472109,1.9538499593331204,0.974197065822703,0.8999556325763007,1.2128414358494135,0.4814900880868114,0.2315039510389821,1.238756850243965,0.6535085973638486,0.4354795723725593,1.4255734979063386,2.0365593297642413,1.0524344810271016,1.2046791623925788,0.7612539035139201,0.7837389663437246,0.2572103856668739,1.3677669714718612,0.8942408393195798,1.9128543419554418,2.0016249255842675,0.7507254591794381,0.5108733580962721,0.28053260783423106,1.2977794332821728,1.7187006227234733,1.0007202982172587,0.5672737344508896,1.9423256303881684,1.0571121493051698,1.8058182453797378,0.966666789810036,0.2624817560548142,0.8660870740287343,1.5462667627609645,0.3734968063659666,1.113409183983913,0.6293201827232207,0.1831904208957308,0.6638462635618505,0.6326249218885397,2.076785749430174,2.126678807384258,0.5496307580159802,0.24570190579870688,1.9981198164837999,0.9349626270730789,0.5581096693378818,0.7935555843426273,1.499981700525558,1.275639526348409,1.9449731790080325,1.4409132276047736,1.9354813497346288,0.4469151603873132,1.3982551287374776,0.4342013053554434,0.325535341831679,2.056239817201492,2.281208331898948,0.42934768288599057,0.4850932645617285,1.9970884802086544,0.5203124918657688,0.5561975870966693,2.4915757970884846,1.7249549790843008,0.6489383420028849,1.0298500231106782,1.4126878747098575,1.5182082615341068,0.15448944818494323,1.2777561576493883,1.1333213174063594,1.6891927706418017,0.9204502187645047,0.458241784590934,1.463580021625031,0.7063266925735256,0.41333187685926953,0.9313529682984877,0.47373498165033606,1.220907020901729,0.49722683022080283,2.8425574127101076,0.3645962678677087,0.5467211115146547,2.639128330891547,0.7040104985176832,2.737877201802733,0.5243446877856734,0.5559751942246384,1.815171400558796,1.6716503536682465,0.48923982862233517,0.6672614393877784,1.1642796974139469,0.9777735610271823,0.601339569566966,0.8187069859156157,0.29404389556177085,0.3134018258681034,0.6605101003034556,1.0976377544791291,0.7342339791512483,2.7371919267416835,0.489712416039651
16,0.8693656452461225,0.7005504725125324,1.1189511182129257,0.2475997220369558,1.0951986222168641,0.9386061343328166,0.12829457063505761,1.7185127922179195,0.2152603281897733,0.9404037790772407,1.207495790090629,0.2730923532546504,0.48872836394923225,0.429697350584626,0.8341740443629957,1.13611502130533,0.4326034170091171,0.7387964957449271,0.6010726329370214,0.9305302676425147,0.6267711307647013,0.32094126322734684,1.0050183271426314,1.0556668821274369,0.4188053103495916,1.2258933574997712,1.7154329560039188,0.6853115635511858,0.9226384033358548,0.5802886890943079,1.058566318771681,0.3204678316600761,1.2652266712514233,2.366440428654715,0.4671883153458142,1.6751500390540977,1.6456720006816075,0.19521048378498826,1.5103836113859022,0.7570025595716243,0.7121713828538216,1.594269007773991,0.6415998939520464,0.857438638919993,1.4928591278991092,0.6782212388531474,0.4134795928982061,1.2764491681430856,0.9176671721715918,0.9697895336527185,0.6103200068527838,0.6763306613440354,0.4546952120388629,0.15958351507585494,0.5801353881783388,0.6609134457826107,0.8055655581861336,0.7588309525154846,1.7358391579927632,0.6016563203154148,0.2565214786440852,1.6610019465037635,0.17635377811804148,0.289592633906731,0.7548398611404333,0.8141913223171554,0.13876155095353332,0.6297252919249722,0.9064247600410167,1.2884841868612968,1.207700398886409,1.7628367703968053,0.2142906680539026,0.9393245963693475,0.41689273476458655,0.6678215119842801,0.8582412843002308,0.6145555534088485,0.8141502088472051,0.8141947690428084,1.3011924238318413,1.0784452998319682,1.3320623492297532,1.6031115444378343,0.7959457552683793,1.6396138441489252,1.5677287463209124,0.25853205431382864,1.238026579007916,0.7236267984825537,0.6445298776544958,0.5795963199245147,2.46040812282821,0.9202595289042923,0.347482186045152,0.975401996258112,0.438860688489773,0.8102310111751165,1.4089206031617307,2.28838008593902,1.9508223611501831,0.9181837079372739,0.4034543420198012,0.7026279500380495,1.0302102509851834,0.9894604625712218,0.5139850084625278,0.3468923946431365,0.5803411577419788,0.9068358334143379,1.7233184389893874,0.37872175106312866,0.43708740777736066,1.4979114946738437,1.483342793077126,1.539174837286502,0.8547570025037887,1.9591415882866836,0.6264389183350414,2.78140215650251,1.3107546982262015,1.3024841265733427,0.7428285887800757,0.50620020102196,2.463312611123105,0.18819388516358415,1.38791377835892,1.018823203305108,1.1997958311022012,0.7875788940020858,0.5074999833594406,0.7242259931581874,1.161089176855107,0.6165533563674248,1.2848920755122852,1.981470312187004,0.5367710959323099,1.4379318359751598,1.6081815881621764,1.3660974737260394,0.7951038936936576,1.6350490307888095,1.153887283606298,0.9045690636254704,0.37240809686430487,0.7321933722430559,1.1607308197551247,1.737261083787486,2.3501396220408868,1.3712156770887949,0.31455525752444324,0.9209999665254526,1.189782762186126,1.0777528731462382,0.6742027722900303,1.3396373759423383,0.28167511175021204,1.1392505524738352,1.0251112577382853,1.417198870899308,1.1483928454766537,0.3013669776438982,1.3374456298432826,0.6591393171431261,1.975670476373667,0.3264283012758224,0.40163894365923897,0.44660813729215454,1.3180163828701748,1.5508871271377114,0.70570626041893,1.1736470037476425,1.1861715270095623,0.5647953807394613,2.911752971332566,0.7386560624869323,0.5820480352019952,0.21069188222547078,0.5222258994126967,1.1784895783367486,1.1078617079155335,1.4480845585317268,0.5257153823938506,0.13560545871508728,0.2778936430430119,0.3134614490424936,0.9458377468498491,0.5743763435402685,1.1050308488639444,0.34953073641895716,0.6739276939872898,1.2499200566599946,1.3355099045358754,1.8483541621889321,0.5989954303021283,1.2079599927793419,0.8537666460482626,0.5275462275925396,1.3923648265249389,0.7747709897548335,0.39601423997116814,0.46686769357038327,0.6768651275290196,1.0352158153561486,1.1320335586083419,0.8528233170637256,0.47544397947105277,0.5616307365399322,0.09958319853818438,0.5260447155890924,0.6678568880071485,1.011340209586594,0.6453026612333324,0.8885206245643588,1.1359407961387384,1.749155885615528,0.8962697276519953,1.386324839020574,1.025601294097847,1.4457663209726817,0.7743455526282775,0.6894154988769565,1.1795418100141144,1.0784829438888943,1.227121718385198,0.9589585627878205,1.767585291872552,0.6585727326821099,0.38980290146209207,0.9449012828794503,1.6914815763916593,1.0573486829859364,1.0677909613424488,0.9065990025539781,0.49473794223267764,1.2284531369425766,1.482017016635489,1.273500758092233,0.9028610725243718,1.8129672519847564,0.8812023253960816,0.9982158894231103,1.6241318465664518,1.4732079979560053,0.5002298718513718,0.5934582119145297,0.5304507497188617,1.2738084897152393,1.1020520269769492,0.5334385668232442,0.835501281409309,1.2407918460514913,0.37475231799134007,1.4930417068792976,1.627620536398151,0.3224124021099862,1.157019181602645,0.37372833979912795,1.4514175815346453,0.8169698016520133,0.8669572503671982,1.0013550566615195,1.3555366390691788,1.2251421786594787,0.3316688410872657,1.8771393479394847,1.555131241710364,0.8844821556065608,1.2182233680625467,1.0197228203818844,0.6535181578901956,2.379747486760996,0.8153091927365649,1.1440566108082963,1.9426913851502845,0.0,0.26116697234840325,1.8852148580479533,0.5841017409044098,1.2901456579760684,1.715551422985624,0.8551895034414987,1.3365360457225877,0.4990793951974887,0.2851320688460163,0.40021621207658753,1.2837671218184932,0.47054887175720106,0.7610535739903526,0.16215600844088143,0.909139288784401,0.8645372660187032,2.665657660274435,1.5237230763744147,0.5087612884121676,0.862491250172911,0.7731742724502714,0.3657584898020703,1.2244219932445837,1.1739740905926395,0.633167562855761,0.0,0.7527770301852246,1.355790861112914,0.9824334157382351,1.0992750466975525,0.4082242613202444,0.41167437190707246,1.1973004653213515,0.642763400891621,0.3776797315629913,1.8962507248640441,0.7023696945689106,1.634761315792355,0.6209776182425968,1.7545576561393532,0.22495879798438312,0.802734332668112,0.19995352842065992,1.3975045420124608,0.7329077661980121,0.8782720440293572,0.7751572117703625,0.5773150569349677,0.9369911533220314,0.230995326721439,1.0367355574042323,0.10734637857053517,0.2937501361729789,1.0580265908296957,0.1747368025650187,0.6455791334392973,1.1745777328306077,1.222901752927058,1.5792717114225616,0.5738214999634714,1.8967942960497841,1.3159032217772877,1.247647251623075,1.4420160126540846,0.6790851550204557,0.10600718869308624,1.8243395861857796,0.3312500788049277,0.369247939925431,0.2953321794890027,0.7674378796749473,1.043207701921018,0.8458275590150677,1.7552380815834745,1.5570619169924202,1.596068430168463,1.1315734483759858,1.4103560150978767,0.4516666172152409,0.7831989229828641,0.7695940383326045,2.0734479448929215,1.10444114563052,1.6500368936151917,1.0167813532935948,0.8474789800793755,0.25210736408057305,0.5277755733370064,0.2844808351862851,0.44727881140940234,0.5407424877869969,1.0456341236474997,0.5900896125285956,0.5206534830235902,0.6969770010188782,0.6100600292652357,1.1452625100596256,0.7702719992740557,0.9878472662110831,0.957641566915449,1.6156361188076565,0.6795962232412341,0.7464454184428451,0.8057246069592792,0.47510632160303257,1.1932419401222594,0.754966932810687,0.14953715589687158,0.5994079565581643,0.49813569632314864,2.099951305595102,0.09316769836715418,1.1288919839485771,0.31580161600987466,0.9841862454537257,0.5110289974164641,0.49344237824385834,0.8317919241639483,1.0550640604416452,0.695617205210334,0.41764014937025207,0.7091019479960763,0.7816765522681568,0.6814757542841849,1.7864366283161972,0.7119405383093036,0.6116060081978162,1.2973368853430052,0.26272209916454753,1.5395116345458317,0.960374468299132,1.3530275276778894,0.7654209317967582,0.972317901717253,1.0197601769798392,0.22266589668706288,1.4225685339087504,1.1136129223524,1.9399593825144987,1.1080576571558014,0.8111665880920298,1.8558324262574586,0.5803611543102958,0.15600667380017594,0.0,1.2474836238183489,0.6829822770586073,1.4427515975038876,1.6101599759210297,0.8888907572713856,1.4707024929274022,0.8491950252796946,0.8815253518130246,1.3402028648090947,0.29894468548117914,0.8416866217302511,0.631425979808476,0.39977980017763676,0.25140171823379487,0.25506550581220727,0.4443115446540621,0.1074477715352935,0.5429493420478728,0.8398695539877208,1.2915274475489422,1.2399766519479587,0.5197951186552887,0.6690695393372099,2.399974856752042,0.2607407452091144,0.48377532756128855,0.9625717420246829,1.948510785390313,0.9652382028938189,1.5653452009114315,1.9085533388191642,1.3222963510831662,1.194891329644662,0.6008910015890738,0.6420426731138059,1.078921392577016,0.7753677544579328,1.2597136676704164,0.363775720878871,1.5074902644747354,0.8318930532351689,1.4930363472591521,0.9951797519288295,1.44600159732416,0.6088810780770517,1.0200908861471607,0.2915730589259573,0.14600314629987268,0.4434387524694279,1.2328002770450368,0.5142924378991766,1.2918850419304304,1.401668066042074,1.7219540564384477,2.2013334085597966,1.5154282067276252,0.8367440481145657,1.041532306916534,0.3346236131785988,1.0880652128794766,0.7399110432262437,0.4804330333968827,0.8871728104880868,0.3280105200830723,1.8964415816834217,0.9971992196033893,0.7926656977380799,1.9505085506208288,1.479719834042787,2.210215724972597,0.41480839130796837,1.7128029392734516,1.2746287617406353,1.5296571422220546,0.6636696154307846,1.2202440891778892,1.7637941650780466,1.1359144410989659,1.9291772308379227,0.9542345711660613,1.5121866677055325,0.8555074980746344,1.1992079753073561,0.6676692767458943,1.780761993057985,0.45058868604850255,0.5939607331644312,1.2676242704989202,0.13136653239530433,1.493419419700888,1.0596539385616117,0.04651988424909617,0.874952463709257,0.6249167338292387,1.0089336228324801,1.5947739977564965,1.2778401883902468,0.3785650863611583,0.39658735772866577,0.9728348193513734,1.9099417662802778,1.2324907703807957,2.1444862258822717,0.7452144655492448,0.276554792323228,0.7400093687368566,2.076923742553718,0.6747110337608627,0.5820045826931857,0.28016755577794655,0.7216831898957703,0.6218981357284818,1.0676959061945184,1.3529592194054856,1.0376222815144909,1.4880694645175954,1.4036633507418559,2.155012163298206,1.5718443209791,1.5009263990607518,0.8205166102666345,0.9304367515827299,1.1116782986223501,1.8315927406508554,0.6721625148533192,0.8255141594888112,0.2058802892201804,1.1918293755278577,1.7786888948127824,0.8267865284309942,0.5908720828991592,0.8949062350680517,0.9119386329304289,0.918051753030575,0.7416749398693782,0.9305482036575993,0.5101255792986559,1.335478710695064,1.6635415144120773,0.31875596413099266,0.2743823426660147,1.3475156410448264,0.6687162833300743,0.6277573132832066,0.0,1.1350824582406844,0.4951543500958112,0.9723947603160601,0.3558512808922104,0.44282523876023683,0.6872052232333938,0.5760788580185956,0.4276127464808883,0.8454082800321939,1.2495871386777135,1.512209830883161,0.17165862388934283,0.5187153296949676,1.3099534062227531,1.3327744189277455,0.9922025137145088,0.8927084245647194,0.9060020442341654,1.1113159090855318,0.9049733199358261,0.7215679076894408,0.8245915497222578,1.861288526966192,2.0380864242988466,1.1819380930048906,0.27739639672335903,1.364015304650246,1.6307430993623775,1.3113353916730202,0.558294278122753,0.6384192019715116,0.7280942446383291,1.5688955550087893,2.273701069663459,1.0212174933726899,0.690149642851114,0.408057452084836,1.1644378853620316,0.4270693815528811,0.9472860467773936,0.7890181344547177,1.615059577108054,0.8974330412744473,0.7887978130997524,0.47404272994327323,1.1507784421499878,1.0593478007716137,0.640272743563548,0.4799680028744142,1.0051472144354832,1.4294038878572097,0.34939965115231086,1.6461390918964258,0.7137397382502358,0.6422662908671146,0.539241733442894,0.9698013742278333,0.9297172149958676,0.7423022299766723,1.1639702983924576,0.3747182722272296,0.9038772646964774,0.6552967822017857,0.5996750793376371,0.8184112020453214,0.32004846640484924,1.7115587620490251,0.2675200881460576,0.482950632034846,1.4389685594729147,0.6375592121824196,1.035595751387528,0.5556134399312009,0.24273039514695527,2.3287938568675814,1.08916458846731,1.0838002056951759,0.5996701916010089,0.3791666097920504,1.1439022332392248,0.5441178632641884,0.7112160092154656,0.5677410722852159,0.9566468591445545,1.6005241410516327,0.6928909047810105,1.0129660157552571,1.5900326306442834,0.9572986147110646,2.0635973411934145,0.5658924688348247,0.2778916384271828,2.1321465680368843,0.2740571309918426,1.1259310127205664,0.73538330261685,0.41017753391915335,1.1677187166850378,0.9680075203204598,0.1507352898004929,0.22253529648805703,1.1770361304010428,0.7668125802048136,0.6992926165694553,0.38333332055555597,2.1133029593891894,0.8011341429564465,2.2402619668619033,0.7338602888202955,1.2368713176571857,1.1709407396234512,0.8006676509444985,0.5759086063370826,1.0947289744817437,2.084863499212249,0.6879077770044055,1.2867557138042596,0.5477481927715945,0.9779844801182096,1.412606945321313,0.5472926408939018,1.214052924308385,0.8548360768100373,1.026644014811346,2.437128726240169,0.38194318180966536,0.6777710960249423,1.413910113243632,0.2173184961926393,1.1244426008277855,0.8880333990391582,1.5580068958068054,0.45176327461168986,0.536527366120604,0.639126143644494,1.3412040459715404,1.5427679419236826,0.4422626796086365,0.9928348512895786,0.3656806868951442,0.680050140753802,1.5250546117984787,0.8722669794156567,0.7673598977117898,0.7872135330155029,0.12777776527490625,0.9443758624680664,2.726394630178617,0.3746807651858094,0.6220624599336899,0.8121274788034054,1.0698123074976313,0.38813809410274025,1.2287651999440956,2.0897424658722663,1.7375822155827108,0.9487687206188232,1.3461933336786038,0.9635174000791883,0.37653317457685276,0.49512711564998185,0.6785710042005583,0.45109350514151586,0.5664532435580224,1.0560434111957666,0.5035545226176983,1.993121144833471,0.6735938747261507,0.624022891578599,0.6502316500095597,1.5548853053698721,2.394010308728784,0.7721259361421541,0.08935931692799658,1.8213267997543614,1.0057678700731891,0.6426861640556747,0.9026941304397996,1.9328527076133835,0.7242474225272574,1.3030685641958444,1.037753562072801,0.14293344268982827,0.7538133273565691,1.2714560889464144,1.2483626144213043,0.187371419697574,0.5844164236060312,2.06470206146494,0.5029288182295044,1.1988681699000927,0.9620428937264062,0.28843995353445717,0.8956288632609923,1.437993465844474,1.2608094957672746,0.586706180239856,0.4120518684384677,1.185985501166224,1.4859831776252377,1.6051778343129037,2.346732485636339,1.2359238459576631,1.8495172887802969,0.9357992613251411,0.8683338286154971,0.5187500569764465,1.1852878124199333,0.9547791864281154,0.9387662537166904,0.43177636203706826,0.8989580438954822,0.43874884666115527,0.8560076395848051,0.5112027169947364,0.5754457823162721,0.6969332273090055,0.3080980587420576,1.2818407029031404,1.1759222188069862,0.8018939491931047,0.19992232200562998,1.1557559517165201,0.33503522411226566,1.2539316858567453,0.8605231076259124,1.3830827214179242,2.3068385368202136,1.2568005500054038,0.8966673649875689,0.5544996229669235,0.885928048748589,0.9649687283893255,0.7928130486354995,0.4845844216092312,1.2720275859873953,0.2256228363054562,0.3897058150114837,0.6720538281192635,0.08510638850248274,1.1441342487287256,0.7310336461072269,0.7187243773380776,0.9918530596624333,0.4841696792307441,0.594575499480306,1.3097500739956343,0.5299006901645795,0.4683627238261056,0.5051684793111002,1.4582741612748726,0.4340572751937413,1.4859077163761336,0.36810288234355926,0.5709885998289865,0.8202045851094892,0.44650403734120164,1.1446635919811472,0.450137712870516,1.2349767837653605,0.630565941429079,0.8117564052629701,0.22266760127130408,1.142025028127388,1.2204440704726827,0.7097934564299907,0.7659223732457237,0.2155680837260263,0.5570538606811639,1.842701866234826,1.5647250737238672,0.5329474517609019,1.3577423655509036,0.44209118348308685,0.8639096979932916,0.20448351254881,0.968829580795004,0.4675185704379169,1.7187582236656733,1.0104708397399098,1.7270641233455652,0.3723912511230161,0.6854496259499732,1.8670425223888354,0.5948723229090498,0.5817343297711213,0.5993428527541207,0.9165174425965776,1.5796867525902798,0.22988344866447707,0.6943471251951954,1.145799164632162,1.3993357777195157,1.3247543318348578,0.596058349882946,1.7654779532071023,0.6304756396961121,2.11778347457543,1.10686455815534,0.6792178735036664,0.6877922754370065,2.341664426840717,0.6180198537371867,1.618055583616401,1.030472594037321,0.32568142934573574,1.6937352099013396,0.6179590798754226,1.4768922952837829,0.41795653575406566,0.6607961972661012,1.1146091103188822,0.6053619046097258,0.298679538480923,1.8647014535284656,1.02433983129898,0.6561790266450518,0.28725340659922083,0.8312701941600299,0.3911469584427266,0.4545417656167453,0.5656362495087766,1.0216962745657052,1.2130123832225959,1.3187968538734913,1.0810135002631924,1.835803839584596,0.774459027364164,1.8794867176439523,0.9167361136852576,0.7922812865913742,1.1129039363244813,0.8053327939085149,0.4472373333592636,0.8813711459095531,0.9130499700611778,0.5352143508030311,1.1232344589307717,1.984937987863118,1.0972981705241933,1.131431606698173,0.951455271094223,0.6049933261710256,0.182241437367487,1.285874644421998,0.8751322160609432,1.8844923169380001,1.7403644225076589,0.46001105235632445,0.5095059882009697,0.2820582775915194,0.9827085630905604,1.8192621017078094,0.8791888508643219,0.508257476573806,1.460965478201597,1.2033464101451057,1.824494399135168,0.8887449709221583,0.3174197966001878,0.7784216780194233,1.5462465664058387,0.6596816336019078,0.6607942480358334,0.6854220704416479,0.48215895016264154,0.5853081302907882,0.6305899852704759,1.8319162539213651,1.5649541884914835,0.4380890879189232,0.09056895072344345,1.6478633656611823,0.9579086520061689,0.553042054376066,0.5760191461090302,1.4772223292741653,1.1795170048112136,1.6056527637868934,1.0928785153194163,2.6040461720378922,0.576997037965701,1.4811612496258282,0.31802833105252126,0.3882362148880746,2.01267126288129,2.1021011013191564,0.21263619464789923,0.4874292779742736,2.2009179187059646,0.5309311133902708,0.4924304602920717,2.4447302349818436,1.488654601324921,0.6630851808685261,0.6785896465963306,1.4865470493337392,1.5726858189391124,0.169683459218097,1.0989728704683424,0.815638595406276,1.1442038126304195,1.1168971139826682,0.4752688951083655,1.1932121995692073,0.5359131344113769,0.450242251434402,0.7615558651671752,0.4986684027058578,0.924124240981287,0.5352005065447885,2.217813008507386,0.7482875914429458,0.4128364567623799,2.396426267644428,0.7871471328229347,2.6124484990319,0.40512360426023175,0.42299899340682434,1.7079605909272122,1.5659310777143036,0.5186092095055512,0.822267793568016,1.2040391924881286,0.8865340773468919,0.38498154001749874,0.8700826798753043,0.17816201236323445,0.3280090746781895,0.5845429178520791,1.1637154017801687,0.6401915748675495,2.4250041229059502,0.4851490455316138
17,0.9171813270283136,0.32831909895348055,0.9116381556980694,0.22329545314706428,1.2006864239701276,0.8380637829971966,0.032073642658764404,1.7537337379712932,0.4011494067296048,0.9232790298065002,1.2195655292427532,0.3179660782074509,0.48671852828303186,0.3485184058195029,0.7246172257411889,0.9541971847757869,1.1916260562031997,0.588027499221796,0.6171363339787511,0.7952316642512135,0.4373692506748723,0.2802702502309756,1.3838948765235277,1.1587233330456894,0.6247579486295448,1.763414136137932,1.7045446468947203,0.4533913835341743,0.8811879042779898,0.6808518924599224,1.1944703436898694,0.21364522110671738,1.0754605654857254,2.0361402357190217,0.9929076169863013,1.311236223952137,1.3781569308399328,0.22748938243650751,1.4333672027943183,0.635990291373566,0.5651175398012147,1.4137368536442785,0.5681278344701557,1.1051856743481763,1.3490172498679547,0.6653257153834902,0.31517413053128923,1.2647118745672636,0.8646838130276664,1.0655062298526057,0.7461608126578867,0.729001124305094,0.6043168058401058,0.19888348890227195,0.8253236582089474,0.5490811512269136,0.7010577361741689,0.828532914062545,1.7349446806285673,0.5515843090605902,0.36732023792393964,1.2386199504973938,0.1361007953567018,0.33020857567280026,0.7283186665544519,0.8838257031117531,0.08769132062686419,0.5578683161737761,0.8705915271586272,1.2446472061096132,1.0193696914006671,1.5999845626088862,0.23658638940589033,0.8269591634999122,0.6650581104068826,0.42799330886204,0.7902687784607152,0.7774276620797872,0.882297516201997,0.8377148129629942,1.0778336705878264,1.2915364551621629,1.1651623253107124,1.9917063520668388,0.3657941658104611,1.2601043939698846,1.6990760401468303,0.2789424785801612,1.317999992714551,0.6553444254375989,0.5246867492422485,0.44999999861618534,2.4902164230377117,0.7613380374184782,0.5577201220675243,1.0095290257747427,0.5770642919404125,0.860782243504362,1.229628085619614,1.7824058451343001,1.622939310806329,0.620117174561672,0.3286150405419047,0.8451720389148127,0.8390473955015836,0.890020321508627,0.534562133794404,0.42335387776621725,0.47835538309629566,1.2078997791380046,1.7264520200736788,0.47992692175037266,0.4136618945182335,1.220110968061097,1.828322430663198,1.8716252448302857,0.8016338924106223,2.052199545931337,0.5930506802426505,3.0442811253182662,1.085232654272487,1.382406306747217,0.7243037413726514,0.6443403742999964,2.2482196420216463,0.12084209390992584,1.554715785679765,1.020386168543119,1.1450204383449616,0.5548900289836858,0.4873610937914956,0.6790715831270882,1.3378331536348447,0.6888869286453497,1.3522016221292121,1.5381623485210372,0.4401989634461767,1.4334408807974084,1.4052237130685241,1.3779150103687483,0.544142930528977,1.2819416202704943,0.8039989872285929,1.146866620323736,0.2623023512233891,0.5339677285027613,1.3594407330817044,1.5202918539238923,2.071630392308774,1.317383162226986,0.4063982601460504,0.8726640052302563,0.8575067390447275,1.3592509977654292,0.9899259472374679,1.408896392893357,0.20607065562196744,1.1790955320829335,0.9914729890286754,1.4284000044885008,1.0970378007164414,0.25071906351403495,1.2590843482602299,0.7902171170993024,1.6814966467111434,0.27160377567046967,0.3700687031636991,0.4983463907355227,1.448172286972665,0.9201353082790776,0.8138290569898837,1.472388240519325,1.110135974817298,0.4928133372818083,2.7247868051475868,0.7182587304461091,0.7583161107077856,0.16224618417448367,0.49611460130870677,1.0525450401519354,1.0534470142767802,1.4601200573108752,0.32118644509492233,0.1010341063967683,0.3472102702758545,0.17371789813395322,0.9135636162680025,0.7778404341853739,1.2405200942851407,0.23751166494092882,0.8071112902900835,1.2600399281650962,1.028585008346619,1.8363485252674303,0.6338300182117047,1.007331486578516,0.5973736463956659,0.6118946496719216,1.532280622604218,0.9982196560078664,0.32863761526747637,0.5825795985105369,0.5566406471479832,0.9460270011339827,0.9167630308908581,0.4830804712326854,0.5693544132518977,0.7655192595682736,0.15976071266668276,0.4541165756217361,1.0260199714841425,1.0077849134230457,0.6532831570633282,1.0584235652133354,0.8685481636804762,1.347927930663944,1.0108928214323356,1.5826626940136892,1.069562200743172,1.3318678398578452,0.6695709265570593,0.8143302324960686,1.0229629686735482,1.2463810653901328,1.433965792393253,0.7946190063805731,1.9624389132043243,0.6041531697843077,0.681954972808116,1.006451954824792,1.231722072252841,0.9713324358350108,0.8566756593598103,0.6135043779446552,0.34640287262225966,1.4324782420365647,0.7817562498897115,1.5797550317410658,0.7670413033753883,1.6193754286535793,0.6597875215509234,0.7783862477844541,1.5932345681776943,1.2106566550498605,0.3640052928421093,0.8177726977955204,0.561776718215972,1.2262586006258722,0.9227492315713465,0.6039493831793264,0.841088336899459,1.0436750631887688,0.44685715371555,1.1041057674626793,1.9497526409044788,0.42290101472342567,1.034442834943791,0.3345271222846895,1.4179662916981308,0.8595393966298209,0.4540717076902985,0.9883963947362908,1.0750887496625305,0.8736139415740556,0.49796157525763646,2.1086840250021526,1.8418593960782,1.0560915231413401,1.2509073543272087,0.7235947431076686,0.8100865696201878,2.559802978030893,1.059499447642993,0.7228654375302767,1.9303390568144785,0.0,0.19793707318096018,1.2346910760621723,0.5011953935744093,1.2751894141036604,1.2389595595855387,0.9609279084736264,1.2458187456192984,0.4714848140610023,0.29180661619123377,0.46190516912008883,1.0139139169054172,0.5421058346556688,0.8160562940952942,0.1439897282268813,0.9275037726948723,0.7469186409626136,2.6641239530508196,2.383261156773508,0.35923500364038663,1.0375070951965384,0.5574466419382573,0.5012834050366234,0.760744432369616,1.1340357606069897,0.5704075485146325,0.0,0.8004415453206275,1.050587070761204,1.0968686031459476,1.0821535049440587,0.43716033412506167,0.44086258517553295,1.284494578183215,0.5481015556084745,0.3127542788127867,1.2764295792173672,1.0419755622577984,1.6958523237242966,0.7595666607891589,1.3973319371676982,0.1864624527105425,0.8341569613461386,0.2118662062989784,1.0016970138439312,0.6700870998204297,0.8442011458394455,0.7243842268514981,0.5999454043537115,1.1677940513618166,0.23523377288887612,1.0402843953421002,0.2589006418560876,0.13704742463819453,1.081459092286424,0.11966458234742944,0.9921344209859271,1.2004104278418855,1.0189468129311254,1.0855236924409155,0.5711394655274951,1.7619137542811392,1.243798867318942,0.8918629052290922,1.0486428527718044,0.5662012108924007,0.06130536211524353,1.6336719869124563,0.2208333858699518,0.5183672941349039,0.11608162993958462,0.8947419304498129,0.8743287148593326,0.9746964652516423,1.791759834141956,1.11764479692826,1.5728021412368247,1.0986784051098282,1.2106706309143218,0.5245550864872672,1.0071468703695088,0.7877283595130469,1.826829627654432,0.9902083960785263,1.6743480417564602,0.9229596247184824,0.6215245830860755,0.3148542842585215,0.5012194601281499,0.49318320713456165,0.5833848118916451,0.5154001672032811,0.8272662946864847,0.5180993648054211,0.43762703285366555,0.9762481880960314,0.4386199506899621,0.8274584186112723,0.816467758821835,1.1141863275788153,0.8760255691922971,1.684306334937227,0.7756498932302154,0.8123997214731331,0.8607729567760846,0.7705917623459173,1.2172141203925246,0.4937165735924801,0.20987862545593627,0.5481039743517939,0.5116355708411457,1.929561816847876,0.22534936932161403,1.1953164691844913,0.35145020582532444,1.1268015406130838,0.47617963759741355,0.6605598864350317,0.8251670691385387,1.0420700551255933,0.622136223883067,0.4090055499264763,0.5156217298589054,0.9168430151508139,0.8376881748537461,2.03091017868992,0.6422672335984184,0.5130581956091563,1.175282992694144,0.14910316224729855,1.9269693003770976,0.948534833322639,0.8445183865841006,0.867817574236808,1.1331456671795084,0.8596680964422047,0.15279781369563916,1.1758303554326095,0.9023886956012028,1.9308610964308344,0.8354710714857067,0.9057292681309688,1.3409298785724828,0.6302781996227413,0.23061557904847724,0.0,1.471848487393909,0.7346717274401906,1.4383995931297544,1.6999110646614153,0.8107799015492811,1.623900419513447,0.8168967194011795,0.8587977746775778,1.7106322652700579,0.3243499638867183,0.9291156827262463,0.65801241816198,0.39407241208069327,0.2586177655498123,0.3608708170582498,0.3705455350118936,0.20710030769036547,0.538665595312094,0.758049169915129,1.0890380417072505,1.3864509481518308,0.4337044960820475,0.46443853567019067,2.3056919180921933,0.1501234581377331,0.7053859119377849,0.7593203208038171,2.0681357040339257,1.189193808255034,0.9514454403808822,1.1219581660667266,2.0156940609244973,0.9342658273445513,0.5953566200869392,0.5651065517395407,0.9155666411881737,1.0745650353344263,1.1534526755286008,0.5119025588210895,1.4421777946165222,0.8717237590374343,2.0471228403682895,0.919706202539438,1.3511864515472796,0.6976914915079664,1.0698656165032385,0.38876407667811785,0.41161755237437203,0.5249091340260121,1.2221632136012106,0.41807806834812544,1.3388687607086427,1.2373208322690272,1.8986971664728807,2.25707186931446,1.4447082958082442,0.9915861613035709,1.124777104717985,0.3807398998542297,1.1054873824671696,0.9710034931916363,0.5131610672447995,0.9242221355051943,0.37951630173931283,1.5271063486636627,1.0704270421304276,1.0510466336761222,1.4778152722246314,1.217909770398977,1.8921742328974045,0.3527378291901362,1.6669989253968303,1.0380293169795187,1.8885078962895856,1.0439339043244138,1.2948117380439783,2.157883563560806,1.0341552239796399,1.8461613037507798,0.7203624142548877,1.0573997615229407,0.7872007357832735,1.257738604392792,0.7675771744564417,1.604647730767355,0.497112423219763,0.9163067014508856,1.2360683905512615,0.16836810953161085,1.682270105186803,0.9858255900894628,0.0,1.1400732723611111,0.602294830863836,0.9525228565355098,1.7678835943760098,1.3730112360921618,0.349343592896062,0.3454301070138049,1.1269098928403323,1.7868855630847054,1.0091971545732452,1.8677678564677613,0.6330925046732419,0.36138100721915634,0.7666026069991316,1.6182735278602323,0.3887648442447239,0.5428402906195872,0.26911596346852806,0.6638129436824478,0.5234428661256952,0.5939767796971718,1.2983709516625421,1.212568955802066,1.5258345621035174,1.3593980179195997,2.003802305772485,1.049066026237632,1.4998284313292145,0.6645688398597114,0.9043729892874149,0.7136686058028322,3.119715357132874,0.4033314587497859,0.6525214467303628,0.37303835480688907,1.06471624236428,2.1570932006336894,1.1555782774039276,0.7827683060290832,0.8439310147008652,0.96403013665447,0.8483199914231723,0.8727813640523043,0.8006041361018016,0.6802786226234231,1.3945645068113124,1.4700680982618999,0.12627047828427762,0.16608609071130664,1.3452295071463725,0.862873563481369,0.5803174308111418,0.04653678817771919,1.0120359961560004,0.462096666807127,0.9207306589218247,0.6156795084573569,0.49920039799607935,0.7099387071503236,0.48492271341974846,0.5463076338212924,0.9764102765824516,1.3895429541830049,1.2937023030311767,0.08913043920019234,0.3304060148054949,1.2705523783591945,1.0830334163472601,0.7483137726499028,1.276066875159676,0.9606691658849041,0.9720757372514901,0.6812648441554776,0.652433892106205,1.0282224732421272,2.019744766536077,2.0584233047243243,0.9897979633075908,0.321257726297805,1.1912291430466802,1.2548046508388153,0.8586050695005526,0.5652592784468781,0.6317323986919208,0.6967112671730384,1.2492342580006188,2.0416446463413207,0.9730373725200772,0.6560126390879929,0.3697228664005311,1.1152193092884253,0.45266191452396604,0.9846062936937959,0.7582279905032807,1.4955834729439657,0.9294071437235545,0.876334219577336,0.6755581598946805,1.1554963650415877,0.8856037764817684,0.46029919225218136,0.5503054637061895,1.3577353523055329,1.0113714539108472,0.32210293602008,1.4517534058505626,0.6025882681551327,0.8122778065940175,0.49069286074671664,0.8391824484916747,0.819150080386922,0.680504967845194,0.9804207672553019,0.44462702153668227,0.7644614972203893,0.7038249935581742,0.5580207956385635,0.6352730672199889,0.29073713634200476,2.0574172880528994,0.35881307402888296,0.5056102608232305,1.084889712353714,0.5116072458390442,1.0072458861993225,0.7939347092759411,0.28248417167264794,2.0913693357363146,1.048317003160657,0.7702170944765061,0.4742984531140138,0.4212018760861457,1.0137986257079705,0.4939721748872711,0.8102714521929134,0.4367506711376973,0.8353837393529148,1.1942518173081031,0.8433395718546804,0.8499266916622433,1.4525049780903723,0.9626629160883682,2.1293568540680394,0.5482482885266089,0.35703299425871715,1.5443890043768391,0.26225597187037386,1.336816158861574,0.923478878042925,0.2967727541065576,0.9433520849557537,1.1247323251696586,0.15668252107665104,0.3561573552750781,1.0490898678404412,0.7080224527350015,0.8761389297798348,0.2666666569444448,1.578862079013128,0.8433714670441532,1.7100161854200369,0.9875100340915386,1.0634266442810882,1.3933227122340979,0.7495712926248917,0.6380093572142207,1.1699289306527492,1.8423288973444516,0.47141088867992686,1.0981259574632216,0.43347093882473714,1.0760404337958644,1.5508258274911517,0.6817937786274769,1.3680105765981605,1.0668781604500532,0.479769053355696,2.4103454414867787,0.429092907398371,1.028422465521714,1.2004795233228462,0.11109191773904807,1.0812783981638117,1.24455407783393,1.040606148600499,0.6762072383029432,0.542700122152423,0.5041100613218629,1.0774321076464313,1.8409414428691637,0.46045702791607734,0.7836425753400971,0.5243167626928827,0.7116555238166234,1.6785950222863697,0.7075631653088688,0.7890779243776775,0.7200758816557812,0.19166664791235938,0.7524562569322706,2.55135707455767,0.3911283418033697,0.46758476881321515,0.9176229644114537,1.0585208741114507,0.49647938415328186,1.1128627914271143,2.115780353496199,1.5670609388362355,1.1957970141828762,0.771160766321444,0.35634512167303567,0.5700080185525226,0.565948982138819,0.6130502605970353,0.5954132257920317,0.40750211403923553,0.9528040694073591,0.5597614696013549,1.5995571190357434,0.7630107853615513,0.6817518801759439,0.661352309083691,1.7739035173378817,2.426240369012171,0.5855835150326696,0.21841669340888156,1.8128960271006733,1.0205918036569384,0.5140572778571552,0.9609407511830237,1.6797910050134885,0.6073357795302283,1.4837003668744893,1.2311334551109085,0.19785693943329483,1.0116471472748514,0.8517635582183003,0.9408343425745362,0.10684157538194824,0.5205593312852074,1.7170369046945722,0.6365720838808074,1.413636409771547,0.9022138743282746,0.16515513459125658,0.9377107433163405,1.084492888376332,1.0530821106554806,0.377752701559219,0.431605887708144,1.0294551086613197,1.501245850514738,1.7213774189210047,2.083982957339127,0.8000675194068141,2.132919722727659,0.8353329598297664,0.6470896797061898,0.5564271307291487,0.989413383574191,1.0039485287202345,0.6389813556484023,0.38996777254841863,0.8816417202716698,0.58592925233836,1.0194651585285843,0.4752263215716955,0.5615365672739863,1.140708285703376,0.375842508357085,1.5148663919418652,1.2554553742433752,0.5315221805331174,0.25369051562547107,1.2701235567801954,0.37053881835429947,1.1236208818910145,0.6660470212235077,1.5790381892317693,1.8696467556053855,1.1532049415843633,0.9635040352876988,0.6599630238083515,0.8368887777179116,0.7928825986701833,1.0879598668543404,0.5962218905196875,1.2529077281787113,0.14507537080055932,0.33797833752799916,0.7069711245016346,0.1031096599718642,1.1721172773453141,1.3555231956241443,0.6185946323623315,1.0369816453108784,0.51372064268452,0.6887678475059882,1.168504396227277,0.7374275948429506,0.6791550915247451,0.6456545780704972,1.5799468069420795,0.7771122468498246,1.4600446399892255,0.642016449663042,0.5627089987446271,0.9491343960888714,0.49124422296842196,1.0104598516715555,0.41420168776220945,1.0979169190607465,0.7181790682561942,0.9492946561507452,0.049744889633116844,0.5854303400060374,1.0598423290954015,0.7543189126513963,0.8012024046844024,0.2870677058750206,0.6829019893835896,1.6603223310036397,2.0542552195058708,0.4837731351957809,1.3796041337048288,0.43686137644428613,0.9771581584490859,0.12293735846882987,0.7485078238289296,0.631357083694525,1.7458819604014404,0.9376671998727005,1.4561275350351521,0.5308617175852308,0.5908174864274792,1.6853878462008072,1.0144585492957365,0.9194498378023477,0.8443201069655588,0.9591182869243217,1.4747984766329862,0.2312795970804092,0.7557754672273185,1.2326059644089804,1.393650128289688,1.422753386716193,0.47917484935559007,1.6518477997170535,0.3733173183512397,1.8651657736206533,1.4345666540852844,0.6675876679651973,0.51677217801711,2.0737660308683625,0.5832680250451638,1.318902635159654,0.7919390509781093,0.3463520508405234,1.4507406669490042,0.36849243556983546,0.8061838410078767,0.28478065225948845,0.6184702461136578,1.058318185971556,0.8548361815319744,0.38494886324611965,1.6723615825624836,0.8087949621357076,0.684199684548898,0.3948870567498256,0.7116299003891136,0.39972400905939387,0.5034690919739029,0.6165587926518601,1.1003594201981404,1.1874175655898291,1.7237841980319277,0.914099618490219,1.7510741501768505,0.9730454618420428,1.6482969644083283,0.8255126475697806,0.8792939039111589,0.9967352015199546,0.9611892488932945,0.6968458794515907,0.6775687737604525,1.1248454692989343,0.5856030686238307,0.6860815684436911,1.5554650262196628,0.9421728190135288,1.1251329022983572,0.9171344469020751,0.4313438439572062,0.18570176756498918,1.442944517339283,0.9138466117943136,1.5069068066613411,1.4014910704116768,0.45157661127913984,0.4536748527493168,0.24220014322375946,0.7835091607915005,1.4965575644073135,0.6838742751168206,0.4450738963491116,1.076640418482119,1.0804433468788688,1.7887981656719232,0.7708888553905302,0.29300288799551444,0.46367745103534697,1.2554112049684372,1.0719422187460417,0.5445874648929359,0.6275143885320629,0.754100829019549,0.4578747254832671,0.7134626194193598,1.3108869736980266,1.4300912938864743,0.5801941018032626,0.01479591770132217,1.5782457081635048,1.0009108299437879,0.6369561116420432,0.464863909457578,1.5064597447393309,0.8492424047949466,1.2679297707780095,1.0061075528137509,3.041840928110265,0.9323950853547803,1.6998368304126878,0.3197782573202388,0.60920890891726,1.736457373603369,1.758346887196992,0.17808413501050824,0.5299794830146992,2.0228387340456098,0.46558574116710727,0.43437761083603366,2.177192336652067,1.3878477170842654,0.9379857122684259,0.5862123557373038,1.4235815443450275,1.3359439232872712,0.1617295465148937,0.9633403374666153,0.5205355926782012,0.7267150256111392,1.2584589183147687,0.5527157539964496,0.7767572263147844,0.3932155801747469,0.5706175489593707,0.8351099351981282,0.6143864878560255,0.8268316493363308,0.5633868270952795,1.8398333078839015,0.9501283171052715,0.47992225223569196,2.2986267990785905,1.1776115921110277,2.578669910724032,0.5781933708547746,0.4131513062938498,1.634710974886753,1.432390722867166,0.4397209372114629,0.9288778328120773,1.5397605259389853,0.5978556576379268,0.2759965296769082,0.8344606386811511,0.14600095939840574,0.26064130774892186,0.4860927405508635,0.9965867384753289,0.583878676760431,1.6801479099707817,0.4191912308255092
18,0.9378043392489311,0.14573558976456769,0.7811440596181389,0.300765286878715,1.2163632519509626,0.8012393748695325,0.0,1.897974925237636,0.5201207915635939,0.9139833348760451,1.0404553086121702,0.34760093821427734,0.5519008441610151,0.49778482047483796,0.5855450400176042,0.9525492199708747,1.7680322320655322,0.529320278240871,0.5917319383411339,0.7513611654071919,0.4852660007777402,0.2514864687915118,1.571559340925281,1.1606437354476133,0.7967337023748227,2.2992462639156304,1.4915070677962228,0.396660765879116,0.8402786592685284,0.6352828377141386,1.2418093583336456,0.053411305276679345,1.2453625690003356,1.5708160601503274,1.5459184309436629,0.9458920237414026,1.2451596034371892,0.2379415966582492,1.229172068527765,0.6383575716830301,0.6408841804248753,1.1891578931003879,0.4649758736935708,1.3587875339076043,1.0758259423686884,0.6051397842399894,0.2671009200029437,1.1902946859024748,0.8012004098382121,0.9306152674096858,0.7996474207286474,0.865585090342408,0.7781866459184167,0.2497218778397341,0.9722603282793809,0.45106666545049273,0.4283373233435944,0.7446773937850761,1.620130860341112,0.5236625006068457,0.5503099001175088,0.9800868701393826,0.16180698183244097,0.3648713537990381,0.8091666091660108,1.1401711754214652,0.11061064291056,0.47840951394114367,0.8877990114987007,1.4921583484834526,0.9847702857025636,1.2380396648936274,0.32634913825209627,0.7111784494967608,0.8757074884348041,0.34185649025418086,0.8128185448782816,1.081076261315677,0.8620696872337646,0.7511069520796299,0.9152571408491805,1.4315319833021638,1.0874403533925192,1.9564264789662986,0.3191641355744302,0.9306084760150022,1.7702776036368375,0.33732229411500364,1.3806331635167868,0.6639152538916644,0.5516196470963877,0.38150799321205836,2.3717799076903745,0.7308354792507323,0.760771267566229,0.9234687704688955,0.6821967126315718,0.697904004960143,0.9773896567089554,1.1751993015626154,1.3210118685859131,0.5663357172077136,0.26204606000275954,0.9218903191597401,0.5758280503670912,0.9054547076797306,0.6776291365903887,0.5509736123752413,0.5041904618560031,1.3621406935071252,1.7148804551937677,0.6400387962235637,0.41176455295136233,0.9095333780471198,2.1913230025318935,2.0636063863205383,1.112778581392163,2.131764480724979,0.5484128171128336,2.597321743442496,0.9267808339044554,1.3925543834972898,0.7445510828922599,0.7383429939115521,1.844133319265499,0.189033364185126,1.5689722862857263,0.9985876730831162,1.362078483316136,0.350585207255958,0.3786110923801479,0.5599286236744638,1.3901273826198561,0.7934489876810134,1.2099340555859488,1.352307089764385,0.4938606874867102,1.4158632627748902,1.3201107512396186,1.3428585337937111,0.6280241193628343,1.0700607227615677,0.6254103386027758,1.3597760677643855,0.3978114760336201,0.3479325452062373,1.73754181938475,1.080292373496163,1.8255486657100222,1.13880374180136,0.5042922068498707,0.8717309327761447,0.7214225743851946,1.4507307061266705,1.5270806419862701,1.362966936967214,0.25650776477333137,0.973911402636331,1.236125610167299,1.275875469388639,0.8466349901359078,0.223121622644772,1.199797903664531,0.9922841476916237,1.6978222530932472,0.34058962017856964,0.4777404094943287,0.5600248152079546,1.2631371021349558,0.524844684568731,0.9675351075052334,1.4878185726379696,0.9667933117912424,0.4820771779570042,2.7505848129321055,0.7799086220377762,0.76204475672156,0.18669162539684891,0.2350016516023584,0.8898257392294027,1.0216004193170702,1.2406486524002451,0.21973894039314276,0.11671181188602088,0.41390457911025647,0.16506405199985663,0.7573239723456524,1.0318138976095064,1.4825948737435324,0.21483976438948324,0.8140669989891709,1.399659869900014,1.055725597638202,2.0351706963110514,0.8239669148241356,0.9860524159463313,0.46052333194237355,0.6192465327245652,1.7220491946384848,1.1952936383958075,0.4161954982486652,0.8316198864702793,0.4784592771035023,0.9334540848316255,0.8389501306707954,0.46794231773048006,0.9096863065125094,1.0592811012374785,0.2119942676277534,0.5296462054830487,1.2984286548886321,0.9035754818323335,0.6805186434101175,1.1581822634475416,0.885192799994653,0.8813463814515616,1.3712085691174045,1.4927436027389407,1.219209128001211,1.3039767445618247,0.7352890877487416,0.8822748407884037,0.882399363187902,1.2271343848828389,1.4380472642326734,0.5084207588810592,1.813266597184734,0.7581141439001755,0.7018153086775468,1.021334504819286,0.6590904612032805,0.9406919777914962,0.8039967040634266,0.4175594652689746,0.2902274896556052,1.6844750611587065,0.39074093256303644,1.8167089805871537,0.7906829812016666,1.1825215259204969,0.7790598491006573,0.8340420135227253,1.5715539714217233,0.9315485143366726,0.3240494985164075,0.8184871108483928,0.5745186589579301,1.1568757485343992,0.7057484561509717,0.9633239082659664,0.6522893515911206,0.8943804467289787,0.44477718728976495,0.8299925851207801,1.8715990232534547,0.6232075479850441,1.0167294624660044,0.305538286903663,1.748810074360157,0.7531664387501703,0.4595430447064972,1.0788344210177656,0.8129922333071514,0.6661653692784669,0.5736602062470173,2.3356829009275604,1.483497122662578,1.6434575673548113,1.3720835888601142,0.463074444616147,1.3047136798494332,2.5550451475141673,1.3050599343193854,0.6509930141304063,1.6961677893841831,0.0,0.22585676643179176,0.7651555074339373,0.3794348041681834,0.9641949733555516,0.9478035083941412,1.2132345246095928,1.30815090258262,0.7005908986556155,0.4178033713787972,0.6656573094319593,0.7586903755396806,0.7284401096465104,1.011480300603353,0.07037700204397743,1.0230118082267852,0.7594832404933898,2.320333807556091,2.6844756284682907,0.5944081931491579,1.6133654898749599,0.5035462096738548,0.5941086697689554,0.5457353378591301,1.2302245255126114,0.5280105671943178,0.0,0.736857195560424,0.8251588101141543,1.0692755600708266,1.0255990181465924,0.7475814137134962,0.5557084204689293,1.665195471060629,0.5430135229066559,0.27657260101110503,0.8509095721597153,1.2671021363844952,1.6505895436805627,0.7772316521658067,1.0758620080356502,0.24272672056076355,1.012142462599316,0.20693076621903247,0.7302684600921805,0.7341960852403264,0.8452299994163008,0.6731382785821524,0.9697351819685346,1.4469836503345124,0.11973610952815664,1.2012903062957792,0.6451178067027534,0.17173501095372745,0.9599742808467366,0.20788177878342984,1.2761329615865897,1.4003367374421014,0.9890507778763977,0.9218398984727361,0.5497439339560606,1.4445955402445483,1.2516885083122673,0.48977187349537643,1.1073514608059951,0.44423860792990744,0.015326340528810883,1.3893150754075028,0.10539775029381968,1.01649694573371,0.05927801337971425,1.2346365517425255,1.0450005546378616,1.0579901060870904,1.6915692057268514,0.8049925652013219,1.2529107634651613,0.9170983553680656,1.0451475025689958,0.6502234401389011,1.2821219721384414,0.8252945468405017,1.7486495619589706,0.8452701604088482,1.6582376890820285,0.7318632452149493,0.48108457707950636,0.2741785136592813,0.739023854318666,0.547637827084834,0.6519157477652249,0.5423670337053692,0.7059604442525981,0.47539639300457004,0.40359856117975335,1.7221439298268457,0.22723705719744455,0.6605220845184478,0.7362464650770604,1.057565029937165,1.0022272626280746,1.4248707290960265,0.8684336937934614,0.771173582299821,1.01401444369707,1.0509716933291435,1.3013044771809401,0.49453897462532403,0.4541120964507416,0.6038598215939641,0.38460077003513193,1.747550937990833,0.32686333800267,1.4918592384129092,0.39699388295588367,1.1665532233634592,0.5834108287661941,1.0939256317059471,0.8416833265763343,1.2154896435782745,0.6350264138401513,0.3291187768261046,0.3041205599105442,0.9074658926933744,0.8348430751418603,2.2212281471642554,0.6937710106097617,0.5467237954259899,0.9912570049351839,0.21862308277322512,2.0280508787389606,0.7154938818353326,0.6752382702980838,0.8390776146387455,1.1242420400475523,0.8935037869672149,0.20041577401194066,0.9948175312699956,0.8030530031657662,2.0271797461447347,0.6104736944514743,0.8873625428880276,0.9836294997898478,0.7059715965476222,0.3732343867258515,0.0,1.431675264673832,0.6010705853647551,1.4359043688419784,1.785444774763074,0.7949714688878549,1.6054678258584367,0.7412937745284895,0.9542873238625833,1.9722239806412565,0.640608446974569,0.928848605683773,0.5791911422885293,0.42622937119631044,0.4039615906059146,0.4625161415407032,0.1483897626848625,0.391025604072024,0.8537758177600798,0.7091806676662219,0.9680114596723334,1.6614011484498556,0.42983011024345774,0.5989745318905635,1.7275331699193375,0.1619753068765688,1.0247377942662483,0.8539247325658861,1.913752095643313,1.1642101114259265,0.5468345242280349,0.7508317299940391,2.2929620193728892,0.852233999836309,0.610670721764319,0.5249593031270916,0.7304208518977048,1.138532871424181,0.9286673364630714,0.9903545958472284,1.1043652563182158,1.064760521592762,2.0438502448408453,0.7478059902732757,1.1722229364037138,0.7116774071806488,1.1078476613898842,0.5156523455087016,0.8725908738351227,0.6508863786646323,1.127735770264897,0.37529871399103537,1.2564940035274383,0.9396622659239323,1.7785024968747645,2.1737345847434786,1.3190396090097118,1.0919146856629056,1.3447231969609605,0.33944727997153357,0.9699880784555596,1.1344012441774527,0.5133689477372894,0.6984079596474391,0.40581135215101616,0.8315894815951343,1.0271374592270779,1.1239848555833416,1.2993148180531526,0.9594265599479042,1.6893722757533238,0.43628769843346005,1.5866318744347612,0.8323555321116639,1.896811966049507,1.1479115849508714,1.196414633658959,1.9799926414710476,1.0388263354816463,1.687312539383429,0.6188288838383251,0.9686669166944086,0.8418738256144747,1.5458261196097056,0.8364510504229469,1.3578948821111598,0.5265222567847927,1.265032514831212,1.1618514881795265,0.19502518272248312,1.7754691838608987,1.189498188321367,0.04651988213455617,1.5721511063246982,0.7335718904215687,0.8568313249303257,1.6313133718874013,1.526005061150214,0.3510120261111546,0.3398683876386491,1.1779594201968004,1.6427634570937149,0.6571203958878737,1.536335780490855,0.5479620372498761,0.4530590383976527,0.7785356474274213,0.8899571610082041,0.4346035578536429,0.7960153814242948,0.30949997663570683,0.9679758505626341,0.392968665350232,0.4589792207796124,1.5006843220281727,1.3056679591089748,1.7980764957549127,1.2857838267718282,1.7596742682480095,0.8823895344921299,1.3032123523685382,0.555016838756307,0.88405518714184,0.3499920742650493,4.27292314817232,0.3938796485741718,0.6742820166743911,0.6706711935628603,1.1634603067229128,1.955636660524453,1.255774878556123,1.0537767243381029,1.026117028543513,1.196762808214919,0.6914403464909619,0.9200102031583816,0.8413481822628841,0.6861058024464506,1.4979293114519494,1.6663819928075074,0.022328316235028244,0.2843309569537911,1.2641889371686972,1.2729192416375934,0.6760726622765526,0.18614715271087676,0.9159215882503289,0.38952718539549125,0.8820036282766226,0.8125641706307851,0.5786902517210838,0.66681459550898,0.3829881955446771,0.6166264858029753,0.9979253963679682,1.4538547752023192,1.2011923426242708,0.022282609800048085,0.45002958659513803,1.2722672961472448,1.073627458875036,0.5519959225340144,1.514712740131,0.9594431761609398,0.841640726790361,0.6340616202096544,0.7582078612068154,1.0049668056596714,1.664868701048894,1.8259220430228136,1.0865354269012242,0.46853096331902444,0.8948647722124965,1.0183703724529478,0.6038870835511201,0.7412424757018627,0.6556362139457089,0.6055724992453599,1.1940998155666884,2.0133732107116193,1.000933824253239,0.5300321012647862,0.3060505194173445,1.1055192606923896,0.5776419159674256,0.9891517139468199,0.7722746962831997,1.340222115814935,1.0615081362776118,0.7921614937213028,0.9601728882168263,1.0630474174364597,0.7955623042531981,0.17943102940192843,0.5744742805780828,1.125430510423316,0.5832551619986398,0.4263552653302142,1.5087354481456805,0.6763204566510019,0.8722522534157184,0.37289389153512553,0.8084717992545934,0.597972193137738,0.6604256672833131,0.9556396326076764,0.5328688564114239,0.6113456970877101,0.9222680001161316,0.4285531495139581,0.6277392014775685,0.3401493809737241,2.3975164700023286,0.4333951412367669,0.7002243148453793,0.8312856948881419,0.4551843969519308,1.0174975480972617,1.0277115495333808,0.26746112618294454,1.8669056531428447,1.160599105856754,0.8684494385876361,0.4795809388728885,0.4439179036256047,0.6252669070373414,0.47902072722724076,1.1764920514371306,0.2381074168321493,0.6938363552800145,0.7757496784577825,0.8872485206304738,0.6879744008163943,1.5263957727856994,1.0575636398780053,2.005370276598035,0.5882969740728716,0.47326961874941176,1.0395935998021977,0.43201438021871597,1.5171894367212135,1.161086535215212,0.2634897375553127,0.9128091977629958,1.5526242825784893,0.30540656130542454,0.36942861411519357,1.1221459953716093,0.6583732459715227,0.8732046947065797,0.27499998708333395,1.1135220382437656,0.8182017891079798,1.2894574521365927,1.1293248867326022,0.9847322398185352,1.5120626434185187,0.5642333861429023,0.6230716089448517,1.1681294355231908,1.5635117701677932,0.3712181394203784,1.0246874890425661,0.38473224106426784,0.9225490058137132,1.4067979127265509,0.7941898106440384,1.3633790169677424,1.2960120334243124,0.39942864020305047,2.1399503563207722,0.5219025783137011,1.1564911698047393,0.8705721311393726,0.0227049174763553,0.9026331022802342,1.2926200287413445,0.6948750860795796,0.9463028260902957,0.5013578172780029,0.5118624605301201,1.2090427094844665,1.727702464222339,0.49737056430806664,0.73353614296896,0.5698384175167893,0.7107860811103134,1.602394674334794,0.742881807395618,0.9730917155217989,0.5082222891683301,0.12777776527490625,0.5985208344465812,2.158755784926344,0.3477517413355635,0.2634102873623131,1.0047780522286658,1.1600830800432793,0.7165234695169238,0.889657025217302,1.846650329251851,1.6157663691799389,1.3508338799589534,0.5276872951314907,0.25849071207696256,0.6231332515520345,0.629811269650544,0.6038141873812326,0.6917145361085356,0.2924234120250011,0.9663695191624004,0.6988352684874486,1.2778395476998567,0.7635088266551164,0.7561466767325722,0.8131166351853347,1.9316790308212206,2.1626409101755018,0.6737457744675641,0.39771058321635944,1.568783833311958,0.93751857197352,0.4393113438186468,0.9324439931191156,1.3684749335555262,0.4071042036465609,1.4523275596144183,1.2102007444117495,0.27527921634089936,1.478438534785664,0.8268734990009808,0.8273217411772489,0.17581020406847242,0.48707686577279014,1.6804346275249658,0.9136129208184001,1.433238895592474,0.7085047626860955,0.0719549119920551,1.125192741457937,0.8935327499566952,0.8574072123986256,0.45897433410381905,0.4708815753629808,0.873572204113753,1.5782989894247657,1.668584521562179,2.037054815816074,0.6503495401949575,1.9758817533420792,0.8436612645388777,0.4877513618530841,0.6386210487814346,1.2248570981589881,0.9081392633527507,0.23820545965283835,0.34879105084731854,0.944193403307066,0.8426215611355045,0.9694343390888644,0.5167037295203762,0.49971040220378693,1.4026883639889154,0.5568036920870211,1.7177647571694434,1.6224717304470992,0.46156823096275856,0.33761032830314275,1.3347867970917582,0.6697647911433127,0.7785851541531493,0.5310107301817794,1.4229722364510713,1.5401017023687105,1.3701343499292356,1.005343754876759,0.5748550427383995,0.810417495714423,0.7289427767507368,1.206512787011721,0.7046548765171243,1.4837443712460308,0.21353790512838675,0.20401958912796356,0.5952417805596895,0.32733225138497407,1.124081127761687,2.0591410149898937,0.6467167549754473,0.9769103998370436,0.645045183424098,1.1276771593533028,1.141197680147989,0.8949456108030269,0.8103973633103987,0.646984412045386,1.4382975878182611,1.2553178066669188,1.3786990052997221,0.8564670388022604,0.41455513643833775,0.995923133038128,0.4767856973618203,0.9125104309754568,0.45581457759069977,0.9705545669599324,0.7909812964695497,1.0455494944798573,0.0,0.5557224655195436,1.1284743244173177,0.8934404621903962,0.6528159594980862,0.4693478220461221,0.8443685956404103,1.5666182663955843,2.094837698665697,0.5554973506033996,1.6785647178234344,0.46345871788830256,0.9204090656696742,0.1058165857434278,0.6515009750672661,0.8051190403869904,1.5238599602104046,0.7322140771726844,1.5563834518721817,0.7758021219524687,0.6035123944168117,1.29733980220625,1.3606339289159588,1.0062211282182967,1.2193151495480534,0.8876684260950997,1.5114863685256994,0.23383413469776002,0.8766955080730493,1.3220773300917301,1.511689616742496,1.673700722164466,0.43714407892747825,1.8354315888949033,0.41055023463513485,1.561925172295971,1.688390906029013,0.7025732800813549,0.6373680207040062,1.7185691507812888,0.5795681801433282,1.2415981881813887,0.8390512740484166,0.3727876153155498,1.2391780183086043,0.2612254634033716,0.49304732415447733,0.2309779048164366,0.6333467381080067,1.2427440470659668,1.0668402934515637,0.4819376269654331,1.1981838164582161,0.7031541829488798,0.7003704590839626,0.7154821178128058,0.9177973406189386,0.3731304652932528,0.47602396546109316,0.685182122499941,1.0230310611288558,1.3965985011805149,2.1429458243145088,0.6333576060757045,1.3997601644797173,0.9640657737468945,1.2936322113858907,0.8210182432857509,1.0801870407393765,0.7674665276098962,0.8106104980017133,0.7724014754210489,0.642116228652627,0.9894132210428646,0.43683619734761914,0.34506775488140184,1.036829116319776,0.7311252928048612,0.9948177126001349,1.0128361248731705,0.4295753320546432,0.4059612317248489,1.4608090780493983,0.8047747664785192,0.9348929009692204,1.0726186262305664,0.6784882248125044,0.33843371905775155,0.19783116247674182,0.7831310723463171,1.2053899021359586,0.6045003815358807,0.4258105724150997,0.824897014388115,1.0031753135691224,1.8221621350496249,0.6413212534857122,0.170918351076374,0.2680615340768119,1.0713987325439516,1.243249571312127,0.584658052242603,0.5835115831673395,0.6549884174784085,0.5341019436597717,0.6845465593606107,0.7255271232486843,1.427717231716337,0.7796444201543736,0.0,1.7266343771504071,1.015584736874909,0.7333006726733017,0.37157532406862054,1.5276012351233745,0.5997529275092894,0.9954516459904235,1.0403719273367562,3.2678337413925194,1.140571298962815,1.673952434135588,0.5022358836716749,0.7582097150594325,1.4716763776196953,1.7197906720581067,0.27221041266622004,0.677574559843094,1.694544135300959,0.566871053730224,0.46331038071943553,2.0058559402916427,1.4548024595288405,1.0385508046075909,0.8012828770042126,1.4128381981136875,1.0092690306472145,0.09544694536829557,0.9337289592848017,0.36892718694141324,0.7383939709822147,1.1267800361013134,0.5755277146080757,0.6136624321415473,0.4185524337426066,0.7320942419852949,0.7705479521042349,0.8301344778147045,0.7243831828198605,0.6555397649736918,1.6181522762109317,0.9452053583684243,0.7381875777213052,2.2620579637544598,1.617040101594745,2.492887646169749,0.9659148671806335,0.6291616684671827,1.352176959709822,1.3152231011488702,0.6268079477407082,0.7796971827877838,1.6848111984663368,0.5261493226030431,0.3332332637501932,0.6525681402788056,0.168462644595788,0.21518441299027596,0.47774282188796074,0.7087034280468606,0.5837189707381155,1.2391100656835647,0.44312059274239113
19,0.9009000024478959,0.20305754267053105,0.7139308620342201,0.7853315508437477,1.125208668109512,0.7397122333812804,0.06872922903226851,2.108389653770821,0.5790713743313861,0.8593694742183221,1.0501098176905204,0.354442671431895,0.5878081905471436,1.0438387878722595,0.5106081137644336,0.9888941101583896,1.5564747628436304,0.5749967332245511,0.5995253232050135,1.004917807880774,0.5329578508135026,0.2561389778688553,1.7765515514242036,0.9879547488683256,0.8464590398880245,2.830053249926757,1.3303070208501637,0.32560790640443005,0.8028889515647168,0.677357677588897,1.1691196123121337,0.03903133752328992,1.2620615973961546,1.2450363057734832,1.4648833512480888,0.6568639698877885,1.1196348103602711,0.2570015166132157,1.0844768671414724,0.7460999131532033,0.8496905388789701,1.0365323133744553,0.3966169674949831,1.5239154657682432,0.7521056573239242,0.48440341231092854,0.32780492706336084,1.3399847966335303,0.7318134057961272,0.7162532121062978,0.8124751348726141,0.9519805884940522,0.9134412537389015,0.3083591849064523,0.8490931851877292,0.6755850314872405,0.299498731976491,0.6436667968954892,1.4006146792641903,0.5630863643794846,0.8020938165809963,1.0728220674567415,0.22300256336978275,0.28703212923574095,0.9406224494118953,1.1924903426529283,0.07374042860704,0.6037289380149023,0.9700552771971966,1.4961710275194715,1.1548405405198876,1.0370331761472809,0.4061668189224416,0.5396241762616644,0.8674299919295365,0.4282944722815894,0.8947694685365858,1.0713389454205007,0.8113073612059123,0.6047216926894624,0.7341590472958874,1.6037488882451865,1.3698051011444243,1.6960487587217479,0.43841553349821427,0.6263129607636253,1.5881479232165396,0.4503800378282745,1.160201013102867,0.6900884741228698,0.8626142917371131,0.35853512015640815,2.062718611666516,0.7273702451399722,0.7767745938653303,0.8355483651382003,0.6973943590311136,0.4673530949390325,0.7793086387307993,0.9836784017250617,1.2557140479107616,0.5702102681854561,0.18856015628388378,0.971381027566802,0.49337379716167384,0.8327953204817813,0.8698244053818823,0.6497635475592709,0.6271630562586781,1.2906584766534954,1.5831575235866555,0.6891047508299011,0.3469045076774969,0.8335875424140586,2.1872539041394554,1.9712796914972555,1.478645976660033,2.031687265683329,0.6044444362343291,2.0983821777591616,0.8249892858167567,1.4566690441739223,0.8062449016917514,0.6254354197566944,1.2886133513606812,0.35329065967207085,1.3624133277205428,1.1211306431391304,1.4654289287775875,0.3209920544223729,0.3202083129754684,0.4011100149039599,1.3142904239009627,0.7430173720764089,1.0260361201822654,1.440246462236944,0.5839033007607646,1.4973236433474577,1.35006230144193,1.428391573051095,1.041565678751065,1.101445694104502,0.5275609012934018,1.49396266814266,0.6386673077004447,0.44498400468181415,1.8494834397090385,0.7524401655910925,1.6605537482588049,0.9702949755492005,0.4274858066447169,0.855715490901672,0.6585470614263171,1.215178314179925,1.8530163098598982,1.3367597072662938,0.4091553884593324,0.8797985166285693,1.5745128425186996,0.9082808899596413,0.7297115621405409,0.1833498356669384,1.24815630222985,1.2426943840440985,1.6193029041928884,0.4839221694983823,0.5396881493376509,0.6263539849606591,0.9703417886421033,0.5310002817144532,1.0306896895454698,1.0992432910389298,0.9797190731910761,0.5349535874530627,2.5760193708472423,0.7939153994727037,0.5804049013797096,0.19321438418458764,0.04438920051007268,0.7334104124147455,1.0141524898567693,1.0251162606038942,0.224081890773082,0.1463252564589261,0.49480109015254925,0.21153839608420782,0.62325397656547,1.030982342499225,1.506350774457707,0.24273909733497379,0.8299817467973488,1.3814426805681777,1.3724799184535899,2.016060467702957,1.2292476426570333,1.151764414676153,0.4855428336478734,0.542090949427258,1.626810191899182,0.9316814967373763,0.7343100011557364,0.9540609742713595,0.6010209179548425,1.125302256200472,0.984527157229695,0.4893808997133642,1.2180560816240098,1.2783264442812545,0.18396242778098518,0.5650951468585148,1.1803712873254832,0.7300714804512509,0.6980594924668124,1.2694718336969588,1.1425404046765422,0.6861954401902866,1.6498705448632645,1.518854579603887,1.4399366268132332,1.5865254419751396,1.0099852406601204,0.8411523565184487,0.8412495674414613,1.0850889853658068,1.2356025592978919,0.5063773655384843,1.3847607787507235,0.7724138218527852,0.6035141360325776,0.9316218256479186,0.31769946315525155,0.8513320589918935,0.9213199474838231,0.4620535065378778,0.4082075284808818,1.8478813090607242,0.2823278757501,1.784117050683236,1.0123665937887882,0.8733101479453051,1.1774219635465932,1.0457845346962786,1.3690782053496502,0.7374710535805948,0.4052829133391003,0.612349350048252,0.6091318365397129,1.0376662141588486,0.7065471182051641,1.305506065867926,0.49937554527538663,0.9053026834749833,0.4056132711727941,0.70475262649057,1.6431413570716265,0.7802767647812933,1.0728336474171392,0.3816521901292451,2.1582489379678655,0.6672560063963022,0.5534631659970368,1.1099795515659443,0.6935896756071969,0.601303447213308,0.5547255555635264,2.5842570958687423,0.7830199230242383,1.9792303421480382,1.5163549585957288,0.43727372959987854,1.4630194771818212,2.256058849572481,1.252696376446037,0.6495522995136715,1.5648104531827407,0.0,0.33789257511356785,0.5324789478016243,0.3208107889684814,0.779935122545136,0.8812818331452624,1.365759285754975,1.327705951121663,1.0566881521178957,0.49009147142401965,0.8731894262232143,0.6838528250693799,0.7330977666915885,1.1778909202455867,0.036472239074803924,1.3840588049200848,0.7508037839834741,1.612902711657658,2.0438487096116873,1.000789034391199,2.1804453354499262,0.6174703468956247,0.6519756726108034,0.44986170354201377,1.329765190550162,0.4840126748871027,0.0,0.7501767807022783,0.7133213759538085,1.0249758272251603,0.8533885704109809,1.128894268049443,0.6814449063789259,1.8753752906568046,0.49467276289073264,0.36086298139308515,0.6778208938829633,1.0227424663752394,1.436259148935735,0.6765910668311375,0.6922772381038859,0.3661098227995434,1.1349632087278185,0.1922675062619893,0.5442549058970334,1.0709124050369965,0.9003536003969848,0.7127919459111212,1.0288482151758276,1.4573906866976554,0.02437106652237504,1.4342240544999916,1.119938326780761,0.3645945182018504,1.0210680990625645,0.3458793147259741,1.6365817423833438,1.4271925102114442,1.1190116424225596,1.0437318164135894,0.46844373110994186,1.5926889968983051,1.3098311741037998,0.44704897897315476,1.4101062113369165,0.33775589312146914,0.04214743421913879,1.060167889973235,0.2559659590123978,1.6978303709292157,0.19824335337431298,1.3836304260360417,1.3570363152272351,1.0689738115156855,1.420172288643791,0.7640986312471689,0.9504846515417399,0.8209195758324122,1.0307437802776114,0.6057880707075709,1.4183047122517567,0.801143019591541,1.5892904352648154,0.9554169510650223,1.5503394678189064,0.5031483261190418,0.5980347773918756,0.23820428195360935,1.1654050136524459,0.4738152002786857,0.7149070786359794,0.6400159192618082,0.640363110214825,0.4648703323312604,0.4070526068802981,2.252061711821532,0.23994911277575107,0.6011822965187219,0.7267853474438053,0.9872116605938178,1.1704631287885654,0.919544643786645,0.8329808928130338,0.7101100039753918,1.2416354768452438,1.0972310388794808,1.36143233211746,1.0931120603443576,0.7572450687941956,0.6256754034163342,0.26264184015421527,1.6229915090591973,0.37564696790349755,1.7859096750970154,0.34580224155707584,1.0567169431501193,0.8372821582802148,1.5836202587993151,0.8284056175263486,1.4461858308083344,0.7672114776539893,0.14578415595563854,0.31758657299113724,0.8491325141086455,0.6533838955997215,1.902615256216096,0.7746250964187908,0.6198021033911617,0.8335522134292167,0.4459749719121199,1.7410239345367813,0.5881083862871217,0.6326117911104074,0.7291662560891634,0.9326141149745033,1.0017841686871547,0.2752935962476778,0.9095324804931778,0.9411922074160508,2.0508089433137213,0.4580956114877244,1.1189694448519738,0.8380353991069152,0.742570759547673,0.4345445005238021,0.0,1.2268428355735521,0.3477818651928264,1.4619323319115272,1.7970676704252646,0.8666009629831369,1.427098109099488,0.6683235793237338,1.023772274138953,1.9387963206356966,0.9830431750028589,0.8680178008985706,0.4401548195110415,0.7496236035443307,0.5954583887619272,0.5709323507961027,0.05893928527538406,0.4032451532446225,1.407241846493172,0.5919422160631246,0.8083436928354536,1.8939798718349787,0.4061134475553971,0.745611455959472,1.4419767319944727,0.2577777732960109,1.5120978121995095,1.3201147786828489,1.7760649709426064,1.0173000149617861,0.5549046946129359,0.7200002932838903,2.2314247318727287,0.880712149419621,0.6331887737141882,0.5514794523404207,0.6914748519961774,0.9251630660945674,0.7553401161294608,1.2960103632651923,0.7379396107673297,1.214091032214448,1.4595077044473448,0.8227762419012035,0.9238823404844704,0.6222491469997525,0.9769952690950987,0.6047441015787093,1.0783517295136371,0.7495476521393196,0.8804248517092759,0.33183725007169584,1.2341413184976302,0.6435448626457086,1.2778215213817488,1.8804543521461714,1.1175290142053587,0.9215269646355857,1.4118894671369775,0.3628863331853369,0.944649858479327,1.4777111579784457,0.5974302378272273,0.3683103490881804,0.4966658780820282,0.30218713017721843,0.7570360316577439,1.296771150582756,1.2674688593661279,0.9744958377065815,1.4612623359419548,0.6648037945753869,1.4568059809845446,0.7244361739794776,1.7091518534886783,1.0392458443205888,1.1305423829335621,1.607926154745528,1.0836326402073968,1.446408085122563,0.6276948476008626,1.0118436806997324,0.9651053874648096,1.7717959436812902,0.7760558398722575,1.1248669223221173,0.5802397749620902,1.2770959712923595,0.9277930117088798,0.20356827345163012,1.7152545147928862,1.2641747484769637,0.18607952853822468,2.1477722683752343,0.8887989599163824,0.8998133394188143,1.501224446963661,1.6744620888010118,0.4412648357438632,0.38053576516341014,1.072424772781393,1.566468138895679,0.6197766085777836,1.3515728387643842,0.5198725714811123,0.54250847839945,0.8324595936782743,0.3584480308973289,0.4355140744538536,1.0145545899792534,0.30346176303204053,1.209906872523024,0.30664230319420427,0.512626683652761,1.647579166474448,1.2484250396834369,1.7367485996819476,1.1715153064642863,1.5424652980424185,0.8449422994050978,1.038645050862558,0.5782559106272898,0.9418475507230896,0.315623237937976,4.4940426438667025,0.5366345387416604,0.8131568892456581,0.8434161678152877,1.2058769893677714,1.6546147274315786,1.151262659612887,1.3736569623588883,1.3003645024410244,1.5241667835614185,0.6474231325020203,0.9068308564426514,0.9893511398188437,0.5032076337336016,1.7158070647360648,2.0550526527376496,0.0,0.7178400366282598,1.394920206748633,1.4887269216339842,0.8346912616429543,0.2792207290663151,0.9663580283184244,0.3316821411949371,0.9013951070270028,0.6538445518802614,0.6987054025909109,0.44282668041207657,0.2578761883263985,0.5789177422057693,0.9791695028813648,1.6106995797693597,1.2105692644825523,0.0,0.6051600615313096,1.2661406143758855,1.065425019254522,0.4509668468725212,1.5375278597322946,0.8688299909335322,0.7690059523577647,0.6463999868696927,0.7167850160788103,0.7647986135690177,1.1500125909114942,1.3972432254204976,1.3886115010050781,0.6960625942122625,0.6129451462200795,0.8445907961624105,0.5435962589904784,1.3177066149121712,0.6302049456309401,0.561108634687705,1.2219662057244969,1.8225209836730576,1.0817039352145492,0.44413034561623754,0.2922408167551789,1.1397652883615905,0.8200185044928081,1.2220399323939888,0.7444338696615873,1.3895661647782387,1.1304261914832687,0.6732612674922402,1.0538905084895593,0.7829468767842204,0.6598741565396228,0.11165031055726218,0.537911188809231,0.771545408720316,0.41601957809973766,0.5622672681037864,1.4577161194725092,0.7700580896178819,0.7936979685833825,0.32760105738859996,0.8785562866695462,0.693122270506449,0.6909305491326498,1.0796002472276987,0.7053972557317851,0.674570548033252,0.9962917621302115,0.29299007316687026,0.6876979100265292,0.45897553248101586,2.2378604752285294,0.5290700561083181,0.90014582864263,0.8403040286631575,0.5367334990012536,1.0565750349058705,1.2516859802052092,0.13637869292258412,1.7039822859088265,1.2644561532324192,1.131068820316714,0.6280232243168158,0.4236079307472261,0.519305853633895,0.44368441618621046,1.706047389991917,0.24920888590895346,0.6408833988693015,0.7406311286481193,0.90757301943506,0.6520973152266605,1.5634185520141148,1.1027851708381722,1.6931389025919872,0.7230243787939472,0.5381987537029758,0.8772495616279968,0.7943543537759283,1.5854049118634894,1.1880036732459247,0.3534991242054978,1.0012536930331266,1.62282113450753,0.6060877726722063,0.3205584305773388,1.2172115645333723,0.5947259475858726,0.7204678767615926,0.5249999737500013,0.8726679854978976,0.817645819894453,1.0917308897174303,1.1256057347357253,1.08225453111188,1.6586510200490536,0.46204754445290447,0.6272336992361163,1.0590671745405116,1.3959765516436757,0.3104069079678451,1.2353952025381463,0.3309760588364835,0.7183368111749254,1.1748405922462544,0.8628327837617319,1.0840156764236533,1.1748939984710145,0.677069029215251,1.630816345700372,0.5609172235604171,0.9887468365839223,0.6890806855534205,0.09460381871864845,0.6442356185759102,1.0407252218097667,0.5797305433353387,1.046555440056218,0.4893052141807174,0.6876241333989336,1.4124448385134065,1.2993776048471293,0.4358713253052616,0.7302032899998905,0.6143290437865758,0.7828220838297565,1.3247303127770371,0.9542571806795701,1.1340901216626589,0.4164280746476005,0.03194444131872656,0.7260272387639578,1.9513588802352806,0.24209883690661974,0.25612295729438406,1.1932124541143372,1.2276932401511016,0.8875308601764327,0.7626979822242199,1.3790509448992567,1.440422356522478,1.305747768571207,0.6512580386592317,0.4563065304281536,0.5465843741235439,0.6320440819579073,0.6624750617587956,0.7516737614485032,0.3726089901633898,1.0799143691299813,0.607074993594137,1.1631424347305694,0.7010988935787875,1.0057214623103592,0.8778781362183209,2.11294265721393,1.506166143689556,0.7827712837063863,0.46335232937642745,1.4579585499511705,0.7499885327388063,0.563940388884933,0.9133309988813884,1.2399260408909227,0.40365714353373694,1.206554217429531,1.0435108744562327,0.38711139228025016,1.7852150984079909,0.8393887445413346,0.8640217065704069,0.3213567167168587,0.49181247432692676,1.680342537514678,1.1218513313671736,1.2976749768860363,0.5904515652827699,0.1736842675449909,1.3573987346270773,0.9151411444148332,0.9499343712619803,0.6899643314232139,0.4667360578148165,0.7471526296531446,1.4284757542635933,1.590149323464172,1.92148899938829,0.6167886234011547,1.6394935986176837,1.0010256234310975,0.6568042395415774,0.6883822662561867,1.5937930354149725,0.6776693057890699,0.1335325912993224,0.3892553712492396,0.953292765137721,0.9681489815828238,0.8772686724995128,0.8190692380726103,0.6343005837343718,1.470585773386453,1.12404741747988,1.6332074091115871,1.9628263371675474,0.5783146313794355,0.26293599517423205,1.445291944439627,0.9782325811644961,0.7270389848646976,0.5840318810342658,1.1892355972270785,1.4499069679075127,1.5681545356057038,0.8969369571804167,0.4582093818354838,0.8084094557695194,0.7541574444112615,1.0600212164855778,0.869634213413489,1.9345228426319137,0.23647518272822335,0.1896142017594054,0.6197262087714824,0.49099837707746113,1.2096419505115708,2.6273214310379682,0.8707507025476067,0.9212611736263238,1.1228273305399885,1.6884150910588316,1.0755257585834055,0.9255085170196912,0.7350564083250459,0.4949783187484958,1.1873725866120277,1.5428272611032263,1.3254213538749755,0.8619437153204654,0.391530438422546,0.9952616414829991,0.4655843973659843,0.919919980180833,0.5694816744265232,0.9138121760835397,0.8985987305071816,1.164533387794819,0.07106412144849883,0.656404042677127,1.2268116279704944,0.9872809847726025,0.50379198200376,0.5792706014064587,1.0187245255361792,1.3904928763031519,1.795643893230777,0.8329446999960111,1.9283296968810326,0.4938556994463251,0.9847966734449067,0.1228344074635419,0.78463571448351,0.8118506448162671,1.1064476900360507,0.8431125612048735,1.7688241790393433,0.8916012280230267,0.5687041720242034,0.9496533950416246,1.4403612870250697,0.6717355268734126,1.478678562106402,1.182240979721462,1.5223778909895316,0.2770922808904799,1.0736808423335964,1.4985407135295068,1.8703297444503142,1.6513284300894093,0.4743742657619407,2.2321955724789357,0.5856962671173744,1.299576535195051,1.7755014976633183,0.7349434266334366,0.8014381791363896,1.5184323160332551,0.624267899223136,1.3112685103667885,0.9361247561844925,0.3106528088966152,1.047106252966687,0.3870506319199573,0.6336492107526358,0.44275935648084946,0.8355676898747658,1.6051802713225387,1.1549503533374401,0.5422987846235082,0.9198544966409692,0.6489527852825385,0.7211555827857207,1.0479670978030893,1.1695189587087493,0.42781098229431125,0.6342591169522613,0.6962784307554629,0.9154682643695783,1.6187486691774475,2.2241714197576874,0.5191131111567012,0.977357222733938,0.8064580389516158,1.078607950312505,0.8529292803791452,1.119385857819577,0.6851521645432636,0.5646195052541427,0.593391597421878,0.6473823567614849,0.7801058867320377,0.4349211531049495,0.24374484414938993,0.7861833160812461,0.6760314412716723,0.8811862004960981,1.3531472206273483,0.5304778602232162,0.7365568626250374,1.2341113699274124,0.6866443779972586,0.4789458363914713,0.9448241977574338,0.830996923922067,0.20525229034699022,0.2788356823494606,0.7291906463598915,1.1093808644006746,0.7154187371237807,0.5379033184293386,0.7542704809633852,1.2318556009428892,1.8778206391070584,0.6436097299615572,0.0427295877690935,0.3604360828573874,0.9583416155283517,0.999117886055823,0.6360909738852107,0.6266121223141765,0.30015893492155266,0.9252957620181568,0.6964618277807355,0.44458742538320933,1.2392538967824827,0.917064325201689,0.0,1.9086349956038728,1.1216108837535876,0.695080043392342,0.241618157063799,1.419383581712996,0.6353000180213598,0.869915732047311,0.9772731875164906,3.551837674062212,1.0597014554075461,1.4340513598683144,0.8209100196118371,0.8742835254015561,1.3248966560058557,1.996636721798522,0.5331583321193141,0.8566058690418425,1.3708482500430557,0.5989991903572955,0.592749279949929,1.968175826009258,1.5053957633178976,0.8806539989547335,0.9951518561772865,1.538370634273255,0.7707521238469641,0.02386173634207389,0.9583191393085082,0.4342274811241813,0.8054284251611266,0.8547994009196433,0.7001723035554794,0.7114902957857583,0.5783629403404479,0.9353915396876294,0.5082556820091806,1.1795430155717912,0.6752093559811043,0.8990268706179219,1.4734917999656383,0.9072283464242787,1.0371971267003508,2.0831822935105544,1.828039488251599,2.0884387041999144,1.2393965170619925,0.9301470899887907,1.0550981751159192,1.2668293226306857,1.043624351106984,0.5482458767878324,1.404569472099035,0.6276697756437677,0.4492336273461217,0.5901031168686293,0.11230842973052532,0.4301927252435529,0.6463004969454987,0.5181095411943825,0.5696297037364703,1.226827650281939,0.5541894301513945
20,0.7999557857076189,0.2806698911371386,0.6135115783312208,1.4620534024592589,1.008194771363355,0.6660933296248068,0.27491691612907404,2.0294490180893368,0.6697714397376953,0.7793730428309844,1.1460040064757906,0.46219334470142376,0.5369861250420214,1.639976364207119,0.6633450290999643,0.8497854908703861,1.1844112547354533,0.6798352366577523,0.8121936613955496,1.541667159730124,0.4739416359748844,0.30293434015239806,1.9708188251756273,0.7385449657351362,0.8215503257575235,3.235760997882622,1.2567029286164666,0.18137685644970147,0.7940684890283208,0.9088632678712479,1.17239250301633,0.15612535009315967,1.0942943582785936,1.122834794324961,0.9240701110478888,0.6025784222855826,0.9802194295511294,0.28328576079411927,1.1313187940202267,0.7549781514528604,0.9170591098250895,0.9375173650841468,0.43758117449019396,1.4968682530986683,0.5647087539602127,0.41278040541236216,0.4587872698442262,1.44213232072485,0.7387900961623448,0.7084651822259705,0.7736364809116959,1.1211335369047524,1.0034756378772545,0.2634909026947944,0.5852965113486146,1.0805704648182681,0.55666647514353,0.6857142636997416,1.2502962021022295,0.5215071503893985,1.1744701434488705,1.2774690093138246,0.2130475426044092,0.4767652159698546,1.1702023005811917,1.1606021844290804,0.05284730610323922,0.9431446073004692,1.1504478478833216,1.1658586087760994,1.2542347892613257,1.1273368723165615,0.39760929044718396,0.46664622640079245,0.8180671829341397,0.5774088457635598,0.82863231131451,0.7678698344033164,0.6958779659048515,0.672575747776867,0.685448512226338,1.8241606959462326,1.8415963757265659,1.5621729313810027,0.4733608375555157,0.4474360149783926,1.1059729847320638,0.3876980213726846,0.857358253126123,0.776816368425499,1.203011677337987,0.2974780103580517,1.6551919618389732,0.7067577284874392,0.6785766843043364,0.8079122070151017,0.8146519058211302,0.34824705104039444,0.6478636083938359,1.061388682670088,1.2243255233394903,0.5624635016843715,0.16974841458811105,1.0173477498273116,0.5271665245222814,0.6622112835445764,0.8644240920116448,0.7612744698116337,0.7408134907018962,0.9572051670283501,1.2883639166719565,0.6465721230299792,0.325203191443054,0.9725178363721658,1.9155586853474564,1.7445314452320166,1.3290105371371355,1.6015074958847606,0.7110373347373818,1.836842585823746,0.723300568492047,1.6142847436236705,0.8451906149162761,0.5240465000115928,0.8150499673488437,0.41001680090498704,1.139778333129311,1.2937887813233195,1.3019937370131625,0.4630255963226166,0.24703701986051962,0.3535703959531321,1.1041912600056885,0.6591552989977592,0.9274587412477078,1.6210880419045894,0.7415672085872456,1.5088974722339858,1.2405481686965427,1.433593424663064,1.2833250430137075,1.2597509318165616,0.5095125832491405,1.5373132937943081,0.6986064795535138,0.8996649422760812,1.736750070079769,0.783251102064923,1.4840459731176567,1.0845615495832606,0.36619879555684776,0.8700090065493027,0.6021127503010371,1.0570740946482018,1.7932122709844807,1.3289860200092245,0.5103504007384565,0.9671435261553435,1.6780534392733037,0.6328679348066543,0.8208282502047579,0.33803855219714085,1.3814856190140647,1.3454857325797296,1.2346683091204391,0.5407900300850468,0.49389123002410473,0.7220918890258455,0.8885295637891595,0.7279625119567243,0.8929692363713841,0.7208395604678929,1.1663534008170697,0.690048547031858,1.756356301622393,0.6890626006721245,0.44893776072218206,0.2390415253320337,0.0,0.6304347118121915,1.0680159511288156,1.0275920081248782,0.35543880227138275,0.14632525424187698,0.7001593322097623,0.1410255973894719,0.6900017518794035,0.8913776814638315,1.4370274356970019,0.24094157221233345,0.8926462935400818,1.0925641533045907,1.6024816569875568,1.661678969442593,1.6675114706760321,1.210638865301107,0.4753927947024694,0.4792037612345579,1.2371619195679315,0.5566834328538459,0.9133467075711135,0.814679254830647,0.7893935769418321,1.2518523684411027,1.2037552444461264,0.43969548059612895,1.2206705033339347,1.3800040686345072,0.13506756150222332,0.5682017262584322,0.9908118124028514,0.5581573008120353,0.9129364443065038,1.3564381918424648,1.1441872945115292,0.7227926096678223,1.4935923950774792,1.769632810686275,1.663930399323353,1.9504259666581465,1.2323603247730583,0.8193362370063051,0.7892902856469404,1.079943015640577,0.9939193959304399,0.760872207640213,0.9063938363359968,0.4919353663641078,0.6459962363541282,0.8238554346079379,0.25107393492842306,0.8059741422323518,1.0899067595403893,0.6148489780178927,0.5937804949904664,2.004860012925997,0.2776662618773883,1.3964493155565119,1.4143894306864986,0.8112526956872225,1.4522564373191968,1.2362360228343228,1.0727504136075763,0.6447533108822181,0.3779840637100647,0.493892276970708,0.6012481804091003,0.9838342295282405,0.9172723802899341,1.410125492413202,0.45460124898993165,0.9434858885347144,0.41796573216106414,0.695782059769343,1.6363422668994878,0.8081336527625151,1.047972330227531,0.46470140723011855,2.458174319719456,0.6636971487323087,0.569536169400988,1.0953663996823724,0.7058274018521769,0.5616089184753934,0.5888281897612376,2.8346351254135147,0.42822419199776496,1.5854515676688443,1.5844716285738725,0.6898609008023959,1.2011905516551238,1.798354025297817,0.9163622820535562,0.5956339697437887,1.5397361846373376,0.0,0.30261807520777473,0.4835220603943984,0.36843569784506386,0.7942976331710965,0.9022080834412325,1.295380623274276,1.1708006833698008,1.3072343866993168,0.6254560129906768,0.7682043120253093,0.795133738439636,0.8615568471081989,1.060505416847465,0.09088164431960433,1.8098667667593462,0.7810585426957898,0.9158547105280057,1.172383206032619,1.2830717641813327,2.0586269925322593,0.712683995448667,0.6502096266754283,0.42506358727518523,1.3050454606812438,0.45862123939934984,0.0,0.9333696566676479,0.6532870863499671,0.9744937933813531,0.6593668477796307,1.3315706788171222,0.8266125062274056,1.6708348935200381,0.48199891509848203,0.45544995582620096,0.6259130249524628,0.6911077024698868,1.1428480140811192,0.6519893583453678,0.5565338380172296,0.46620976571376244,1.2298523328694613,0.11616161813713259,0.36315405357499525,1.3781436782203884,1.0109605639491912,0.7868904315917504,0.821952615136011,1.3450158910314145,0.0,1.5976044304977606,1.4141990171193244,0.5888152114359388,1.3361468173491569,0.3866366061372725,2.1869397451245027,0.9456407179555173,1.1347494309728736,1.0873188871783397,0.40642044812809763,2.0924313232689875,1.076438155705957,0.7880113328651559,1.444909662349539,0.3441285494212192,0.16858973687655515,0.860233991419499,0.5219697977862741,2.362713322769173,0.449075851536789,1.124261373104917,1.6185036466951137,1.0452204071029692,1.091001871026454,0.7806718109704396,0.8922274098100273,0.7943495446138478,1.046292854162349,0.47273212265581155,1.530754398100949,0.7361309802266922,1.2500697848518054,1.001666431911295,1.31778581899112,0.3392786079170892,0.7786699175875376,0.33283379282539005,1.3836672512806505,0.38082359611325206,0.6988678772103524,0.6748115010601502,0.6329781552057488,0.4548045594103864,0.4432987839999863,1.846958256229002,0.5170109738810091,0.6914720533238099,0.9331775550578426,0.8284156340095529,1.186275842940904,0.5973141070931122,0.705404453254743,0.6875166946189358,1.4775080992772338,1.1155484215370315,1.3708367687468284,1.658514849007847,0.8361268534518076,0.6200523651816519,0.36433987666639334,1.6860644758224277,0.48007239945489055,1.5485061510775897,0.24628894350259078,0.9640110633757506,1.353120640615216,1.717588225940633,0.8420258359111406,1.3669171648784892,0.8882169012454972,0.08517068934790747,0.5788572349842126,0.9167383849555348,0.5782543411469416,1.379407997233371,0.6699482826620283,0.6706341646763013,0.8698404914026269,0.6910799118163583,1.4489767508520663,0.7039533981873676,0.5163114267215712,0.7054399251482306,0.8374372086243613,1.0225139731475166,0.3020957860847842,0.9791420990738586,1.2928299148748859,1.8774179746530226,0.40941492614934893,1.491114707555081,0.7549635522314577,0.7187152267810355,0.402537388624784,0.0,1.2111146929257415,0.19545857681212514,1.3905764349093641,1.569721160567559,0.949242547519108,1.4242678934307333,0.6903949206658107,1.110401800192995,1.5507355872641233,1.0742722452514304,0.9515503689836169,0.3133164830289787,1.0509765228492922,0.6973977256552962,0.6030406742853616,0.14655173481051365,0.2077323512086105,1.8583144960231657,0.43406248050495666,0.7252274879733401,1.8087764562188102,0.3437083021468912,0.6326485546241086,1.512442473775975,0.31999999239300486,1.7676900516844074,1.5269260125138786,2.053539032853065,0.7710161671320115,0.6330057714725896,0.6979027416626769,2.642883870128766,0.9392112422827728,0.6277805465307189,0.599677527198287,0.7874947660117365,0.7223894503168861,0.6201127359169846,1.212836080499157,0.6301974271742088,1.1382337459525436,0.8668603883862311,0.9012810532310307,0.8632383981330027,0.605159373286863,0.6492156722728856,0.5021535760384469,0.7691354240266195,0.7451878322772827,0.7120658906458122,0.26178271742160825,1.357938257693684,0.5954811171151092,0.9941639138737294,1.5519210553164604,1.0510799701675135,0.7432001194958573,1.2108875758178366,0.44482002433795864,1.1447288123024515,1.9603960551566693,0.8052265616856916,0.26327929126146765,0.5510076064810195,0.19232878157862765,0.5144426062470987,2.011705043137252,1.2657174803254667,1.079405987738653,1.1793060825125792,0.8999819647728128,1.292373865158254,0.7409859979082853,1.69385085872992,0.9965805364677363,1.0525748799218821,1.3636074580194801,0.9920062650107849,1.2435941650917823,0.6269085644331192,1.103532019124622,0.9937475795080585,1.7237522989510354,0.7664035517502076,0.9028939525292985,0.6038863904864895,1.2354675719792403,0.7530579853467485,0.18990663453442308,1.5996153474569366,1.065693206339473,0.279119292807337,2.278140214519788,0.7992924159914367,0.9714992992263467,1.607146066055024,1.6998107228838741,0.49701903434835026,0.344968953545919,1.0762175266925118,1.447899963349081,0.8738648979347284,1.456307138310642,0.5836423519817682,0.6703246056431784,0.8013590244374055,0.28473066184656015,0.35232625245933563,0.9875537674661419,0.24929894711577644,1.150974200033262,0.38112642851307366,0.5466274632749574,1.429253049648614,1.360062011253694,1.3618272115162708,0.9513020947809158,1.3550961249492135,0.7328096677264554,0.8824114726748585,0.6679301537746822,0.9508232180539461,0.48485676271374645,3.8802031966247545,0.45322504997407226,0.8120622822486132,0.7355966231096747,1.0900378160832886,1.7164211659876631,1.0102706033722422,1.3333116923499788,1.2791899694231605,1.7722468227327437,0.9490337282874196,0.9498521547870196,1.2289385433797975,0.3497897086332444,1.8892782289305607,2.132020161085289,0.0,1.009821150637534,1.800187138083515,1.4392477962233623,0.8497187631007517,0.18614715271087676,1.0465223138136945,0.3291683692895304,1.1643337545311456,0.3697714227335894,0.914378785818733,0.229894288502695,0.21741805916507034,0.6234778891601112,0.8857092366781716,1.8417614138428713,1.0069461756069003,0.0,0.6091031710584981,1.1350293235553623,1.0573195677782308,0.5133548602027337,1.4694314049313113,0.7803602993454127,0.6961355805138274,0.569510461487343,0.5613588787298986,0.6102806471341007,0.8346948760879647,1.1019055323104094,1.479903822535863,0.8832112068995623,0.43944679820892474,0.7005705375010265,0.5628744425596988,1.8696101567763388,0.6798171722033237,0.5386203021206888,1.1963951005036366,1.4443421322200796,1.0823861406260327,0.3958269269996,0.3389062805190529,1.3145299822111114,0.9923399778174778,1.6879160541994886,0.7951002324842384,1.3839570743027143,1.1723398960646976,0.648403655030204,1.0899928085805337,0.4868587514285847,0.5163654417985638,0.17046842223918177,0.6795871898046363,0.9691065911441898,0.4948705062009619,0.586058147679938,1.2346966778540533,0.7771812354465109,0.6518631250699634,0.33593000204141915,0.962071580455516,0.9805982770343329,0.7556367402842142,1.0314666053782633,0.8120713434161136,1.1175590387288123,0.8771931712152655,0.41969893563915894,0.7268845871329946,0.5845922205456312,1.7136257318882844,0.7591656574314983,1.0755604426674052,0.9056075462087617,0.7140636730708518,1.1822329512647964,1.6360394912699503,0.0806355546946611,1.5708982863341587,1.2317281220946756,1.2606306652550523,0.7133730791815693,0.649919009087733,0.8034804046519284,0.38121579368686215,2.058855669836807,0.40743674906544974,0.8735283665851561,1.0072170193136816,1.0426783824987984,0.7812628394131775,1.3402222518846052,1.0346849614758642,1.3267472603476798,0.8592380681479737,0.6319894488441371,0.9049232340821054,0.9065739367644011,1.4247273573935304,1.1198513373176073,0.34504520244979897,1.2074181875796977,1.3662230931576043,0.7282006544958326,0.27749275216078106,1.244733480221475,0.614692458730079,0.5953169351167997,0.9124999535937522,0.8260822660604703,0.832632954658401,0.96697246356656,0.9310472520296934,1.2282698920465651,1.7122526223415733,0.632788115242962,0.8205788040504166,1.001033454740461,1.299994007169685,0.27138001239869214,1.4806484420872124,0.3291885899114667,0.7204675688161761,0.9841313967453628,0.9533877275140716,0.8584569146371526,0.9928643013241847,0.8446265163008357,1.2410280457097211,0.543688694168707,1.003592767597487,0.6611653733563528,0.3784152748745938,0.5892412051179313,0.7953388952823872,0.6284155872606116,0.9992974814423166,0.5636400064068234,0.9436914833802194,1.455206988177732,1.069778768435333,0.3974532529902493,0.6840307330035459,0.5739445614316185,0.9072432424247198,1.0101479148623898,1.1798543221180244,1.0546526735079356,0.5582529464952684,0.0,0.9635083746890191,1.826935675406901,0.19432846775925858,0.48658029581319684,1.408265535153694,1.0909074969674735,0.9756828972986488,0.9802339293606693,1.0369774869001098,0.9926511970253403,1.189514341018216,0.8290311802636096,0.7241208805215584,0.507665317034495,0.5026509869864446,0.8176096397978949,0.9092202874147904,0.5879067030351048,1.1847005914911661,0.4317483876592088,1.1136215907457359,0.6098362827920113,1.2843669174082726,0.7166939533972475,2.10745743308201,0.9362713581377362,0.7779407990502428,0.4034737581627579,1.6584191029053859,0.6587721640629733,0.7783155331223011,0.9118793796674951,1.262513557543353,0.6856445113060983,1.1589753114026062,0.8784405999032933,0.5849683205303278,1.5632202480371156,0.7873756935009557,0.8929708562087146,0.5520471586930504,0.4827133922697907,1.5556347796241066,1.019813445111675,1.228308161380363,0.7519304811054969,0.39078960125254514,1.5586861929060265,1.00084798344924,1.0364187977895134,0.6387675887661927,0.2828703373838395,0.744630965471267,1.2828494845079468,1.4312043151703668,1.5821464268216532,0.6126671920961105,1.368750249313078,1.1144481445151309,0.987771225672875,0.7421722463867464,1.6320337943474845,0.4897530409907057,0.19377859157506422,0.44282785122047097,0.9981152376639967,0.8802137387984338,0.9514487168981561,1.5074528734130608,0.7822956059450474,1.439866512508856,1.5339941103566879,1.491651745748314,1.7824538109447656,0.8084215736548089,0.10839528647851249,1.5016868786572908,0.9535285960787404,1.0503558365469912,0.7710823837979495,1.0765745253671009,1.3673866706746547,1.3509655638661857,0.7683379672515513,0.4742417750939971,0.807497215978793,0.730895055154827,0.7541395109119534,1.1315990248763592,2.076829549473687,0.26942568655562643,0.35389609646069103,0.8490416778058882,0.32733225138497407,1.453862458174339,3.05907945567921,1.3060621283672236,1.0170412996745601,1.7780676877591615,1.7069058903408263,0.7824402155096442,0.9740456914570084,0.7197368580740384,0.47987562831852115,1.0074915938573796,1.5437688041545885,1.3000090978675638,0.6859748437425313,0.5222359583642759,1.0387707104336106,0.5016233555906359,1.0617450778561923,0.6588409655624285,0.8453551041539479,1.0333401955085364,1.140646116054539,0.2842564857939953,0.6769651354856099,1.1635805761993199,1.0880064744659719,0.560103415904941,0.5145580156284035,1.1768203574384184,0.9756395355693769,1.512351838061841,1.1393293732063237,1.8780398227579338,0.46842812841922515,1.325026797637859,0.15262391242057624,0.8913371626978522,0.7915603458061458,0.8383773087204471,1.353446902344231,1.7220699547465368,0.8084566222850476,0.4983993258148347,0.7088186501358738,1.4473021533082,0.5373884010149458,1.5888669770642123,1.6595049871660086,1.4665711118832538,0.3163851261402047,1.125724773289234,1.6496148582069863,2.0561048014261982,1.3249077169220798,0.5797263352651878,2.4020870229599884,0.6135970644796636,1.0916475767713079,1.9056469881184852,0.779099687332954,0.829532307661456,1.5651664420063032,0.6614539914764603,1.302420777673385,0.921915242365789,0.29263341948514765,1.0176705906054102,0.49709579454160957,1.0289513569831157,0.7986137283444219,1.33306165887541,1.758686007105692,1.1072045578519476,0.5708442898312982,0.9236538821929312,0.6392687863996815,0.8652254446305547,1.0313627075001581,1.2582539271323145,0.5383816698172588,0.8764118700477406,0.6881679217218861,1.086016162345913,1.5404024444722029,2.056630805894861,0.5120342214035722,0.7039698670771529,0.6071726882273298,1.0347172676666851,0.8106182396916805,1.2227936735324,0.812438738720316,0.36669303947949594,0.6003966920638225,0.6261833290999483,0.829989773738316,0.7751182433404951,0.30306654567846825,0.8008838409059209,0.8425888939471969,0.9637197388977066,1.472282993428077,0.6229488586227754,0.8477919338098769,0.9693902274866102,0.7343587671231455,0.28558672396979873,0.9443716251542097,0.7742091566105617,0.08746855140794371,0.6971650897122024,0.6151096107260327,1.117405680308563,0.782877294962175,0.7264012300905245,0.727383218841464,1.6659150943000727,1.829671313734245,0.7068114936444219,0.17091833683318042,0.7143350198828454,0.8404721649822171,0.5637118179907131,0.7175085211044219,0.5902733313261792,0.09329264117551822,1.2285139028090826,0.8472732035179951,0.44452359894602955,0.8718835333611266,1.0575937485038396,0.039835161115925576,1.9184272098271773,1.395208738327935,0.4703053149242564,0.17438799918102826,1.315572117614253,0.6893515176492033,0.8617650030891298,0.8341116555953958,3.625559035327222,1.050675697964968,1.4619691327920719,1.153755537162583,1.0500589257517317,1.1455513206726538,2.275775517964753,0.8652677706398366,0.7559504440386945,1.237446822790821,0.505519007571156,0.6574364639584351,1.8192018260657978,1.3909591327391757,0.8559256035955088,1.0606450421563567,1.9919889234338979,0.5892075331723164,0.06263705305102939,0.9473964368803314,0.7042376037349651,0.7011300469462856,0.7876858790578275,0.9219020254141621,0.8602201975641632,0.6762591813070422,1.0296276839555178,0.3165763707635231,1.5356640543716815,0.7828159287028664,1.125959973860427,1.3788136037988343,0.7736055665548242,1.2083066143462708,1.8597550131311122,1.7917420562237392,1.4980897667613866,1.117609054117423,1.1399361991489512,0.8537031798249569,1.2696597885133896,1.2441200763378317,0.48819097480380685,1.2940626052048358,0.6941416629666244,0.48118871959160225,0.6904726072872529,0.02807710743263133,0.7431081868655233,1.0281633348747974,0.5426801591574101,0.5354212317803607,1.3070635610486283,0.5412974700018944
21,0.6590397351372367,0.27611645958980763,0.6328201782747581,1.6709181444013357,0.8799753980375149,0.7189680293668359,0.4123753741936111,1.6307477647780941,0.7170389240611297,0.9267023505812102,1.0794722403542378,0.5520562542147716,0.8809255765328887,1.876042733071043,0.916129066372324,0.7071901960046341,1.2296177884150334,0.7620659295766281,1.0742235432939111,2.044094615960456,0.4065776737273977,0.3590733302883396,1.9510874365945527,0.6167331618179024,0.8088008479723299,3.3384685692753413,1.3129968571399184,0.15275158902785652,0.8175563303457608,1.2362517091433332,1.2539946636715964,0.2341880251397395,0.9629200652846475,1.1569866893525953,0.5986845140371323,0.6743008387837175,0.9581900163511963,0.3154109476936723,1.2668708610011576,0.6166134216674932,0.875173443086295,0.9451615508723944,0.45460146493101616,1.3077476322438533,0.526405647135317,0.5292359729993313,0.5732323275686091,1.3054539504948481,0.8187125715438556,0.9210666217282397,0.619677863210931,1.3223365370329583,1.066916891844019,0.11989533112676036,0.48080746763324744,1.1661794799880747,0.8805718518148726,0.8407286180471494,1.317927244062203,0.3281069638706676,1.3122862508908235,1.2352448584763187,0.14861784072091505,1.0854922163845022,1.338128903970397,1.2479289287662576,0.13764879580591688,1.2188557158377569,1.3118646770789606,0.6904180459157409,1.1525283187924642,1.1843293866303972,0.38409977473743456,0.5341546098422512,0.7712408737807273,0.6506821865406504,0.6370341586246268,0.5806303755956419,0.5534440192037459,0.8699091177671363,0.7424530924967649,2.029715034322282,1.9890803696264139,1.5315083737142998,0.47005923336729916,0.4420007589455229,0.726722918906987,0.2616609156748369,0.875333959465307,0.8969011462865505,1.1598688977959506,0.25854329325479186,1.1384763626797434,0.8309642407709521,0.6652111923502179,0.7435724706676792,1.1447280023106097,0.3276126206696875,0.6196890015841896,1.008533236396654,1.1031121887538573,0.5657929393875214,0.38170748891676776,0.9796105655365638,0.6619619558953955,0.5660987011753986,0.8158335952164575,0.8181629848898003,0.7462289021161207,0.7639058144512896,0.9513708585886949,0.734142210115406,0.5152592838350898,1.1019452038162052,1.5393693908522141,1.4644732624884258,0.9924680041590637,1.0629576443092037,0.8032858428871557,1.5668732719374965,0.5724839260551163,1.7514219299887375,0.8605536412593185,0.558169719850077,0.7013088377921105,0.29622812752647787,1.074808758978584,1.264245184674249,1.1251726701711469,0.5336185034851624,0.2631481281002157,0.4737675886482934,0.8343879428700994,0.6159652755920448,0.9582291157708016,1.7719319860312732,0.9036245224790567,1.3727776885881255,0.9447993733173673,1.187275149016982,1.2721945119325837,1.3158203904033008,0.5738843011654564,1.4667855283595703,0.6664203071648998,1.4641119370699625,1.6613798177805161,0.9901270283662518,1.3209716758413117,1.3540226700230544,0.5320611660863925,0.8767497221430383,0.5466653990978283,0.9963117470801182,1.7064021402303742,1.2761792845633155,0.3777021251665054,0.9965683985008678,1.7347067131749472,0.5364711895574364,0.9064467833694716,0.663121293951733,1.5980316757790514,1.1839270070614254,0.9322215072936638,0.6258658196611664,0.4831436182382929,0.7675892659938921,1.060418928414507,0.8048722359605844,0.7797411468903891,0.592047890606942,1.479532435528304,0.8299779722604799,0.9866553081453742,0.5044408031414538,0.5227469022447961,0.4047723405830933,0.0,0.6577068684866667,1.088411465322709,1.0643399627645729,0.4985061480775881,0.21948787582019263,0.8602904595570262,0.035256399347367975,0.9121217823151713,0.8516077069090483,1.5867206133580094,0.23505006474422097,0.891946665789646,0.9103587284912074,1.4778710536790411,1.191178555300546,1.6567270232856077,1.0859195953613063,0.3663761550455319,0.5723028774699939,0.9096991734810538,0.48489330281847787,1.0262176562864136,0.6176373789029097,0.9134375349383734,1.2609465468581178,1.2878107795241305,0.4779466782638587,1.116076823733517,1.3273210310669545,0.19809232899338808,0.7386409593520527,1.393285353357494,0.494904216093628,1.2623282331476386,1.341674627093756,0.7523484385412078,0.8300582459545646,1.2064932400041246,1.735037013174328,1.792531529765889,2.019966798491747,1.2926852263648188,1.0275272212736228,0.7631743137224196,1.1037942768477667,0.9522812715415353,0.8051441356646097,0.6214999508687288,0.34468940632670203,0.924120978616326,0.810359626844611,0.2645069705676916,0.8825950404375749,1.324120280447712,0.6475861017936403,0.7579470197874603,2.206489055289408,0.25278521474684895,1.0680124260338273,1.8680771845263875,0.8492677616695277,1.4827520773813094,1.4642209368954013,0.9377866948475615,0.7042607869580619,0.18899203185503238,0.5822224827934721,0.6628903157855273,0.9244865762415257,1.1143916477234426,1.4275128713354843,0.4599826029870264,0.8961117049421653,0.524506818430126,0.784374449014662,1.6905394059754588,0.9212021981130019,0.9312396227566887,0.45960862500142646,2.4902737292051036,0.6244391053245,0.6347218118386603,1.1007577669599886,0.7147692610572421,0.6035297646009192,0.6713181301676363,3.015229945983204,0.3897202971182375,0.9075558178860439,1.4726405499723327,1.04360788028932,0.961494003730203,1.3367959276261248,0.5507403475175916,0.6241584615683156,1.4149455718448953,0.0,0.13367178765099072,0.5914154347289753,0.44236513403310773,0.6845752282441979,0.9435358234476215,1.0392579566882032,0.9217638090265932,1.4410292512760376,0.9238721169044077,0.45613549844265555,1.0150232530685006,1.087482251391776,0.8722390149058427,0.1363224664794065,1.8544062054507437,0.9185430469353015,0.5841563051589791,0.6762303781326955,1.2161416783857164,1.474047729586626,0.8855596671439174,0.5127854478705165,0.49947337368414413,1.3768663509126018,0.4367877565333646,0.0,1.197353872887908,0.6603798519192834,0.8522567397875778,0.643593297518512,1.2978622401179292,1.1962065120459364,1.393282744026782,0.5665606083887218,0.40060278642118713,0.6060442065874279,0.6073562141569165,1.0263989870693984,0.7410017574515853,0.7546924743909293,0.5730097080696049,1.4873447519522385,0.09438131019885761,0.23410079362096553,1.2652555200825164,1.0926491346429374,0.9106195442285288,0.7808432591719583,1.1733024260877045,0.0,1.5262572177861011,1.2703201643930484,0.6661271292143289,1.557928056804342,0.46729125251314363,2.4694209493169637,0.3996671992155444,1.0814140646457393,0.9202149558842675,0.3667326825846115,2.168111465892883,0.7170263386403969,1.2177107442632518,1.1078329144312833,0.42311056508028655,0.32513734538974126,0.79389467863195,0.5320076775477524,2.8150420262859623,0.644542021917624,0.9304147402596821,1.6167600374941766,1.0789672146325666,0.7085575200360246,0.6751291474334129,0.915032102043486,0.7543978137928274,0.978487881615196,0.5542374032710748,1.733471954967735,0.6753024942346881,1.0242825319932478,0.7138242544665567,1.0407949345155711,0.3476967072468471,0.8287753146019702,0.4350641776713841,1.225977328977399,0.4308869661089276,0.5783743628184861,0.5248444640973176,0.6601652485574317,0.47712263170020963,0.5422400805708907,1.0964852153630587,0.7142454066714172,1.0033341137637717,1.165415809387774,0.5692478326314969,1.134592525860622,0.5693264168713654,0.6949587538685993,0.6636062714981953,1.4460664126391891,1.3848774252489986,1.345702896193824,1.6374064687926204,0.7327445119264009,0.7090126319565717,0.6099199739575735,1.9020328298845777,0.5312499147135556,0.9376872574146222,0.13029479573297514,1.0568379487791641,1.98331323214697,1.409697806832028,0.8041494667015022,1.0540164119613649,0.9888597864788473,0.2390756185930501,0.8807543813479777,0.833652478954126,0.6158118194530414,1.0082967387488353,0.5174023357442197,0.8853031455918978,0.954381648457213,1.069856473030268,1.3161223515620533,0.8833912206153327,0.4125451962096166,0.7824650799494179,0.8590590011311785,0.844338922610782,0.3470903609117576,1.127727789837726,1.551617902528126,1.5290170990399456,0.4157723676456069,1.4960380245029703,0.7341945942500219,0.6479674592477356,0.3457274109910897,0.0,1.455727714359076,0.1974566806995895,1.1592720119608966,1.1024816252522376,1.056089902283338,1.4838461256905549,0.7819168300730684,1.3109380326736022,0.9712612465332752,0.9756765924979192,1.2671304472709624,0.27451411436780204,0.807062386369092,0.7304824185390748,0.5373079734142999,0.21982760221577047,0.042768425158981944,2.114450589631618,0.33499764215187644,0.77063951492002,1.4443294672289526,0.3699632999044781,0.46334837065450774,1.4964972373264191,0.30222221339174754,1.4334582088443806,1.0808202677763963,2.282451805817101,0.497429785601766,0.5301635940458964,0.5956844611853637,3.475001615658963,0.9770761337645959,0.6958676519300409,0.6806142937097831,0.8858185326752959,0.7468198062043394,0.6526655087184463,1.25698786858458,0.6319008766723797,0.9709554017552139,0.5835122648094823,0.7204912142039515,0.9303269769293835,0.7891328360654246,0.4179103532759396,0.30912141703119306,0.4203746040807417,0.7107463409788516,0.71639386149646,0.24600201089873786,1.461180480871529,0.7408268766957713,1.1082264024495263,1.3415835823561975,1.1178672503856912,0.8557014177972061,0.907128219456919,0.458230726535466,1.467733866873639,1.9950994286495844,0.8743960019259931,0.32955788262735186,0.5033803982472882,0.2799918007514789,0.5129789323368521,2.629762346605059,1.3264244848493223,1.0174797163577862,0.9972872168930995,1.1030198548734158,1.1539860823029402,0.7257194604244213,1.6347541917207888,1.076766028395967,0.9382663953645007,1.2232909328395358,0.7734542317561279,1.0886867026810205,0.5312113504144294,1.1620477881346993,1.0360533628926953,1.6250313326727184,0.7158184847285951,0.7676150762841126,0.7334271935125691,1.4802287637183755,0.7416137465857584,0.1874239466309257,1.533746621760594,1.0468351470791257,0.18607952853822468,1.8497802202591789,0.5397181812620118,0.9765591911999296,1.677663283336261,1.4106178665515046,0.4971569357865929,0.24029578879509972,1.3337390508533224,1.1918838616653367,1.0980548163926376,1.5157902351221484,0.6831240111903802,0.8793749840321032,0.6475228353760244,0.44032931380700535,0.2787661265643184,0.843237231621074,0.2732749565678161,1.0844041297153852,0.49991905242725565,0.49978517109375875,1.0696467935035505,1.58224296665886,1.0372746049530297,0.6132248977247922,1.0829589578837109,0.7452182028721074,0.9964602264903667,0.8042928677272476,0.9080031734328857,0.5641502039186568,3.03181229151263,0.2866573057040792,0.5603859911533867,0.5386266007290317,1.1188485502256145,1.8963707061670003,0.8613493227163475,0.8072217155547758,1.025785280047514,2.003255936478524,1.428426418716659,0.9045536106298171,1.3937386284624564,0.4096067817146389,1.8621879236108032,1.8086171194351492,0.0,0.8695682082156925,1.947877394307275,1.3398018228634616,0.7430069524109655,0.04653678817771919,1.020627415640523,0.3697146866007782,1.4888314805704885,0.3250659372080813,1.0830372091719735,0.268210002697844,0.3060568160276325,0.7430717650603298,0.8498673284110954,1.8612467493279614,0.6676280262001514,0.0,0.5413230143467977,0.9282452349069547,1.2174851144417835,0.5895817022933955,1.4404946032395598,0.6819460447992443,0.5852644860080399,0.5444028835536415,0.5542405576143385,0.8891292967160411,0.7615468957597635,1.0774604311117812,1.1881447774454328,0.9413837791696736,0.2966829479822729,0.6019241850180614,0.6440642763328525,1.8699433467858892,0.9904844615470597,0.5916476379875157,1.1149729245891595,1.2655041179583795,0.9440417830505957,0.4305175619394539,0.4144535199237439,1.5506616353832794,0.9596581946605304,2.084984952394418,1.0710140110497175,1.0673269927854765,1.2460134364816415,0.6010772845633201,1.0077807937771859,0.5202157852697131,0.4314098191674643,0.21341084822211642,0.8728424109631929,1.492031344048132,0.6740797264618275,0.4627517177254269,1.0707637466286624,0.7526290926819469,0.7339209961627994,0.2720749684100022,0.9365851786496897,1.133224262059284,0.8674882586108401,0.8600986059123571,0.7114957020109904,1.5351191327019518,0.7518929721737787,0.6979352062744868,0.6607462666185402,0.6774819943274513,1.2022647764116596,1.1734412764490907,1.0926040557044274,0.8684262155588711,0.8135680660368566,1.266092529666898,1.8795487142613514,0.2773584966046468,1.5068079599515511,1.0469955684554544,1.341130066929551,0.6263674410657069,0.8965400596537981,1.0471770060398864,0.3464592744381808,2.0803777910906818,0.4741891279832683,1.3166135779215586,1.2360398422404402,1.159359283762531,0.8458675145012884,0.9308421749903906,0.8406233553060449,1.0463297011087132,0.8474437605674425,0.688173785762032,0.9185972375258271,0.6960820556702833,1.0580407884953582,1.3218944855972439,0.2552915405028176,1.3450182975563036,1.1955776967595673,0.5082056030508423,0.16552199230343545,1.3894830180756905,0.8264640237387888,0.5480971079612333,1.1833332704861144,0.7906813438394653,0.9006223402573128,0.8333838201464412,0.6706663224943048,1.3023729511001336,1.402903685211235,0.9321985536490134,1.0201003809395486,1.1772554456215647,1.1667870587641336,0.2883788116368692,1.4859060359117975,0.3287477713561602,0.9148609207612959,0.8643346006857133,0.997471024421257,0.7496208681098202,1.0716096220784368,0.6770690292152509,1.044382311247461,0.5955920260841303,1.236306209493721,0.6289646836285087,0.5676229123118907,0.6992722370466958,0.7773484321310344,0.7300762145845099,0.9384824359473527,0.7387148752661141,1.070806632453227,1.2350672780229879,0.9384406016126985,0.34023435286295717,0.6314938929004916,0.49919092445113933,1.0451145642322677,0.7308683705821482,1.191959834224442,0.9184721405941352,0.762801025616247,0.09050924064225872,1.0326474494694526,1.4798241316067309,0.26799059795948565,0.6097183823545508,1.3482272925653687,0.8935126584688213,0.9192428176168848,1.557496124434354,0.9533030740151647,0.6563645965043567,1.068678688585408,0.8507786063915288,0.987223260666817,0.5472732973597847,0.369411212235137,1.0190715917457238,1.1776085970971648,0.7420011908975961,1.1419686325285052,0.5270819167434644,1.0312234943844933,0.4826016758908119,1.316220947134793,0.5569489138167476,1.729428769191411,0.6944973995713868,0.6547164052452912,0.37091985130435523,1.9314014285068846,0.8037851759132222,0.828794617524955,0.917665697673275,1.2533209161356378,0.9206429311788179,1.3184283865977289,0.6434132907621638,0.6623905957174374,1.1872784492217772,0.7858294425294255,0.8562013666605784,0.735416859369189,0.4375440681570632,1.4313849144662347,0.9233234043958811,1.2860615605054977,1.001917797607797,0.6252633567935446,1.5932734276352971,1.040678686009934,0.8916451126211434,0.4090328380535107,0.07071758434595987,0.8115018767029265,1.2453479131098613,1.2300141170157333,1.1621282273346991,0.5886289200132893,1.1287490494017889,1.0405036182644614,1.0781689491561512,0.7605743700954434,1.5571214843415382,0.5573942834195174,0.29958276879533396,0.44624736948884525,1.1880015315368886,0.6922566381995103,1.055294851279892,2.058344368355842,0.6331001905759878,1.407814273680444,1.154903612960272,1.5338474752079407,1.3819893803047292,1.1068905002477032,0.05415209773086209,1.3276051597386591,0.6679681613875499,1.357510533655924,0.9193758419799049,1.0411929046100272,1.1466692598588477,0.8996596665332253,0.8406266787969745,0.648339287303228,0.8740160253648659,0.6177525891176243,0.5658708914334505,1.4388240155566756,1.7707478148202762,0.45874554765507947,0.5554202590240666,1.0508647650976033,0.08183306284624352,1.53211351007225,3.219470185910121,1.7015478257063255,1.133225381415155,2.1869069894613147,1.1601356200737092,0.5999505918859204,1.2445058763145607,1.0605843761453126,0.6154538891727922,0.9942173276612865,1.2491128235833668,1.2515883860412622,0.5066614682772889,0.5615648388065798,1.0898692065953952,0.4451871457001806,1.1408335379599994,0.7634250698015818,0.6527404078266696,1.0732353318455838,0.9611865981737753,0.426384728690993,0.6306171221555766,1.0589163367495613,1.2073735191637067,0.743852988050079,0.41873991064098753,1.354580947307522,0.6046011129888464,1.5051549662784005,1.267050678426443,1.6274887703424306,0.32802790899001505,1.7734105870594745,0.2039310626709019,0.9060332312745412,0.8450061212041635,0.7877560532313056,1.626243716770303,1.4780991001232928,0.6545643159819886,0.5570602416348194,0.5527520775532497,1.651559781293792,0.9354538713001326,1.7393380549068151,1.6749953418641685,1.36297600299415,0.24438192096719813,0.8744759752382707,1.6221205330426745,1.839766476765441,0.9864477631850745,0.7080495743214725,2.0361621897751845,0.7350521697100945,0.8959793712070921,1.8540426324012844,1.0244476424201077,0.6996010001377945,1.6825342620469816,0.6320362266548375,1.3456915628651416,0.8770317357971779,0.37870615762532955,1.1144205397787554,0.391409413447776,1.1849754230242748,0.9590943713295136,1.732978596142092,1.5272845642518034,0.9836538343685156,0.5834881526200478,1.015030180104634,0.6055513792407801,0.9915733595018198,0.7323265210313699,1.2769361707124691,0.6411943336989698,0.8327109201390839,0.8166182737283634,1.3905615254215973,1.1551478712489844,1.8828200297341715,0.5510347270248128,0.6149924575086043,0.6278965556733795,0.9540365130122994,0.6798408886150197,1.4305483341708516,0.9949888798308586,0.30130913302475715,1.1082857198167368,0.5264879494164106,1.1065819187203654,1.0483122587575093,0.40192852589358696,0.8389399910399975,1.1257239402112316,1.0849556666609386,1.2261232202704984,0.6927433745337191,0.8098293619541155,0.7347080810378818,0.8611171178902643,0.2979694125456953,0.9739367463730562,0.6186666738950073,0.07265694211241344,1.2191661137093774,0.5271177924741299,1.2094129552086117,0.6801274668807948,0.8366752626937708,0.63344174889135,2.008552897967742,1.6477148028044573,0.6781631796960429,0.7691325157493119,0.9580086581398521,0.7907971739496593,0.33647286296759726,0.9101837132750482,0.5584774331693753,0.292046526075569,1.1223501702646559,0.9376961744575173,0.4600808080736558,0.5326556722329598,1.1914568885694594,0.27441999486426194,1.779711248892247,1.5593649092697384,0.2873641087479353,0.28923163635997307,1.4157770582084819,0.7817802134413987,0.8870063444429912,0.790020788499735,3.1951588333599377,1.057991000774789,1.7870380333593252,1.2729123031256075,1.497030716141566,0.9377788756971699,2.1323545162890225,1.0509532517935036,0.5038636678109285,1.3821089358973666,0.792010015084055,0.7111461276023668,1.5704412773453025,1.2493523639045678,1.0882157880380015,1.0005610312993625,2.584808058927087,0.4555454095254252,0.4509867669345219,0.9403298049125045,0.9701837275259709,0.5929136364297327,0.9406186588374501,0.9009655136861219,0.9887070931089447,0.5506139601355279,1.0460993015038813,0.3287124434281452,1.5889078759727813,0.886799564302989,1.0932325392377606,1.315099605778394,0.5829090922272371,1.1918722007279152,1.6552776154093798,1.6845558714201563,1.0364908367936316,0.8477454987354889,1.2726314710192839,0.7200066984645466,1.2022731685003645,1.2000519227799287,0.6862295546479684,1.4480280408186388,0.7420902959663584,0.4543620888189622,0.7179530300445505,0.0,0.7536737087806459,1.399287150927966,0.7344789723830148,0.5093155311195953,1.2464165008857888,0.4064701570314517
22,0.5892707166000181,0.24308062388544965,0.7040478310535683,1.2531885769712936,0.8547538820939801,0.868016269483789,0.27491691612907404,1.3286828685300645,0.7854557370524773,1.3116290725398225,0.9224260393950294,0.40952379174886694,1.913063063154104,2.130297733299445,0.9884251179953273,0.6569422666617892,1.4230013129289527,0.7433756699561456,1.0817128316002302,2.117402919612744,0.365673704258086,0.35135132029554295,1.9431346707356507,0.6126401756755041,0.873576555200777,2.9745955006261506,1.339949982027644,0.2807368058217933,0.8061314515676763,1.4876547919507628,1.1709559150111208,0.24069324047086235,0.9457020729529101,1.3011323756272457,0.7495315845606514,0.6662559411233206,1.0345266592586257,0.4147069810496437,1.2277958774211708,0.5886022153586061,1.0236095547082193,1.0819572218096103,0.3808529934961917,1.0836082698795872,0.5074688577281071,0.8683380087507087,0.6527611642678894,1.306866102015905,0.8865493497028529,1.0831735253229116,0.5888095981233239,1.3953216340645,1.0385280377027302,0.06482712474292074,0.6024782915505297,1.029182608421835,0.8815074288608876,0.9821171498815733,1.4657907964939811,0.15404319409396927,0.9886362487988869,0.958188364311041,0.1804031554540373,1.504080703530044,1.3743075510578577,1.3047815154919014,0.20647319370887535,1.2221403156345936,1.2716479514622177,0.34885678488082617,1.0358200296165614,1.0046554207092513,0.48467624515029445,0.6253296539431684,0.6411611139587323,0.5914761157354924,0.4655003628048602,0.5905699386084688,0.41895771950508387,0.9759026488826761,0.7707903253289758,2.067609998867733,1.742843488509158,1.4193452271901077,0.6477486786152432,0.48491447127498943,0.6462268076360422,0.3937601956010029,1.3064616913775262,0.9412003627194231,0.796547492243289,0.4444661521029053,0.7138539628350106,0.9803517305985869,0.8538815795388102,0.6958964595447164,1.3372410282787048,0.3724706191716701,0.7305990424289629,0.8440199915381295,1.1440955254441008,0.5693209455219728,0.7267056933695243,0.8336593412605223,0.7689722553240812,0.6818818442497904,0.9075958213693441,0.7094746678294324,0.5876451981481203,0.9666781357350209,0.7627292928609203,0.8932901353269861,0.8474942050926108,0.9964225088302503,1.2370902599848959,1.1442804540836176,1.1376523761321256,0.7183463093637845,0.873139575441043,1.1919188032724775,0.4943310802870541,1.6534903245499541,0.9334497303601341,0.6352215524621461,0.768810157348661,0.18870383815304848,1.224433269098358,1.15344026212323,1.1623279682478016,0.45822309839399233,0.32222219701613725,0.6608094987394306,0.7040586626879852,0.5519492936098048,1.1530956626570439,1.7534688819947482,1.028071202530636,1.4247570875733735,0.7588356855468303,0.8891165749203145,1.2873876233985837,1.2642939455731084,0.6471369369686029,1.2657419245335575,0.8010636185075184,1.78635537833858,1.501690818994755,1.1991962633909776,1.2170029504201503,1.4638982353675905,0.6986000980438352,0.8705634714903054,0.5317534674901363,0.9508240399447037,1.91856203555304,1.2194380428958396,0.15749103838553044,1.11217856367399,1.7226465491979472,0.5579627169873335,0.8688020485965413,0.759022092345111,1.9801341251798104,0.8961131976233875,0.9099706894330248,0.8330185211035577,0.5419432647548517,0.6845810063963588,1.1350954583997346,0.7309558143572226,0.8747091613462694,0.6432343449051856,1.7144294466140577,0.9320650981106997,0.9264090376059542,0.42200107870626713,0.7303551657179125,0.5440534968287087,0.0,0.7153687554221806,0.995793368696865,1.0296246603913208,0.5062575359311289,0.2926504996155574,0.6919809484919008,0.11752132593472356,1.0883446517755873,1.0453624081750135,1.7297306922260856,0.29226749764376625,0.9676618447378545,0.8623450952439484,1.138491661829474,0.8539681403616877,1.2564563521230643,0.9483683604327763,0.354498520157946,0.8609988443462652,0.9355637775822636,0.5936416388102396,1.728093405223087,0.7287293113339497,1.0645333309021534,1.3596103656731096,1.4199198266824073,0.6309953030994402,1.1335273589715724,1.2451264652507226,0.26871654928643274,0.9701465763087744,2.020493371437868,0.6247146440306867,1.399717481759838,1.2858794898377175,0.4096250815282714,1.0005407875025238,1.0874333954258297,1.3014982471652456,1.604953685180528,1.73110259510234,1.2508441909996328,1.4119015675505058,0.9166912064284529,1.0363598236625884,1.1675856086147351,0.49689052336721645,0.6216177645442251,0.5828321872390966,1.2971851312797624,0.9492710801506099,0.27627491474704335,0.880800429906678,1.5553980795828939,0.684068102532944,0.9225139500018013,2.1606431021809436,0.20749755228926317,1.0969641128429708,2.2615445679194615,0.9146921504695811,1.4473536643154443,1.6868836568125494,0.9935219862178664,0.838549597357737,0.037798406371006475,0.7771445714151455,0.9382328108283128,0.8145485154621459,1.2170455462967595,1.2355590873779667,0.6096316127726964,0.8837991642147088,0.6115083474602243,0.9095293534449058,1.3552359263951093,1.2324178970580155,0.9124485997526488,0.4391061566208092,2.084541585229322,0.5263613813211816,0.7125309003615528,1.122302347000884,0.6622247280572916,0.6367611120102561,0.8841528566635994,2.883633102861,0.3918186374067889,0.6034133929134728,1.2662371546837308,1.188537734239556,0.938507081249832,0.9699450604713027,0.3367776824391334,0.7473967862289996,1.2377635681979342,0.0,0.023206907539618824,0.6530543574937271,0.4739393460270119,0.5522290267301448,1.077100032134011,0.8686154850931134,0.8340861597073533,1.4014129657675487,1.2191135798192874,0.40281590349708907,1.2275247565424432,1.0058625097412763,0.9044379787903307,0.09088164431960433,1.4014836886584972,1.1084890389259012,0.48839955961254133,0.5609421098418571,0.8999745393456344,1.1001926664745305,1.190245625690943,0.4316509423208538,0.5803517392876842,1.7331792609429986,0.46077126740993163,0.0,1.4675861085614326,0.6601964648894774,0.7008190661908907,0.8172872024833577,1.1403650101803129,1.6355713653105193,1.3457513445548364,0.5778229471621629,0.26457721107738735,0.6489343135817882,0.600785628721626,1.0060410694604531,0.8212317140319156,0.9379919640473088,0.7886647086214246,1.9097036300648937,0.2613636226582978,0.21300853848145784,0.90022904336773,1.167123212210797,1.0680435391227716,0.8021309856738794,0.9278449158315502,0.0,1.3392901536023203,1.0304830009819081,0.5430449193416322,1.511966077968992,0.9320452671349082,2.4354633857527874,0.2300033492589436,1.1954023302181724,0.6725497365620106,0.3401953591312557,1.7252520089061787,0.6265939925988633,1.3901773190910274,0.7750917147498911,0.45204268130323094,0.4576006971761892,0.7528112433033354,0.2710227786546153,2.525442778786578,0.7795011280626171,1.07095817673531,1.3864946034465526,1.2643346441183991,0.40053021843054115,0.5719601385090104,1.01122505459814,0.7347776503407797,0.9777418054926152,0.7010123604982762,1.7115168407172028,0.6114364985369297,0.9898159166395502,0.3682366118715718,0.8630892361870192,0.48316162554055964,0.9111926476952568,0.3682700907063046,0.9961993284745405,0.7475592360125539,0.5296971020772387,0.3104114822164328,0.6630169979279743,0.6751868096597342,0.6063825798696869,0.7856157052137249,0.736101396122034,1.287158755028475,1.2288652546556527,0.4777271556434387,1.1568833828269656,0.6247538749794201,0.7713167413766564,0.7488290554636886,1.1348842954494938,1.594142920459233,1.2444364973762616,1.6413497635731238,0.8377979994344958,0.8042546773276695,0.7332717166149929,1.9627756329991048,0.33333327777778704,0.5713503865062528,0.06323129708389977,1.1368507810310482,2.1683060071306337,1.1186811225238378,0.6591750589393853,0.9411939224278494,1.0246643674219176,0.3586134278895751,1.0166160294482538,0.45489051017022203,0.639823977192459,0.7107540081270658,0.5968609035949436,1.272798463109411,0.8442241834976473,1.6456355197225627,1.141441965562421,0.8947316842670566,0.46467223828484805,0.8771384685238359,0.8461293926287579,0.6417414627733836,0.4088589586292601,1.1801581140687152,1.5221374657136282,1.163432630246171,0.4242144199631953,1.2168001931915313,0.7548498941853226,0.584787689743761,0.3322839975986487,0.0,1.7338475566550713,0.34120723575341944,0.8494377219316678,0.6687119348465316,1.1517970480342434,1.3712024024209892,0.7450544090206521,1.4916322277491159,0.629445008145152,0.7697868946518128,1.587521998489523,0.337587694691805,0.2953681918773184,0.817643217457454,0.5125328797138358,0.14655173481051365,0.0,1.9852135185997708,0.37218740912196235,0.8459599916770091,1.1753731098435942,0.5028666015816371,0.5096860689545754,1.5554325245660177,0.17777777223479707,1.0677278079949046,0.6597720409786804,1.9631253319722082,0.40576058375878005,0.3936577833320079,0.48171312527003834,4.004723302088144,0.9510877450455162,0.9549619845176367,0.7193083192214289,0.8983495384711742,0.8574261549521482,0.915673982458713,1.6010520350085422,0.5442369257447218,0.9082981679595264,0.5038518104571057,0.5657131079948923,0.9365246574369921,0.9441113408327376,0.40775877306899044,0.29697253643186095,0.4618837655383074,0.6553560530960147,0.7601313487254876,0.26428992906693954,1.3898304735564566,0.8849916678685606,1.3558084384033304,1.3233203263004993,1.124284288604491,1.0726916139619518,0.6734767033092673,0.49032527067273485,1.658327458635013,1.4173226790432172,0.620375113131135,0.44947643567565293,0.5238992994333739,0.30347552206409556,0.6170233188884298,2.4791277429363507,1.376932856849597,0.8842151131429719,0.9648826170257959,1.2103519295341942,1.0958580419781951,0.6495787836223302,1.2715273109955183,1.195361801290547,0.9486625515009275,1.379929469598039,0.6456463868626188,0.9372903194154045,0.3941031939676063,1.0280853738973754,1.050220800533451,1.7468833300749687,0.4945188116245435,0.7863988980028834,1.140922422936741,1.7609907451258051,0.7328470992517913,0.18009243874669134,1.4776714093362098,1.2994885431538075,0.04651988213455617,1.5455314405735976,0.48400624142091964,1.0940550202529227,1.6639290580104893,0.8482280798184518,0.7796820820983151,0.20522876552567887,1.581969642990024,0.818799852038299,1.1609945566131241,1.3340107642262593,0.7204423339656199,0.9759471679973468,0.6068796936594301,0.5749663323345036,0.2364743002886115,0.726261208805922,0.48486383115045795,1.0626263142923529,0.5282019102685755,0.4498373543139005,0.8310424613960554,1.6099644483023567,0.9047306723343258,0.3819021989023762,0.8449155098800711,0.8420647054685211,1.2442700573969188,0.8582412529422648,0.881472818576106,0.5218600140062291,2.154365045169885,0.3103360511679846,0.46138293210527587,0.4323957502698581,1.2376212684967687,1.8431623949801548,0.7223211191801363,0.5223948892717825,0.8134196347583291,2.0975333458085443,1.684863135844798,0.7144024125344982,1.3464995078080093,0.5937508196236038,1.8755663250081933,1.4554655196204385,0.0,0.8109169703354497,1.498747407497324,1.158189926080543,0.7279588705753226,0.0,0.9344193196836271,0.41323254612026766,1.453068976472757,0.4909769940987563,1.0739607376039855,0.3990472750250429,0.4271257886400357,0.8076268064634409,0.9117693546009731,1.699121212913615,0.4917701863710696,0.0,0.44313738181935625,0.831247064987301,1.4290172440400082,0.555309594839428,1.4628150486908487,0.5823497301795535,0.6201095050857208,0.7447889502936538,0.6169213480953735,1.3834999106753143,0.8332179637576779,1.10323867949768,0.7823438857547129,1.1162680826329425,0.20993581627991148,0.6086777257213537,0.7331211816236872,1.5768090874843912,1.1703065382098048,0.8146809527505536,1.0945051773559142,1.2693069943054058,0.8108860794404039,0.8156425249279563,0.4862581958051795,1.465034502413673,0.775672892069003,2.147168532785329,1.593726085453922,0.7209285628464854,1.216128996706213,0.529379619278287,0.714669873352364,0.8575651999359227,0.437185352912144,0.20300056214952197,0.7980001064446007,1.6555085430462195,0.7420972659065739,0.2957552272155293,0.9980487010658907,0.8852914596471497,1.170223297855563,0.22613916508636228,0.9020374719704374,1.028472602995624,1.0179856860424923,0.7926713713170005,0.6523606350893517,1.4839557375816197,0.7592306696167772,0.7668158499787527,0.5688471349943388,0.8727961162320305,0.8044083011225462,1.4403303723204655,0.9533938016761279,0.7925135221928705,0.8832502794666437,1.1608446656893299,1.7769431461671954,0.6471698210083272,1.454841782016052,0.9096784723209342,1.5248620261523769,0.5654493609153496,0.7427645806263496,1.0452429053762695,0.34670342933002873,1.738446504025481,0.4331487739799258,1.4966964631317579,1.2331286911922317,1.1179375924219155,0.7325170213385814,0.6069979905242259,0.5700688702990983,0.880947360584146,0.6832392856256204,0.5773814030958604,0.9033596424958868,0.6642998619792317,0.7720030631320951,1.7183747856106324,0.34923603200009923,1.0689068177095047,1.1274717613156253,0.3913865118500791,0.04138049807585886,1.768487485195552,1.0059424122440153,0.4508313241864297,1.0717948102599064,0.7206079364922953,1.0902792336749847,0.7131595782730638,0.571743105786553,1.2437396637912863,1.0398845791398303,0.9785857453679683,0.9457003010538918,1.3514943200176672,0.9792037289553116,0.43745298635046864,1.4041360135984702,0.23177357647655014,1.0044707700794104,0.9317178889870186,0.9330676045724463,0.6923258757015252,1.169234917991115,0.4132981046870568,0.9335100274893734,0.7469414751929115,1.3469599538318713,0.5720878637496957,0.3784152748745938,0.7103456274951073,0.9476120960766788,0.7876987099842407,1.0277509461154433,0.9315364439170116,1.0429776652134082,0.8377481080338046,0.7106600082233917,0.1722981657331008,0.603721340774796,0.5416858327184992,1.1581038894255098,0.5488419989097809,1.0030130849712866,0.9907960970530653,0.8139773562864567,0.3620369625690349,0.9475628602546198,0.9596522407973272,0.3960097767784899,0.4634741276287998,0.9945393794893415,0.774992932384182,0.7794015748125585,1.8625907997471889,0.8706351963391317,0.6412004869403165,0.8994717472389941,0.6879220337463918,1.199964442545732,0.6034986848825088,0.46080373372197425,0.9404225875065635,1.450183327478321,0.7278690828651815,0.9839584939499978,0.9459555692039481,0.9965743374107235,0.3820264060509019,1.2202465028122988,0.8283840741860489,1.1994458204470944,0.6696932412421442,0.5520533095432497,0.31702188525829716,2.0681994578541634,0.9433574605963011,0.6691105853764882,1.0444967640538256,1.2616974127617675,0.8843320403196239,1.2203951856320592,0.3578191331926946,0.4129188124678844,1.1240165744924795,0.8367195109213693,0.688188757352715,0.8837754668275865,0.5374793737481351,1.518295861455971,1.0479672721392217,1.3402965907791242,1.0707539358662639,0.851052892733609,1.4680646539087425,1.0006865851941384,0.6699609481753824,0.37097106452792494,0.0,0.7193987059441549,1.1330941652404587,1.1481153912010083,0.8415200525155367,0.5079139201133621,1.0071725848296358,0.8294793570596849,0.7460524047311079,0.7514501313988831,1.5690438956850752,0.8381905659986884,0.4856742726460403,0.4629504066052602,1.2494498466764958,0.5326267237996114,1.0041423314610713,2.015580198379187,0.5312052276527169,1.3676948807519662,0.5163691219692494,1.6444098593972711,1.1937181294764605,1.423467195072258,0.1783056855564756,1.1309407756926508,0.5616840435841741,1.622787921806514,0.9728141856305448,1.0387362488804996,0.8738353773511481,0.6751810253870947,1.2399069417084019,0.7256737744672157,1.0572954162696864,0.5596660221031342,0.6791139694287324,1.614381292836494,1.4870592082115295,0.6575546872852946,0.9068587308330152,1.1045192905124273,0.0,1.2011130764962341,2.8525676209085544,1.7028520624734689,1.1778745641469044,2.036837152029634,0.7671408351672484,0.6818275290507505,1.4916700265618281,1.5056213381715424,0.6718765429630751,1.129723639394411,0.8384024318610992,1.158845877640327,0.5570852925883776,0.49445987772762884,1.1026523842259377,0.4887031813122561,1.0846040245457322,0.8993676737562094,0.514998102241281,0.8778651253922191,0.8768501015135469,0.2842564857939953,0.5925088005167016,1.0168496205658522,1.2089184842444998,0.8730266215377092,0.4430238739960928,1.4671669163220475,0.451290983383545,1.7727928478708734,1.227895217219738,1.4437183585536908,0.1561783255502309,1.8673004539611184,0.2990761534303779,1.0079895255215656,0.8442623514282402,0.7862804551823688,1.319533081646682,1.238044442752153,0.7056581525584913,0.7698611264480252,0.4966277157111362,1.7967921320741813,1.4648809555949227,2.0048197664384837,1.2508362507779685,1.2579960943917892,0.1856758003886006,0.638361192195442,1.4798591675435406,1.4665928852031591,0.801962162159674,0.8085283313064429,1.3984537974494493,1.0993649873311286,0.7504552341900257,1.5077481548967833,1.4437960935579581,0.5761846256488299,1.584954660914199,0.6268425766261686,1.4664593247519784,0.8613834437617062,0.46866292062044346,1.116448874933306,0.21487617653098418,0.9788955894802159,0.9082622785554924,1.6521902336334842,1.1275364071140888,0.9542693249227283,0.6451412033729407,1.075656867696447,0.6494316331211929,0.9448652758812757,0.5659666142295705,1.1768173216995317,0.7240644733211772,0.667814981865415,1.155406981394825,1.5258040270881996,0.7585718758225533,1.7312566002383143,0.6345956851627624,0.59226020306771,1.2038016915446224,0.8119666173026263,0.5116920829348277,1.378249431084423,1.0384685686933843,0.3754165575839718,1.6153720822810143,0.39563853411016153,1.3818706218731105,1.0249994129608218,0.4376849721901922,0.8238525615204115,1.286286072627978,1.0335484217950108,0.9182205808843851,0.7278554887705524,0.9496937998348807,0.5442086042787836,0.8566995930678867,0.38473837056030424,0.9621841831666293,0.5712550721157943,0.29890238195208896,1.2483095196071599,0.463021737567025,1.3228015257083174,0.6554135235209879,0.9418092201838171,0.560513085869477,1.890853496084012,1.4648162313363415,0.6165826089714916,1.4955354366079352,0.7518489184898386,0.7700783306970318,0.510680756628809,1.0843768343204292,0.7641814210549003,0.8031279467078147,0.9036861931261342,0.8157218531946099,0.3808731908609706,0.3830566889545296,1.2668387315040017,0.7640605019990496,1.6637065574933678,1.3823764553422522,0.3699048625349852,0.5335386164602306,1.5268219245748895,1.0457043768633447,0.9555129604877948,0.9021144422222909,2.552231673337929,0.834492733506975,1.9190189424562258,1.0993607568634483,2.46484460004862,0.7957980724344991,1.6719273257472564,1.056985570995137,0.5078920964537313,1.534898221641279,1.211309430848228,0.7785314332719344,1.3714620618245132,1.286802427721259,1.33834837965554,0.8686709561804458,2.7758807727640527,0.4394823723898068,1.1775765372277935,0.9844411015216255,0.957512702604455,0.5166892587556943,1.0250192768189688,0.7185065444405797,1.0559879130580705,0.3310862402854232,1.4886322133506835,0.47240061702382263,1.2039980174867377,0.811066472227113,0.9660862968412285,1.2912899580497,0.4706551374222082,1.0512550449031453,1.3492739893133552,1.6140260175718746,0.7678114207634499,0.8633557267213972,1.3593833701212834,0.7373165614045457,1.1419793672727692,1.0985275503001135,1.006989017560207,1.3716442034263174,0.7305436161634177,0.47745923384548816,0.6011821502710172,0.0,0.7307817419164625,1.4334627365404495,0.8789160093306281,0.5574408989856817,1.1076292725018297,0.34851679089945015
23,0.6268420370434789,0.1826083764666041,0.6737041446634389,0.5848213233880538,1.017229416602519,0.8569739204755875,0.06872922903226851,1.2990010867568202,1.304315153447131,1.4040813494806819,0.7472972856127889,0.15773808809878148,2.7689412156832365,2.70097531646394,0.9321461959185636,0.6893801508022589,1.6887153000366435,0.7579868906843247,0.9318015209002309,1.8870405784271007,0.40647038676381475,0.32397329119137985,2.074202505081942,0.5427341150017376,0.9500499853158865,2.101483648490392,1.302005833833482,0.44887123020637765,0.7729269036728202,1.4692345750683833,1.083330712261744,0.5802658291751572,1.0713679709836064,1.3620164197083842,0.9891418291422842,0.6267322353245641,1.0579453547602435,0.7082143754779637,1.0785315791253265,0.7676427701331026,1.3636847530132734,1.1565204881209943,0.3018915810475531,0.9432495126166429,0.4802992733637402,1.2240235035089513,0.7176584301796078,1.4146305376183945,0.911230397997951,0.9893387312803623,0.7600916738611401,1.3120895998090827,0.8981300560373207,0.17287233024678417,0.7297169020461677,1.051107911754918,0.7085608841677392,0.9365351059928029,1.476205463643277,0.1523868130714207,0.7305193949444787,0.7726625606702197,0.3013162184055511,1.4047546063142917,1.3480657251640777,1.2825871867405514,0.13764879580591688,1.101347144443071,1.1558552659734604,0.25808709714613964,1.0633850212139944,0.9110683564092731,0.623570543660818,0.608432858658631,0.6398973273122482,0.538268487404106,0.36574123269769,0.7555534234922072,0.34178486019426735,1.121684120945075,0.7771429356126591,1.7718451482647795,1.6176776994091555,1.1973604115887801,0.9250826655875282,0.48477635747726816,0.6370244661854613,0.5464427191138943,1.683923809041425,1.0230188896130623,0.6363908583187801,0.8656987101783915,0.6023556135551245,0.9736349552705758,0.9432412050991694,0.8256393062767144,1.1595249006825084,0.5017370741205485,0.7875567270823248,0.669696973467892,1.373905463738121,0.6049243465881128,0.9217597126282754,0.6811389175587524,0.7962209894078622,0.9860859641518172,0.9223516110790198,0.5974523574715173,0.4709211496658674,1.1881830388797798,0.6725018345657283,0.8206047809486584,1.1384263530856709,0.7802218105881628,1.2521167060704568,0.9089593275192264,1.6502296128241682,0.5381974548696915,0.8252424398960034,0.9371386697578916,0.5958417548785199,1.355498882161391,0.9799770308044027,0.6910923044989485,0.7877201366341906,0.2535959881451088,1.4492231003987488,1.1793440677454954,1.2355818766702784,0.43178513595246115,0.3114814485230091,0.7557660325763211,0.8087879568846945,0.47432793001299445,1.3473312417026193,1.532964392152882,1.1754500667835859,1.7502182458062623,0.7934924250011953,0.7882420033977887,1.3234757204879122,1.2397098779973545,0.7095625425302956,1.0939750117495484,1.0017829118141341,1.6918083485396067,1.1452921527437123,1.2938338281281698,1.079656380282907,1.4227561858409539,0.6711720375878534,0.8968063827016167,0.6103766668061963,1.0580958332186674,1.997679675995053,1.1728673249489932,0.1034986342747734,1.4166077741745395,1.4329199864964666,0.6946921503066992,0.8527663691370632,0.493658030978673,2.3121180751353885,0.7170422075558109,0.8970506124453466,0.9849663569149701,0.579056606975353,0.5337717210528246,1.0479998396254973,0.6348901985955637,1.001200059832174,0.6786799311225621,1.6096880765724915,1.085969033260437,1.2542644478888056,0.5647542974365373,0.8396160159406455,0.4649558211026686,0.0,0.5817589065184747,0.8270900036464135,0.9833295837604044,0.5093035291023486,0.19510033307703828,0.3117876778094579,0.47008530373889423,0.9436916150882103,1.4348096497341154,1.6093894351392941,0.3908206765999933,1.2541060294240536,0.7023225519842263,0.9501668928105211,0.7409344041854721,0.9853977917969634,0.8812792988572338,0.45828328502133575,1.0917622561595794,1.2669257789831196,0.6935457400365674,2.693334722784919,1.177577216289544,1.2218348986708847,1.4681437598974738,1.6248010962385906,0.7510607732663985,1.268119430702445,1.2548947499748124,0.2495225063956806,0.9541987023133864,1.930236227388302,0.7737253088536843,1.4163760736558713,1.277392892750328,0.3690496568144641,1.2745076923158711,0.9197321795494076,0.9708277281045666,1.1773894011961035,1.6143637431916096,1.1230732836513966,1.4887520689275626,1.1811029402213802,1.0973346303010223,1.2572974379896926,0.1615512906940535,0.779452301984716,0.9574340045521719,1.3503427874027298,1.219834241105941,0.2996269388824274,0.7948760442839593,1.4086208106569813,0.9078384573275945,1.048415029432235,1.7744834558012426,0.17025639544986224,1.2794308828384005,2.6252755511102626,0.9810038695309695,1.3722773606583822,1.778869721787232,1.0699198143100574,0.8746771644976934,0.0,0.9646967401387729,1.3004939602202799,0.797350019773862,1.2017891877871638,0.8124069467506058,0.9270858421097914,1.043058435280321,0.60183565047363,0.910185561818688,0.769060891795441,1.3845064923498294,0.9280971938102209,0.5634300616457002,1.4132430036333636,0.5881774688026337,0.6441406959369094,1.0617905921103268,0.6198581870364108,0.5600213849931173,1.1558855017835516,2.34943204970931,0.3947689159094956,0.5674310474543693,1.146917130400629,0.9704304439361816,0.9732562984445231,0.805639609439506,0.3351365685448724,0.7860340106207715,1.1437661100688952,0.0,0.06381899065744139,0.6400526272803038,0.46015380757146707,0.5901369555678636,1.2470431094018624,0.8906233569664338,0.9316660517824296,1.0505358700430631,1.3245011972104495,0.4903845776627248,1.1293152006564882,0.8352129574886322,1.0897275192915346,0.02272041107990108,0.9497737941734672,1.211223740396426,0.4478803319662686,0.6250059030297261,0.6973133314208544,0.9952458294810039,1.354416314133845,0.4748016108027573,0.5774757611448581,2.2055085504033185,0.6789666660806954,0.0,1.7108414931148983,0.5727640231049611,0.5635251250538681,0.9686221280534303,1.100498502456864,1.603279328539708,1.4372260963085728,0.4532870320818893,0.26607199288439454,0.7391148767112515,0.567215867078073,0.881811948156914,0.8404084975945086,0.8980652723421833,1.0001003113185865,2.3283314696511654,0.4667207534134727,0.27315390458235933,0.6617734110993925,1.3121797960546706,1.0296537526604421,0.758969086552959,0.8536503304406617,0.0,1.301130090644593,1.063896844327171,0.34062911089166087,1.3843224840528412,1.539190122090042,2.6684005540449105,0.26364393779663825,1.3621913559203098,0.49210364021160136,0.4016389542683019,1.3440535658967183,0.735415509168598,1.3729860923704154,0.7555571221500083,0.4049780233738463,0.47566387466858984,0.7193130267458672,0.2760416964520214,1.6568817213643634,0.9628836091477297,1.2423528024543988,1.2222104068675264,1.529508484881993,0.30936998629740936,0.6267310811853581,1.1735109011923015,0.6894949052245389,1.1407129278783443,0.6299859907017563,1.4516769160908252,0.45033480106991697,0.9634387194723338,0.41480696699365344,0.794819910484337,0.6922917841207133,1.1696462932036478,0.17601143989508006,0.8561855128549003,1.24326941185458,0.6519407834714954,0.27551522860162025,0.6369051231491349,1.3792391337247016,0.5620007644207148,0.7303866429941257,0.995402599788598,1.3529208356456213,1.2459620271521117,0.5402310692985005,1.2644279841198074,0.720100496656072,0.7375290522670636,1.057881058939505,0.929567645462703,1.3673541713979214,1.1139436293103149,2.0260224592852074,1.5317099234171208,0.6652549431205269,0.6491566950652542,1.815240040392864,0.08333331944444676,0.6393595205906755,0.18053918929866303,1.003922026667836,1.7439021347952846,1.112720124614334,0.6043265603489669,1.0873791427027135,0.918070682968407,0.2898791854521618,0.9847419260529675,0.21397108745295887,0.5882978862829489,0.4770666356567085,0.728751125626229,1.5056414542240513,0.6568576109256261,1.9137039327372791,0.9740755646025226,0.7484890225651762,0.6392949998371502,0.9714080214009349,0.7977167199569983,0.6164020815885285,0.3935268277230024,1.1275168739337338,1.319269115060709,0.9773957538071034,0.47930247873635357,1.0229227812724886,0.6880391289503923,0.5046315605825105,0.344731376308598,0.0,1.8721181291313003,0.5560453992492151,0.6453235737605798,0.541293574838678,1.1294603627003061,1.0887944588396494,0.5135823623023623,1.4640653052758343,0.7200141898509675,0.5391338296225996,1.58575510461216,0.4305477116118943,0.08509326751266028,0.9155743838941262,0.4332640229665775,0.13922413488033447,0.0,1.5036092277668986,0.4950606949900254,0.8012659305692895,1.167439708460952,0.5364566421282813,0.6909209537537745,1.8514724368669842,0.04444444305869927,1.0216111910329975,0.6455072805081834,1.4516318703036983,0.5050825528258204,0.45794556473617554,0.45829646758764936,3.890469642970919,0.8275841262035915,1.241250378608242,0.5793104809733965,0.8343601584404635,0.8790358271767883,1.2369671645221092,1.8779941326376661,0.43557183073273886,1.017948326962368,0.5704472839689343,0.5817115200232429,0.8550662946780796,0.8292552452968378,0.46169040316694376,0.36446629379146,0.6928256483074611,0.5591906539778374,0.807871908836438,0.24157751264251037,1.2000715384823712,0.9873903684067279,1.706232836994966,1.49173104991981,1.0989876592511167,1.114697733068821,0.5668571301284336,0.6400375739412243,1.7242815127046176,0.7563612471595346,0.500343325468947,0.5300848033703202,0.5394970006591877,0.3139595286371926,0.6844155377745014,2.141649875854542,1.3253921636852375,0.8915495529581069,0.9653127662128935,1.2457507706709108,1.0688805174350355,0.715553257033754,1.063782013328086,1.268532326968426,1.193178848709721,1.7348238071401614,0.7498117065923661,0.8512815159511797,0.365608839322933,0.8739557263393161,0.8652387279798474,2.004884028644436,0.3189170239484459,0.9228077563903305,1.3009613139640126,1.7996065612042107,0.6095959931076059,0.10925038917153328,1.4454111766481579,1.3376470095937765,0.0,1.5375303991907718,0.6826981612196069,1.2341887241833032,1.6820751311680744,0.5136549840932374,1.2110617209353485,0.24879423836294773,1.705314901100923,0.49814769807642356,1.0135426133914767,1.1115988423889012,0.6512210994506388,0.7642836535548072,0.7986282634689585,0.6144384748462024,0.2525816597459847,0.7255137345194338,0.8229185407999351,0.9112338659623717,0.5112239837144512,0.46144775188812587,0.744550619247937,1.5550042391128884,0.9130431304914077,0.3616839657688185,0.8179042381954855,0.8289162563305098,1.2663415708045118,0.7459341336673181,0.8912964517922104,0.49237359651578716,1.2852373558666454,0.42364231027388966,0.6742828770743216,0.3506619362114659,1.4099242650280062,1.5736215595483798,0.6876431332073003,0.9258634705343174,0.7381397011010459,1.7857650741194573,1.6312788008242474,0.6322022212647447,1.335511771474298,0.6920449816919695,1.9644443032301817,1.2602260750793546,0.0,1.238978197882354,0.9023699366452299,1.1267840209773694,0.8323326556720858,0.0,0.9531818404621427,0.4339065445653075,1.1482625745340835,0.6899800380708108,1.1448621456173682,0.3967406412441985,0.48546245495427165,0.8417318980734859,0.819544957889385,1.6779882405790452,0.5222702550706666,0.0,0.3646889100273069,0.8301337357577376,1.5002631276218554,0.48972272779736215,1.436466989355903,0.5332807542506883,0.9263845156365382,0.9648734784732678,0.5585059001933526,1.5219514982468056,0.9129895033504376,0.9875364745937794,0.5641404104278397,1.5611423030432383,0.2599437292912384,0.7259790339398741,0.7861973165325338,1.378338167047721,0.8991259281866775,1.1265389958038396,1.189683716399533,1.163702448021058,0.8840178147338822,1.2720420438384226,0.5083872156854263,1.055841526260873,0.7186737879782186,1.8598360207421454,2.051677246767306,0.6760853373552402,1.1709140359853927,0.5016458522918958,0.5544061583424942,1.1828460206449507,0.47562794101294187,0.161159222292656,0.5072115369570842,1.46082619486985,0.6576593613180917,0.2961257291358353,0.8559816885321732,1.1089129300739247,1.4179073191661917,0.4185673645287964,0.9845060070053342,0.7984463715183661,1.2409333135987533,0.8721296292152382,0.9576400429456937,1.1778428007441588,0.8781584907399387,0.6481162514233773,0.6513204477501325,1.0517290386955491,0.5923181038018582,1.1905792280823249,0.8632042502994355,0.8583596276160875,1.0077951596525685,0.9559898499674121,1.6325064381938879,1.1358490319622558,1.227951678916051,1.0340408670027872,1.6794236098481559,0.6985635937917901,0.5991440854933001,1.0922829787673183,0.3560790699896552,1.2146267235738433,0.3597401720961858,1.2883255708761299,1.1284820055095137,1.121145945895267,0.7366975686956454,0.507819704454441,0.3785232776446471,0.7965204824094412,0.5554223009269286,0.4134447171260745,0.9119667581443571,1.0008784404692752,0.690114165230606,1.979694700468023,0.46937322673992005,0.6609665347657413,0.9421582819845464,0.43487389346554245,0.04138049635167159,2.1205314538541042,0.9069956035113771,0.4133040238232526,0.7621794379146154,0.6676815387223373,1.2111174744144768,0.652567679568341,0.6203515546332699,1.0601645856746469,1.0810388107434519,0.8168141721048205,0.7200086755119,1.3472801959803833,0.9195300857235854,0.6764394310019031,1.594659633894608,0.1283956217575067,0.9097788625698233,1.0707553430142698,0.9226945645592372,0.7917048010096196,1.087193643466485,0.5234413535196853,0.8331848701968632,0.8709918205652407,1.3283876893185442,0.5395552081342991,0.09460381871864845,0.6701039558885428,1.1449408615942576,0.9152340305355051,1.200347512755112,0.9995754789239619,1.0724340630310567,0.5556234682020852,0.531599055384123,0.0348958310069446,0.6397397519337555,0.6492405159133028,1.112990178458299,0.5061504153774015,0.8637633040298137,1.2466934152861242,0.7072674371532809,0.5430554438535523,0.8991067725742239,0.5798202949183431,0.47828869063297186,0.2926306935747324,0.6774398693619232,0.6545902596278595,0.938331471024296,1.549867318813716,0.704174357399267,0.7608562281715149,0.7425943356176294,0.4446264167380286,1.3507281393001849,0.6268325638421386,0.708393692713732,0.5310646567118823,1.528499624014366,0.6501294937628586,0.9041252949980616,1.3893033576317921,1.0617301453140104,0.4225991903051862,1.2151952183388977,1.3087454723959342,0.8839668689896143,0.8263457852776177,0.5813108283561854,0.30883714275032237,1.959420156982613,0.9275477116732534,0.5010049731588679,1.1393480133498257,1.2849091723970727,0.8585381618025382,0.7958635614210069,0.29641237494168765,0.1032297031169711,1.2559080044460609,0.8986228261703506,0.5506608333947947,1.2047449286611998,0.9018062274365948,1.6617724405325747,1.1157351830487596,1.3077798661944091,0.9946121982232665,0.9825566784607422,1.3159989938697356,0.9539342402043616,0.4592991438514835,0.44827572157589884,0.06629773145696997,0.48313265621283796,1.131385376324912,1.1962588175253723,0.6548159871553183,0.43050120414924453,1.1070177747364878,0.6206998523200583,0.2912516890766875,0.8085032958952276,1.4263727288114465,1.0590571468066905,0.6094302314112224,0.5908536041625234,1.0811829581871777,0.41881951619560753,0.7986753729389907,1.7083873360858934,0.6820578468123425,1.2790931139691801,0.4439515019348209,1.693653961587174,1.0771516761789428,1.6705907820741914,0.3982160305808353,1.1701202609732562,0.7411922464102911,1.9663798848100873,1.0948074207117098,1.05938862714289,0.643110294056032,0.8293416249500156,1.614027422431302,0.4934618129833186,1.2548866910919927,0.659366248294273,0.8725916623137645,1.5119254253173318,1.3705175762789794,0.7325867168267216,1.2804157061912025,1.118540258470699,0.0,0.7183280083699817,2.460212634057977,1.4594062506595618,1.1900588140346873,1.4156647679631884,0.9551217728787289,0.8044082159749232,1.369173591869415,1.7154831303274927,0.6032615401276943,1.2164700775903188,0.7209857584630339,1.0417482236901918,0.8308440218237152,0.4626005991093777,1.09552525593617,0.9006683903202279,0.9671262269109584,1.016929181596393,0.5409712699011259,0.6160060961462721,0.9829913172836973,0.07106412144849883,0.6374935670490598,1.0936514143774494,1.065396220037972,0.8117636874794368,0.4879823783197586,1.3931732357903313,0.3298156366207542,2.0185329699808916,1.0462413953687337,1.3544651774735836,0.08779465673681604,1.4271451405663542,0.5047123182525747,1.0615376956104934,0.7959424757277208,0.763137677129018,0.912080030743658,1.0614270883558483,0.9916958605435999,0.9050642517868799,0.5242653726677818,1.510678888456912,1.839062488988491,2.1246860959659752,0.9003175311567339,1.1253386644869188,0.39102721939727336,0.8169239108542126,1.3008901542007458,1.2094325193290547,0.8085561709928487,0.7828312564556026,1.0021567365837254,1.2407843394372977,0.7871797217315664,1.247939152350244,1.7538875497449649,0.5255298366195015,1.2994378361694143,0.6353307061193966,1.503816974288913,0.8314717073011044,0.5502544196508465,1.0075977109873224,0.299515517516141,0.7401939739570184,0.8268210122018549,1.2824596639227002,0.7962094547565578,1.1236262749732737,0.757307859330188,1.05680101660556,0.8356603463871759,0.9368839066859059,0.6859269005235291,0.9402853160738964,0.6451205519835952,0.8016841814101594,1.3771404568562768,1.4868534323549194,0.504275895828865,1.6790091155422835,0.755099993690497,0.5405989671270124,1.8143677777055593,0.7461174821345178,0.459550787633934,1.1430347854087164,0.9373064808261289,0.48059989209748216,1.6659402455166983,0.3729576081714098,1.4233387587073558,0.9943162793942424,0.38577781587756765,0.7814494542428232,1.1776735342466167,0.9273968656439628,0.7250327928127318,0.6579226622105311,1.1228830195298762,0.5160587565933735,0.6788432172965845,0.4380807034592692,0.8271149505988079,0.5584822126444025,0.6955890848224887,0.9293510461780614,0.4543937266329698,1.3116109840925276,0.8717365597394657,1.2667551521243785,0.5244314757243832,1.4337471894619858,1.3990637910027337,0.7013839019382969,1.7091833256022306,0.3684766436161666,0.7345375159449414,0.8483033771836164,1.038499466224712,1.0149294811878882,1.1499331895777134,0.8779048982277856,0.6923383538945378,0.2754004130111219,0.36827177462211347,1.2671063640043925,1.1087452816720904,1.5570305285524304,1.0669273669553185,0.5613882954477962,0.7166553459460541,1.4424708146953562,1.1856035631823008,1.0649063601944027,1.0223697193225902,2.139871987265691,0.7471877631767071,1.697799575039833,0.9497618751952404,3.1960468941882003,0.6767145420269981,1.395542672318612,0.9513263106772994,0.7601338080315163,1.4502667249556325,1.061862161158587,0.8785923600768613,1.2377064386955512,1.4117883701101102,1.5725875550527713,0.8924129539297495,2.6725080150534506,0.5874450421137096,1.5784536310293429,0.9592863346453118,0.8658843792774804,0.42350369734465454,0.89108745042972,0.7563226768773345,1.0873481278314872,0.24405540770291634,2.377005822947834,0.7068021309436241,0.785558239595645,0.7025904159799485,1.0150258060996027,1.312909243211714,0.4490158196709343,0.8825331174373636,1.067288473410838,1.5050344619934641,0.6220572804679986,1.025050149378003,1.166254888169461,0.9281124603114111,1.2181446753790708,0.829751558208287,1.1000626230238617,1.1165110618658831,0.6370899358909662,0.43957128725363553,0.4843960543554189,0.0,1.2009473181215904,1.159094405673919,0.8939554392996482,0.7653155308804481,1.0283790191152646,0.393032137300589
24,0.633411196358521,0.12942168818034783,0.7117546527429445,0.18797828811217981,1.2014647913522305,0.6226629098427592,0.0,1.3700934149505766,2.163920929361587,1.0789361351759061,0.6483264002599668,0.023809522675737015,2.5523092229003153,3.030528556367598,0.8527355709860474,0.8679161222489526,2.0332895773763675,0.9472209905351261,0.8171675363234919,1.7799483532772689,0.5334917206560928,0.45934240411093263,2.032935044253047,0.43549618632570203,0.9974098275315227,1.1313250511917508,1.4513039777083154,0.5817789529917355,0.7878904926761026,1.215739491702011,1.2914794916387233,1.3192590628304421,1.1971682557688696,1.3011851386558262,0.8588862341503533,0.6638640330964347,0.9412140733133699,1.2328562306797453,1.1191241450546983,1.0093659748524026,1.4170332141364015,1.0507508475593101,0.28438212754918946,0.933230069057224,0.4206604046681095,1.2126812490212773,0.719667382591832,1.2039910286907296,0.8855760336628336,0.7472354813386322,0.8280721718622754,1.0371991498173048,0.9639706736021937,0.25930849537017625,0.671082405836209,1.2878764000099383,0.6445261479355383,0.6872270382665071,1.2895308005402242,0.2539780184484058,0.8522726287880387,0.8073567157132613,0.6717869502227733,1.6005688777789862,1.2808897120670246,1.4949621993651085,0.03441219895147922,1.0709104605236268,1.2308456308545261,0.31461950146707185,1.1163908705350627,1.0093997287441825,0.8124309923098807,0.5291698674858195,1.0516390315960606,0.6265543792096488,0.29144776515154075,0.9898352880196295,0.35501791201963956,1.592938712128841,0.826284655695987,1.4247782557969584,1.7745087249182583,1.064334991997454,1.0051684731240949,0.4541057074178171,0.5428158632559115,0.36429514607592955,1.6379269789503916,1.2459513952374985,0.8061404649019643,1.2086647533453005,0.6914008060124056,0.9354516820534226,0.7175582154857978,1.00837196874246,1.1171516644960227,0.7134132531490336,0.629564615156752,0.5321045188151066,1.455652391381059,0.6836100841402473,0.9792977657920402,0.6318230438371841,1.0463565677979447,1.237985645704108,0.8915402942950701,0.4800956463018962,0.6254798836083796,1.118703298347762,0.5818915183222513,0.5638049715737365,1.2779547754210894,0.7197111628005292,1.329215939622504,0.8948175955721008,1.9201070228297517,0.4450291041850316,0.8002754268640299,0.960386834705097,0.702926618933016,1.2801908673147109,0.8666962961483866,0.7217405136907504,0.7446060202837849,0.4789078524444896,1.6181414816699038,1.2234179254119804,1.147416867016748,0.5308960589231524,0.4403703015516933,0.7429258329750392,1.007958208166365,0.4276888419355576,1.320294628833847,1.2204016846349157,1.3614224663887242,1.9732053711942463,0.8664944151436622,0.7836049520620038,1.4121493304533326,1.2045211212794502,0.8234792328469503,1.0413932207474312,1.2328874855541825,1.3558467012919144,0.869991551190576,1.1815079884521382,0.9098308306181322,1.4778269146321807,0.6028217555967255,1.0087031939348683,0.7459513876961393,1.3076035216445154,1.5613254791628228,1.098035970585354,0.22008633520125737,1.550149342573114,1.13506058428534,0.843859496382104,0.9492724610139023,0.2132178130607123,2.2924046711747335,0.7902288982631875,0.7903138527589597,1.059592436959982,0.5997309002321691,0.44941322559600827,1.0449866270781518,0.5624808051415593,1.0025280698853762,0.5944755189741742,1.2784387107024775,1.0815911284978563,1.4701117526120568,0.7624697313172295,0.718972861410146,0.22506588449016834,0.7324215087892455,0.37772911237773454,0.6967327853291383,0.9863309344916361,0.79255321473446,0.04877508326925957,0.09799041218480525,0.8108971395478883,0.6564734030599517,1.6758539140554756,1.3986509605600477,0.5182170948467673,1.6115517322235613,0.6022433812570052,1.0679345924843593,0.7701715641670155,1.0154675010765912,0.9471159337947687,0.5323605054282208,1.1360954472079434,1.5535426922122988,0.7463822229905779,2.7556083156981495,1.6273034508545652,1.118362552303184,1.4409995525841368,1.5819586328886301,0.7040321622115471,1.4852973648078365,1.2686833052474964,0.3262986523666406,0.7165759991059207,1.1974748547888705,0.7457094945458036,1.484343012304945,1.2695299649353151,0.4298445930500063,1.5136031443749896,0.6801364802496612,1.0656918931362185,0.9702370885914142,1.9851812775291715,1.0143447001764956,1.090635895393002,1.3393668150622096,1.2866842043662974,1.0575032815574592,0.020623569006489484,0.9239801785298384,1.2420369292121596,0.9140357053942486,1.4915899690330119,0.29607222604642297,0.8694152490445666,1.0054758365992926,0.9934483700050878,1.097065813968956,1.4146170265469256,0.13896000055805152,1.252664423895767,2.7507104160799267,0.9516947589086056,1.151719219090961,1.8102129776202043,1.0159425003532416,0.8029906874913179,0.0,1.0791125362631995,1.4178897283687322,0.9095432947684834,0.9902803762884511,0.6207049928758868,1.1786901377410568,1.2722367874856213,0.6102045894365756,0.7755898960361078,0.44317597929403174,1.1510514761121413,0.7903120990938368,1.0250505021055472,0.8665793830506034,0.9048025170602918,0.5703246430222415,0.9676766399975474,0.6271374439634319,0.4986702408307939,1.09190873954903,1.6701365610659216,0.46142260166834403,0.4306923736832484,1.0565727645040246,0.6354146290213438,1.0136303063661751,0.7818810652881547,0.6124740505278943,0.7268233411350384,1.2355417066918952,0.0,0.25527596262976554,0.7226504144004519,0.44918916750443955,0.6634925965452942,1.2625331406304325,0.8731378689386352,1.0802943302693,0.7228944194573599,1.1163281206804239,0.47180940224002715,0.7121848479175809,0.8970480644500892,1.2479670067424975,0.0,0.9601779826694188,1.2077354104522062,0.48765107312555084,0.7455596496244397,0.7452753787498441,0.9673253344220469,1.357282333590047,0.43837762894154564,0.5610455610078623,2.5315733312369497,1.0202962055052642,0.0,1.811901763604739,0.49198792571841765,0.496908938318984,0.9618096877179239,1.2706660076939706,1.1152673335093808,1.4703518205856412,0.5187162641199593,0.5710084281213064,0.8386755665639389,0.5784241072666239,0.7408920782884258,0.8224108847967833,0.6946371797246724,1.035796604268386,2.465248331525087,0.5600649003624016,0.3681563251519746,0.571027981489553,1.4222427072993846,0.8798187625908761,0.7757412344714123,0.985019175993122,0.0,1.4072259143030657,1.033706451546954,0.24669412877344393,1.2506473220558587,1.6114498094060912,2.934965235388117,0.28831874219385706,1.4465628261784897,0.48046857596812814,0.48117921746709147,1.3377936632694654,0.7265614634361348,1.5023125301770546,0.9319566889567723,0.3464290861024359,0.3901647906242879,0.7556565330758352,0.8833334109798021,1.067505227542633,1.1568429958546766,1.3281434314240805,1.2647891125495159,1.6378291020321267,0.35603523418299066,0.8093609170751674,1.2663464700560199,0.6329811000177924,1.3282202886287442,0.4585378840965533,1.2622907980363642,0.26543127621423945,0.8935203191914691,0.9015329887934665,0.7621323975895133,0.9202832115143835,1.4952493792912236,0.20459448722304654,0.7150412341614599,1.7452230173684156,0.8357238325337996,0.461839430169922,0.6884015627120145,2.6095559842226197,0.5780563049496334,0.63358104865188,1.3553899133183183,1.341637123214303,1.3613210284964303,0.6061410330685706,1.4124655380152922,0.8311059082516565,0.6721162749834929,1.373829673286191,0.9928218032147111,1.0702054506661587,1.046762878899838,2.0229241437172427,2.522132939523659,0.3227474465054235,0.5733400148285291,1.5990690397237997,0.0,0.8335942127890541,0.450326053319657,0.8046749971703744,1.3219281546605242,1.0698576947075642,0.7731094907393816,1.223955227107499,0.8501237792253581,0.3645903058029327,1.1470481932839627,0.36127781559829714,0.3793587555625913,0.39559533978201317,0.6614133042916832,1.4174349150779553,0.6256633389242575,1.736280841987842,0.9027827288484344,0.6922412806937261,0.7902364086458183,1.0017374159271017,0.7484174801510324,0.7238470554368478,0.36205802035470835,1.1373422872443282,1.1698056400184178,0.8885415764979916,0.5567957482161083,0.9323426169595219,0.6235477662053464,0.3462076731300383,0.31593615812855363,0.0,1.8816819083867675,0.7545696494700354,0.6337648643491249,0.633132864108919,1.0767719510663953,0.7663011423034278,0.31194023331362675,1.3031248442181433,0.9232713440142566,0.37357304163178107,1.2617345219448373,0.4678968796397343,0.1906089175945684,0.8364410351275935,0.21283145021170133,0.5385775497713208,0.0,1.3073545361144374,0.6228572651920823,0.6512399629230456,1.2601151342600863,0.45612080450655745,0.7378763160432475,1.9012687182063477,0.0,0.9500705157133269,0.8202460829826542,1.1541999818888848,0.7311124565188292,0.6729553581435258,0.6047230082211235,3.015939726827869,0.7114375766398227,1.138146517083292,0.3774137701100824,0.7584344361753776,0.9482303007542652,1.5260231974894902,2.053078753461366,0.42208193885840906,1.249923758514003,0.726116124591235,0.5632433806733301,0.8415495361062206,0.6437642075372414,0.42492896494651716,0.36446627860536823,0.7099324531515392,0.5444046861745072,0.8876130438427436,0.18826903142455909,1.0654079583258025,1.0120976965448436,1.8880947993090487,1.6280087362947686,1.1325623162381222,1.001497883826075,0.5705918066712536,0.9234736859558317,1.903054212039022,0.4000091285901145,0.95209462046254,0.4053896573863412,0.3339743335884833,0.3778817006615392,0.7311479836420418,1.990603239714743,1.2396718849437818,1.0284042990810565,0.9432060235812778,1.4739826742473114,1.0354516759992498,0.8755917428690527,1.2343530049186824,1.2322314054996366,1.5058958702903493,1.9242897772173015,0.9763622762470987,0.8619475481343397,0.4502424472299794,0.9244079991575564,0.6513360462986849,2.112421030279534,0.317363732838838,1.079695859581038,0.8903043324451868,1.7552394576797476,0.44162568285126624,0.02731259729288332,1.4735076921493717,1.0835592167619779,0.0,1.5191501954380338,0.9615807233710896,1.2384012647884433,1.6866648995911984,0.6150149763857204,1.2693675990272113,0.32034032892457404,1.9644282513114124,0.36758676109765526,0.8284708887511064,0.9460237255536674,0.4861772857420889,0.49626742775744165,1.0106459402973105,0.5813721595267333,0.3170544718470085,0.9769301299193774,0.9998703438138369,0.7987803403126368,0.5544077140690014,0.5374803423277976,0.6893229452960757,1.7214351493272204,1.020130607812168,0.3996040534801054,0.9289315641966636,0.8445388851575066,1.087969597504968,0.6253259744458066,0.8988761260363576,0.49152590316818756,0.7225807954330785,0.4914199052427385,0.8592491585972589,0.32066705835210824,1.5770976901102458,1.3199289454173528,0.7647874606530136,1.6733103866019299,0.8294003084205472,1.2648773076323052,1.2940048882598059,0.7363222707850323,1.41278120780295,0.7228930573672863,1.8465216912335936,1.1208974792828035,0.0,1.7874714976199333,0.636085536214236,1.4571810759072283,0.902075365637268,0.0,1.0981364449494397,0.4745743628968006,0.9990283430991946,0.7318704427221652,1.3898005186434546,0.29524884715230454,0.5621092525772386,0.8664723019769238,0.5405323794545305,1.7415157500443206,0.6415713795671691,0.25624989571691004,0.47111881749156886,0.7820909959414706,1.421659269680202,0.42425643498423815,1.2302013349375023,0.5296277649922324,1.2644319949993506,0.990573763988086,0.41331470213693855,1.3141925637573066,0.8921634961587013,0.855838152500696,0.5825452286011243,1.8027874340481593,0.3146848869337191,0.832335644254913,0.8201262327097127,1.2704582457970712,0.6082920494789072,1.3067433408860734,1.2691387071319742,0.9921725898932754,1.1409553735902462,1.161365813113373,0.5751572984038721,0.8507877080501224,1.104024128649884,1.5752608527398,2.012341558043925,0.8299769524108295,1.3047102663740215,0.48069017869677194,0.6809405497737325,1.2149458479453474,0.5464278346908295,0.25555247560073513,0.2135627522273556,1.487206446490172,0.6381866081748296,0.4175585803903694,0.7333330842545256,1.0258347637978815,1.1323319745733285,0.877945211794678,1.0677292429080176,0.6545183616079528,1.4769437045990468,0.8787232786391355,1.467935955235772,0.9650377116588678,0.9860716383880814,0.5806662826867284,0.8803484225339265,0.9717825905870263,0.5780938881396129,0.8326273037571427,0.8494266087225144,1.1868825581044073,1.0134831009277683,0.8910021374001743,1.4651858384347913,1.7698111948214206,0.8423249522399511,1.2276825106510454,1.661032887050693,0.9197271915773699,0.8256624096310046,1.2479630107636461,0.502622306775183,0.9396750094739762,0.30565362648423433,1.0279339516074353,1.1292609300979182,1.3308217676792513,1.0875748153556553,0.543418139584455,0.43910272520964255,0.7657564972095896,0.5177137833381137,0.29589671158084374,1.0083512882965966,1.4899999321968485,0.6801151464044952,2.0030014417252864,0.3637642495500051,0.5349418771521435,0.8514603847747875,0.3744747395820235,0.16552198540668636,2.0501067752835347,0.7085633574570005,0.6822737767410967,0.6313644243269242,0.6353468667796198,1.1015503784493874,0.7109395589467479,0.6508963439909261,0.9597666279839328,1.4791825065026896,0.8983880411085016,0.667896123588482,1.4113824063725602,1.014502637537738,0.7542251099910946,1.8677761585653607,0.10327302488462632,0.7477154893994225,1.006119371652318,1.0681764543115926,0.9774961114256862,0.9590432202084203,1.0353536186729209,0.7544067013782947,0.9491266049669143,1.214743317773444,0.5930017149605842,0.0,0.7889432896855,1.2552500144380052,1.141800444397967,1.1188341762015177,1.0093792853266135,1.2120588708714295,0.45891965682940805,0.44784607520289677,0.0654296793212901,0.7796416047773144,0.9980090849527337,1.0013800721415747,0.5681291638879815,0.9638136252017562,1.436267454760631,0.695904185300331,0.3620369625690349,0.9676331694370933,0.4945996194520427,0.46588613140237345,0.21997068970031822,0.7307702425643756,0.5620554732754566,1.423064930128691,1.1415991723805037,0.6770019288081521,0.7842575009657172,0.7429890815209226,0.35403530793284654,1.3069884682668542,0.5826191275508572,0.9003329096990202,0.2469313067942306,1.3688515068303937,0.5983599589483825,1.02092584757736,1.5756105420635413,1.1373899549061095,0.6217777458134269,1.3559096338600618,1.4042653373731804,0.9386515572817642,1.0553487384809548,0.6654132156172082,0.7559961944411688,1.7820445728630694,0.9377862488496721,0.5043886579070007,1.060324433832965,1.1415156329123115,0.9818678758087962,0.5362046336786847,0.4960494674156736,0.17204946505008065,1.1520371166203978,0.9163730432275952,0.634975917817,1.3770814080100897,1.3492553601253574,1.5972193501105125,0.9729124878757351,1.3010450375229412,0.9042092931887067,1.0557521663023355,1.148184594063039,0.9454621525360167,0.2813947856470494,0.44650694036583366,0.2651909258278799,0.26964789807843614,1.3271678903818902,1.1583394198294836,0.5471351712401394,0.43513169710162675,1.2342526593724594,0.4839013918444236,0.1139802286267194,0.8669311597951949,1.2339688391013,1.0919112075659818,0.6018956666338857,0.6657213617447703,0.956558988926735,0.3802964423843672,0.5749291649469799,1.6114782884606633,0.8321052051450397,1.116897116259799,0.7556621289431472,1.665407956118287,0.9025314406844192,1.6656376274814109,0.5785028867340867,1.2407206524306478,0.9856534232692596,2.0737905546732964,1.329878766281412,1.0751034334691627,0.4788261064999964,1.0954536834601742,1.4353404578370232,0.2757252306966772,1.2677020165554307,0.8101261402991958,0.8217293793367075,1.1398123257938517,1.2495443636909465,0.7821602484323218,1.199761352751004,1.1673384941958191,0.0,0.4573639453606475,2.4783041470964804,1.2714167344184113,1.0804894178561648,1.066425446903239,1.2652055768174912,0.9456353172011176,1.1498742145397514,1.816783598100148,0.5466442268073868,1.1070311898072647,0.9225261228853534,0.9444823703687686,1.0973490124371832,0.545043867713346,1.0552866882577163,1.3769606853340135,0.859091390106431,1.102304991115257,0.6832280945178801,0.571152058785402,0.9678179720843232,0.0,0.7534674661978475,1.2939572489350675,0.9909497911204994,0.6309290949818683,0.5263935215302797,1.2603956496061626,0.18718426197050994,1.9618960841476838,0.8244827908225103,1.2400838038271904,0.10733515986202935,0.9695775653093832,0.7016524259932199,0.8989844856760693,0.8475336523602522,0.7556939245540413,0.7122383089493025,0.9018075749713752,1.1503232973580177,0.823417961423355,0.5359267819900254,1.0908778950625815,1.9425594950580607,1.787173606994052,0.8379372055641137,0.9030787725964278,0.6710424717435952,1.247208851253063,1.1075754549960057,1.072649210697707,0.8873057736730193,0.6707775502457758,0.9759935679217394,1.0092150571567082,0.8854863639184035,1.2426139787706223,1.9092340675348765,0.5359815712769886,1.0865724477842853,0.5493111280030017,1.4596270410616383,0.8392830009417469,0.7398757601462431,0.9757505044136849,0.6939594482366057,0.6353507425588087,0.801195060451075,1.068743532781249,0.6139439036889005,1.354183178982966,0.899344656059384,1.0288479949741929,0.8843137106179877,1.0895933647349525,0.8362605708257236,0.7694014640170513,0.5280436697647991,1.0133571048678922,1.2421258299150943,1.3159038598132031,0.43402898811864477,1.7085332057804439,0.8628964830298415,0.5234400009855102,1.6983868786098735,0.8348538750793717,0.6461240750214315,1.1176936572569358,0.9048202136887953,0.6128067323686537,1.4281676908798873,0.44942072662293986,1.2657309480615662,1.0366432226260316,0.3278353749366152,0.7056073465467344,0.9976998481209893,1.029213117917674,0.7242032620019414,0.578156006805048,1.0381227240610764,0.6005131052234524,0.5457658259816004,0.44273960410094015,0.6370799885551014,0.49334446571773394,0.8879046298075188,1.0908541089226356,0.48288534638665415,1.254924545721736,1.0147284339682698,1.5734044244113252,0.49138319822162824,1.160041141136821,1.3540443405619036,0.9426392433960604,1.281887462154493,0.2661143272585572,0.682923504922203,1.023324060778546,0.8229117539157504,1.0063251132972502,1.1955654353200824,0.992818819232381,0.8274239134232491,0.23658330362595126,0.39029087728499323,1.107385951350078,0.9532774986269668,1.3886123809215527,0.9426941814576509,0.6064836595651226,0.788682224823082,1.3017339909018224,1.0423166036399594,1.100553036368871,1.0236919623252394,1.9751661973022774,1.0308602663887338,1.3920585115698378,1.0574012788124119,2.747461234674509,0.5887974883450087,1.2802810961239832,0.7554792714007849,1.1837830136788865,1.293044597085676,0.6685798716736749,1.0588114677382163,1.1413891579930406,1.3617875725918145,1.8772957321988917,1.0423211650920623,2.475207156099322,0.7796559644680354,1.4907617241866435,0.9595367552146179,1.0126987062918906,0.41324502860788537,0.7810027145454663,0.7882025567692084,1.1222200248342449,0.3057542378156908,2.8227754209344553,0.8672573724059236,0.8686173108937802,0.7498879607429244,1.1380970561911217,1.3567829016226942,0.41971257780317306,0.7824661081800498,0.960017399952137,1.375169725744305,0.5956286813278366,1.0016797976637961,0.7449686987437325,1.163641301791369,1.247951278716092,0.4932412043688532,0.8964482428967531,1.0402019023782711,0.6186604057468361,0.3965841949563421,0.4557235858659493,0.0,1.5496094325838459,0.9347055056291855,0.8608109373325505,1.054002986707358,0.9726409044484023,0.4873356660948243
25,0.5625819242156088,0.22268630539910667,0.9443494340078766,0.2506377383693794,1.1786645066831969,0.44726968968939007,0.0,1.5111300160778942,2.484409778232105,0.8252819655090817,0.823202447851157,0.09090908264462885,1.9076082918083324,2.715278523791498,0.7891526761171723,1.105037955094983,1.9985594796269124,1.062200049614157,0.7391926764642347,1.7102356656594375,0.5995406344944194,0.8814202589642961,1.7731171185987806,0.5279187354811499,1.109496195174635,0.6111124714286198,1.6800660483043468,0.6997534877404893,0.8771693582099643,0.941593425418734,1.5503279983870557,1.5560491423571499,1.2614155199273853,1.249874845589885,0.5330973465440176,0.7701276569638855,0.7505666179759247,1.8678501723632432,1.3773202165535798,1.1229291826799914,1.0422874671099316,0.9667468362318989,0.3193940518486338,0.9700897023452508,0.34227028896475514,0.9482920885439184,0.6020653917586394,0.9258442473830008,0.7711390509919184,0.6722174459829695,0.7483975197772383,0.7957337100226545,1.3814011232547432,0.17287233024678417,0.4909578804243072,1.6503279489465503,0.8863340702146763,0.5163946554201081,1.0162047650269743,0.3533607149180594,1.089285587098741,0.8761767636470604,1.4522452846619847,2.7314672803857265,1.2588919793559616,1.924619171986056,0.0,1.1847416099575887,1.3977837350723443,0.46174252170331387,1.1494003598725335,1.0209694101769369,1.1246635572685835,0.5170065446678698,1.6365857073754446,0.8720396807326929,0.2098081017873463,0.9173829463534321,0.41990809358150005,2.2139148092845744,0.9161267141636527,1.3498159267000676,1.881285272660612,1.137225821723161,0.852392914015035,0.4505131926562071,0.4542779906191272,0.2341897293285038,1.4079253792496929,1.5404176566776386,0.9397553600810937,1.214303122130811,0.7918576231991883,0.9781721753657883,0.5754411666330222,0.9976961290986311,1.5162167042063301,0.9209053319635536,0.49515223708328815,0.4761702746115698,1.2367534924659729,0.7052728507074517,1.1260198051571522,0.7069120250646392,1.3470947837614207,1.2186762373451219,1.0549147977572746,0.3280653589730952,0.94667225494209,0.9543133806938345,0.5130225169775604,0.4060205351178021,1.4272405770100833,0.7509089433510189,1.1399876677466103,1.0778245250050695,1.8541025896248602,0.4220434607349855,0.9376948288712527,1.068386660410137,0.7336024499145236,1.63767760520651,0.6929125741989963,0.7238399153851275,0.6175771304666583,0.5659570430374844,1.6924246604927804,1.1468687141172362,1.0340777650783293,0.651668620528145,0.5799999030735057,0.6392829417321397,1.0928766114567,0.41136481104226996,1.1187699345609614,1.006292639531035,1.4715235952390802,1.8992579476286109,0.8673060595850598,0.6613283926451282,1.6663481979237464,1.0588248825633952,0.9760439526154808,0.9428228949256167,1.6406058324330426,1.1225028952551304,0.8878994432520311,0.9801192400149179,0.834432810450888,1.7334638025356472,0.5796444022616576,1.1763236740906833,0.8370440994466454,1.4890353383902033,0.9540276778111134,0.9356197436272593,0.3676550127775056,1.4607110557706993,1.0314902974260716,0.920571321262142,1.1130421648459032,0.21721208856397456,2.053162666425728,1.0935530074530198,0.7208232702064101,1.1223115036151126,0.7004693714308855,0.5871683837499746,1.0784108896651063,0.5510365013511399,0.9487302020223488,0.5685074394125543,1.0284376151855217,0.7820428353264547,1.4947477885294376,0.7317274416818662,0.5815708854005004,0.14023335434846237,2.929686035156982,0.47659626428523894,0.6967673286373377,1.0657694301222058,1.1258080853057748,0.1341314576513702,0.19811104827478127,0.8931620394970822,0.562386080437757,1.64355792178834,1.2596968261914454,0.7103749873545075,1.7705648910677945,0.7333848413443669,1.2064519713660409,0.794501332595134,1.1640525303478215,1.1169981371779776,0.5737940082116304,1.2953215643234757,1.5167894461771028,0.7252128913566283,1.7592301440765994,1.7535585166968009,0.8157201488862282,1.2635818367186191,1.3413057304121063,0.5255729324057241,1.4984029303721917,1.3030910331338625,0.5207982318847182,0.5242526377779736,0.5949538954281944,0.794746439800557,1.3565240155593885,1.1552093227759714,0.4697782937748184,1.5175024752688555,0.6191840574204421,1.560536568779022,1.1700777893756364,2.3285251673945755,1.07416837130456,0.7624517984497408,1.1487751541198394,1.3133666643243314,0.9410793882245208,0.0,1.0115255431352348,1.269039585703772,0.42111916696553775,1.5098942415109344,0.24559266217801068,1.1280194449063499,0.8834436712414471,0.7311957799639507,1.1014746043999455,1.2946373059115235,0.13723829833666729,1.0221160525633683,2.350155232833604,0.8742714279156462,0.8742558834773037,1.7736727635643899,0.8839263510027813,0.7422436884079906,0.0,1.1376575491096672,1.231227367909608,1.0516575709961493,0.6988263743883354,0.8099826968323584,1.0937228947862287,1.3720724792332497,0.6569654151931125,0.6735273473571037,0.6002343349032482,0.872043503807135,0.6874147461651253,1.735689963147093,0.6166729552278198,1.1428207562375692,0.633732534016545,0.9652653613568085,0.6444775915085925,0.5823029411387545,0.7876802656466646,1.1973031268043535,0.534735563057266,0.25728483791293427,0.8581793408181486,0.4464248182091821,1.0517942166049443,0.7741862040020946,1.2096293955029926,0.7296994149321805,1.5782745830264944,0.0,0.38291394394464834,0.8101514046003917,0.4582662391447917,0.7445686373075218,1.149070264968798,0.7757909563057006,1.188200524761172,0.7083499685775058,0.8386772806911944,0.6612761648032964,0.3906596846009115,1.0404358520224966,1.2166602761803393,0.0,1.2550281875471945,1.1919594861085416,0.5306869797107573,0.802512769772407,0.8775242457864736,1.0522616160904654,1.524236644776738,0.3157466188320558,0.5977605653697958,2.536759561402918,1.1230870320532342,0.0,1.659296357873578,0.46546623811752263,0.5676492986762038,0.8362595622471185,1.3258178182859313,0.6568044057394552,1.3859541449444464,0.8880859020818601,0.8071846878403324,0.9424195826211652,0.5722015867079278,0.6836921515270096,0.8217279912957017,0.48525279106863883,0.9870320667540328,2.148066265342215,0.5133928222207302,0.5147119460195585,0.5745104738252649,1.4360611149324745,0.951207808686936,0.8272892075515592,1.1147722740451371,0.0,1.463410486930198,0.8124674858251679,0.323642932362615,1.0650606207779791,1.1467553850547192,2.606209069821976,0.3031865834077126,1.5304333006455755,0.5947935801553628,0.46533771905148047,1.4327398742309585,0.5939778073351398,1.732883689418786,1.105128084438629,0.3991548632212071,0.47686806137352394,0.8880355079953157,1.325000116469703,0.887417965051169,1.3319825198917794,1.4210749632780901,1.3841867189190042,1.5407208975415043,0.3629160492835366,0.9959146049096561,1.2770519959429556,0.6338420921893757,1.429208754183728,0.4745038929306369,1.0972079450550634,0.20132292870888507,0.8876778784369449,1.4982107208666555,0.7406450842785114,0.9046791956167638,1.6900550416716367,0.673958306132793,0.7406459957410053,1.9451628194529302,1.0620079373312616,0.7393647940737461,0.7688081728215412,3.403503172738464,0.6841723608321977,0.6487303519988222,1.301174313280139,1.2478656823886294,1.4868349765442341,0.7275985418708923,1.4278879921297496,0.8647520306832779,0.6890414815308896,1.3960484210490731,1.0920432571066336,0.9353742102291563,1.0552719506621613,1.6458564276558896,3.157947024171082,0.14514086238397478,0.806259390505552,1.4178318782014876,0.0,0.873882970648884,0.6611821980152013,0.6997431381617372,1.391041330728793,0.8214145415747112,0.942040708885341,1.2063012107915183,0.9035111822403086,0.7112499360275638,1.6037059673991125,0.7596039610608093,0.23053339601735753,0.48829148074642614,0.6345431512796584,1.2491770524609263,0.7864389583227869,1.9835612988392146,0.8444482816700126,0.8871300605294754,0.8514632896740015,0.8377990944499738,0.7798021597357677,0.7170905492489149,0.5008876908843654,1.1489199202053433,1.1632482297753137,0.7817824154689197,0.6212387879858285,0.894560300883665,0.7510672561464791,0.18931156314974656,0.34836156330817275,0.0,1.7639987064655296,0.9628912555064326,0.711446444240533,0.6965508399194723,1.1215547506345929,0.6434262885286799,0.2983363300964477,1.2822862330422706,0.900851126425859,0.20376711238238301,1.0283571358909938,0.40877633442514,0.3383308282538367,0.5217285992119405,0.041806177788022786,1.1284481873082226,0.0,1.6099492384933338,0.6488664521733785,0.5990960246754111,1.2186045310763374,0.4760060007281439,0.6719270101297616,1.5207205784684494,0.0,0.8083534358358293,1.4305164666481964,1.0347115944004255,0.98998961920528,0.7881503992948473,0.844053643632369,1.835302924366787,0.7261902908806,0.5976019973183636,0.3597677867587009,0.7348555732293555,1.1227512864637925,1.6754946407307476,2.152922832527036,0.4779134206557001,1.4260979878765183,0.7582500256986001,0.5396322665870275,0.9765794536099961,0.574247314866495,0.36978997689425996,0.6276918862995711,0.5089274786367775,0.6089683626350039,0.885893495899744,0.22656103457090981,1.097372534160353,0.8704466138072424,1.5509266079570003,1.4798374127938,1.1550146823880503,0.8335751383897385,0.5565814182509948,1.2237696287934932,2.043661276970336,0.3245777249132055,1.5333101845872803,0.1606949992009317,0.08349358339712082,0.3705939380919714,0.7563056795643128,1.7168934085448662,1.2128538104321542,1.0697248668789026,0.9747326601171363,1.8203167354490926,0.9959622955085585,0.909431582270312,1.3384142860261357,1.173146617727625,1.530603753274704,1.9832540303335322,1.1018651677526259,0.9362524150334995,0.5245470420221516,0.9954848843436069,0.6680976279169775,1.8929110655869694,0.41994403418488135,1.0661814163863095,0.6551738763940038,1.858910184374993,0.3556940570563406,0.14826837192662698,1.5459186223333459,1.0120408115364117,0.12792965551758612,1.401650571730288,1.2292247119463606,1.3359513135946381,1.7087571655801084,0.8183894898175799,1.2373435249326779,0.3627000312168499,2.2363594792946055,0.3719864826271221,0.9142518020189409,0.7599632336526319,0.3720822958904396,0.4151467887843169,0.9700952226406788,0.5316797613944663,0.36341958037672095,1.4101136745161,1.001144206969657,0.8872077091898755,0.7022706857491479,0.6331039759012071,0.5942255276548003,1.9652764150546789,1.1192816666432617,0.4475518829709571,0.9721487741164918,0.9850333437537421,0.9351707027431514,0.6383783912218155,0.8073339925349068,0.4893495412672693,0.4657608313956049,0.5733663255717265,0.9090306704554839,0.42172847147604403,1.4706774089147012,1.2493847947568248,0.7420970436901062,2.3245522930554934,1.0393031559684829,0.9273821074402377,0.8796592508114283,0.8297361708870081,1.3089228177548,0.8528157569169438,1.612440496900465,0.9964464184037727,0.0,1.8556274722876327,0.5973843635474205,1.6738093158378242,0.8995358685583407,0.0,1.2465799353124358,0.5152315940200257,0.9938410583426066,0.5537097063310981,1.3683577809027858,0.1568509494730039,0.7115720584186793,0.897808078706672,0.37096450655539015,1.576103620534071,0.6901426946654964,1.0249995828676401,0.8848399499169433,0.6686199986593309,1.2610740035576924,0.3305848583762342,0.9974002041950516,0.5560642294342979,1.3505070136053776,0.9621864585774167,0.2790834631807938,1.2262867066666037,0.9144829532579052,0.8940220329715063,0.6729947846596797,1.5864535141107199,0.3062804735553551,0.8278727377866201,0.7985019938567152,1.0925711387390404,0.6770127283955218,1.2750784152765162,1.2424668437675659,0.9648741269160693,1.262757015538567,0.731874534083357,0.6851587659828434,0.9863684621855773,1.6783988847350957,1.5209168866414848,1.6823935879362315,0.9232543028585888,1.54274437593683,0.568866507549149,0.9357930898016626,0.8617100994660425,0.6985527881223945,0.4880822001531292,0.04337993399404227,1.6423412158006832,0.7391178202638031,0.45590579500034134,0.760153096952338,0.7461554686443421,0.7962663950572956,1.4768225926937188,1.0492385512183509,0.5752367240514346,1.5827662936145743,0.693766624463831,1.71377517718,0.8483181947546442,0.9985971782801306,0.6854027272223782,1.024800357057214,0.8504912083572023,0.6208780734855143,1.1377757729608158,0.9126611878099631,1.6206155790531103,0.8331836640762051,1.0664901536876146,1.1174409949434665,1.9150941467266565,0.5732369107956994,1.1600515957375028,1.4969729469077295,1.0070361208027383,1.1348713179450352,1.293383125081479,0.7236823648248213,1.0015322143465792,0.2611900746980567,0.8229804404101579,1.2591969667253173,1.6127013342630658,1.522743627905744,0.5729266688727078,0.7318207272602861,0.7172976260369957,0.5000629757124522,0.16213518509416847,1.1746227903456532,1.7173380851535072,0.6637513895781572,1.899706918495197,0.3324726964069453,0.5369236610249293,1.1994550302027402,0.4831932069084949,0.24828297811002956,1.5259400534567413,0.7010451045089408,1.1134566849900343,0.7041437231426132,0.6442618397849479,1.0247243866732716,0.9447265089882035,0.7141845822277979,1.0455260385810763,1.7239710112745559,1.0896479191144453,0.7848624651457019,1.5909624182461788,0.9714661218581414,0.5553698150185905,1.7899773080171388,0.11085107942148709,0.549078453532959,0.8516446053098239,1.132722426165065,1.1169492176682434,0.9135181359008434,1.432080529448878,0.7572128895444885,1.0474304138388044,1.15519721106484,0.6976175572790975,0.3405737076535385,1.1094840103925718,1.1893597944145151,1.2049606254862704,0.7559900499824518,1.0738642186744085,1.2883809466377492,0.4014182767019767,0.37804062879518263,0.2617187172851604,0.9923851456941057,1.682014688907978,1.0885338118491887,0.6742420227591452,1.2650909235443049,1.378050354587854,0.8449656454257236,0.09050924064225872,1.0251622147770205,0.6322439273942866,0.355375635490892,0.1293945231628423,1.106965574952229,0.6225967179062883,1.5577985407414472,0.9127405395826312,0.7821615894243763,0.7854333374615586,0.7734653300470162,0.5264628840211798,1.0442280624692701,0.4714276567521744,1.002826661319049,0.4315519445639846,1.1380965703910695,0.5766549393776712,1.1345904591109468,1.6521690677131287,1.0813429540291521,0.8573306237006726,1.451732163425181,1.118671139183919,1.1309742160655232,1.1463788375696857,0.7770277894802708,1.4676735951122954,1.8193171846601273,0.9576150896200701,0.715397084916213,1.0037955594758503,0.889197070688015,1.052067866702253,0.66070349468389,0.6947359856184527,0.9462720147630987,0.7778820487656215,0.8444922737507924,0.8250743221317404,0.9424735272077501,1.5457502611364917,1.38911873304596,0.7278051195944665,1.2414901693730755,0.8594677761397539,0.9974438649431103,0.9791457548944339,0.8797723705073789,0.23914144252437236,0.43046565050983554,0.47355522333962796,0.1407465543224544,1.3787922949714195,0.9057689385079044,0.46982624961399155,0.4980455879072767,1.163167737047971,0.49128299278592025,0.31051910970781976,0.8668065451350044,1.1777508288865743,0.9976917586064276,0.5492986199179163,0.8071382258475479,0.9917346518697316,0.48084235675377696,0.46868341414237913,1.7557176284866043,0.9021929199492137,0.8767085742750705,0.7556621289431473,1.4475688954976842,0.7415328146298584,1.284975101537384,0.6997507438915441,1.1176268190622956,1.1985505320429333,1.7490149466319216,1.3284913757470955,1.0300024799601153,0.4052089737902574,1.1903889171852589,0.9753395589469616,0.41091154273780794,1.1172587803252283,0.9008061143125257,0.5950552025057397,0.6846548347545218,1.1772279575546907,0.8588715886046908,0.9958912787792665,1.0815137682728118,0.0,0.4389139626087243,2.396076959621243,1.0515973945998338,0.9177561873478266,1.1776240051565734,1.1898554556266159,1.0937751591154072,1.0799083044262967,1.9775034841975372,0.6436442787328025,0.9625618867324464,1.017735760513872,0.925351604614222,1.39994474454793,0.6062726309812898,0.9274563121521194,1.3754900895626765,0.8924626712095198,1.1249518509136731,0.8550325479859562,0.7014500327667452,0.8158984664761475,0.2487243362396385,0.8172028020489392,1.5298307858817632,1.163369357045587,0.5705132671846196,0.763008091154735,1.2789107136325981,0.12253481347348026,1.7058732356375783,0.7888401150460007,1.20409052131623,0.12660044484785582,0.9739794900359595,0.6598772468929606,0.7296217583287231,0.9170564208860272,0.7552225457657435,0.6004763182180013,0.7694049585668001,1.025999258364349,0.6593817483248778,0.4545715813601916,0.9922128058910145,1.5405133694812154,1.3608878947159353,0.8391568991295408,0.6762196056068677,0.694901757357866,1.5973639314033359,0.9504749741748129,0.998636096665536,0.8647837269330121,0.6711794862980296,1.089526864364732,0.9615873297019009,0.8358209166701871,1.3118760024170588,1.9649326767165691,0.6695107181547031,0.9485635329798285,0.45403844719419106,1.3567762997024047,0.9430950012534647,0.9597672684655518,1.0183533952786044,1.0013311067047017,0.6307136501680909,0.7231266866846677,1.1679085420785875,0.5576129638844302,1.3928562726917697,1.160356266348551,1.087955371336236,0.6626665569665573,1.1355481179757194,0.9489749094734587,0.7577316398762768,0.7042533609302872,0.9270048409864553,1.0078711146612396,1.0903491029711998,0.49633012838340806,1.560628731950676,0.7317571995650982,0.5639784598803333,1.1423572586667656,0.956595083250595,0.9111931567695037,1.4066000357195476,0.9609908885415036,0.7661172357853289,1.0950837733098486,0.5505054391904484,1.0962783417628297,1.036286146596429,0.34389856084851034,0.6423580176302589,1.0193977364280005,1.221404445484436,0.893938527853101,0.6604017737515621,0.8040774024826971,0.5863317644458349,0.5945492643839597,0.395286478141047,0.5308244595595694,0.6029697303722581,0.6582741174796736,1.7510333459867995,0.457958343878605,1.422792163087426,0.8300708314057572,1.4157394129430954,0.48707555233573263,1.1756676684802299,1.1584235303158632,1.0699829648957921,0.598214136186558,0.5421682644347148,0.683929654308737,0.9452111360706036,0.6764474391857713,0.9630587906266167,1.314209302151112,1.0749470752735015,1.053658288161356,0.2926830608134285,0.42629860076246606,0.7926249563532933,0.6329364200106196,1.2307311906772098,1.0026376510061605,0.48664378636461697,0.7816645921907353,1.181311159792421,0.9978329363411398,0.9289054470036368,0.9103434267951751,1.757117110603508,1.4237031375159384,1.2199191584843554,1.3181148630762403,1.8030963312837183,0.6169916498102709,1.107590378201092,0.5015380474577354,1.5514326088314594,1.2282627538977637,0.4798043714624139,1.2455125505344875,1.0964962785080088,1.149534276865066,1.9629261899817003,1.0052237200140106,2.0749453890211025,0.8670561928347207,1.5784535496011978,1.1879549788188721,1.0845049967125682,0.5339253340746173,0.9167934050058373,0.6408955240284033,1.1198555125299592,0.4364583393259172,2.457491836723422,0.8368406468033209,1.2027701684216865,0.8383577369518673,1.185290974341625,1.3789498135470746,0.39446670739389944,0.7973190401971357,0.919710441421014,1.3125729383877531,0.6688937553840192,0.934103408517462,0.5499172466269211,1.3027085102175735,1.0475500837458405,0.6410808492474549,0.6939594809553381,0.9256010369742794,0.7047298147398906,0.8217906238746675,0.4820347905247687,0.0,1.0632042490776672,1.0156353382132308,0.8320583479738328,1.2164024289264546,0.9628647345157677,0.8581251225790529
26,0.5277320219484448,0.39294117697011305,1.1322987956748098,0.3759566075540691,0.9661940014011487,0.5210116325654186,0.4811041908509178,1.7312389271386095,1.8633073212520315,0.8600641379438276,1.0606982667587803,0.4545454132231443,1.470448073724081,2.079230838479886,0.8607284581509284,1.2619066450018472,1.619613893690218,0.9722831759729702,0.7686710502712121,1.480692244388324,0.5923895565034,1.2457000535645757,1.5376275520235003,0.9154652778608829,1.2502053732044687,0.5261078119496526,1.6372909580045667,0.9224614830378597,1.0382119100613458,0.86090695571439,1.568913928897703,0.8964196109419289,1.3403908170976817,1.1799197817248364,0.37465375975871984,0.8941188645901668,0.6452563793034468,2.151970300924115,1.6444569952246244,0.9669761378354144,0.8251945797632525,1.0850245240305916,0.3569986373764795,0.9557623704600366,0.3979434606799111,0.9045433383169439,0.549315953293787,0.9895366631871196,0.6447891388408817,0.8129495129586728,0.7563749191978179,0.8232876522635648,1.5658946108348597,0.04321808256169604,0.3629344819444288,1.8254127036077317,1.5737163991545273,0.5877022801836115,0.9336580402895337,0.4196158434439348,1.3392855511752686,0.8749159409118423,1.7980179579219429,3.8079298343561865,1.2043676290203935,2.0576650048526903,0.0,1.3394119084604321,1.3655524461281698,0.5665476648042632,1.2553102129512623,0.931519019132773,1.1612994268254633,0.6455974226357795,1.833381360040033,0.972331863231443,0.18226057787337496,0.5133634705361783,0.46020233263577953,2.4884042378179947,0.9393935499439685,1.344229596939913,1.7811360602656277,1.2681686371446812,0.775931004047996,0.5034690239658548,0.48198354562533713,0.6559480692225854,1.1618287403006218,1.7626691939868375,0.9791022270883627,1.0398737549938402,0.9121342651346345,1.0954961048157243,0.7209547939681324,0.8828624652921784,1.8268858770185732,0.9944158522093021,0.6416847251259563,0.4415716914025012,0.892691083828554,0.6654886545611928,1.279071032769615,0.8301630186627382,1.2623977829131625,1.0398322996448122,1.1653634142748777,0.40007970791877795,1.3354840683347506,0.8388407138826542,0.5028623450781159,0.3428648558651728,1.8181335166264008,0.6656796821285837,0.8779109203764286,1.1715749855701887,1.828132425981065,0.39625771341110144,0.9521278317154671,1.0932582767310461,0.7629499406135521,2.1309621953317412,0.6568200951369424,0.8070155896265039,0.46312661955749523,0.3361142263517999,1.4947741968379855,1.0044049388094474,1.055233045212334,0.744982464942134,0.4833332525612547,0.536004349891185,1.0418523494930225,0.3936183376737936,1.0619423054071822,0.975906068502562,1.3678552507654103,1.6984181778762055,0.8990455212187757,0.5261567105212697,1.8022900810389493,0.9234992463294889,1.0983899488854807,0.8117622987513093,1.9321601954640948,1.1830015551896562,1.1187885419339327,0.8621557880338127,0.9213646558168621,1.8346667316427534,0.5014735256889783,1.2159594165779373,0.8224408908156411,1.4295663965820893,0.5596649623394345,0.7328655319434529,0.4925590924005998,1.4183172500005328,1.0459060922095686,0.9683772980370525,1.2946805618045256,0.3759384031186979,1.8381382057650049,1.521657196772947,0.7394705308699767,1.1485276568592253,0.7734798094822422,0.9312048493574545,1.2073391411581655,0.6609944627881965,0.9437134448276082,0.7404212463194139,1.059218226420568,0.4621015821345187,1.4226690032876201,0.591960466003465,0.6926463407409125,0.3739556059299059,4.394529052735473,0.7409811528305588,0.7615857543938975,1.1115631447400418,0.9387252647479897,0.6706572882568509,0.5282961232888389,0.7521364295720055,0.5438674700485431,1.5624682460355155,1.1887200331905463,1.0104990186513318,1.6452978536252802,0.8999400959172293,1.042566828734783,0.8056555159291702,1.188915893346008,1.138489903670377,0.6275822133214224,1.651047088914694,1.2909176755400018,0.6215893116300557,0.7083625802128135,1.404309335207671,0.660353358164694,1.0450144725867645,1.1853331382738228,0.4543779726053758,1.071082084765716,1.397450814120359,0.6756301234443638,0.48118004228188976,0.5477537890819779,1.163254252040335,0.981145221459649,0.9661208459074739,0.538115715041438,1.3262481129103565,0.7437762461267259,2.0019879314653966,1.5093645135501361,2.217873028038176,1.1972776877017206,0.785027800918434,0.67348866124921,1.1265865145514884,1.0233002600854975,0.0,1.1283551524425417,1.097640579520977,0.4100734193152198,1.2602643170157257,0.22412743776441735,1.2979136208254245,0.9437858200336315,0.44982986513608736,1.0519319897574113,1.3550710734554192,0.2018000380774258,0.8951736727742949,1.6036829268359454,0.8625034837873518,0.8395428353741272,1.5798050240265282,0.8576440628362554,0.7277590321506363,0.0,1.1120615752983152,1.103060777817282,1.1765209652915214,0.6059888678218808,1.2197165675135602,0.7463955447252322,1.348097474204976,0.675802368616698,0.6643662703856985,1.0278055002527924,0.8723229159549774,0.7907015310229807,2.0319269835723266,0.5843625203351058,1.0398877125645414,0.7256020330693869,1.0398646081870406,0.6609662037970945,0.8284417163482196,0.686694608724994,0.9536163313433631,0.49857398878678816,0.18733660954925913,0.6795716413309205,0.39201694413542854,1.0414947380698893,0.8303578533061186,1.8939308021074468,0.812928330756064,1.8396219078771798,0.0,0.25527596262976554,0.7624805020893208,0.5213804419799901,0.8774968734335991,1.0461697325094088,0.7971372481400082,1.1772448290365813,0.7542863528595558,0.9523546509082127,0.9176135529442224,0.34342583911582114,1.0992466276082138,0.9673824048310934,0.0,1.4755512807085487,1.1511654272359202,0.4854609558027644,0.7220693959224588,0.9629451079539824,1.1713202845761654,1.910906840617824,0.2181666315655038,0.6269963458221517,2.3063762105506953,0.9426998411946221,0.0,1.4796530846285816,0.43883603026120643,0.7516074782090777,0.684368531444479,1.115467471496414,0.4439728786411225,1.2139059362091285,1.068570014917185,0.5381231252268883,0.9979767725590082,0.504456474443889,0.6644159964014086,0.8563453089556261,0.44985489027377124,0.9176036853032,1.6612693026836374,0.2987012777041039,0.6967600542300539,0.7304163972430721,1.4559194766310808,1.155496052259915,0.7396752554734116,1.1850015310354443,0.0,1.347658724832097,0.7289721872712259,0.4093470112549865,0.9721153378794098,0.7308215630361583,1.9072658764510106,0.30036821798668023,1.637117868676864,0.7476947173108108,0.5253091035882372,1.3585119305161757,0.47115630417529697,1.6825815866563132,1.188578275213799,0.5251823341181877,0.6069229819479232,1.0317630500941009,0.8833334109798021,0.7268582379529619,1.7990212973164565,1.4141151455159509,1.4040828675499326,1.413319641219159,0.2994267965849726,1.1140551173187017,1.1603355497600427,0.5872006800033518,1.4319040735419477,0.8991929054389814,0.934479045672284,0.2936025948981752,0.9500407010163923,1.7490655391762417,0.7695283121387206,0.6694491558277244,1.4921290962397566,1.0831472754210423,0.9944265267556673,1.6349346161345664,1.3390281667833297,0.9889661251301828,0.7601716802558129,3.1058461635590318,0.6795532738273256,0.7747223879237688,1.1013935508070511,1.0620435392207437,1.5263606676103065,0.7654774458148952,1.1859817326607898,0.8505229578136075,0.727156675764044,1.1555167891351001,1.0090090451344438,0.6683673026841863,1.1087809403140445,1.5663935334782386,3.3255611389595163,0.31101613219891683,1.1610135213604837,1.3512347609998612,0.0,0.7923035575652164,0.7371449030434194,0.6816847963799781,1.7042638060921584,0.7733631977349237,0.8558176774345433,1.0910503199228163,0.90314911570059,0.8975296755328002,1.8727646675356986,1.144876415476542,0.3676861743380614,0.7204980533518652,0.7899522555869696,1.2586926268366323,0.9242002471694661,2.7127726918455264,0.8081288944460644,1.1205040404385525,0.8999056921773576,0.5687922567625932,1.0084792227216108,0.5125706399348096,0.6764124338017936,1.0215684229944075,1.1862041285866776,0.7976331788562324,0.7111300502280826,0.9456942671244206,0.972042636105062,0.13816422797277092,0.5695275494456619,0.0,1.5435896571035184,1.2005918038144694,0.7088466132600786,0.6782079308921976,1.1563499032939946,0.6825658113666817,0.3751915122338497,1.3912649153686154,0.8072995748696854,0.050941778095595754,1.0272298133607687,0.3202081277686286,0.40027872504250467,0.21718747829847332,0.0,1.1797412750738037,0.0,2.053007271996584,0.5503067805562174,0.7447423942481575,0.9806779382011923,0.5564527689571139,0.7596742066575428,1.1654596326747584,0.0,0.7852732523097985,2.409305296483334,1.071849555654536,1.062020029463408,0.7753931275875077,1.0655627673397645,1.202448786638854,0.7656270943703118,0.27283039095975303,0.5956517543112938,0.7767975559677653,1.145830723512981,1.5927800830118783,1.9202540370090901,0.5438653888644482,1.4380738849634969,0.6436224867148342,0.6360312316833863,1.0794741293761483,0.5271426165204213,0.4375088415890277,1.2958800409636066,0.3250293114608362,0.603940387167177,0.6904178714174742,0.287190042743632,1.2652000737398355,0.6881775967962552,1.0337353030855054,1.1255122520932936,1.1037059255475978,0.7094431415929785,0.4090693280246973,1.177802708900651,1.8606070165413962,0.3339607092463187,1.7698314414902419,0.023739033941738555,0.0,0.32514825038020406,0.7476024071197009,1.480117593584785,1.1808042290801395,0.9583317739928351,1.0667143387457394,1.872491005903182,0.9547990776955033,0.8315736168600714,1.2030162813793708,1.207312594761351,1.2850056892516246,2.0206741787822224,0.9988389659255638,1.0549361602486338,0.5708122838662543,0.9750718617800236,0.8741356177800013,1.5117271636890457,0.6011864912816098,0.8670992684175551,0.9247893120562158,2.0878077988477535,0.41638868423240805,0.5930734877065079,1.573783278546289,1.1132968624081778,0.5117186220703445,1.210137086935956,1.2617838884680421,1.56489662002279,1.743771111342149,0.8659966170686895,1.430464751295087,0.3089024174985561,2.2006939182439536,0.4117345241739545,1.1695875839359107,0.5980690684644929,0.4161465125644487,0.47824061632792403,0.7457836985534265,0.5476208006156218,0.39855042805823704,1.7791950322216716,1.1434120611431302,0.9842520384592159,0.8921812255263979,0.7830217813626228,0.6173735211050329,1.9051383640092323,1.1973750675057668,0.5777197461280495,0.8823151904708533,1.0531765715235182,0.8573485032477628,0.7310556883941287,0.623557421031456,0.5615718598412875,0.32742051067729483,0.8166008907270071,0.8699602384812151,0.5037906953128217,1.3714128010298436,1.2446938728260197,0.6086140940693159,2.5660892310460457,1.218645506504802,0.8286271532979382,0.713121658139434,0.8451152496220689,1.0204965494177323,1.005870237951186,1.4679860315393691,0.8530336277729185,0.0,1.3144366020295413,0.5966116936573577,1.4589904722057918,0.8808840043054813,0.0,1.3146232297520277,0.5595385003824276,0.9605080268637597,0.4413418241608422,1.0375825392296036,0.10293343252816409,0.920809779934959,1.0036361063647183,0.4451901019562222,1.2886601552365997,0.6212070778312083,1.53749937430146,1.3160440358858922,0.6247231759375296,1.1397573554688734,0.32050745306325445,0.969312457146373,0.6409602021429546,1.2274969383331233,0.9112172531562781,0.14598211880592987,1.2855276101442161,1.048347011283686,1.0328271980933084,0.6804632257689307,1.3370958954071797,0.4491838972574968,0.7732378793508725,0.6638860373503264,0.832660184537628,0.9158191213703093,1.251384383830712,1.2328205182255108,1.046904861511337,1.0391337277071788,0.5246451887070733,0.615165042044792,1.1273543554681074,1.7185717811871504,1.4123166653620667,1.535946157820555,0.8300891247143449,1.7463790987963481,0.8431390948977557,1.2518891954057159,0.4481168609110749,0.8223743204211255,0.5249185891423852,0.11567982077078463,1.470345111488295,0.7873697973017507,0.46956542142663893,0.9043310011642569,0.6584331827272163,0.7428818156280405,2.120702301588996,0.9526382463296397,0.6371217297245098,1.5827505377272426,0.6259141451240701,1.5112589991833763,0.7615366432089208,0.9399184889777444,1.068483113906659,0.9618378861920018,0.9995038376091517,0.7008955853321803,1.9468731264044088,1.1149165902025815,1.8417465182400696,0.734098685654859,1.2086325500805817,0.7086408056499299,1.1226413804168662,0.5229030140428419,0.9764595595855604,1.2342425640693921,0.9147549423506636,1.209479361938784,1.2012856810337422,0.7172366096991756,0.9816183259663549,0.1533593096506492,0.6341750367221739,1.5004903343513762,1.7727923697763375,1.6375450596185595,0.5705190906564459,1.021844120474006,0.6291803105186604,0.47221082902382133,0.1459216641527241,1.2928677136806352,1.384696094083848,0.6655820198986889,1.7495894675581676,0.5811287403922399,0.5187207647128034,1.6083423602071356,0.9663864138169898,0.16552198540668636,1.0752061994082538,0.8622239529615332,1.3878487603992284,0.7920329123163128,0.732328539803522,1.137354239319329,1.2052337972188085,0.8064111682457076,1.0982719869419162,1.4631181283976487,0.9441466085158222,0.857924910083125,1.59493537210325,0.7489401648022238,0.3668470096693754,1.5737141182991743,0.12118719322051916,0.36002604176368014,0.8727760869601406,1.0094681975808983,1.1575159145708744,1.0291346416648097,1.4621601645272706,0.7590595515923233,1.1444598038617886,1.301783615007292,0.8283538692130248,1.4758193998320002,1.2928436487864658,1.020952327953655,1.0913831577444997,0.584559419172058,1.163260613020711,1.2744849836810288,0.37965983061280545,0.38515022730781046,0.3925780759277405,1.1206157426139558,2.1698002328763817,1.1538406889347643,0.8054699882821499,1.4869572222545036,1.110914925023845,0.8638162796411046,0.0,1.044479381247447,0.8406946117181678,0.2027641002187779,0.03234863079071058,1.3469522518769166,0.7496080358698908,1.0671976798830585,0.7240502025381704,0.865849688660342,0.8694027938431468,0.6613372707122341,0.8421471797348435,0.8553419812031379,0.34529359915801516,1.0312485445928106,0.8724456745526757,0.874911670956038,0.6450677631561386,1.084639231998047,1.7122123324065839,0.8694623273665064,1.0096817200973214,1.2578842951362754,0.8515108167628902,1.1822646145624915,1.0589088862046387,0.951979484381202,1.6037219992700522,1.8532766701544228,0.9449958318038878,0.9713424618624853,1.0616515144106005,0.731230494972143,0.9901214919286139,0.8606725912455249,0.7995993180560187,2.40869233865175,0.5729112677183016,0.7273559470723678,1.009283701596461,0.31484377651586365,1.4770051453700264,1.1825608767332567,0.6255875615696213,1.0582156508336582,0.8418786499363642,0.9676694168806176,0.8880495022371331,0.8082061812593316,0.28498623347950525,0.4298380161598841,0.6566632358118656,0.10704427702642352,1.1835184573711084,0.7089249066671569,0.3857813091502439,0.5619142128975637,0.9964721092693141,0.7278383903094315,0.6598531059727344,0.8682560388614808,1.0947883872892472,0.9864723778828224,0.5374303638485557,1.6914128902702839,1.0300246244069846,0.6400397268149217,0.4348036757018829,1.902205444686911,0.8641666060395957,0.6351469878627859,0.4533972773658884,1.039558316154726,0.6786739269606334,0.8468745427777735,0.7346194035978969,0.96615397086143,1.4901556432344831,1.3707973186888558,0.9941618022418847,0.9527867816257393,0.47417587559592783,1.0783895437080198,0.7665966386657288,0.6897268496841721,0.9872047372815653,0.89433156414346,0.46867293986273817,0.43183984529254593,1.226561694750472,1.0851767611266414,1.1651313376729542,0.8524524378488345,0.0,0.5017684637606008,1.9366135273960121,0.797643143196606,0.8048671764859656,1.1177252198460157,0.8589617512056819,1.0762955590610725,0.8981141856301158,2.053252198909327,0.8408724771860325,0.9809422001619557,0.9024366697009965,0.9149658434296405,1.8274192875898931,0.5228106616495314,0.8297017655189923,0.8857142139966045,1.0638697422391254,1.1298160315823638,0.9079584825311634,0.8078574284081856,0.9109698965014528,0.994897344958554,0.768195014626356,1.6906351032732976,1.4227930474198207,0.628036745858964,1.129038099221696,1.398227976611712,0.14165485598680624,1.5278625341687437,0.8929364833700251,1.32840947166197,0.13367748812013303,1.1333150114107282,0.677171906651275,0.679923859223307,0.8702564768054856,0.7363001776470689,0.5033952484455781,0.7261863138849226,0.8921616403867535,0.5843466390031842,0.4373758399379613,1.1388231676689673,0.8496888514946681,1.500716830209107,0.6623595652476892,0.5781523296732894,0.7038489852692025,2.048054679883208,0.8929908629213676,0.9575142354181372,0.8127874425657712,0.7409829182633347,1.122797128286508,1.3339868613055097,0.6865785144027834,1.2832353798341263,1.750583308330084,0.852244484948872,0.7514438789053911,0.4177512313398162,1.1219631163909818,1.0251975887315596,1.0250642677673079,0.9657402562056248,1.0807810380621772,0.6632640319718718,0.4581137081429172,1.379361056964626,0.5661494220826606,1.162713707476768,1.3757045178444645,1.1748478488344607,0.44826676470967247,1.0329982689981334,1.2372705716267944,0.8635212134760958,0.9914859012312649,0.7273744191847256,0.8619394825000088,1.034795459524161,0.5803591549699808,1.2687465126885988,0.414400133792185,0.5573426466669977,0.9346944937696094,1.088415666504721,1.0764152329642882,1.745126739251369,0.9660399474307837,0.7543616566690761,0.7601138628803424,0.6811551805477074,0.93773718257427,1.1226587086730775,0.5204061782456689,0.622989455930761,1.2440626256427771,1.1645230122808126,0.9560872436326535,0.8434840735074607,0.6721644174052881,0.5305311408426809,0.7566550952022176,0.3530570606227953,0.5474692061645645,0.7407984176627866,0.26905040807783687,1.9323701359272425,0.38708298897859816,1.7897845171103173,0.5681328290309934,0.9874294331729021,0.5182048843372697,1.112691674365537,0.8103327820364146,0.9711743791213081,0.2563774838849839,0.9674886295094991,0.7890423159453388,0.6550845197003826,0.7314373287265874,1.2150914248106615,1.81920636326132,1.0375953009044177,1.1026611100244992,0.3911815240657754,0.4520570574112859,0.5925541350239594,0.45312493590880243,1.198447903962974,1.0315467877670341,0.34116259763792645,0.6492085748813643,1.0078468706256853,1.2748609184838808,0.6518354308594767,0.7628094947049177,1.3897291366491762,1.6902931559820031,1.137985771162363,1.6573571626826975,1.491799360696857,0.6952468193099278,0.9957735306510973,0.2654730251786234,1.4016945219789736,1.1412615675141993,0.2831632345856024,1.4688103156210581,1.1590653082613205,0.9945645540213759,1.6937424425929026,0.7529714641854724,1.6793701735920559,0.871935447428908,1.8791113566419912,1.4057522273950243,0.8681491454758112,0.7241021827582956,1.1191760382913356,0.7453296152247249,1.1188584604201086,0.6475558364607048,1.9693754238940824,0.7630258084800086,1.2505679950174395,0.8242398897918699,1.2422492767806017,1.347811321013948,0.4481141784634056,0.7754409667953822,0.8643414006475744,1.2570091907594274,0.7685890391312573,0.9512050892510908,0.6358396728770257,1.4270232073982922,0.7720596358409081,1.3172698669182088,0.6040520293477127,0.5633620486207439,0.8574868497060838,1.5003178104732053,0.5095266261909519,0.0,0.475644008927416,1.2965747062997766,0.876285024239224,1.2140038480614987,1.124321402765746,1.507002397119398
27,0.4935050570979673,0.3758567761144127,1.0529122053517943,0.2506377383693794,0.7207222296340885,0.6626458718657526,2.4055209542545892,1.9445075361885085,0.892128957668384,1.107493823983241,1.0233528941527628,0.9090908264462886,0.8478259192457285,1.7995607267830336,0.9994422617730823,1.2036204244726842,1.4804260385141208,1.0394530276197886,0.9308016488100487,1.2990942176446827,0.6407407102678577,1.0434068672682983,1.3421571548808329,1.3751087911038982,1.2651903162333293,0.5119328136865864,1.5328493197882422,1.0874517126447998,1.1226647072301263,0.986999782934592,1.3736950964713037,0.20296293014105654,1.4282011607207108,1.0839220872592414,0.35359954486797984,0.9273019371449476,0.6140330919073215,1.597706503947841,1.731091988030948,0.7383078944962373,1.0360808174972496,1.2439501332633665,0.39553455770383866,0.9239421064124812,0.6237933042558408,1.0730653693018386,0.7260624014107726,1.227689047142826,0.6162949579368315,0.8407902932797617,0.9912117999061121,0.903462037700898,1.1567189498826778,0.0,0.3190800514709987,1.6220322062381323,2.283538376120797,0.71865873209606,1.1247411314037858,0.5521261078573667,1.5497447026026665,0.878904221850548,1.0916537563445772,3.810311298348255,1.0914197614827843,1.7773401424934354,0.0,1.3111862703738943,1.1212062362067219,0.4855929199936253,1.3395700147856415,0.910939334544679,0.6629350711261064,0.9336647150424617,1.6416107513053277,0.7053983667881197,0.24966990377567364,0.3318489376948947,0.48680771409538925,2.3080020887699098,0.8506985614680103,1.2169127494377059,1.5742673076747185,1.2805492480299403,0.9916499929925088,0.5526972581469911,0.6077672420719623,1.1926328487951274,0.8228392382117728,1.7056688263032513,1.0869339205608295,1.0758319983004188,1.0575732101394824,1.34456970047787,0.8836504956967127,0.9709880043853472,1.6502211936553723,0.9651783387164448,0.9200796075463251,0.40126330142686656,0.646874239678787,0.677933014480425,1.367522717074689,0.8604183380231052,1.0429817112243032,1.0087707123991252,0.9504296489666221,0.5281052149328825,1.6059618468073835,0.7474128892415679,0.574766132541707,0.2480622395190923,2.187564283875441,0.43994429915644345,0.7245355609481573,0.9738176206131388,2.0109826868622305,0.40164049692933534,0.7475798343545732,1.1310956157342495,0.6964242877572604,2.377453131042447,0.7582632807560784,1.0506412770348992,0.4403836799204271,0.19318329213248692,1.090527684155441,0.9323767440255909,1.1093298193234264,0.8249705297923985,0.4833332525612547,0.8295074108013408,0.9755497070149751,0.3681791108535328,1.2162995949355533,0.9954081330126178,1.1573385111632597,1.4925252686941974,0.9760524789510361,0.5771202979960093,1.5627249102142742,0.9739874834071535,1.1370757105584648,0.8339793852230539,1.7761034619993237,1.417378700342649,1.4572591876125622,0.8230587880512105,1.065658748666727,1.5826541397576686,0.4978915686591281,1.1301204000474563,0.7530770678594707,1.1905931631267006,0.4250043395041885,0.6438835307558394,0.5507586899339704,1.3994861339111533,1.2464488937941054,0.934161962235009,1.4301746368982424,0.37040989759698956,1.6820551713491383,1.882545675205007,0.8103495129063966,1.2141763776162238,0.6134774596305956,1.1953713749498627,1.697604802030249,0.8845546991010831,0.9448512765900972,0.895691795561151,1.2570910571898342,0.37210828089617964,1.287941917617879,0.6361403293977638,1.0024880938978642,0.675197619509518,2.929686035156982,0.805033320370339,0.80816543278457,1.0020544225179007,0.5397256284630715,1.4754460341650721,0.9477570373908877,0.423076735758188,0.5665247443481325,1.4378529160019786,1.1999878303111886,1.2697975198973406,1.6757490437002962,0.9397937639315301,0.8011887669643241,0.8558082469986223,1.0777108352132396,0.9725601523818143,0.6424643840601232,2.047669052829347,1.1146076299268224,0.5319648052791928,0.3688515451747721,0.946187884559093,0.6849667197755237,0.9458753863302924,1.0878491627240943,0.6802205078873186,0.6235071837672321,1.383279864622132,0.7436623124268169,0.5116283759114578,0.8977950554609039,1.5605375319917398,0.7356446328574651,0.8569497554476939,0.5646066815977017,1.1216363897236676,0.8556061878374064,1.809831314135573,1.641343631134546,1.8273609510192994,1.0881167215301755,0.8298238102311319,0.455218394325304,0.8983336698438822,1.0023053004653244,0.047434206033862114,1.2905789134118,1.011844419868512,0.8608152847146879,1.094184416284628,0.2170494002311649,1.2691251948687463,0.8411376858148303,0.3966570384161528,0.9843278754101699,1.4233234402139914,0.37913946173783164,0.9307058370189051,1.0135763937817626,0.8359529233898699,1.1694954923467404,1.479478554496408,0.9705799463137104,0.7577248979587748,0.0,1.0370592102707823,1.2560841273629622,1.2413282858817554,0.6715002286316926,1.5942128417617871,0.6320423092825136,1.3672671677306263,0.6983567754629527,0.6964616444037983,1.3592192107318821,1.0518797752518494,0.8788981704506895,1.641483731852901,0.6530474780837652,0.8901297858365964,0.8238388040553755,1.1257301110667906,0.682553042268003,1.1216903181263551,0.644283771507367,0.8095766330223314,0.38882986075451886,0.19588181183442976,0.6610458672051065,0.48441407841019557,1.017332763387184,0.9542739805591025,2.261536927331874,0.832205611132033,1.7638824849485044,0.0,0.06381899065744139,0.7412199325560309,0.6501411633820343,0.9599227990369703,0.9620895290239598,0.9553898262571774,1.140515573165782,0.7203710770142789,1.2361391643425368,0.7727272024793452,0.41345200821533346,1.1315053194064362,0.7194212222115342,0.0,1.4793272068235295,1.0759414787490937,0.4400147573095642,0.5985101744405913,1.0158568383361497,1.1321421941805139,2.193067704962715,0.1869999685978131,0.5883420509692949,1.958670160847917,0.8440396183574439,0.0,1.8405266458713705,0.46198811731495715,0.9380951048714606,0.5999863550287845,1.0225615598370437,0.4436321489150589,1.0278899084837831,0.8585845841526161,0.3195105992973354,1.0491314787578534,0.49622087898235956,0.6438379899242339,0.9331055735430651,0.6984946225573153,0.7319422847885085,1.335716837297865,0.07467531942602597,0.8694705070444934,0.9616895408826278,1.495523684979588,1.1820261875764269,0.5734198565565207,1.2642729777371904,0.0,1.058023529111974,0.6643458805687072,0.3366241897417057,1.1254146883185414,0.7104556862149061,1.3667591263954115,0.3171061366812215,1.6724325431103697,0.8963261567434929,0.8238197919293793,1.238600515308725,0.3445484110108684,1.3525693024393477,1.1673306425479402,0.4658333704647615,0.40461532129861544,1.08449591589163,0.22083335274495053,0.6358573789475066,2.6658853093726242,1.344103170479827,1.243632148242409,1.345292734971534,0.27081582224236217,1.120992748814162,0.9953367939693163,0.4427836928528499,1.3032774768918252,1.3630221750632723,0.8700344127319418,0.4510312619467287,0.9628724253803838,1.3653606469209714,0.8695120342690238,0.6772893139261766,1.0311974540286686,1.0350073872420578,1.1449751916617377,1.115542243684496,1.3688235209525943,0.9815779441985395,0.7119550020671355,2.589417492284756,0.6173467468484582,0.7933771924965225,0.9966757559901017,1.0219650704996182,1.3555600225092983,0.6321053162908776,0.8916540412540596,0.8628536429480329,0.7567816165986824,0.9282746648256588,0.7945900337928717,0.3544331504286697,1.2155459704900338,1.6218982832492488,3.184140038808065,0.46652419829837527,1.078921655858407,1.3074088160092854,0.0,0.710654579428527,0.8570501563561039,0.8302932518406045,1.8978677760026454,1.31203502846674,0.6105603880364568,0.9787153808502373,0.8170369057569424,0.8975296484375693,1.884378718583196,1.146417279931937,0.6595005978554189,0.8779698139954933,0.922076411432997,1.3441035040204334,0.8651378877088771,3.0577687765893904,0.7920452117493073,1.1808853716421697,0.9960320611050175,0.5072785726617783,1.3251655774337754,0.36687829893258567,0.5907906074210822,0.9103445946011498,1.1073784719673938,0.9595928638070813,0.7939867418880815,1.0243837562484348,1.1186141928220334,0.2897893071712228,0.7901320674825593,0.0,1.4200311731631712,1.1705472260023548,0.6589218200326266,0.6552681643536982,1.1096841117414935,0.6187783375054923,0.41169922148561233,1.3728043895123327,0.910589035056443,0.04245148245385443,1.0493879443430374,0.2960531616116962,0.3621569405705465,0.15795452832541365,0.0,0.6155171814196925,0.0,2.36881491614496,0.5058952195344896,0.9938187404127882,0.731838483481446,0.5827069722210345,0.9829142791928402,1.1138557584907733,0.0,0.7614617521777592,2.738124469148849,1.1964301938570268,0.9568938761854384,0.8155359139934537,1.1928722935365843,1.2637543465191174,0.7182460889770386,0.7034864299742918,1.001888784435442,0.7883240294875427,0.9693152885675091,1.443785063627578,1.485113380151548,0.5790067828403747,1.3288847450011179,0.5324745629768036,0.7137436616798893,0.9971372952159513,0.525658087960163,0.5279341074049445,2.1058051247792102,0.17106805806335926,0.4929302290651977,0.4288095922432123,0.1914600284957547,1.4210027098266431,0.6880457283815378,0.8340120336766377,0.9095501307732416,1.067793636026541,0.6961873270452248,0.25129226403159527,0.7889130894497425,1.4704248407410967,0.25806988408568293,1.9260985850129555,0.0,0.0,0.4404927681996616,0.7311200404661133,1.5722726553878623,1.035809330361574,0.8424051622051129,1.145299926112136,1.6091506369974025,0.9838860705761365,0.7517325124134413,1.0412232914747979,1.198289710064374,1.0626235748466148,1.897520685352036,0.8316897332392492,1.1250970941407206,0.6601016908934216,1.009732911011384,1.0829264018975766,1.1837756750473285,0.6796592198887402,0.7465176205986592,1.1131507813827968,2.295961748198717,0.5576363051028701,0.8896102315597619,1.4327579989071475,0.9325559361361605,0.7675779331055168,0.9387728179942052,1.0813155354878636,1.6173475719514971,1.6723129896370388,0.7824911310862025,1.5432594960590234,0.20304259894972557,2.12785195867906,0.46930575671138697,1.2402903042120972,0.6092272282744138,0.5285378808950785,0.6590388957633262,0.7025548874925605,0.657761878888468,0.39366527254900163,1.9061555239359045,1.3496049131117145,1.0182491648089882,1.0120088378545025,1.0432274377733903,0.8663090118909975,1.6218258594902317,1.4651314684345338,0.7091030438500151,0.7687931531227821,0.9724062402395208,0.9477660662022873,0.7924492443525365,0.4340361830532049,0.712706134718515,0.30238368397485577,1.1191893450075825,0.7051863958737503,0.5282564499169418,1.7523975369269578,1.1446605424148313,0.6738803952775994,2.322853732045637,1.2267806187226813,0.8496275637073669,0.7175237118589382,0.8725516729247166,0.7989154773508188,0.9552079536465474,1.377199570359506,0.7065059873897752,0.0,0.7123921859882263,0.7009963784569273,1.15409065085574,0.8222945748764365,0.0,1.3135465926756411,0.6732448342141863,1.0626000388481418,0.5708043187212427,0.9238183984046411,0.2548827806396524,1.203604498499113,1.0729399691937642,0.5435373628388802,1.1413772777442392,0.6166258367714077,1.0249995828676401,1.3481341448044215,0.7219041500380727,1.1748216193952201,0.47875216218520955,1.0229511388867811,0.7638499842441833,1.1105617162091979,0.706482516853638,0.07907364717966303,1.2233246609891757,1.1969586934782432,1.1671865575039315,0.6736169685369995,1.2222341073033878,0.6689031795384865,0.7463989446347679,0.5141928869208898,0.724276678343084,1.0549912872767904,1.4131098618918247,1.2723521265492725,1.1030291661959,0.7339229477374083,0.49838407238993204,0.3688383617550009,1.0057934194011118,1.2579176625509676,1.1170670074904077,1.4631301947078117,0.6127552831647932,1.8083673594733793,1.0021852296097533,1.5578390744203028,0.35577478316592726,0.8227261633772632,0.28087748906582066,0.5147752030083906,1.2306109864305241,0.683952865972212,0.6786177184177337,1.1495338471512486,0.5939315014656711,0.8914581783034171,2.331600852458867,0.799774385107964,1.2131282554342464,1.543576908326357,0.9291917697612979,1.0914559462231053,0.662801299099679,0.8302986570371885,1.415473433093763,0.7303410946131283,1.2101116662349491,0.8253141820902459,2.3796531350147365,1.3555183282865446,1.7781459718767723,0.865754291578739,1.0624288926364993,0.3568733209725013,0.35220122213349314,0.5133132843398276,0.9750523932016881,0.9665224838604942,0.8215728356403107,1.0152911904937518,1.1566943286843667,0.6629238052728067,0.7536533919568255,0.0383398274126623,0.6145197927132633,1.7531262409401545,1.6516177061358885,1.4286256716284336,0.5863104933556537,1.1543660155652669,0.6355221778083924,0.4070030863103185,0.6557467308682963,1.3858969354736652,0.778460988696126,0.7233332109828281,1.5259980127009958,0.7990520098672083,0.5552182714975427,1.5655595338558572,1.4495796207254847,0.04138049635167159,0.9841678887695975,0.9058671864141461,1.5873256215467353,0.8065475646984872,0.8559356311873547,1.2347836006954198,1.266419903403903,0.7884003741068214,0.951532132764102,1.0003181920088282,0.6303623948249018,0.8317853764544584,1.3998886131464523,0.5849032382071075,0.5717561907135881,1.5207134783928427,0.14021163446350596,0.40474167896448277,0.9508721531722423,0.9330803525354984,1.0792233949592767,1.313454648920638,1.4732906903126326,0.6747638308774794,1.1918502479861564,1.3464078358749958,0.9387296072390849,2.4975405227926157,1.090253061669095,0.9607042119380869,1.0805537018669251,0.8700727766148848,1.193991951087138,1.3425650891769947,0.41553049521028346,0.48789338996989556,0.2617187172851604,1.0967282992738734,2.246940903801725,0.9001885739354363,0.9540976109684017,1.3540861887610798,0.7850097007500291,0.7207404654249197,0.0,0.9757265459345646,0.9564155679286421,0.07989378461966867,0.0,1.249584491292451,0.7394155024780242,0.5917104760237966,0.6699050391757898,0.909780718872693,0.8759197168862628,0.501243025863165,1.0516755318351216,0.9561484801736146,0.2909008426331907,0.960307923282748,1.1229738405574403,0.6487616514882534,0.9015473448903913,1.0140543816622398,1.4522091529694057,0.7085276074951137,1.0217493313353043,0.9889887399084069,0.8165612120595379,1.1183477864380926,0.9761836127463871,1.053726279059852,1.2219619682163252,1.5398763565654912,1.0773991492851291,1.1099588389254125,1.0742423309139502,0.6867849340281398,0.8575484913871122,0.9140308118464577,0.7435919681943918,4.129186903127867,0.6612080521464826,0.7020206851781519,1.1350611317046428,0.03498264183509596,1.3590251061572851,1.093416463240795,0.6727700585374206,1.045155376185081,0.7607449669012442,1.6954891510731986,0.8734926198775238,0.8906926711819569,0.32037391786766073,0.375323722594083,0.8744986254148316,0.15859322022632844,0.984303971754372,0.8062807287039837,0.27589074361761934,0.6084295500677199,0.8849667118513053,1.0168328004873848,0.8603966923579276,0.8860361367897871,0.8923197866599941,1.1307851427823792,0.8128634180152471,3.2553828716956286,0.9650949677160181,0.6529568258145787,0.43329205001274984,1.865293076779235,0.6804999508316947,0.43831695167209905,0.4439515019348209,0.7397521631981128,0.7392799344995291,0.7822710601977454,0.6629008847161066,0.9157245044090366,1.8737151809178738,1.2827250921399704,0.7008200692872953,0.9068459889627113,0.6694226540495842,0.9418315513265199,0.7454577383951673,0.6935388077982458,0.9146749197970097,0.8381332145127607,0.5045195141747371,0.4722349020273221,1.2884155297702957,1.464367254571521,1.1494919811823634,0.8051842491661853,0.0,0.5322676162662746,1.417693448633265,0.6326130773808663,0.7901226193064321,0.7468351098840463,0.572485516172249,0.9206199198674849,0.6039205881958623,1.8942496417178452,1.0141599384483198,1.100685457599717,0.8043091479099441,0.8001766763719429,2.0081785250815134,0.5100987988737027,0.8802815222849589,0.4729853105171339,1.185745346007189,1.186067069585968,0.9584013831064627,0.900264264002908,1.012694575419102,1.492346017437831,0.7007567913606636,1.6389483214080882,1.4303732685068637,0.6503323571986539,1.3718146596340266,1.3628753074718216,0.2236543384323026,1.470938093110583,0.9761185732727461,1.3753414047869075,0.17114650083000543,1.0119374764992832,1.4059842191973209,0.6337966269283758,0.8638741038420912,0.7519939363554428,0.44756218173380913,0.6919078459150216,0.9274910777794834,0.674994446684676,0.6850849075124401,1.2261557463039794,0.6574111916416236,2.071660478352476,0.3825310750386403,0.5448368664795702,0.92156498225028,2.52390775125722,0.9349241596690154,0.9458510417791595,0.8594481155115957,0.8174068103803616,1.0751855272501836,1.6375532234943073,0.6170715620429377,1.1899727472524824,1.3250941518488082,0.8256730047951069,0.6097859510728754,0.3589248800202486,0.8813561099201107,1.0032313939652076,1.0439974920105781,0.8052379601649108,1.324695610018559,0.672568867745767,0.2277902179485748,1.439712292708957,0.6137621273608102,0.86638199015073,1.2272394090993664,1.1887800730388232,0.40609000607642187,1.093142308569396,1.451908004947612,1.019211929893992,1.15855366153835,0.6184737294093294,0.7496070955286075,1.2157838408366906,0.6678219962572269,1.1415577888428325,0.3614675481582388,0.51821947305946,1.3155408381165645,1.3780978522231992,1.1859774417029072,1.8442262392466997,0.8755931906511879,0.4936581044206484,0.6484446010738305,0.8246433568666816,0.7296795286582889,1.1941436913120218,0.7922477038572675,0.6382247527744029,1.39766689367022,0.9264211718259738,0.8424102518463942,0.9196112095192346,0.681327688145678,0.6056559200059588,0.9417786430947477,0.4465929019840291,0.6105162853917715,0.5634430822061641,0.04726561203335967,1.235356863052253,0.43607879381893144,1.9345559728158492,0.4685576338191526,0.7909664622580133,0.5854817536649453,0.8106787754708148,0.5470964480108503,0.8616476472958432,0.6153059664515099,1.2686764371983001,0.769571031848009,0.3855640315923561,0.8658940529955409,1.6215843967118306,2.686219393295815,1.013956435832398,0.9417600015583167,0.43938433390240006,0.47606342145463987,0.675972147340504,0.25892853480503,1.2371827705946046,0.9812883662696599,0.35157709221426064,0.40580649403028746,0.854377362090653,1.618857084950412,0.4881041718804722,0.6868491260279279,1.1509774721764887,1.5990485649772657,1.0564144340577506,1.9554477169477433,1.8233267829763569,0.7376597382543643,0.95093393505041,0.12709521056886608,1.0283325828978254,0.9985755396422411,0.0707908086464006,1.5891484406386853,1.3134518304862182,0.9079848754179539,1.5212527739668082,0.5320164737473616,1.36185699498371,0.8104539890353812,1.8791113566419912,1.3752750077098526,0.704604566047607,0.9644593135315347,1.1396919303527318,1.0938096861020403,1.08788865846775,0.8187159685788025,1.809309315649605,0.71411904017274,1.1277423339439323,0.8304949979706313,1.2624287611663267,1.3093793317788665,0.41024537442736203,0.6709461770165103,0.8310479880003259,1.1989642996759253,0.8429396850030046,0.9372551900128842,0.7214548752336467,1.6623574191111263,0.6225319847466733,1.7855500241487103,0.6613493594599338,0.2743827358646948,0.926156365292123,1.8221716921956297,0.552282335539156,0.0,0.3357487146527986,1.5468513233911396,1.0162553772086675,1.2476029962240633,1.2700008008530528,1.7918959227319882
28,0.4736056550461686,0.32582387978777594,0.9323311437218283,0.06265943459234485,0.6027774720833887,0.6875465794313828,4.8110419085091785,1.9810753142689006,0.42159682121728376,1.419684241810495,0.8642271227838383,1.1363635330578608,0.21195647981143212,2.1923734821390317,1.0569376568357947,0.9386286299328482,1.5826565188360522,1.2964497803432027,1.0649799249964762,1.3062120128746861,0.6893155768269086,0.46846838257747614,1.1103558371974116,1.507534910024146,1.1218174059305885,0.41914400486122283,1.7204633246846597,0.9842101236963684,0.9799851680506432,1.157444752822625,1.0960394079525155,0.0,1.555163761508167,1.0966272226775606,0.41619818958551025,0.8103302640589044,0.5750898849599877,0.8794791278786492,1.5577379685531754,0.6496923576129454,1.21881973276115,1.2358846994404522,0.4316930032877394,0.9443657427834519,0.8447285607220397,1.1707089580967738,0.8249180770447948,1.3784810877846096,0.6819692167136071,0.6430857006226735,1.4066066048806403,0.8040721621284321,0.7112782480667812,0.0,0.28247890539939324,1.3209646251551217,2.3519576661324546,0.7357208759316208,1.2346777374986806,0.9524175343285637,1.543367155960772,0.9109215834178938,0.3852895494159698,3.3324348001210327,1.130229277987705,1.3406317567958357,0.0,1.1757595923125994,0.8294755763813176,0.32041787272566985,1.2587034904649403,0.945077114022618,0.15352180535734986,1.1794676405639062,1.5971451002328252,0.44783888713464987,0.41569663852493266,0.5838995984498938,0.6445014055170514,1.9256112194339514,0.765630016338842,1.0804421135240168,1.3584091198558812,1.102732629062935,1.238016959169835,0.5759894354311148,0.6821716897066417,1.073369559145084,0.5963791641125762,1.4022850512918068,1.079734408179945,1.3912850945702115,1.0680051593129414,1.7155076567429868,0.901916854644371,1.1890346171232467,1.2478462932451908,0.9542164611485628,0.952634732017089,0.36420120892822244,0.6099060028366705,0.7306325773290302,1.6510981579531003,0.7863942921069462,0.945611332425242,1.1488447648802191,0.7578589431382736,0.3960789111996619,1.38861362237406,0.7401855940096292,0.6686334486793817,0.171529165288354,2.130742327137664,0.2854355296375617,0.6492680623564059,0.7740800263587442,2.2290003518745634,0.5330836315114987,0.691404722614483,1.3030879147015753,0.6020107021590707,2.234936202963885,0.9000875229405747,1.1215556449674782,0.5526479073121451,0.4613332235820616,0.9255876275379622,1.1071050275343128,0.997905342471199,0.9142834414852481,0.5799999030735057,1.6860639731348313,0.924577904703072,0.39418551886871495,1.3412223911168533,0.9585988256385974,1.0343266877476782,1.2816584224712682,0.9541633810570148,0.7693249065093575,1.1231158870570366,1.1278425421472509,1.0718132525368593,0.9699476360005402,1.3422308402744345,1.523237822529566,1.8517963592182665,0.8451566737671674,1.10410207419367,1.3538951569504374,0.8987121878120197,1.0816822040094338,0.7482911010030584,0.9332345895401488,0.4154532321516849,0.6559463753624961,0.4299034698770448,1.2967465374724838,1.7267500011675847,0.8166661207468844,1.431619038836406,0.18244069603764057,1.663859007133251,1.9617753186873212,0.8763172572015879,1.2922258422146549,0.3503633718666537,1.1527843360961427,2.202301219439726,1.138772110492851,0.8498883268228437,0.8690920095938265,1.228783701847163,0.5801410485957552,1.1513554420767003,0.705952458739872,1.2195215973165299,0.8310124483885424,0.7324215087892455,0.8119445353682588,0.8430339351428483,0.8437879674830913,0.6465118211252797,1.8778404071191828,1.2746499366633202,0.105769183939547,0.8026959729039223,1.252435738966608,1.278546637153962,1.1819250837132669,2.1038640327563893,0.8864533801341392,0.815782065787416,0.8793686408901673,1.043148000755164,0.8741394837489187,0.5969573312456772,2.405018499489564,0.9984494255999867,0.6233011524085447,0.4945964073058433,0.997069845796789,0.6808502786821468,0.8994565254939741,0.9893617292787427,0.9881128012490943,0.6281269566670442,1.2474247636251516,0.8046567040449537,0.5041633302998544,1.0822363373282955,1.7101499518958074,0.6974871626268832,0.9033002051988229,0.5205738144033385,1.0456470954856742,0.9137903087208774,1.2795670344951562,1.519549712394662,1.5125277845708212,0.7139565983820998,0.8290195265681116,0.6712605282934557,0.8300858047813091,0.7680047365642364,0.30832233625546623,1.3627864091490927,0.9185900222113085,1.2516841771163802,1.1613487554039787,0.13328872559398575,1.2995151211138394,0.7105877233522914,0.5842898705404436,0.9869705210410228,1.2428247111221866,0.6089404560943066,0.9338768840891267,0.8376446251631109,0.7711469858219177,1.4643753190930169,1.6441064527505138,1.0883787349732894,0.7837261963842339,0.0,1.1429522770247469,1.577156727564185,1.133500914912395,0.5793745190758628,1.5005180707819903,1.0018760049347963,1.4378465517214645,0.6849082210964645,0.7624760938196529,1.531555370461034,1.2359674374822442,0.9691997119109698,1.3035098575904205,0.6534123478530992,1.0135113704382746,0.9347263141100266,1.1701573800716458,0.7172591696388078,1.3432269704148836,0.44982557429080455,0.7365525780761442,0.3411576563631899,0.2490092224569715,0.7334015537624206,0.7048185322079655,0.9414246215118263,0.9702627039339847,2.1881803849320187,0.8158337803466171,1.8011941517000358,0.0,0.0,0.872354615414445,0.6816479654755963,1.0396456854441696,0.8940749939706674,1.049530253251708,1.1553942412948037,0.6373351366504215,1.0885221496620205,0.5105518976956537,0.38390291707469787,1.2160494330222709,0.5838561621912874,0.0,1.3234555087616566,1.073465058527238,0.4897981536802,0.5394872425807888,1.014173634872846,1.0013565756949272,2.104924787605518,0.3810832664954178,0.6081603296666643,1.4288300294164284,0.9985916963814941,0.0,2.628570852528139,0.5598865291373882,0.940255275616358,0.6186800200615739,1.2260538921961575,0.5383913168765369,0.8863877867427349,0.7335113374572608,0.7399192719624531,1.133861689277567,0.5883072003052089,0.6466829561346976,1.1091359329615464,1.022202137233834,0.5028501138850263,1.100481098410554,0.0,1.0597878038824393,1.174765047983355,1.4370995025678401,0.9406454626791659,0.6560490741618146,1.4906110731576292,0.0,0.8063688846697316,0.4762848918384319,0.22541575221145088,1.4703610120558515,0.8841681593925432,1.0521959552558509,0.529998019871617,1.5845791099004782,0.9446623817258596,1.2168674437064846,1.1563744167635732,0.2563028288026019,1.03151558809635,1.1111431986266755,0.27028236714621234,0.10115383032465386,0.9850970611081575,0.18402776941709442,0.8256916240518446,3.101045714930544,1.4414437698463942,0.9827814802436566,1.2834568950698941,0.31739228572896216,1.0543816352767426,0.9937697471201433,0.3982435238456744,1.1355323337025234,1.1514811311169817,0.7945117067755199,0.5481388842314414,0.8963437160964701,0.7255467691569418,0.9498604608027693,1.0056375822618109,0.8002219444075885,0.9627975549735808,1.077541151102669,0.7181089995115605,1.0752786212821206,0.6817384384143492,0.746907804014022,2.697680010616901,0.6853276053892937,0.7583056980222378,0.7212477984328218,1.174913979942825,0.9747907228824471,0.6498599483152944,0.7842302152149164,0.916136839432902,0.7183587702380392,0.808882121562,0.6078907315743031,0.3051765799749889,1.3092667789240795,1.799955294869293,2.868563391350384,0.31101613219891683,0.7036445569787892,1.286356195483015,0.0,0.6554413584018286,1.285575219091812,1.162130083604946,2.0681694822737926,2.1397968097985225,0.4408992146342753,0.8795526423103162,0.737260996756499,1.0160712626703496,1.9394486512893725,0.840725858994326,0.7995715197313689,0.8360333313064732,0.9940446382129092,1.4640586367588133,0.7328079147570405,2.9693593741694198,0.7688037805525179,1.2785698437565305,1.0542928795660218,0.8017914962173194,1.4191108702989914,0.4294288400409146,0.39386040494738817,0.9750047018415828,0.900839954037326,1.0789523466087299,0.8226467757240334,0.9790054486520725,1.1454216210817487,0.5546887337326865,0.7736906629417973,0.0,1.5296357527837667,0.7042485729947646,0.7681440677163166,0.648023889341231,1.064810718341072,0.5913195716596387,0.389796006277352,1.2364154155197056,1.0398941357848317,0.16980592981541773,1.0540908705231573,0.2923370118729778,0.2845518783272536,0.19744315999542716,0.0,0.1282327450604966,0.0,2.2651893847645876,0.5532411085438086,1.1433078433738224,0.6772025400465329,0.5518652533036331,1.1898017458037082,1.1666937858921234,0.0,0.6782768934879757,2.06969498133801,1.1975830726647578,0.8901060912146408,0.8484680695476084,1.1376407294595205,1.473095015412353,0.760362601281756,1.4367675792383616,1.3867098574897418,0.6711821464193428,0.8978025524679447,1.2613069696742367,1.312636476938104,0.6254003518607899,1.1840715778453965,0.4447926903194754,0.7211736176764465,0.7925811555124381,0.6674149993127761,0.5501529128013058,2.5512639401135075,0.042767014515839814,0.4063834516099194,0.3109562814359052,0.04786500712393867,1.4206361874897933,0.8223012018282027,0.874228477833852,0.9631249539922915,1.1369600155565547,0.7268866915141396,0.20877564317675285,0.7443776733407241,1.1405024159170505,0.16903423343577179,1.9234886891457474,0.0,0.0,0.7243984533838939,0.7746614043274838,1.676939340638696,0.8512460394922515,0.733155814957279,1.1671413464085671,1.2922736376434372,1.063272775394237,0.727807175429534,0.9827006670482926,1.0018103960262679,0.915808035989695,1.5823417747550672,0.8558250353476975,0.9939368729155764,0.7638213445863415,1.1642516681769783,1.1219189529739015,0.9181869115359869,0.6450574631117337,0.851532956036218,1.027732088013532,2.278566919859539,0.6249707873532941,0.5930734877065079,1.2687700535173065,0.5072846798490985,0.5117186220703445,0.6843261558704403,1.03623213851238,1.4425005026108533,1.4690860080303347,0.7416363494192707,1.583276312739509,0.10065359566006923,2.164553079646142,0.5922621889919079,1.1331867209449684,0.8076872572949739,0.6558849199032885,0.9098236050072387,0.9214064136428599,0.7574116573660932,0.27493012009286477,1.7398340052502035,1.539014142585743,1.1068206677791357,1.0148344690137365,1.2147084352074986,1.1704605150782597,1.4344329475149669,1.802709276401639,0.6976700051688015,0.7419752053326699,0.8873500883627284,1.1881145484770457,0.8233550352954024,0.2695931303749369,0.717345739644597,0.3690549411761957,1.126798817344745,0.5871473248593075,0.5688288261569483,2.138401727649026,1.0367054063739103,0.9256506692836817,1.9518368609523977,1.0515203175144991,0.8692029094162119,0.6751847501217912,0.8983016843363892,0.820208688321852,0.7409394680573392,1.2604572311868414,0.7261624914710479,0.0,0.5756745575908838,0.9033118814901351,1.0640407620906278,0.7107845613545918,0.0,1.3169893327518714,0.7943802054996394,1.2961505946166199,0.6451130070740934,1.081113835631711,0.38232417095947857,1.2706980317947574,0.9868335953464205,0.44110300125741775,1.0919281886689722,0.7264447152138711,0.25624989571691004,1.2162339009330463,0.887993404609446,1.3430809466776648,0.6531504006209714,0.9705239463326186,0.8262049548061544,1.104145061773412,0.5231460171165108,0.34062493509454306,0.9821793357268088,1.5782601108388719,1.2856148961636078,0.895504361171197,1.0737832195993728,0.6706555412099342,0.768501683916363,0.5032171497704953,0.8567077512211664,1.038371473343262,1.616072590577871,1.2745900321270047,1.16687933803526,0.7140824626469677,0.5693756686204949,0.21761649401921918,0.6830566900472698,1.104667799317422,0.8738057288436827,1.2225618587941531,0.4905851620474255,1.711540008579317,0.8681081407009916,1.5578390758627463,0.6032990239554687,0.7962713029641793,0.21378262622814675,0.9023026043257163,1.186580512933514,0.5125122667844114,1.1807976216814422,1.2837124176853214,0.3261205122049021,1.0088399363105909,1.818549516100952,0.6403491065913558,2.053946175845919,1.4902576348713605,1.4180704051877253,0.7250533388768268,0.5761512142540413,0.6999105310244315,1.1777565118262334,0.5634179202722918,1.106536239172725,0.8201516432515025,2.151139187030915,1.487525892524082,1.5880531294916174,1.0466893862135955,0.8384834438956573,0.1700190509977094,0.7044024882921308,0.45364233071812576,1.1244929570504687,0.8792919561528425,0.869083071565357,0.7224546010643341,1.4876553925197478,0.8911771655426641,0.6275943101050185,0.09968353900417964,0.688194164770928,1.7881986780863737,1.3394828941571815,1.2977051900466208,0.6634741952425378,1.1561109586015241,0.7842080197886836,0.44318467626631786,1.8033035040329342,1.5165488207401057,0.3482094214601038,0.8458060606673224,1.2557937368416332,0.6900903642335617,0.6483165637845775,1.3062321230745817,1.473739277446961,0.0,0.9864309313112414,0.7957633696649256,1.8855739868249768,0.8726189889448736,0.8968468055853168,1.228237498435771,1.1893741756678549,0.7646385918374426,0.7859800435860876,0.7025396745015307,0.5391222380824202,0.8284388191429294,1.302181218473991,0.5588097942228378,1.0965577411167906,1.418878878970555,0.13729055825867031,0.7947679311658733,0.8573879811126273,0.9303520810915364,1.0976050229354475,1.5139900203009027,1.6119940256864005,0.6264416336132335,1.2481670874521809,1.2438087067476429,0.7819397936719056,2.043442245921231,0.8070015894294299,1.0004834118547563,1.127560842364211,1.2007189894554269,1.0643446049150598,1.5186690123616973,0.4901897942911461,0.598525777320856,0.0654296793212901,1.1607876148939602,2.3199462067837016,0.6060327373116507,1.0559870610052011,1.039944104777752,0.6149306861931799,0.7477311896069876,0.0,0.7141814222203674,0.9936219289709652,0.016079252247339124,0.06469725753784282,1.0691867279370346,0.6158997763578262,0.5580971191870597,0.7992646020407228,0.9336921305357604,0.7788052215692677,0.3655469650880579,1.0025685792513408,1.2420191051108964,0.33573490372981646,0.9081685847041436,1.1206038477649691,0.5184302869735307,1.2739627161843197,0.9960660595573615,0.9239281459092643,0.7795044728884911,0.90350203266538,0.9653328769886621,0.8809982844849535,1.0574592180860287,1.0227648848888795,0.9549824111170249,1.191866430480363,1.0193223934323838,1.214320842160656,1.100664565613386,0.927725867720258,0.7000498744860029,0.7991401849927116,0.9134929542910661,0.5505104120249998,5.5055827095532015,0.8404172711393212,0.8552437128199238,1.0731861626472872,0.0,1.239925518736491,1.1608741957606448,0.6610918875790543,1.210439138646037,0.7189718976234446,2.5804517893758843,0.8915839234327274,1.0264503345390175,0.4305474146901195,0.3196438267130864,0.8334571679477519,0.2639456828929987,0.9374103223877265,0.9884698851664291,0.17856754840461503,0.6314704852879173,0.7826460068245573,1.0374485277630752,0.8323637114855178,0.912638111504942,0.6876389782194834,1.0980414667059897,1.4057162713199944,4.39258690698456,0.826841975950634,0.44185249011409866,0.607818164964456,1.597556541464932,0.5743332901852038,0.23105079638829124,0.7839994646821249,0.7678052443573746,0.7515793303620673,0.943169863592616,0.6545799241615484,0.9283467653129294,1.9519952557109437,1.26513532707854,0.5726030644931688,0.9043608719177878,0.8579889768727955,0.9387934772396582,0.8685963019379569,0.440389652505539,0.8358214697845888,0.856598167483188,0.5819323160830273,0.6522484289919397,1.3141326432742164,1.644323219398001,0.6529427217275348,0.9651153233693919,0.0,0.5379771344421782,1.1460610822799833,0.5733574163517244,0.9770281241233572,0.4373470374398585,0.49149235695897064,0.795007057728385,0.5785977128300956,1.7743325070092433,1.339658961106827,1.2464450476816094,0.7822721894614386,0.7019956305392164,1.9572415171687934,0.7350690746345321,0.9341217812914182,0.40979850418587294,1.182502252004026,1.156333556803571,1.203780361605389,1.032796071850906,0.8422420958309279,0.994897344958554,0.6758833848625964,1.3824905731144717,1.126237851593164,0.8721974994064876,1.3205414802552107,1.1074461586254203,0.36860695164481416,1.435737043154759,1.0489090286355007,1.2415360452377096,0.32011826132000354,0.8198972706283519,2.748635784301403,0.6686445847426151,1.0183409268251638,0.8009057379013068,0.481239439569545,0.6329419545368895,1.0224977634653374,0.917423813129053,1.0084543991040293,1.1258992256644524,1.0301452580896147,2.300315118849471,0.17757987095359823,0.4564570235699219,1.1171259273147558,2.442963179659981,0.9815749407926728,0.9958202524291223,0.9472391519652689,0.9927323749798727,1.0314067276730434,1.522251623377473,0.7170408052493671,1.2295846754605686,1.0585719671377976,0.626156285484389,0.6555693418174887,0.2568776091756079,0.9168868206598154,0.951104669086965,1.2167631245076989,0.6993231637903214,1.5880745007935595,0.7583796035447669,0.4213608285799034,1.2819095994347216,0.7460260840819005,0.8602449430234349,0.9059122674121696,1.175114972927764,0.4737079121618887,1.2079974460797898,1.219364054260336,1.0654295282610105,1.369726001634719,0.5631410592651214,0.6673215240044024,1.5019345983887598,0.675027298719656,1.1820239515112094,0.7144876833769895,0.60714848768451,1.9418012977469603,1.616971200397074,1.297292836434295,1.7821306316096417,0.7063618094241749,0.18841912362331104,0.9239678908202941,0.8275525792108304,0.5367993117347608,0.9286588064177651,0.8691459125137061,0.6742357209906411,1.3042587462253425,0.8711745304810429,0.8833561792974606,0.7410052359473902,0.7021359567936334,0.7303965929770336,1.030116609731985,0.6752122823751394,0.6353324781101202,0.32609404667777886,0.06499021433029425,0.4420084204741796,0.6948570380967221,1.7549807027033015,0.4876774957791318,0.8877849798371008,0.6888196094859576,0.5028519395875835,0.5383366639480606,0.8530354448260646,1.1793364463811205,1.3486269544754061,0.5258375530287414,0.4388439854071259,0.8778191400298204,1.7824741492747596,3.0872302083199017,1.0652263688453916,0.6873638279110365,0.4388076219722544,0.49214782067564045,0.8127017537105385,0.16830353985541496,1.1663317387257053,0.9575181316705239,0.5773025704600863,0.1669042839054168,0.8387627204877975,1.7915972821770634,0.4591270688515902,0.7296438971479544,1.1799246024356866,1.1621685366049872,0.9848036600323887,1.8257027292153603,2.1974231500943446,0.8039320264608467,0.9006365745348838,0.17793678641066396,1.1146918370982213,0.9514399235689694,0.0,1.3920538679754197,1.4599877980045501,0.7997989420372529,1.6705231279638975,0.43366874730243177,1.0480467158500388,0.6367262483846095,1.4782342722359956,1.2633539211274332,0.6766657013230353,1.1531594445141944,0.9964339638709986,1.3029646429042812,1.0023112156896783,0.7445465758072475,1.715224942074689,0.7565246466752316,1.198585647637239,0.9585447960528517,1.1357193112953643,1.2926642968548092,0.205122687213681,0.7083710728261507,0.8282477244891178,1.2633595442216663,0.855312549012224,0.8831942540500561,0.7478820795105332,1.7529760353786084,0.5548567192502021,1.7606888730347094,0.9441176751491958,0.2531539240250582,0.770863043740715,2.527856871259198,0.6940664851870135,0.0,0.22383247643519905,1.6996552934389393,1.1151300934945358,1.378213724038801,1.2574680962289997,1.4810384739929279
29,0.6049416699642602,0.6199195660739805,1.0762349982756718,0.0,0.691716028590982,0.6856804204085989,4.811041908509178,1.7271281589411838,0.8294917664405759,1.5298375541450242,0.7597088238453432,1.3636362396694328,0.029438401282183273,2.8103703265751934,1.07170910409586,0.751222409762515,1.5074525146030302,1.3236314363153259,1.096516020144252,1.4179844989227754,0.6045877341600467,0.16312738274589306,0.9335115672162163,1.272906380974085,0.9966517309045643,0.3239563648372805,2.061832537222962,0.9992841568322185,0.7198448104010172,1.2977247209005367,1.0240235621142249,0.0,1.6510289379155965,1.256757915105668,0.5312084192106317,0.6907890774158507,0.5960140644980293,1.098097325469782,1.2174577276891485,0.5988494560343045,1.1235653191858945,1.1686354954029858,0.43574917410342934,0.9452732580977146,0.8959715139034616,1.227344335056169,0.7253179075162766,1.354032483597554,0.832449450412797,0.39765105754697605,1.6867560574618443,0.6208870629844025,0.6039342678174366,0.0,0.2478926031409106,1.0985301038848228,2.0191005437573044,0.6971167698655614,1.049811901192948,1.3803152627418414,1.342229045297694,0.9182575328099589,0.5137193706813329,3.073016160878604,1.18881875013142,0.9962790313320562,0.2580913802965034,1.1146874179173667,0.5868132613287587,0.22043768913143869,0.990891197090136,0.9948251130552115,0.0,1.0897814679710032,2.034004814056212,0.5268692776329952,0.6580804129716538,0.9820436079572494,0.8767086162644843,1.7634916014814634,0.7961857614895258,0.9806107640193966,1.0906575898223125,0.8410194394858286,1.231481486665886,0.5929334493575782,0.6262811505443183,0.4770531347475203,0.7617362780109325,1.1317101899252193,0.8471233319224074,1.617242464969901,0.9229459998911229,1.8794983373936711,0.7824916927633491,1.1404896166277205,1.0107415355200053,0.9640825992880289,0.6860545349193077,0.3305967706278674,0.7095544220718188,0.7757930480046111,2.0597648153210026,0.7277421593928708,0.8544997089479356,1.2512109651469505,0.7771160234117629,0.2640526074664412,0.9676020728755449,0.7710580962583526,0.7408026519792396,0.1809192985566615,1.780518744855124,0.48922036553290954,0.656353020442793,0.8697194670901667,2.145701248026252,0.7579671958180024,0.9951822689756777,1.4387199937777004,0.673699278870835,1.8983322925725636,0.9413883145800745,0.7901412442988847,0.6908226733115919,0.6919998353730924,1.1363620699103556,1.4816338917695815,0.8002634496314824,1.0254175981597937,0.547777664754618,2.5156190799355658,0.8512083436118216,0.4653998566481861,1.4862822466447332,0.9227409987236436,0.9547055336866235,1.172128646148654,0.8774569244316629,0.941798579155521,0.7936430274548483,1.157911800518889,1.013554919829231,1.121401493356046,0.9927600632751815,1.4131516390958543,2.148049209131423,1.0604603413330698,1.0674761606434082,1.2027291788497332,1.6018496985994441,1.066651098502983,0.877087511474616,0.770983808132545,0.3738610857952368,0.6308498474469248,0.28036485077233375,1.1798215628186393,2.232827748442015,0.7384939093435589,1.2539631870332901,0.03593528865535728,1.865334613659301,1.8274070077086355,0.8634282530949604,1.187514158035662,0.24281019769981932,0.9114094729388739,2.2050148552854894,1.302798221984406,0.7494827826923645,0.7639825473011448,0.9471586269176078,0.8464539374600716,1.2245279084127674,0.5702237956608734,1.2256459967494822,0.7790741651704312,0.0,0.9083930303881182,0.8671090925108268,0.8180959185137815,0.9378974301335298,1.475446034165072,1.4491348385447618,0.0,1.050468525280527,1.2091109170017607,1.3250946171461684,0.9369185281229278,2.4137828308553244,0.7686531628729005,0.94544838511378,0.8823036381497,1.1898764816767233,0.8852784938061978,0.5928571354512591,2.5224574683702516,0.9303044941118113,0.838444525945885,0.4694474395741028,1.3346624090244052,0.6922109608409261,0.803531699540342,0.9457055309977036,1.015368461286509,0.9013409677407935,1.1782894248712394,0.9196076734953488,0.4369805858330512,0.9120350083191966,1.5983900782362646,0.615544196804769,1.0013464050386824,0.5506404182524425,1.1380115129856792,1.0000022124737353,1.07191893581907,1.3758703945466704,1.4564554424934604,0.391061285801495,1.060152594250418,0.8502846516770197,0.9421364449517247,0.5330330185510548,0.8944735818288663,1.3461347827096584,0.6814115624034325,1.1827737740403153,1.2312936188233365,0.05705161303278763,1.46922169195535,0.8114305626764651,0.8548083676922571,0.9716172739242994,0.8922769984567457,0.704552317706016,0.8758080381409196,1.006058365011964,0.8390111253353374,1.359145801223883,1.769389471302873,1.148582789127515,0.6563895291046321,0.0,1.4794458449615098,1.8977120173514572,0.877669219155716,0.3335358312300185,1.058153336416724,1.4824816313395917,1.4070457423825051,0.5856839563796385,0.8441184737355935,1.6632157466333037,1.4193023740353814,1.2725019825654622,1.4991745357634407,0.5069330728087629,1.0939960313178598,0.9506728797346665,1.2070626808666538,0.7933465493082273,1.4704920030447703,0.44271950363498347,0.6710133889026805,0.4114281362896868,0.37298263700698103,0.8179655694444659,0.9226590655716864,0.8280516225089385,0.844979412230414,1.969457223066295,0.975292587019357,2.2796697203686325,0.0,0.0,0.9981902106523709,0.5577271247434883,1.2043338031627004,0.8569367680001883,1.065450726700254,1.1382869267174074,0.4902162347756294,0.65914365682692,0.6295656692223638,0.27779909503018746,1.3022581908366928,0.47379078394196444,0.0,1.2409758409294975,1.1499708865202845,0.6199311297843977,0.5825115292758496,0.8957467271594035,0.9237243809426577,1.7342511150191,0.7253332036319234,0.8574230316426464,0.8458807868176482,1.2416073695911503,0.0,2.9109522475210627,0.6041530624506501,0.7758993117140549,0.6743404264317872,1.4160351246860476,0.7509692184841708,0.7957927534216537,0.8042020787461697,1.1920921569584007,1.1309264225476605,0.6874499265133798,0.7081487876854262,1.4040759247361814,1.1262366246543816,0.37914445784577055,0.8591650420189911,0.104545441222412,1.2151015873642428,1.3593806648238587,1.2833190340745766,0.6575471890692113,1.0356802089150245,1.7807934706382973,0.0,0.7797815583953249,0.6151292439538065,0.39935074422220307,1.8377446704784588,0.8709122701126136,0.8547752625185365,0.8801140303825173,1.4445547205362084,0.8745572979405081,1.623232856882702,1.0430479310259062,0.4133396186526183,0.802420496676131,1.0136177456270201,0.2524835697172447,0.0,0.8033422226904816,0.7361110776683777,0.9929016014271006,2.6616605455979845,1.459693146253274,0.7752538807186715,1.1504852616999182,0.44133665896407964,1.0366023861158935,1.0560192215627147,0.5783544107466381,1.0877073462894848,0.526671765637597,0.7042299527194382,0.7552739566318641,0.804545496910182,0.40365805448631836,0.908474991438624,1.241447998999408,0.8495394249011591,1.0109374271059413,1.0030167850917246,0.46620486206557354,0.9085891429274171,0.49005547828727003,1.078496570918018,3.062380407198413,0.7833706677738779,0.774606342168285,0.4014712703355728,1.318213410690204,0.8313798187936892,0.8031362132602332,0.8292543981119413,0.964873482481418,0.5498274872238877,0.7731267860548934,0.5142111554165771,0.5165916709112425,1.210328603705018,2.214584015278568,2.554927238241058,0.19006541028185536,0.576318398520098,1.3929810832861937,0.0,0.6388610496791844,2.021016892992142,1.3332225456935793,2.3510606047825338,2.4830366170773326,0.4627534351472014,0.7667135234744781,0.7738055579852519,1.1176783760671505,1.9489701678312081,0.6646976390170206,0.6269520624523888,0.802442997730221,1.03464657013761,1.885473156286715,0.6730317329864374,2.682439916668434,0.7551924420339509,1.5917529775655477,1.0738817904101734,1.2000184492846246,1.2122208207509813,0.5298801646586019,0.3553305785595172,1.0555527445751283,0.6727125546322783,1.0739795136333408,0.8715583633154358,0.856506254128433,1.0761115016589333,0.6925403679416748,0.5816853545515485,0.0,1.699270750570667,0.2540771684944481,0.9056466749671485,0.6475080258694528,1.005822149195361,0.7665873706789588,0.37612904740035447,1.1243412595767817,1.023513925989583,0.3274828603122366,1.0256337998972007,0.2774724154545228,0.5017098771378883,0.17212993377083646,0.0,0.0,0.0,1.7269652270900029,0.542555619204034,1.1225827286860701,0.7852142920629304,0.42775446359066227,1.2092641509329733,1.1037526056232194,0.0,0.6263384584877686,1.417552607363509,1.0620952004672612,0.8889134478526928,0.7420283715507883,0.9870018127576394,1.4037589928061895,0.9673743206939156,1.526151737107696,1.5333744278505836,0.484038251209577,1.0186640640982083,0.954806891939485,1.5178593764134503,0.7968518645295319,1.2046605316105805,0.3511170107969644,0.8467313381650385,0.6308016519472616,0.7384232214670249,0.5856650226373092,2.094234808877397,0.0,0.46700926642777474,0.33995192598483126,0.0,1.2781872541519248,0.9213637676922275,0.8694611385251482,1.031662287186635,1.1706676815990553,0.7653989227431115,0.2209078836264519,1.3468782294640478,0.9227847193131727,0.23147215130064436,1.3772541310009818,0.0,0.0,1.0296449374261591,1.01176355836084,1.4084483163527977,0.7495451974003902,0.6686636072948446,1.166565384143229,1.1066173179360705,1.0743914061256765,0.7668459488839063,1.1226333840057228,0.8078547979991936,0.7931054128677122,1.2342808595628678,1.0757735163123692,0.7826019733057101,0.7673712768109577,1.3793379249378832,0.9999994119323744,0.7548103385248321,0.918019807586042,1.0043297686619335,0.9216509727760621,1.8810495954512678,0.6280210726156139,0.14826837192662698,1.2778874165638157,0.25856794456020044,0.12792965551758612,0.6823001645147577,1.077691980122947,1.197617331656819,1.2410944399564932,0.8311951201747287,1.654665068674998,0.15098038929620441,1.8974415100632713,0.7076090355500243,1.1552496463296646,1.0236601876321727,0.8150458439553353,1.2772523658760688,1.1812468597439238,0.7926782816004032,0.13605525692674808,1.5738948986897627,1.8885998263232924,1.181388058573832,0.8325972647976826,1.1553009157755885,1.2158183801678186,1.3752991671112693,1.8704595363404986,0.6066595246548996,0.8145623477212669,0.8401297863165282,1.3631191024654163,0.8851143803248239,0.1993347374431949,0.49288362364185606,0.4489894241371322,0.9358159624155344,0.6032165168146848,0.4663020160238255,1.8756383910371848,1.033447509753715,1.083813987647249,1.5906004453363245,0.8327843465017949,0.8117861713905723,0.5425649996287134,0.8488195169628568,1.0048895721516828,0.6063665005044518,1.1106705625597038,0.92313624793173,0.0,0.7407905207681051,0.9819546413872254,1.1549038989429854,0.6160783798962575,0.0,1.331691200199005,0.8195812310346333,1.4055821298003486,0.7658054480752114,1.193240870258808,0.2548827806396524,1.0667127505413143,0.8361082841559152,0.3138541124985331,0.9986612450940798,0.8093445410440534,0.0,1.2463563130904027,0.9881579310648413,1.547359686474832,0.6424444114294492,0.9723477289954229,0.7699903723617472,1.075145725780721,0.5262538059414851,0.9367185655963667,0.7444341405962392,2.1632882595027962,1.2933917397569945,1.2401739371674831,0.9107218204699659,0.590072560564058,0.9113624474128262,0.5794611991106859,1.1264338626954502,0.8769888923378015,1.6968374592802424,1.2812441621240631,1.2522905801748927,0.8685977568451758,0.727230960880876,0.31838141837270817,0.5225041125828378,1.3954272358041635,0.7889999904238826,0.9483133173955101,0.5395540549842868,1.634984622429054,0.717919016261529,1.1382191225414628,1.0442080918489265,0.8059016739786584,0.6926557028222566,0.7750548026346513,1.1309432697322936,0.4937226223153684,1.7124327787123288,1.1452755159994048,0.07430593954197906,0.8387167840944947,1.2626875839851202,0.5301612841061806,2.358465636889384,1.487382989211441,1.7043311978289826,0.5182756703918426,0.5513204072520241,0.5907763733924125,0.687421930088548,0.6006829576951618,0.8574815494356873,0.6551328430777207,1.7949936984587946,1.5062440056419397,1.376189682221986,1.0846630840341818,0.8493643121060197,0.14001568931840433,2.201257775912909,0.44904373290813826,1.253559853346552,1.0595500653985752,0.9206859528964608,0.639142278411836,2.097674004128566,1.1822307229954456,0.5866348280677393,0.3987341560167186,0.6028582526696684,1.6046897621641725,1.205648062907377,1.4254676201453138,0.8151382959693765,1.1389877674671964,0.9218143992611169,0.7753239449210636,2.8220528798703044,1.5598287693150479,0.29196984769682166,0.9838194485531038,1.035427823407362,0.3414131243566827,0.7999160255399534,1.2102673842020775,1.1717435201091946,0.0,0.9613390038418583,0.7363781143498949,2.0715682639758843,1.15267849060357,0.8214484873702563,1.171494838222309,1.1009722135786377,0.8347899246716819,0.7811140464487606,0.559818366409182,0.6761152151737994,0.9336696232993051,1.3032202604368819,0.6109646996179355,1.3484444532735635,1.1635107389122905,0.08179011971423505,1.0830012457378935,0.6540523294477473,0.9509722456548715,1.431073513951485,1.436254971808512,1.4711729185736608,0.7070040057783854,1.4851514949743059,1.337629303943932,0.4826706148553508,0.7946719845249232,0.6811333037319891,0.9630669841755162,1.0508337412987463,1.2063565895037773,0.9348091617822811,1.5838405121932309,0.6218538191635511,0.7234692899260657,0.0,1.4011211739670317,2.42380778986862,0.5500541519590284,1.0452753342971228,0.9263223961332516,0.6653397837547361,0.9437943795362729,0.0,0.4647991675320752,1.0634024225245802,0.035604057153050574,0.2587890301513713,1.132794055386564,0.5479022629428456,0.7298279076128651,0.9745044850016222,0.9814972657961625,0.7811746075071611,0.2459783294739467,0.9016861470336659,1.456797480237002,0.41865775663478066,1.0225719816352914,1.083245080391253,0.42680496050028494,1.4384392493318519,0.9196720324416293,0.6200515385338903,0.9632910900700477,0.8594443809310476,1.1794194367288964,0.8694972215397904,1.0527419424802447,1.1153759495768323,0.7718893665583536,1.3044155664387715,0.6500337975756826,1.1629970777052008,0.9293023450198351,0.720304552492547,0.7822038994645026,0.8418777395366233,0.9563103064972132,0.567603746180122,5.626017491653201,0.9966581190747987,1.0736153601080745,0.8560274308588831,0.0373148178019573,1.1622144482928807,1.3255705966455427,0.7416310018129834,1.1907050091990252,0.9074146825854335,2.3571434789447894,0.9092486411953089,0.9808919202332608,0.6109508455367956,0.2783994598139112,0.5051255555666292,0.37385112450953883,0.9863340417110612,1.0763044301431357,0.15245329162785856,0.6140449201421039,0.6343195298606197,0.8840915940451992,0.7633594584445822,0.9606695078443821,0.6398093512042556,0.8010970616026629,1.8415386824096984,4.105560956003009,0.7691473331553382,0.21327796726080586,0.9664631643904951,1.2753320834433741,0.6433332843861155,0.14440674533590311,0.9634692262097321,1.0216908746630389,0.6515610812157357,0.9328238812495836,0.649032616971085,0.971673085490964,1.6795414731137885,1.0183031567300285,0.4825738196850194,0.9857258983580524,1.0113645245595295,0.9912063241383791,1.1903863144732902,0.23083008545358102,0.6791814287213078,0.8684664552680117,0.6142961552730514,0.784138492761828,1.3292275212188858,1.5351674236598618,0.34075730896729983,1.0358271350547765,0.0,0.6137529420496839,1.195234611816498,0.6246272074490942,1.274266150803212,0.4064973463494536,0.6310602152806288,0.6967686243173047,1.0222534048642,1.9326200166302883,2.1822305224398826,1.404748586114996,0.8782491165964766,0.7465376563817648,2.1326623396205617,0.9824862381880943,0.8895914081035506,0.3736263456708149,1.1231629113700552,0.9602014912733678,1.4276998084735033,1.0006681306825869,0.9191719639927538,0.2487243362396385,0.6543355280043395,1.2096430475784015,0.8749223740692951,1.420464021952953,1.1320849649810834,0.9053713706124193,0.4697710215705616,1.4693821237429858,1.0679882728578445,1.0965106235244937,0.5527170802984852,0.7778390015393861,3.6764586871547476,0.8639406067612023,1.2039107974978205,0.8203058829461134,0.5556652262447834,0.6812921435500805,0.9840335138355315,1.2065338021932144,1.1663069688702352,1.0073681503027325,1.304569195701681,2.012605634900981,0.13079887435318688,0.3638400533420486,1.2363158398247027,1.9385592522623116,0.946190928821318,1.063220478642594,0.989410155718347,1.0082562150920904,0.9459330409313117,1.1235988756325066,0.8999198828728023,1.3918950786773847,0.9653699378402518,0.6092614651006047,0.7761590629481381,0.13371711133643663,1.1544591746046236,0.9282473556087751,1.329524553228782,0.788317566166074,1.3658785474933057,1.0706225159050027,1.012587902171338,0.9711095513802777,0.9092619259543981,1.274901958775232,0.7694990499561313,1.2261000657525494,0.5706740422742467,1.019522412033165,0.8968099953569857,0.9126564466157406,1.4712462094407877,0.7075154200180218,0.6107754264361311,1.7941704279820327,0.5973207163506713,1.2706583721310507,1.1837619431090554,0.8179252145153958,2.51742075371616,1.563349011191992,1.3787062984392235,1.6949978689195961,0.5991389307427512,0.07145432853678968,1.1225022727727136,0.6158320535244763,0.5194141888151351,0.5113759948000327,0.6997251514781972,0.6643407884239292,1.1323859690478728,1.0928117073393229,1.0538157323142636,0.5343826375843365,0.8059864109078005,0.7660715159973361,1.0362294288843177,0.8595568462872418,0.6472228873455204,0.3704132533579495,0.3249510716514713,0.2654666013919964,0.9766961999060375,1.5718332693924322,0.5899996831353759,1.010419555176799,0.7780115813754547,0.35803925733531355,0.6756993253189721,0.9702821275112521,1.128060959859221,1.2397134484243642,0.4471233159068617,0.6822263914967277,0.7302194519008005,1.5487642153774428,2.4497613132026563,0.989286513902091,0.5231226448400846,0.4701453298382304,0.44971846139038707,0.7846806818976803,0.41428562461662993,0.9746589737800049,1.009566058422266,0.773202258380832,0.056203914597522525,0.9371815359645623,1.7370751509981361,0.5806887129089219,0.7566194666159081,1.2337953290240868,0.8169911066831236,0.8912299973094655,1.2305878581819583,2.2148342336074958,0.8489614812352079,0.9464554205499688,0.43417167518527955,1.6665454911992772,1.0363822786454722,0.0,1.2343453663429642,1.5209903955873454,0.7165851517008354,1.9026712464903024,0.46593987043326424,0.9000684596291788,0.5237707225464785,1.0272475616748058,1.2281124664557597,0.6329608902856991,1.0834585287026193,0.9233196305617677,1.3989388561577736,1.0083288188669213,0.5790917777179505,1.5333380361124926,0.9884984222265467,1.3073344152436306,1.0524050351265246,1.069812349587057,1.2478388104417526,0.0410245374427362,0.8580040708227455,0.8167065204982004,1.419353859146999,0.817274120337018,0.9034266819110098,0.822216941885388,1.514816912268442,0.481872570497368,1.6294566381880697,1.100960691853396,0.3681199046843088,0.7315163069530483,3.919401627318525,0.9187959879388929,0.0,0.1398952931088236,1.7107327767139315,1.0224780253671324,1.3177655214367567,1.3808094572612695,1.0080057072892117
30,0.644740461370148,0.8786261529505189,1.3125487944173402,0.0,0.8395517275456322,0.7315895620521724,2.4055209542545892,1.3962824940972176,1.8845378365581567,1.4059146045300654,0.6625412158356098,1.5170453145015628,0.15307968627484103,2.952423896154129,1.0347661431702846,0.7793458257497681,1.1843339433750701,1.0156104224546434,1.1716063848733316,1.4379262250194798,0.49993184740672847,0.4768338899569579,0.8984817555106418,1.0619098044236037,1.1686940372151682,0.3447737476429688,2.311365226086872,1.3799040204761899,0.5820083746022018,1.3477320787032303,1.1469810999881072,0.16913575256611796,1.4906109908880114,1.4323871597240518,0.5966744758260465,0.7429932747142677,0.6513772895008693,1.6938735483852865,0.9504583016304433,0.5649655114247152,0.9382834688146946,1.1720077311823218,0.509681976752167,0.9086931768294729,0.7498794905603241,1.457078588251869,0.8521421153253766,1.2358679725171564,1.0356161458294744,0.20924981488508373,1.634552283771907,0.5583422872558861,0.5489670786046024,0.0,0.3111319868775466,0.9170889341016472,1.990923334447022,0.6895820757196464,0.8499687120850992,1.2422837323267117,1.113814637739582,0.9422476257151559,0.7705790560219993,2.8329665868283547,1.0324717218482113,1.0299828415975865,1.0323655211860137,0.9342760455638242,0.46684253480234034,0.15613334167625295,0.658785114725972,1.1974309977599924,0.0,0.815420176958124,2.5228264624758436,0.9616311926103995,0.7141985630095344,1.24266580171262,0.9666441267128689,2.203473426076161,0.9335496285163807,0.9474376939992397,0.7698323542410199,0.7723474468052012,1.0825762747457046,0.5645702039916692,0.5158732013924654,0.08348429798449973,1.1494953805878039,1.0320588326477491,0.6553005381145077,1.6038535333903003,0.8799812252146034,1.62053577103058,0.6952820376619862,0.9080484550322593,1.0267038550762413,0.9307069842698393,0.6177853503046071,0.33484708307977634,0.7809944143055427,0.8583416704194972,2.3178601051097543,0.7543461589007636,0.7485505240980799,1.2287141547210836,0.6708915328129197,0.3960789056985666,1.0006068115458762,0.844391605635873,0.844852574100412,0.26389832459582513,1.4948025341020243,0.9718649717710033,0.7351599672773287,0.9991254241213965,1.7422958352775997,0.9692582317090901,1.4039102894149227,1.3288854156717695,0.7492840659418925,1.6699872105014564,0.7717972577769145,0.5222805888833548,0.7874820528018125,0.5085150314924856,1.3677643588284547,1.691217487309526,0.7700288499350151,1.1360846473700945,0.7411109013347077,2.535464657933659,0.8302426549509039,0.4764325077284527,1.771283449618707,0.9373615253953858,0.8260311819831291,1.236478328906292,0.876285070924248,1.0485142884578211,0.6617070875634824,1.0593050873280172,1.0726150985704257,1.218794625322149,0.9526955871120071,1.1229028277478081,2.1974777403842243,1.3812734504361919,1.0462374081541368,0.9123207310028043,1.8905551631201818,1.0142740666094825,1.093899628431764,0.7578553233850795,0.28420186887752696,0.5779291357163265,0.5292929021782509,1.152122656136802,2.2738780820034927,0.666922630610372,1.1097696978272766,0.0,2.0900357294073553,1.7797986923510116,0.7720204664529144,1.0116862088816454,0.27252157344661293,0.7737560570771007,1.9103050206111933,1.2762576091489146,0.7115137158950153,0.7254234662875028,0.8050470167528617,0.7571662910110699,1.6148953729674669,0.44742434105169765,1.3928511792752336,0.7141513020585954,0.0,0.8963601092516078,0.8731904318545194,0.876676997214364,0.9652148366691777,0.804788745908221,1.4776024156221812,0.0,1.0703316646114023,1.364236560305764,1.256969872501388,1.048657248058342,2.226743154810675,0.6798337727284487,0.9917858642289135,0.9630298127243093,1.348261460265037,0.906905808000358,0.6414519786169589,2.347982052877317,0.9198646958937746,0.9364271723570456,0.22214923592118113,1.3142408050475427,0.8680197411535089,0.7341446492068741,0.9148828564470486,0.8154107093109717,1.0840014796368,1.2147546804607825,0.9852939394067799,0.3951124601516231,0.8516423539387505,1.2598811419748264,0.5999332372787651,0.9783719793715994,0.6467543560764192,1.2676373321421717,1.0121938243092896,1.2614036876658647,1.3719196981587694,1.4479536450530723,0.29726290815584466,1.407672549907679,0.7913316895065201,1.019745280311194,0.5111714805585504,1.4433550854380448,1.3306432832195139,0.6089727302070549,0.8562965855851857,1.1911070214928052,0.14237658980574713,1.5327881025981531,1.096949779497188,0.9852016671707718,0.8014146089826396,0.7406991702617809,0.7370092646067589,0.889523707124135,1.2710267990075503,1.0587453660708788,1.1309340772680436,1.7027279690945505,1.2331577716589557,0.4481525437071534,0.0,1.7196514344668405,2.0505076684115586,0.7374694373862278,0.21826295713010896,0.9031370902584915,1.5944030956324005,1.3418909435495636,0.5049070937782666,0.9124142184061399,1.703351982787597,1.5105808334304354,1.4751476391039533,1.8634819872574668,0.38718220694128624,0.8046533386284503,0.8513394640689045,1.310400120084454,0.8928983817011011,1.4515831355696167,0.6801525102859715,0.5753183503290595,0.5359079246160048,0.5982155594006031,0.9084067438358743,1.0826464204295405,0.8617510187766626,0.758399866531964,1.890721444612116,1.1781518142598675,2.8217040217038116,0.0,0.12763796536013908,1.0219870186901492,0.5049047315294087,1.2691454742127364,0.8517221101014937,1.1389493851069479,1.169668203109278,0.4585749744336749,0.5986624300340304,1.0349024615548492,0.4080367100607869,1.2933983269596439,0.4530358544764427,0.0,1.2831383475618203,1.1927862354633838,0.7025593067575021,0.7320674223896237,0.7657386288946224,0.9091425947451609,1.419139936296791,0.7912725833918509,1.233411465938794,0.5414253486737337,1.4460621369140982,0.0,2.3783514195493347,0.5141901615132705,0.7820490113293727,0.7350306036322029,1.409027367857431,1.1078352969887546,0.7726193141145826,0.7030333432564217,1.068772268021337,1.1059850484145093,0.8532772531580948,0.7884750175622957,1.8525638095092425,1.1134182379097173,0.48803013416287755,0.6480529668523431,0.418181764889648,1.1718065942962916,1.42801182280135,1.1536780664006698,0.6306865159058659,1.321405736438153,1.8145185524779779,0.0,0.8010499716865668,1.1120127810565879,0.903495650724506,2.0186376159796415,0.7164811043763931,0.7673436983627153,1.0062634799193944,1.3650792948634807,0.7984368909431648,2.0082133056758065,0.9816916895506314,0.8461493991452238,0.6935565114926779,0.9432758057835349,0.3518503515761194,0.0,0.6976319108122084,1.1041666165025665,0.8389450914482456,2.2814233863269493,1.1339408025247053,0.6770549433300752,0.971562637169961,0.6959341498353404,1.1011264984034965,1.0066460107381272,0.9140903390417604,1.1044106720042057,0.2486152416212626,0.7806593327838828,1.2899394245329079,0.7525795650041064,0.3642976617118781,0.8301784531260237,1.2358535401810051,0.9004565848528908,0.7943079784403824,0.9888057535566611,0.4615488158605169,1.026037465104421,0.5284036829700216,1.6537342634777825,2.976460585887862,0.8267763523654864,0.7327630158098474,0.2509195464397515,1.3927474778957052,1.1633413439688518,0.7089503468968961,0.9153088917170167,0.9785278917413551,0.3845923265114903,0.851535428319584,0.4779995941266145,0.8118155922780829,0.9541153438876523,2.2526365305799216,2.271436625962452,0.5054011975445678,0.5930718424138655,1.4831922151479384,0.0,0.6757319767054355,2.5827321914745807,1.1746647661534686,2.469468508208889,2.132663798356875,0.5526111383487414,0.6469177255516454,1.0332684522309683,1.2410584672871885,1.813873467853099,0.5723764128239406,0.44176213548155496,0.8798827463038437,1.085477066149235,2.348026718894712,0.6616039382691673,2.315154647635085,0.7224042362141381,1.8548704149348598,1.1590331685953061,1.2966748013659133,0.95270592458696,0.564223439284099,0.4923254899517659,0.9183147070554651,0.6063854411678575,0.979023229588093,0.9799804781472832,1.018741017417766,1.0281688609761332,0.8084326376399305,0.40479857999509633,0.0,1.7301452236992754,0.21814186668112162,0.7620602368875331,0.736893388886757,0.927254943830476,0.8485306962624305,0.4385504354820573,1.0958094664036326,1.0536062230247485,0.46090179217185767,0.9640232290511868,0.24898194225219358,1.1357114062562563,0.2759141559758814,0.2508369622127445,0.0,0.0,1.2968533700413067,0.5066924515770962,1.0596101874850516,0.8519199535436501,0.383464051507444,0.9152809059043276,1.03253851238792,0.0,0.6314198372507916,1.4284605772186376,0.9788351089660897,0.8625561330070965,0.61599537382341,0.9213688975602476,1.1480310377727745,1.0799099527392366,0.8822547457129604,1.5169246983029776,0.3543099251420626,1.1609772171538055,0.7378024267676613,1.826695677300705,0.9824474728091775,1.4234450466450217,0.29358992639920534,0.9653713074017432,0.6449889135538379,0.5278518243566629,0.5324918021567784,1.1686061697589991,0.0,0.6035651387819359,0.40234778202540716,0.0,1.1161865011322816,0.9514528574876657,0.7847983434757183,0.9446802480266732,1.0761297820789233,0.9139419686251852,0.20056110468015484,1.908448612577791,0.7926440948122941,0.3488953407991855,0.7748140284920895,0.0,0.0,1.267605306167488,1.2265762287251951,1.0324337109410813,0.6898520231358947,0.8066386752974906,1.1561670021264299,1.0951136152297791,1.0472066903819208,0.794453078677774,1.5116221883522765,0.8121646713240924,0.6653944836750778,1.0169000612191454,1.3612674968608753,0.7718331104971436,0.7553054283918437,1.4812557392495733,0.9147076790493154,0.747303927264586,1.4632183729026726,1.0092168885796515,0.9267849522694163,1.2965239105979751,0.7633101970019784,0.20757570883581036,1.372455248885841,0.2845687675711451,0.0,0.8030311044143754,0.996423216478132,0.9943180958708283,1.08852199158428,0.9025687306747489,1.4932705938062085,0.5535947568384434,1.2966660752204704,0.6797215431525205,1.3288876217783314,1.0892254289162933,0.9793246337009102,1.749660774373765,1.3422877604269008,0.8053902266751002,0.1466360199455917,1.731655876084603,2.02474650549373,1.1677214112333716,0.5106965248765248,1.0030056955658968,0.9030454926083498,1.3933942165266608,1.7546994130585385,0.5743019312482235,0.8915817183085516,0.7892397693373499,1.4184477275408671,0.9573398762488736,0.3067913605403325,0.3355867529139404,0.5272072652523266,0.9829250571883662,0.6697732104967167,0.2668041616539487,1.2744052955936767,1.0560502303287658,1.197195869300929,1.0936201122622065,0.6733576126692977,0.8261992105756175,0.3662192776571177,0.7509764430690696,1.16763158614765,0.7066387672205074,1.0505169483367827,1.0369423871241874,0.0,0.7229401480842437,0.994803011807143,1.3076176601313774,0.6047309853907841,0.0,1.2491349100163172,0.704715677778029,1.3675906748810112,1.4951664744100577,1.2501412984605844,0.0637206951599131,1.0411427493374081,0.6637494755489941,0.6378325421005671,0.8284445626174146,0.8384748937519189,0.0,1.3201213813608204,0.9266521056872419,1.7072484095348928,0.4722550208316122,1.1927614792931736,0.6493916108197568,0.8814002075657467,0.513135452308316,1.2560544345597862,0.6806150795182104,2.317630043517075,1.178496536254333,1.2631924668666215,0.7259870395785641,0.6360766222072411,1.2086378986780097,0.5989449409986702,1.404879708475418,0.6712828571666589,1.6702453117942775,1.2582201351405353,1.2542697635199975,0.9381140543132633,0.8109202379705054,0.43299872847747295,0.569577996289077,1.5334700510120909,0.8601256788483264,0.8518194826789321,0.6094104232288492,1.6012827055071706,0.6678236340700234,0.7534800786574505,1.316806318755745,0.7645941067228237,1.7701200717133618,0.32390350047179317,1.0055696491369088,0.7193348020401801,1.760797577023186,0.9322149426258082,0.040010889350123896,0.5222684260768208,1.111788253819505,0.5239368341920903,2.007784157200231,1.5105295590523116,1.664609277727836,0.4617077917193824,0.5287940384115554,0.5597182330565469,0.6747793673382285,0.6497072122985837,0.8263115149723534,0.574766052498852,1.7666929011278554,1.3815354601571115,1.2311785172123795,1.0083485387980409,1.0159861777219732,0.12018013315661079,3.522012441460654,0.547305436903323,1.290016394249421,1.3044620197033705,0.8345914953349709,1.0768428255317861,2.5928425443299945,1.2944723737602721,0.429041671829543,0.5981012340250779,0.5413626054947878,1.4204806588326269,1.2724899341261153,1.5768121231963264,0.9708533460689708,1.1936454850298324,0.963220182842319,1.3357500335132557,2.825246450979053,1.4050092031767136,0.5140473021314921,1.0954572735211832,0.9608284177038117,0.15738902593633597,0.9189632603444174,1.2761949671329964,1.0871847095041993,0.0,0.8959779425875972,0.6875185842938766,1.9786997074345787,1.5058606946494737,0.7489105872460424,1.1068474844712464,1.0173706595146959,0.8780125505523174,0.8149674517263458,0.5072223147213385,0.7179741800175958,1.033042795491291,1.1974027302894037,0.6377853835270175,1.0675517393430352,1.022807340162169,0.020447529928558764,0.853309880698345,0.5515658623254813,1.0557946903332822,1.8826743858425503,1.2232156879541525,1.0128290159327116,0.8120409429133982,1.8431821754322826,1.458334164372073,0.3801979888330449,0.11352456921784616,0.6932031357291224,0.8728015614144223,0.9361154462174429,1.2102372899857665,1.0587072748353068,1.4595600888284557,0.769758432600891,0.8632826727226358,0.0,1.496050258296208,2.1899772537774282,0.6858679290354496,0.9248422573727244,1.0109709466150902,0.7390420246927328,0.9300987887026402,0.0,0.42610537233025175,1.173946912202938,0.1424162286122023,0.38818354522705695,1.567092319806437,0.5037055013945777,0.8139329905810789,1.101342126639707,1.005715662901609,0.8551235075644499,0.2342340134220086,0.9389445683573256,1.5052761742668384,0.5289431579415124,1.0723103901715547,1.0363477278625484,0.5179798016955702,1.3405111739324465,0.7462299284808083,0.6166728800587645,1.0745810890765364,1.0506782216529011,1.4674330396683537,0.8177726759525593,1.0739653602109196,1.1383335772163834,0.6688691156276174,0.8311320427412879,0.5712445761501792,1.139695866071591,0.7566049374994975,0.607008873373709,0.9072166356439968,0.7914024953856226,1.0415081907182067,0.7811418384104141,4.3528515902161296,1.0255987497577836,1.1589597767464663,0.7302655292476735,0.1492592712078292,1.2909811088154397,1.5097478244698346,0.9463345815520661,0.9662604101128085,1.1062480735414217,1.6863914460386544,0.9370814117062009,0.7823517989284199,0.6320187089174112,0.16497745728561067,0.39147230998398563,0.43968506045510936,1.0113481618899167,1.190948469381203,0.16942740754445693,0.5999571924189884,0.4942302638478299,0.8610863373777573,0.8774818550836452,0.9504951223788647,0.7819671919091395,0.5541262084542554,1.8868843458678386,2.6522650575771936,0.9894841286205462,0.44267647991586456,1.1851151087455385,1.122921563791484,0.6068420594962403,0.3465761849553212,0.736770587526788,1.245490689332314,0.5620591020014434,0.8096574205991034,0.3994046842944782,0.9793502427248414,1.7376120573970688,0.7371597038473143,0.3918295994639612,1.1780605923875647,1.2333221164789105,0.9937234219922662,1.2842465916189874,0.11024720464994667,0.47793233976933225,0.7536664124283203,0.6229664642782593,0.7615561972662211,1.3273251720681416,1.3878269332293922,0.46376679530062476,1.0081704058050853,0.0,0.7136225775708854,1.347451050295529,0.6522771080398799,1.5670464786206186,0.588420704643542,0.9285192040847703,0.5805167163179126,1.7201939935252144,2.115522616784668,3.47772451033897,1.439973078528468,1.0978752828642495,0.8329028011158879,2.434938404753111,1.1747898693943573,0.8303200728130425,0.5228937307306587,1.0671733738028242,0.7376093279377978,1.3810671086240378,0.8202007280054033,1.310894802164223,0.0,0.6494031409325249,1.2944480705751131,0.8828042060841357,1.6482845508470452,1.3397661039618027,0.9338355044586866,0.4709622324711926,1.5464880749493406,0.976644103453488,1.0394395547050999,0.6500264195053636,0.6947858696577109,3.5466268411305855,0.9898794092691899,1.2756252288759684,0.7613672004315074,0.6285602344078618,0.7662169412469166,0.7490613016644567,1.4455601460774086,1.2638992588012854,1.1540435329376444,1.4037839870926012,1.7805955502238868,0.190733934981492,0.3483648160498459,1.3825072148962763,1.6183134349657555,0.8459465941095298,1.086817307346541,0.9922653926751613,0.7267496587324256,0.7921989833773673,0.6723979860162155,1.0931392882672548,1.5289547866302273,0.8621856834658317,0.7712883696068085,0.8465086314307143,0.07800164735099707,1.2620111685706559,0.9838280493299834,1.0985701569187862,0.9984360008212009,1.152438385567499,1.403747579601023,1.4442817042045437,0.6849430373627199,0.913950529862134,1.791756550049792,0.8033982828533467,1.2662126419678021,0.5757303312855415,0.6795221858720302,0.856932113627867,0.7552774813425172,1.2148678474584125,1.0969815371990785,0.5592951532469493,2.0039296414325376,0.5381664120541422,1.4448343240558668,1.3490243312090882,0.9167779767282175,2.774339475995432,1.4515703287841375,1.3811310261133372,1.4764494072912635,0.76081907316064,0.20040064398199103,0.7224024529120667,0.41106564349542596,0.6148335201670067,0.3497811810936926,0.5152633332088655,0.6187692777164937,1.033225596022924,1.224549885452443,1.0576250086901153,0.6954271835464152,1.210888634646869,0.719854001382158,1.190031853868947,0.8076854080361592,0.6502875571681228,0.5836509527974167,0.6499021433029425,0.5178560319688068,1.0322226564581662,1.3881558806729108,0.7283940140847387,0.9812364807315549,0.7978417003956183,0.3554235064390996,0.8386909880176424,1.2532251372667826,0.6409437353502029,1.1154705100433187,0.764820348191756,0.7081063108811086,0.5708080873186494,1.1478370042761608,1.4325766469168237,0.7863317658902491,0.5169344813666991,0.5709804983428205,0.39661064846970107,0.6312675826249732,0.6214284369249449,0.802790372114244,0.9894746702253365,0.7510973264694423,0.09391033759440023,1.0353631764728655,1.7539825477212234,0.8831612808434486,0.6745384426714466,1.1245029538548856,0.7902914838924672,0.8110783366186555,0.815145551618141,1.9545031517612805,0.7875270829706,0.9775068011490073,0.7064505235898564,2.2572748668769385,1.1377340357918857,0.0,1.5310084973032017,1.535376839391011,0.7001062619847094,1.9661142753611704,0.6566752974287389,0.8515223867441899,0.6622081342779931,0.7265897546340123,1.2196695180285297,0.5365996791827841,0.8557320924691395,1.0335284788991672,1.5742469490039315,1.0183049651522458,0.6389978172555135,1.3516542840155892,1.2227529916336024,1.0873897892127753,1.0415454768353973,1.1813333287424497,1.1824912908919853,0.0,0.8719457043971184,0.8053761556953689,1.4191829662001116,0.8482076230769895,1.1090237785355033,0.9388080915384591,1.2183659507354028,0.4490229057377879,1.4864610896566108,0.8598990919830571,0.42794923027567416,0.9615767057453739,4.230538970513163,1.044497050283597,0.0,0.33574869600009527,1.5476099758144763,0.8445899796113259,0.9829877177227734,1.7242958936209598,0.5839573188335505
31,0.37012878282639805,0.6589696147128892,1.2945886230729469,0.0,0.8801408315096408,0.7766941900725906,0.6414723613798972,1.1919175705714204,2.536958936242988,1.216314740993326,0.5774192749486973,1.2146463445790092,0.35326081342363935,2.4304158112597847,0.8922244509931317,0.8582279758582854,0.8988232062913006,0.6731462061434627,1.4002720294143622,1.2537154328105284,0.5092110686077161,1.1544399375019727,0.9098177037791627,1.063449122802625,1.5963374623107578,0.5166940723242853,2.266257824641032,1.7138571346282094,0.6539301032401669,1.2731687225151334,1.1714799017028183,0.6765430102644718,1.1512456213246085,1.4463065536579778,0.752231739692278,0.9242821261570593,0.658041954172558,1.5664347870897697,0.8935822124986312,0.6226925982539775,0.7582115157992141,1.1155576277298263,0.704575374605548,0.9452710786062632,0.5542513850184961,1.7858361617649632,1.120609206984633,1.3052637722061617,1.1909203281987546,0.2529921757803529,1.5287294943025347,0.6493739543104688,0.44866045726656234,0.0,0.48478704826913843,0.9644629962344031,2.0847606053660748,0.7546333635535157,0.8441185988281079,0.6073387117415279,0.9717424416816133,1.047625963621116,0.6421492133516661,2.5124506178495576,0.8614570188404513,1.3013000754621284,2.0647310423720273,0.704461931609811,0.4647518305667718,0.1514809066825353,0.5452152191093826,1.4373416359546867,0.15352180535734986,0.744675092029138,2.3333016912722035,1.5963046602357933,0.4175140123174945,1.1803726883267267,1.0916963311811974,2.9088102484116587,1.0619950763330404,0.9966066374823813,0.57745544814442,0.8931683714504044,0.904352820324243,0.5098857968650666,0.42541056724324067,0.0,1.3714498842853335,1.0196558135681155,0.6206645760763456,1.572600726737039,1.0344787787069731,1.3024180203276974,0.7445930363701939,0.9229996996573419,1.103821073878677,0.8423672348858676,1.1150004333865957,0.3650325459777003,0.8536998073082562,0.9515344586144975,2.343718862509198,0.8435896330901113,0.6374576490714134,1.0756252491988425,0.4472610218752798,0.7041402645727954,1.3056993216758113,1.1844478410420822,0.9348044286171975,0.3359394185368914,1.2828302231704305,1.315498116244332,0.7841312177355341,0.8785090987354464,1.4708590676715732,1.136519833537548,1.380255779362629,1.1420383773586484,0.7440330183199382,1.5510658413911984,0.6253765712813629,0.6149782408352853,0.8909484690430577,0.3617271904849692,1.2929585215925614,1.5315655311664975,0.9193007691156855,1.2504988175590188,0.966666376233685,1.8238746122858132,0.9421338271329707,0.43231911094978137,1.8823515250517486,0.9385253121193566,0.6655938511739776,1.331898511364611,0.9000162516377169,1.1368497666050341,0.607103566056119,0.9970283961267183,1.097427170253262,1.1591258396209867,1.0055568962398655,0.8388705410568884,2.0948074881496996,1.4495892107568298,0.9841523612832312,0.7050752049874673,1.4543925996417135,0.8676734667178397,1.2492283361580712,0.8345204687606845,0.24009515156682493,0.5478628393364988,1.167652219046498,1.188641351068147,1.8544035188579664,0.5583154907988601,1.2787550542978912,0.0,2.0208313842515992,1.896356463897916,0.7447460543305586,1.1372484767207411,0.24702600086705212,0.8581678227494776,1.5894307991567165,1.1284253375744957,0.6285319637292867,0.7852556379038003,0.9087385127933113,0.4611228801075197,1.961488229880068,0.47271583715758103,1.9652599893700353,1.314038355414468,0.0,0.7440665160331106,0.8774352913827695,0.8586459713110961,1.0380612480270395,0.7779624597432043,1.3745769310929365,0.0,1.030252764660199,1.4918203074617513,1.0804019119848465,1.3769187958206108,1.730230387168486,0.798030457902982,1.0231073619076394,1.0956317647518792,1.2846565752232921,0.9523452293498716,0.6463114634829206,2.0167544066035874,0.9189762381926433,0.9013725328042934,0.09145080020405388,0.9804412537109034,1.009542093550083,0.7726610843118353,0.9021184453869515,0.7034467554460413,1.0980412498278649,1.305531318701,1.264460549003409,0.3541066070688035,1.0317607898851546,0.953545445648209,0.8161980476648318,0.927908343018113,0.7002068251827439,1.3035522938875115,0.8774372454571927,1.5996500967795546,1.4528462773362025,1.25659035185395,0.31815265992595765,1.4685690837941974,0.7148238036489022,1.1169136140503206,0.629132897008057,1.4139910421736381,1.3134056577677184,0.8033142290652345,0.9489302568789534,1.2427271168420937,0.33221204288007666,1.3547395770424724,1.3207064922310647,1.0585199842018431,0.661312279164575,0.8330067899319294,0.9046355226681441,0.9449057980104887,1.3056240254435805,1.316145594860212,1.0367603837541954,1.5354373827249694,1.342605556701207,0.42920237818001594,0.0,1.5910409782996802,2.022486056412659,0.733072518210596,0.3451716579723023,1.1192050647377494,1.2585093787913966,1.3563406026580604,0.4611379500572364,0.993407578823414,1.6112708909349038,1.4426681656843778,1.2976576744959036,1.9284090671739993,0.4110863411588617,0.48785145123343265,0.7923281088199956,1.3107197736957794,0.9619842905321683,1.3101047623503932,0.7749001213864111,0.5314006767247526,0.6437068352216184,0.8422869522740549,1.0150412434552294,1.1233702023654804,1.023470168589332,0.7752920703259072,1.9656926739208103,1.0672678815570262,3.019686876798798,0.0,0.5105518614405563,0.9800476660377576,0.5926428126709689,1.0783665029090086,0.9325881553797402,1.0883512652647191,1.242781373346694,0.5404485941686152,1.082139072064107,1.1004462855947255,0.729299785115562,1.1004693674574453,0.5208173706891663,0.0,1.290771767905214,1.183839822928181,0.6251280659480991,0.8489280556907417,0.7640334189182071,0.8723290706035962,1.1943329172217805,0.5584241383276777,1.4539232953900088,0.5463044727241395,1.5532226425083606,0.0,1.545199558921572,0.4441826982881783,0.9434263839094306,0.8442187846430889,1.2478847752044961,1.4319937343879645,0.7734890385242174,0.4421114734165055,0.842685810108381,1.260921425790186,1.1957633177758151,0.798831483471697,2.268521994794301,1.1523309309548861,0.8467971188357993,0.5344757327112315,0.6272726473344721,0.9852759009924139,1.385872865123093,1.0235036199694367,0.9364180366751775,1.2183768124146264,1.653830406066569,0.0,0.7041497524898408,1.2889725044575595,1.502521745154888,1.8314903608032185,0.6600832995941533,0.6492560984227786,0.9372572213113355,1.4086016745273389,0.7749451644629354,2.0404060502147923,1.0035523214249649,1.1317362202859884,0.6918645517130229,0.9682702949592858,0.3465460734976114,0.0,0.6763210576938147,0.7361110776683777,0.6942451834213228,2.7884064137726736,0.906024817382769,0.5861312544245523,0.9250349242977578,1.0031460911355374,1.2294085670421957,0.8939784149810854,1.2519553234521008,1.092724750795641,0.25515774746320324,0.9905005072742536,1.875946355904607,0.7640386881916557,0.3846938276148271,0.8430586527646237,1.157497468092582,0.8782990677967359,0.44529386469559856,1.0061948311396867,0.7900431468670359,1.1090204794726601,0.6382772016786515,1.9579559691699469,2.2846634357690307,1.008098553189888,0.5961324345220933,0.20131916808850686,1.4603160905494148,1.512176810833493,0.5607319222388757,0.9715903374367943,1.0214855765763529,0.39988342321559245,0.894724770320956,0.479064582977197,0.9865463910359531,0.7906734742391798,1.7354304980373967,1.9224353316082863,0.8984910178570094,0.440057075308602,1.4229288280648933,0.0,0.7462935399763756,2.7796220985681925,0.9815572180366807,2.1933395864713066,1.634658270169533,0.519773230537306,0.6144546101320367,1.4060819556106332,1.4079844768977612,1.6078855868411326,0.3922133630403303,0.5353059946114533,0.8873418201243687,1.4415941910607224,2.2374218400381656,0.6276780744263206,2.187440461099309,0.7116226206405369,1.8025204207358432,1.218402168804248,1.0916192486677572,0.8199888534367374,0.6660582351593157,0.8776236885438399,0.5985360348405915,0.7126838025831087,0.8659428616808357,1.0293543283226478,1.4878077963066403,1.0031393250383627,0.916510191207678,0.2897087898613038,0.0,1.5966150148713192,0.46831569030061027,0.49783454952361816,0.9065247144718217,1.0453405911122553,0.645756232255504,0.5508373934997524,1.1140429034854709,1.2691352196673238,0.47909527598851437,1.005848558819771,0.148645935340162,1.7222876177439561,0.6108925030303968,1.003347848850978,0.0,0.0,1.3907848779026195,0.5652622788585764,0.9285716856586944,0.8264407190154378,0.623184779062057,0.7034866816898953,1.2681759608588163,0.0,0.7134634610816509,1.7141639077833872,1.0375808399515922,0.8144927942318103,0.6108483337179673,0.9635170839983678,0.9847317185650999,0.9681643010781072,0.2598761631539708,1.5869935913453244,0.30287890180117616,1.2578371729843871,0.7263287476980284,1.8065179147932489,1.0138132090212608,1.4980927006053726,0.32898014522817076,0.7938225155299675,0.7541450271092972,0.32556089375592573,0.36858973692143704,0.7867843623417266,0.06415051910082166,0.7551066864210447,0.49291104855385603,0.0,0.9926511572741238,0.9318362459172511,0.7383693863848115,0.7962647484049296,0.9334477029597299,1.1020307124337518,0.14118172945710689,1.9268989877823968,0.7479177499878807,0.430551693365818,0.6301469591225339,0.081390965278542,0.0,1.3924306015409305,1.0938235774041363,0.9749760627546309,0.5718745194446464,1.0226358175646855,1.061328894402892,1.047839337190963,1.03814222210537,0.7688437429820161,1.871689487617118,0.9148673172437589,0.6410334229695422,0.9753467612047879,1.4851286714525653,0.9422983936740685,0.8912820267501301,1.3900330346373049,0.9443724821571593,0.8307486817264822,1.670734160330324,0.9878048593649001,1.1382372191600878,0.8569767264363108,1.0382628932300428,0.9600376468788836,1.459709834011909,0.37192467886083447,0.0,0.7517918260515845,0.8762963519002055,0.9831605978457779,1.0106067104832561,0.8691221111865924,0.9698666959855226,0.9562091235419026,0.8844324404630846,0.635649418399036,1.4308742009320587,1.0492209276755307,1.2158959849252096,1.8735950783139588,1.3588911079009929,0.7559593219767297,0.26180508199389957,1.8338907582491584,1.6539508361181814,1.1565414001894936,0.3438443851268227,0.8826551506198173,0.5543880580028081,1.552647639159071,1.623335321525806,0.6324789913347892,0.8770911132567087,0.7465854059734492,1.40170739497642,1.0094772645912429,0.485817299910558,0.4205887895420916,0.567545443519111,1.09974289671595,0.925283125936398,0.3416158423993806,0.8279957360318442,1.0808020449819054,1.473419330138443,0.7276371507288877,0.6148575149055421,1.0496757287626175,0.26957263552139227,0.6809177956881043,1.2212099678901636,0.9350026649541596,1.0919279613298052,0.9791599920914407,0.0,0.548899001447183,1.2103354517944023,1.4037192979946589,0.6971622612951451,0.0,1.117284780273775,0.509133791520614,1.2751736361645076,2.239673222511951,1.2760598185002074,0.0,1.111279338033878,0.47756475586586705,1.300678123106016,0.6710298848901198,0.7792878019031795,0.0,1.5792805771525031,0.7435132600201853,1.7397941084180195,0.38146493649441593,1.3556620873762957,0.5684510477890519,0.713508711713615,0.35611065315017526,0.9792966724300192,0.8241477792256197,1.90618824664269,1.0935368492684563,0.9437925565036536,0.51060739168299,0.7211760107054801,1.5301383964423967,0.6350473109427877,1.431659446218985,0.5683108009530256,1.6191835242501598,1.0960957688486015,1.1551269223333545,0.9643123097636378,0.7780726213367655,0.33458992565614915,0.6301211859651565,1.3752140863656483,1.0388760439280462,0.9495144723202051,0.6027220055040372,1.4596320832667087,0.6162767479897129,0.569109563041003,1.1681713667546614,0.6617084245500386,3.5017591267444734,0.11712581820507,0.9046682678171881,0.9561050545794565,1.174573692340059,0.8065614573738924,0.16004355740049558,0.43479489468613064,1.0983827345021304,0.64666117220459,1.4945011348213946,1.5239730395926785,1.5960499501861687,0.42249693862736537,0.5817157820008372,0.7040581846663035,1.0547027208659014,0.5851557472145344,0.9301829821188194,0.6328715462313907,1.919019700653351,1.0171898262080596,1.2040278835873437,0.8642856955486198,1.0628341971285717,0.1871788676610694,3.232704280220276,0.6881455700052004,1.182324516216582,1.3795746949980168,0.7796861730869002,1.7867670991315427,2.9818194511282097,1.397798434782041,0.3103024750104544,0.3987341560167186,0.7146006475530609,1.2588355494105647,1.1646210228753404,1.601803644463332,0.988824359503348,1.2657057973523258,0.9608594008284331,1.992593799327177,2.1781796992627522,1.1865021251480585,0.6996754946304918,1.172942818262356,0.9548935048144214,0.3389917444453863,0.7904736453723098,1.3451153273812462,1.2079830172712374,0.0,0.7159529371218085,0.643598304606722,1.71192055329544,1.6377288124187328,0.7656785761458997,1.070128415697654,1.0106577996068657,0.7970207931676176,0.8629392235768829,0.5199959001814983,0.512838699772363,0.999390201714565,1.1158092469691816,0.5803337059027487,0.7134341420365431,1.14994695940619,0.0,0.43545861436066713,0.5874836620850292,1.039739011923967,2.0602077526190445,1.112010251767041,0.6165387850225397,0.96349758620506,1.9883357876687233,1.4685476530353643,0.33085931771014854,0.0,0.8378795938481579,0.881208300340049,0.8604938422435062,1.44998055026093,1.1716201394355028,1.2984270868898027,0.8445893591081669,0.9802698835610285,0.0,1.333718629229108,1.5481719613075147,0.8970386580425826,0.7799227049573774,1.1664793656612211,0.6938657550010822,0.6869612104373475,0.0,0.6013921104010449,1.3113613978671266,0.2589385965939863,0.2587890301513713,1.8113763048942602,0.3925951832366837,0.7168239770034304,1.1811813262188238,0.894465305411735,0.8580811637118617,0.42843405566468784,1.0030295938205458,1.5825456402636155,0.731796640622002,0.7954799382796305,0.9459028352627934,0.7688592500190576,1.3911879701147951,0.6121000739167765,0.5778684341783945,1.026981041040848,1.1423182424838751,1.6853471546162675,0.7233212621788555,1.0398830750471408,1.068951691406928,0.7107048673050705,0.20778301068532198,0.6676250624558739,1.1951917815434232,0.7639151289708809,0.606902404246208,0.9760061056570359,0.6331975449660531,1.2030162771024637,0.8061520801731106,2.8732263031910654,1.0117799967767436,1.0293928606161524,0.8392583800589135,0.31000002393306975,1.6277354546473732,1.5022944002589242,0.9463345807131169,0.7978798925456705,1.0146499759312593,1.5978951985016216,1.0485137546470773,0.6061607446033176,0.5159150628881666,0.04124436432140267,0.5606893699622744,0.5007650711680949,0.9871244196040123,1.339489475206723,0.21775524745066566,0.6811200168745114,0.49447602497485066,0.8719123128904716,1.1602997283312104,0.9544818197572964,0.9774215369153381,0.4709938284474772,2.2820262576626433,1.513137560686014,1.3666993503247342,1.385242192343731,1.0374153257658338,1.1057155423538627,0.4223683898075085,0.5198642774329818,0.3306021873162366,1.2064812934247306,0.4400281768003137,0.7663746320626259,0.183060483075279,0.928755843938629,2.041277193502701,0.836782466521683,0.313735831659814,1.3021409775891633,1.4315558851752552,0.9922844911761065,0.950235973205068,0.027561801162486667,0.3861206242155721,0.6630035061931738,0.7095878434838189,0.6269557557868092,1.3242893867236478,1.2483853444208683,0.5979042723104647,1.1533671292039684,0.0,0.6890247413085275,1.4838078340370089,0.5120092534134691,1.764206992792605,0.791151317466431,1.3010287252489892,0.5157827264860393,1.9906264822218953,2.0382274856903377,4.1628076849570945,1.2762953984992507,1.1878650587551176,0.901883061218155,2.631065835710682,1.5517208394997068,0.7903467842568903,1.4627038403698194,1.0531998666562836,0.5041057834368088,1.221588126826965,1.0375364662661861,1.4827021729183154,0.0,0.7025879042723092,1.3654926505487768,0.8979142397747522,1.2786086738256803,1.71891140906241,0.990258180484693,0.5872679146560588,1.4591298607568075,0.8498184600681564,1.0426376224296277,0.6111026732242353,0.5250532752967132,2.617748415578374,0.9182333189244091,1.1810619453999216,0.604144183380904,0.7085950762471565,0.7042415942963905,0.49840286410726287,1.5779035252654272,1.310509465106247,1.4961394744521894,1.4101168285337633,1.73495628050852,0.24522934404290758,0.4213521574435441,1.4778910974423627,1.541251124394654,0.76665313754031,1.0545899213582897,1.0166150563793077,0.6483458263446537,0.6547237415080771,0.4011425977912798,1.2684027321827624,1.7162243449758596,0.817123996004588,0.798267751631542,0.8728448846972265,0.17828947806755163,1.1860682244845524,1.0723899212836148,0.6867161174893731,1.059575607073194,1.5624077065820368,1.3785715910279015,1.3340008298345283,0.6345123062243746,0.7862325693045733,2.0267423080981697,0.8349343409661691,1.2031517661773912,0.5021255459880684,0.4893775327147777,0.8754709351045293,0.7445701121777584,0.7761655679596773,1.3667783985678472,0.5771201853009383,2.0146978107005156,0.44861831279545983,1.520898239645025,1.139271395072639,0.7976156861341837,2.261064738824066,1.4319703572079638,1.4168217366255875,1.1325235422250008,1.1006522367641132,0.49278846783875485,0.22657167751778987,0.39011698716412485,0.5939919299975545,0.38455474932510897,0.3556423757105646,0.6741200010809839,0.9472181815032191,1.01894225680666,1.0822201094502417,1.0615713341748425,1.5377121168308523,0.7325078889259281,1.47827826615374,0.6677538643567948,0.5620418250441227,0.74229217875535,0.6499021433029426,0.6492816143387755,0.947085843046619,1.1487042714249542,0.7758465387323199,0.8273062611508493,0.753960094424731,0.45498088418324933,1.0302616872325334,1.5239455619836413,0.512754993407711,1.3163822172482855,1.1095428510486722,0.48660384079654717,0.5335222355922347,0.7818481122900189,0.6214285312578274,0.7422729439515099,0.5811170438490472,0.7643004065432992,0.41890191303383906,0.47099836590871236,0.5437498758361156,0.7233576913493798,0.836570469905872,0.6711433191544109,0.2347758439860006,1.154095619354913,2.079578314773715,1.174719327941457,0.5689595955811031,0.9320869795967934,0.8937185161596104,0.831946550365258,0.919642037612887,1.6315663456102891,0.72737154414537,0.8764835337421693,0.8077078282959851,2.5083432168081115,1.1364056242853375,0.0,2.071262338602006,1.580050299827411,0.676524823441722,1.7399413026753603,0.8592146916498492,0.7287693088703322,0.8664242776175787,0.40087710946080857,1.1628022531102915,0.34901900090864,0.8143351555937173,1.0952657969840642,1.7757576572274805,0.9011747183511989,0.9951738883866956,1.1975460865039755,1.2817387726914757,0.7942064195570004,1.0421086665926134,1.2786252656673236,1.1540218602756764,0.08204906804805062,0.7865636721759276,0.839524289109879,1.1911214083411985,1.048412402397616,1.3494195232318194,1.0541774736270235,0.9847935977251054,0.48160560632385774,1.4693271432036221,0.578499529731151,0.3667511635372281,1.0177272978508403,3.02477937176904,0.9468058552043661,0.0,0.5036230440001429,1.3408569713617025,0.8224124278008258,0.7607034853611734,1.935237582415477,0.30704063463180603
32,0.2340169050746006,0.5125319225544693,1.0429844107998467,0.0,0.8785671471135532,0.8228506947553311,0.6414726821159175,1.067278370048624,1.9836130978224469,1.003475854370047,0.5106011376207543,0.8744948522674456,0.5525361414754799,1.8056844360667679,0.7091320995769119,0.8410863321801711,0.8182030236030033,0.6378428522445518,1.6424144490103,1.078696501970473,0.5194009413758157,1.3552120950900297,0.8471015213992704,1.0884427928493887,1.859924371111973,0.7122646679798121,1.8437669024675931,1.7032424957219825,0.8111093524204736,1.1565522805912483,1.1347090667212953,1.0148145153967076,0.9475630251898527,1.2443224078903126,0.9787341394048251,1.062281098476357,0.7081603034258555,1.0493275060404421,0.888895371140344,0.7893806202526003,0.6591973117488878,0.9848897244189488,0.7980712505890303,0.9792879071837586,0.5756134616187221,1.8509061756102267,1.1977758283633784,1.653045594391465,1.2086823513593279,0.6750077345651193,1.528210702331519,0.8082505206730581,0.44434197739583703,0.0,0.5730617026284313,1.314359454302404,1.754309870270411,0.9706390546508251,0.9029203906177439,0.12422837254251362,0.8791207883246894,1.1584716978454122,0.6421492133516662,2.3875391873339082,0.871991104670487,1.384217457597316,3.0970965635580407,0.7576796809321928,0.44731421184743175,0.324014225100471,0.7103078119754684,1.3716851836395438,0.6140872214293994,0.8369235543945333,1.654531804897026,1.950988243313041,0.15004409610228092,0.9338218879465527,1.430142036100834,3.0577583813244402,1.0691675995114163,1.0249631903186744,0.6336419670389472,0.9053561859745334,0.811170152490007,0.4728389576458478,0.42094727244685937,0.0,1.306601653549716,0.9068880412864497,0.8035542901990487,1.4708280672416412,1.1530404110340509,1.2483840765021337,0.6878787303514471,1.0929059514384591,1.0931765505694622,0.7476983454271362,1.7206319574746427,0.4105526417682703,1.014624006286671,0.9399297128751095,2.3024319756644567,0.9032178044739615,0.524440385128816,0.9456756213618667,0.36774795021532636,0.8361665573038255,1.2527118155435637,1.6981022986116758,0.9962016929745199,0.3903478694020853,1.0380958249121552,1.4030466161524093,0.7152521827728137,0.734101342702754,1.509153055126061,1.2807071178495941,0.8566058252137353,1.0124815863118122,0.8745404382250567,1.36309230780102,0.6974947648197455,0.6497506989281651,1.1585414948463313,0.6620431335546135,1.0053598517157658,1.1617609725827318,1.1157180424714732,1.2749502251596545,0.6444442508224567,1.3093345376558785,1.0367046198425636,0.42214982322567796,1.5632724068679837,0.8998438973228794,0.5692159765632475,1.4339954104598962,0.8731759827043097,1.1754194023936595,0.6766443601659244,0.9331310889257013,0.9427476459854705,1.0319488452417345,0.8160802126362832,1.0132072320557461,2.0266998884612772,1.320706314184987,0.931138697953285,0.7549786574098944,0.9902908041828968,0.7007707268906112,1.252123990160399,0.9217352173082032,0.24100651544269786,0.5109483478288035,1.6367090911465592,1.10715827349913,1.5600970572443338,0.47864114067114966,1.6107510551752475,0.0,1.6331230893804702,1.9072061768632502,0.8623906508762995,1.4181789639728792,0.12235867338061121,1.0914633879057347,1.1691985415250503,0.9977249739334011,0.5702725663706067,0.8346669384518943,0.9776942203637553,0.4134216756191126,1.9776128358168479,0.49597860797816085,2.236643411393404,2.3138501363996316,0.0,0.6823592254479424,0.9183642657761288,0.7920949513213287,1.1655424542445987,1.412851390292288,1.3339089780409876,0.0,1.0108745658812903,1.3178071764851476,0.8528794073352318,1.4487624879156167,1.2669799824929906,1.0431707639640577,1.0452583392410268,1.217420858526835,1.0720094677210983,1.0383262587351414,0.5442622861572092,1.602310039744264,0.9709990537084805,0.8631009321775656,0.26625519031533773,0.682553264866762,0.9614358288217967,0.8992350766070981,1.0050974572671167,0.756266627279921,0.9590366344121964,1.4162221349442015,1.8556368929416025,0.33232999602138885,1.1480961086267651,0.9439413494772233,1.0363117835308322,1.082857038868139,0.7524286507706659,1.237391125235897,0.7871706178886588,1.7967488331524593,1.4783805167137687,1.0755671551314328,0.3720825448100034,1.2084580434291337,0.7036794658733005,1.4057934430903587,0.7253459480008101,0.9769187198463891,1.3673099283586234,0.9749209862951398,1.51376969513875,1.5128796624283471,0.45424911791933503,1.0637235377133658,1.3322283333999216,1.1248097101967973,0.8399434244607238,0.8883676114611487,1.0748202319847766,0.9536603322055812,1.1716407770128465,1.516750828902693,0.9928870305692643,1.3183739787554503,1.3625897221145467,0.5785408594354192,0.0,1.2729190447868375,1.8278831110674976,0.6877301992481499,0.5829481951772016,1.299011782221894,0.8136255082692325,1.2926046810690028,0.3664639847254642,1.0400466990263826,1.551527315570526,1.406599001969043,1.1105222958650318,1.606723641932541,0.48307669281656296,0.49130123100124534,0.9425319224798288,1.0307728941606522,0.9150494884718824,1.2640768253447958,0.5955564235079739,0.6019313058417306,0.7871281790575475,1.0391453038447047,1.1400582278649998,1.0026142892425307,1.136465272616432,0.8195055254146919,2.1288418999730263,0.8018089144414812,2.7775709330832514,0.0,0.7658277921608344,0.8091134053179233,0.6449806900974198,0.8970755866296026,1.0834247431485244,0.8970028625762462,1.1413862728946678,0.43004325746509464,1.907208962205444,0.6071427798947804,0.7804611167061977,0.8091306544424035,0.49939963639107166,0.0,1.278628900409371,1.1729899432976418,0.5239396728450915,0.8066178566201343,0.8360398714321473,0.7115883898756333,0.8545397894026583,0.4183029441244516,1.4257272649695762,0.6083300656256958,1.4307465680794198,0.0,0.9727230987928397,0.6644130310241891,0.8850295471214611,0.9590245313917137,0.9691625931802094,1.6985327162062913,0.7341544375265079,0.2702404490728106,0.9865589881766514,1.4878033196649807,1.4880798212575042,0.74979548890953,2.198427978397078,1.2130212019190352,1.1652208285437466,0.6029196960358023,0.418181764889648,0.8942108440289744,1.2968119715681494,0.8119413845513569,1.4246847795943736,0.8086571712527381,1.581130485656428,0.0,0.696380984355075,0.9724765549715549,1.9921190300697733,1.4054826549121537,0.6453210509836542,0.48712786894327115,1.0303362580447792,1.5029058775491162,0.8236809481821254,1.7476702756063038,1.0335093446652188,1.0650926391199755,0.7320679301674513,0.9228565741434951,0.25460527704470054,0.0,0.7025691864450188,0.32204860798164797,0.7368604844911173,4.267106826559446,1.068335061000972,0.45217373933700644,1.1636397000924044,1.1399397225815497,1.3386433838847127,0.8634454877228273,1.2650651368312127,1.0662362204094862,0.26288979971371984,1.071544344633634,1.997352014771026,0.7864119289191158,0.45925452236432474,0.8564952742989065,1.0988494781373794,0.902648408265619,0.4091889505671884,1.048054670530352,1.1286208214500875,0.9920622153305754,0.8512950598676419,1.7957035763018043,1.4177870123605019,1.2926773198887904,0.5051885459306344,0.2800962252995468,1.4509892900762738,1.4497643978727397,0.8891830062777091,0.9717978386852284,1.0874541052420343,0.5304609281822086,0.7823738355240093,0.5700076483982963,0.953791533822933,0.7382110189554945,1.2021901068930008,1.5498324139564805,0.7861796406248832,0.19043079097297946,1.3175396544957383,0.0,0.8458626293348269,2.8838579395701167,0.9594431788366713,1.7384340145189627,1.4272969688413037,0.49520304271197163,0.7966581483117083,1.5597650681103143,1.1854164931142668,1.3213870947052726,0.2662586643497322,0.6677856539941055,0.7363206644419671,1.9549032610046002,1.787965139353998,0.5406941709913937,2.3539993444233325,0.8241326512634173,1.621597698738685,1.1195139574774238,0.9686585924878948,0.7997104069936363,0.8877888428588534,1.4861502138998637,0.32845878158351377,0.7939431654559425,0.8225314616511543,0.912178939219791,1.7498296586154884,0.879489655285905,0.7253621756757419,0.15874454304213026,0.0,1.359328023922179,0.7338781613812341,0.41900437477434554,0.9485889631051672,1.4100339712117087,0.43581170325113944,0.635078109253784,1.0256735852625107,1.474169738658631,0.29109586235643997,1.1028218431727193,0.11148444619633885,1.9625342463446742,0.8761751018572017,1.5050217732764668,0.0,0.0,1.7980746998275081,0.6647975922959921,0.7255189404757819,0.7956921488081162,0.8588404681793302,0.8533724387724079,1.7811801797737847,0.0,0.8003117978716937,1.87489754370928,1.1233426092273,0.8638481685187597,0.7182663823754578,1.036417203913738,0.9360672304638425,0.7451735075345396,0.1097700189312277,1.6921302224072836,0.2908825186264692,1.201506072550188,0.7736254599776602,1.4278398175702216,0.9581904477758909,1.2631509753414116,0.45198823393939125,0.6026831459162675,0.752973733929593,0.4556033021826573,0.5736253392010637,1.1647494065766302,0.25660207640328664,1.0189373588243158,0.6105264471202345,0.0,0.8739709928862931,0.9269952013586966,0.8113946434364113,0.6783492430507654,0.7752584160810896,1.1010665140020972,0.17855336138434882,1.6896051511575836,0.7066319127102484,0.5715944846688632,0.6790722932594178,0.325563861114168,0.0,1.3969431216407355,0.8968986320451116,1.1594526279625403,0.45561972169343895,1.0240336843778317,0.8972791654915332,0.8392311898924688,1.0916597937593746,0.7591681731541657,1.8722089186771882,0.9689815943105313,0.874326207934021,1.0201856672359564,1.348562789473054,1.1355674919641432,1.0170563103867913,1.2378375186867614,1.1615464985249564,0.8959301504978934,1.3442117053891525,1.052865290946521,1.3776776966872635,0.6291880591991703,1.1677928721511042,1.9373732334566462,1.5082179131302536,0.39669655485717126,0.0,0.6712861148768836,0.7543851852851691,1.2053920391601516,1.0235287340824542,0.8296455153025524,0.40417890831951475,0.8891067200045448,0.845303419006032,0.837884273169774,1.4386527089956538,1.0766160689258684,1.5133977233171196,1.4288896287601154,1.2881957857938682,0.7192861891744717,0.30963485513863503,1.490704594670464,1.323627578163914,1.1935405275757598,0.3785147321472795,0.9116499433977825,0.45261522127672216,1.6605429169862163,1.458527223075054,0.7236306173328266,0.8527305810260984,0.7380118139476628,1.4069539320883382,1.1073908852953211,0.6038109181713291,0.5509230449665569,0.6154483105962911,0.9144895366654527,1.2315975365055731,0.7902438643224681,0.5941519852637528,1.21642291640761,1.77622732232361,0.700350778834588,0.6622420401512195,1.1892307151887906,0.2938498752056896,0.6835651501419091,1.1719449183793524,1.0834813716044924,1.0581114322303504,0.9668555373184834,0.0,0.58236845280936,1.3957375670358996,1.338062123332731,0.754562983607399,0.0,1.1479954783019723,0.4511835979982459,1.109006840968191,2.0243200161676143,1.1650348945887234,0.0,0.9157965342837286,0.40516898403518703,1.4090679666981838,0.6423066905012377,0.6372945854050485,0.0,2.1895989216816742,0.5701648814614113,1.6093540938628028,0.4881577673977544,1.3072601601758944,0.5293385327621076,0.833018283937015,0.2343969542248,0.5535155065186538,1.1529931754697176,1.390352497908156,1.1342095207812555,0.659446589452451,0.48199915582751407,0.8470188018615008,1.678340992930511,0.7498202347801514,1.2126471859203083,0.5239102924324239,1.5980748329393424,0.8834698766918264,1.0534458898045076,0.9786369830002944,0.7300319202341644,0.319008525951077,0.7942329477353016,1.184757313457789,1.1424794710356136,1.0539231711071582,0.5594001613731489,1.2755170396217665,0.6055042127961174,0.42141438175504553,0.9608131055685061,0.6666548769641065,4.90631075212364,0.455489287958725,0.7552296223665786,0.9599528658778557,0.480972867636176,0.8318841650556753,0.9162493505135919,0.7134435995292403,1.065058254110102,0.7604057642214264,1.1164359522852656,1.5581281832705598,1.5038964933443215,0.3363882718259553,0.8635809577181136,0.8853464007710727,1.3425009279197786,0.48623717532566085,1.0715749961433243,0.6568059602139731,2.075584561624944,0.6170243375745031,1.168891162782995,0.6354791080613915,0.9728097163296016,0.4185804397425761,2.078616288382035,0.8461060422095795,0.950608287131034,1.327005646645114,0.7769332606861374,2.0579386581033052,2.967454283003318,1.661076073115983,0.4089025879642946,0.09968353900417964,0.9198066889218641,1.026288374406643,0.899289205472154,1.5374163173599054,0.8249300206425189,1.3429735740267332,0.9852199841485849,2.403647587909903,1.7359928628342678,1.0948712256699098,0.6793841555269338,1.1935051670734231,0.7907112134190654,0.5084876166680795,0.4637754700885143,1.3358615502275226,1.2200628577118038,0.0,0.6148674856148513,0.7216779160955797,1.4168538315869923,1.5479623367086277,0.7919365301654006,1.039382424704674,1.0391231099504772,0.6902561156136297,1.0672826835390326,0.5794536490845645,0.30455052276488787,0.9614213356117738,1.1673381254958661,0.5556946196309014,0.6551436710375939,1.333421993390944,0.0,0.3255370214800964,0.6378070898333388,0.8868603049460324,1.8913932140537502,1.2039944023041678,0.4360712701791092,1.30954410630223,1.7438274762273243,1.7945922836718364,0.24586044853556455,0.0,0.9536936446413826,0.8555552126523357,0.8031424606507558,1.637571413524717,0.9820290748115172,1.2162399616136328,0.8487508077321129,1.0956534468644654,0.0,1.2472307902352338,0.9698549706996765,1.036563545320074,0.778277853528824,1.3284465862870014,0.6035899409512883,0.6319962408958331,0.0,0.91648603237778,1.4073268591483294,0.3735189219050424,0.23722324169584807,1.4288978851518719,0.33272009226499905,0.535892192976957,1.3002711261809967,0.7434149471862025,0.8547442589546528,0.7760070010337495,1.049135354342514,1.8498574748461372,1.0583796599036681,0.5224756709428798,0.9984529933434492,0.8978372656467688,1.621476135911716,0.660271668618386,0.47027339676781504,0.8839486167796701,0.9226131098936473,1.5969188120425786,0.6414472478875247,1.0203704214393112,0.9967660991828688,0.8623791369995548,0.0,0.7532722649930201,1.1813405133661734,0.8996410372604583,0.6495478498445114,0.9536843536972919,0.49571548214135064,1.361269415019526,0.7594165778039458,1.8581344760270369,1.1937856941965823,0.7638233436882735,1.0047132177248652,0.49370373969313297,1.8447895424925738,1.2667722986395993,0.7675185719439148,0.7890402513400852,0.7784140878775418,1.7021057613444057,1.1978371453801728,0.5317204310606242,0.603883214012605,0.0,0.7273807878929355,0.5648770278770565,0.9484298230228203,1.3299424894137328,0.33405964945521094,0.8259970408532868,0.6404821014374833,0.7590148766596421,1.3867199060171034,1.185544160558497,1.0378819955390308,0.482888676653471,3.532111633357406,1.3798000770897687,1.6502071710044166,2.2935538017593404,0.8231895301718097,1.082764281174235,0.39905260166263373,0.488357350453853,0.06612043746324732,0.9545614093222567,0.29484651160779896,0.6618078023146652,0.33283724800663783,0.8755230593220789,1.8599175696515855,1.2435398789521148,0.28606512925514244,1.2272424757362757,1.518186579959245,0.9952596004270179,0.6918380875574559,0.06982322863165781,0.4098954749928035,0.6775452154947157,0.9136431677452432,0.5361830160034154,1.2935507843017595,0.9785918550472247,0.48331597747380106,1.4276839327623234,0.0,0.5532576210975252,1.651491984478319,0.34525558412368,1.6784075209814784,0.85954066063694,1.5446954508433417,0.4917758139933205,1.513825180641529,1.829983598778272,3.5211092131048907,1.0836936053612019,0.9758042667618763,1.006995770046362,2.5574781562883495,1.7837549264291388,0.7937406050574295,2.4191917132945795,1.0710308649978568,0.2510566352727143,1.172351482517155,1.7640775334633485,1.3661679600596912,0.0,0.7635036292305322,1.2195336898285112,0.8165022488606928,0.9650967078755155,1.5983259172113677,0.8784796099932743,0.832170433396789,1.2244016875805122,0.8161006763605144,1.027806583578761,0.6908963233002592,0.44087413936099906,1.612026382852638,0.7885580493063888,0.9464251511393962,0.4854478255367909,0.6359866600682927,0.6295154207454581,0.5078597700855355,1.4894397451943664,1.2025945568389516,1.6167604105980524,1.1652462343631014,1.5746914781466101,0.35637129416494506,0.5781146034648554,1.4235686145041035,1.4720721771923588,0.7458261944289896,1.0217119239039874,1.092050624038637,1.1583722454301126,0.5839165314678371,0.3126145780222908,1.340578743747551,1.9319084352563707,0.8328758915160022,0.6040196549984416,0.8913710758331365,0.2674342171013275,1.0691889165594506,1.055915392458871,0.34335805874468656,0.9541461339453287,2.010402876225066,1.0756089001158984,1.0408595058181973,0.7087563028487595,0.7473888902415289,1.943447644607915,0.7643770616682115,1.1483765904822767,0.4883079220924006,0.4449212958235236,0.8333280274509824,0.7190478792275998,0.39089497786286687,1.5142609317098867,0.6615978150416277,1.7508829584529397,0.3550629572354434,1.3272895245099945,0.9443211519584032,0.661410640448847,1.1979147042385414,1.3570976342518224,1.5567222074626734,0.8430712666044555,1.2597982424823633,0.8021998918955768,0.22985532144886595,0.5036983523804798,0.5459537543278992,0.36196527052816296,0.22090326938082339,0.8935539522744202,0.8323905049165263,0.8077117283970265,1.3048573984167913,1.2132243777936627,1.2511688684130227,0.9179344952926738,1.592972432816068,0.8151429586368166,0.43473138263967503,0.767685033349583,0.42893540678111797,0.6198579720602253,1.1312011144171583,1.101388764311475,0.7102045531073226,0.7308880750484903,0.6653916346850254,0.6010178861098254,1.1881090316959422,1.5142066211302385,0.6153059920892532,1.826995250438915,1.1443041147982784,0.3003116787018606,0.6104674537737154,0.5727335151143809,0.24160212388849744,0.8717397400248948,0.591862361476649,0.9173470984222929,0.495663476348842,0.48472470384112326,0.6214284110320999,0.7634637282300496,0.760268119199498,0.6227005964597412,0.49955082323012623,1.392285344070879,2.131569821319629,1.2509460733485955,0.4743940155907319,0.8201299664944245,0.9196073566491882,0.8609370951853357,1.0605007921868732,1.3006970192618645,0.7239096077890825,0.868082945637417,0.8792512469631883,2.442916391795203,1.0359335020550549,0.0,2.322816051176975,1.596396613888323,0.6347271486741783,1.5481665687694655,1.0148263336550407,0.642361876527255,0.9198783488580174,0.10021927736520214,1.1429931985783786,0.1856602667762586,1.0042120085655686,0.9306621318364919,1.7408795987479788,0.9501851260303846,1.3105975506989,1.2453226000065163,1.1703537455550383,0.7675544516978141,1.1095219652453,1.3083490715428465,1.130561906276069,0.3281962721922025,0.7093326377076735,0.9244682004113791,0.956325750376212,1.3278514986015912,1.5227971922111758,1.1492988202145886,0.7574248463178639,0.5370561858834645,1.8649481698834567,0.4492731213772399,0.3983803964801794,0.7346325339614084,2.2820380351424885,0.7028850734786538,0.0,0.33574869600009527,1.237623620260329,0.898919669477334,0.8385561920166003,1.8318727435070126,0.2569330783097716
33,0.6017577523242248,0.732188460792099,0.8905858787297243,0.0,0.9575244377496286,0.7855105924515926,0.9622090231738761,0.9977750358860156,1.2995722389836761,0.8494221848478622,0.48809443325099167,0.8742423276909354,0.708786112285932,1.54286322007933,0.5829436247084031,0.7779937888822606,0.7920936423113494,0.8490132383473863,1.7448210862860711,1.0258397972793798,0.4638669136795013,0.7779921263390432,0.7225100685177784,1.0066332264863362,1.745314657451481,0.7662458346527989,1.368580174134692,1.326014296919863,0.9306001281101457,1.2180144826933934,1.0538814417052675,0.8456787628305897,0.9096052649351926,1.0579796267847639,0.9833451872234211,1.0886856833132668,0.8526656607577259,0.7405335881787242,0.7650403055864479,1.0377630491017522,0.7755951980852096,0.94351113509003,0.6726314364703517,0.9385426170995697,0.8663952084272885,1.5227020791252834,1.3140847011676589,1.9451834895555322,1.0766355684677975,1.2826698059422146,1.4889530731359704,1.0284588215785642,0.4709498135315089,0.0,0.5758525757120192,1.6135309752880271,1.1942364568946693,1.1965711392304925,0.9548648250465506,0.0,0.8116168726853177,1.1615145555341062,0.8733229352954586,2.5069887653551017,1.0467098137077713,1.2537150268001365,3.3551879438545447,0.933554723333947,0.35503549301963955,0.48908556973837725,0.8514838935519827,1.1684194897327798,1.028596089753373,0.8566652590733621,1.2805635148824885,1.8250412894910186,0.20875699816726895,0.9069620520952589,1.5482594099126712,2.5953254000502164,0.9857969899684671,1.0818577661791557,0.8209843289464818,0.7812896595967141,0.9163833969473973,0.4355455662831443,0.507565984950588,0.0,1.0306338008253162,0.6442303443902452,1.2301094696784673,1.152449970694855,1.072537075533781,1.2895732499407102,0.6352490036149864,1.0499097643551694,1.1074178514581945,0.6571818658670985,1.8302734457171828,0.5089241337582137,1.0913592755489487,0.7982980865274828,2.381352302727003,0.9671823221677158,0.37876249914184185,0.9757404440887184,0.3975653483606342,0.5281051929285013,1.040809135643495,1.9383062587487594,1.080125098713605,0.5567024687752375,0.8449864859260443,1.3556709699103375,0.6029430867059136,0.8356204199492023,1.577487161695385,1.3227460180187793,0.5355685843899222,0.8591915592892371,1.1095529743240515,1.1100551438993498,0.7667811124496928,0.3732186048454761,1.4346995983256519,1.1278698465323964,0.8344258388363517,0.9045754163263633,1.298174099850335,1.0429033971494721,0.16111106270561418,1.6913237644559325,1.0324284884010526,0.4671745642112119,1.1429391730801313,0.9370712585160981,0.6356905662673611,1.6128959769790088,0.8446828123394936,1.2064009588591087,0.9166011187156011,0.7889525280963451,0.7902225213158149,0.8906493790760377,0.5443817180942868,1.5013418716309388,1.9596230967927384,1.4065272762575654,1.0494133559806365,0.8731337956576362,1.0958390479912739,0.6884497550397208,1.1932253726564486,1.0059292764246186,0.22940453261624427,0.545622420111803,1.6067692840048993,0.9323591753006226,1.5887472052990017,0.4574290969340994,1.7451154166980158,0.0,1.2372529963018417,1.5728077831149805,0.9851325786868665,1.393504932467191,0.07757077874082163,1.3878527131878755,0.7968738846327615,0.9231205204520296,0.6455215346181555,0.8325002452788927,0.8561469472156804,0.5314312316584945,1.9192669925526191,0.6045325182533445,1.657091841421259,2.3995482895996174,0.0,0.8608757357080477,0.9654392124566853,0.7803052974904553,1.1564366459955164,1.98514567249754,1.3827105257701213,0.0,0.8846167223257182,0.9296305624987424,0.6847055196224587,1.3255341535409313,1.0782452226616683,1.2055766751211685,1.0051517351079884,1.3057633004231144,0.8842629513928846,1.1285417935645787,0.3061475362291832,1.29243641991448,1.0913191308043393,0.7973420214299153,0.5696622633314339,0.564443977061747,0.9016353106570119,0.9829676306198705,1.1305084597694324,0.8231872353748221,0.7046791451774747,1.4409491227260434,1.8392153141475727,0.579526070277361,1.2854099283447287,1.1398336100457345,1.1269581907484627,1.26861965136895,0.805113552575218,1.1179294038783805,0.8115248012391465,1.7234608848210982,1.440939697975893,1.084922330644157,0.47932000074682346,0.9386024692719349,0.7333990651900092,1.657763866871874,0.8348769289881972,0.6098683258614448,1.5135733103435443,1.0110503051464779,1.6267375805313518,1.921021272429153,0.5118777317913248,0.9338989331720937,1.0741552318149166,0.9626114437817593,1.1417446832504177,0.731536139242281,1.0472607370158562,1.015125473933071,1.2146389483321913,1.428075918405726,1.0251430435760787,1.1738304705663776,1.284986708297107,0.7214009708425655,0.0,1.0041089105678014,1.42664230593186,0.7049576915410807,0.7715954494955226,1.474719920794226,0.7972590247394786,1.1040992237000702,0.28075204497089423,0.9562609839620083,1.6194245106089498,1.6159804362972832,1.2141164611477804,1.2292961756078944,0.5054999424064432,0.5762670058896688,1.1566928970889487,0.7169112808910887,0.722652630162856,1.4620325522951036,0.3578978272233144,0.6491680505398048,1.028096896157818,1.1651365084954515,1.2457650905649607,0.9158237777531673,1.2350093358096643,0.8287396905821063,2.2088944926517518,0.7656570078303164,2.2176509012302583,0.0,0.5105518614405563,0.5992991774002497,0.6584843241203416,1.0988694268540131,1.1431219446581595,0.956919188974314,0.9645394780932973,0.1709146277972543,2.7561375010243214,0.20870532969946154,0.4785089354461642,0.6869319252391373,0.5224672976712583,0.0,1.2806617513071985,1.1814444243765274,0.5768176050955369,0.7096794546770133,0.8835056896031566,0.6012733285070737,0.5397058275011214,0.4904241236885831,1.3031241358119017,0.6556467609848514,1.125856180359674,0.0,0.8609021716837137,1.1597493553734992,0.6292855941738213,0.9668418519256712,0.7259459414484686,1.8370284613534857,0.706312063552612,0.2659272233274246,1.0687722371913724,1.5015448487315766,1.3838142681787413,0.7384227732890504,1.796512802957762,1.321780910230041,1.1967132833692533,0.7062702064466297,0.104545441222412,0.9599434040330412,1.1651869677751339,0.5951897069217578,1.6479791372321246,0.42229874259152,1.5595333159451488,0.0,0.8888795301629598,0.5538678959628299,2.0596430240825434,1.1774607652479228,0.49408334259039927,0.5721800772998271,1.1410796270639365,1.4734929216046304,0.9406752224957142,1.7853823353424076,1.1657445823058392,1.1138604561887717,0.8823162608370242,0.7439665797969347,0.13437500693623816,0.0,0.8220716572414626,0.5520833542582142,0.6980501190406341,5.7739729813357235,1.213715730803722,0.44282320771571887,1.5661298184687986,1.112916631643644,1.300055426330105,0.9792138369876418,0.862228804153676,0.9519133760762266,0.49871741268460557,1.0280824176332293,1.5705965269907884,0.7739893374749658,0.5245072312068633,0.7724174498635478,1.008496721607082,0.9878800315985072,0.6318358663669088,0.9597732844059278,1.1395611066717506,0.8190136002108923,1.030146032408649,1.4750155168104613,0.8434626559058608,1.2708635531820542,0.5814170669563878,0.4376503478494184,1.304597183522682,1.1368478149407095,1.691087599065315,0.9747257079634626,1.0941491765999605,0.6061828389482964,0.637303332502113,0.6913349039169392,0.9377582881342332,0.6488739402699025,0.9702028925919932,1.351550751941228,0.33693413169637854,0.03685757254546261,1.2550686655653238,0.0,1.0635327130313197,2.6648574159362166,1.0748588866488755,1.3088330342250585,1.6061774610563941,0.5616375256372317,1.1122410952623158,1.2629710817046773,0.7499573793662122,1.0545731756894812,0.27667517036092615,0.5847715949813626,0.5680616942625334,1.8577923259238474,1.518775000616531,0.5034288762025853,2.3975976557252827,0.9935459092558454,1.6063874181074675,0.9208682916234616,1.0316640185502512,0.7681258434524033,0.9992872795153095,1.9760293395701236,0.2947727720536353,0.7556262234894192,0.8601973709138238,0.7215428402061548,1.6139040318925835,0.732925144693487,0.4603259958932703,0.039686135760532565,0.0,1.2051480217512371,0.7980943473263884,0.5318726170672198,0.8538572168317455,1.563541618128546,0.5115973331916629,0.6651071989924358,0.8722689495798759,1.4337661872089758,0.17465751159194792,1.1082953833128466,0.38400197013551507,2.034296230287336,0.8383740145717333,1.003347848850978,0.0,0.0,1.9743470411304145,0.662339928565762,0.7112653325172988,0.7882342282472123,0.7592230333579485,0.9965472693527768,2.0302027582013817,0.0,0.822256316659699,1.8823369276373145,1.0867521882595357,1.08452610935001,0.7450607634435896,1.034588877772578,0.8942570486705798,0.5148862107098958,0.42120324335651815,1.6381607741309159,0.3518201785891325,1.0253331372134122,0.8704418776303875,1.2243115870575982,0.9712393389282336,0.9619551842435854,0.594947608976548,0.7191599993236492,0.6337527731524417,0.7210973360370044,1.3652555451533575,1.5957452604639462,0.38490311460492993,1.2696543337557418,0.6390057726611459,0.0,0.7101119476302928,0.948712731035134,0.9464693051036845,0.6829426043879252,0.6719311567366003,1.005072841954033,0.34880191413582773,1.4542526194966756,0.6583968327797615,0.72377222871141,0.6762927220648033,0.488345791671252,0.0,1.2650196339567246,0.8883757499024987,1.4098432434299277,0.4913648464033382,0.8586129181616453,0.778810421917223,0.7281677882596316,1.3040569571706415,0.7968642007571904,1.6642354015739296,0.9603369704120528,1.1218650607865785,1.0740129453809129,1.2346219633502584,1.2341296851702153,0.9914556038212607,1.120417198657222,1.5763380400321174,0.8655787299190802,0.8618866571333641,1.0652468853346038,1.372451496154918,0.6079215815292298,1.0272051782538587,2.3006306417539557,1.4241270150188743,0.45126175584382944,0.0,0.6489022514416891,0.632168506688118,1.4407770987810888,1.1016435559149291,0.8303048855947526,0.16286457913051383,0.6626361180264727,0.849610739867706,1.1866013821275423,1.4524391300492465,1.1124841067102342,1.6344953854210256,0.8019278494536197,1.2382260243023984,0.9173330703673287,0.29767740841730866,1.097401717186953,1.286683580919151,1.2021959222992553,0.4536709957729188,1.145263650894249,0.5183096178505,1.4149007028098202,1.2833574815193383,0.7432760346405021,0.9244633024079965,0.7691226950169003,1.602144794268376,1.3466283251136595,0.641176569006189,0.5684765569010255,0.8946920704862684,0.6845143601281541,1.1405744710264725,1.3417682166455949,0.490752297245692,1.3724147436639655,1.8702217938637071,0.7150624200926576,0.7392721813048946,0.9534785217444547,0.3715775197056766,0.7737295393487263,1.2936937832997233,1.1985675523436403,0.9283991205526687,1.0513087668927694,0.0,0.6783142136784399,1.2151956921059068,1.2020475136215287,0.6525036823340402,0.0,1.2141577257714156,0.637452046305017,0.8974322873866649,1.751539284701757,0.9547893142385175,0.0,0.5722534858749477,0.5753608875523739,0.9995952215625905,0.7555698614332684,0.6640901199405455,0.0,2.6335285162600974,0.5992074716986697,1.4391767726927664,0.6202712957424336,1.3314800269584521,0.46751027028596553,1.1550834619048893,0.2775067627895503,0.2554686942245553,1.4523676922124467,1.0433203830549083,1.2185840555305358,0.6379989472642664,0.6388637334695132,1.022976081015711,1.5494649125955644,0.7480348969587904,1.0018177043947316,0.42489026335271907,1.582829464849351,0.758146363317109,1.0528882884098865,0.894892028281113,0.6200501839314071,0.6123214072931134,1.0254986670722315,0.9466542139075973,1.131872211609741,1.047620711649039,0.5376769345835665,1.194153428769795,0.5922402741707047,0.6174210685968801,0.9183217872879814,0.8281115622167249,4.3868189894372716,1.2456237657428422,0.5396367576991833,0.7690860810286247,0.20720684588476657,1.0361251755633387,3.3849211423084573,1.117167576279862,1.1306232477855451,0.7684283975996785,0.9218993171795669,1.5797284116767667,1.1241517761542235,0.38134445930701716,1.1604400033472735,0.9991983661651529,1.440989325602294,0.40191685918722037,1.2371966375365009,0.639817495577358,2.248893947625579,0.46943447721558906,1.072670963630368,0.45051308272982304,0.9402815767233527,0.6084011565509787,1.6320754489654843,0.9998875719898499,0.8070607613413804,1.2301854928539204,0.5680177422419028,1.6298988932059468,2.1954770761931526,1.681965018347175,0.6206253086755416,0.0,1.050443683135048,0.8362309827233348,0.79785806414787,1.4255120740706295,0.5833857988161746,1.4385684055616152,1.057001597253434,2.024439818461556,1.5143262421672814,1.1006562593871885,0.4779738103500815,1.074769370512358,0.5533940411174257,0.4661136380189168,0.28563196350519005,1.339998278831446,1.226102783217012,0.0,0.7200278512209042,0.714964900456355,1.3423672676725877,1.3484431269460826,0.7836295859448417,0.9776910847457001,1.0036285286216418,0.6775502089253796,1.2786755598614852,0.7541388021318542,0.2864450338962297,1.1433567920292838,1.0971927860787127,0.6608177137645501,0.7441305605021756,1.3135996913637067,0.0,0.5776954553828573,0.66976252388986,0.984311800405455,1.6161653351114325,1.3788359463837636,0.47410041666633596,1.6318021917588175,1.3058461776923036,2.252585902028498,0.464638721089633,0.0,0.8802358862753143,0.6458044451675884,0.736586678548539,1.6537177750549017,0.7490729963851432,1.2334824893300833,0.8560266003615562,1.1913650091448982,0.0,1.51533352267616,0.8786605076185661,1.0013122752265031,0.9197110280954242,1.342383546272592,0.642052416713524,0.9909197476672695,0.0,1.14343558979646,1.3666565271469937,0.556717972157691,0.8194984355333963,0.9402763632128326,0.4650533940669991,0.463634603402304,1.379268774600373,0.6769135164198229,0.9952273819617199,1.021118815123097,1.081061531522649,2.1474811012318913,1.3473618824968525,0.6912876908599248,1.1967498331282784,0.9155379925897695,1.7170143764252392,0.7877417215702485,0.4595619574985005,0.8731935493078458,0.7964586007672365,1.0526169069091187,0.6239719247629347,1.0872357769028134,1.0143356862404405,0.9664086174519251,0.1298643784317171,0.7659701810756534,1.2217001148742608,1.0927519579576583,0.6254201477735188,0.8897055742867619,0.43283031279357875,1.3786796630145803,0.8646302252007194,1.0667068542129392,1.4223320532720418,0.5775020066035147,1.0361656391282883,0.693912084955077,1.7149771785704826,1.0691572794034543,0.8039529299518352,0.8844094256937041,0.6124079068459656,1.3952635702400715,1.2168318127036064,0.583148106827093,0.8145705047972231,0.07070462034236799,0.7122270088503626,0.5240041440615825,0.8971361810425562,1.1619308964459454,0.42690188416806696,0.9612033205225486,0.7425576210523307,0.7285772607433036,1.3307961379356774,1.3906929668633512,0.9671696374212749,0.4704088964451378,4.398811390686218,1.5337972272573688,1.8769011633009438,2.335114043982843,0.8511959764299486,1.0882832110343372,0.6768683645417894,0.8428102622309996,0.0,0.8078891460249368,0.2912669715183562,0.4616530537734086,0.4992558720099568,0.9089066962697134,1.4627226003146176,1.4360765946239011,0.29399729448190837,1.1890201917971375,1.6495834694829759,0.9143257406226704,0.7627463774379604,0.27929291452663124,0.47314286880360246,0.6756341848071308,1.097207324150406,0.6080477442821999,1.182576470986972,0.5851545874786184,0.22737204600939298,1.4908135355703744,0.0,0.47898434079463315,1.6334042421819877,0.3052776760244843,1.3845748265345037,0.8340401739508716,1.4129163265426852,0.48130111468968856,1.1131905027569893,1.8487449446883397,2.518914066533246,1.0043996196397105,0.6319335157091832,1.0824370640084984,1.9807766175475332,1.4976459194690346,0.87479565317143,2.151009910620872,0.9921061411594548,0.15870365875727677,1.1799997217410247,2.2365090790635125,1.1473528324949682,0.0,0.7693940357857584,1.1123728735730283,0.8597416418762103,0.9378764272508688,1.1902910552873767,0.6770630933375661,0.783818020649929,1.0702970196227686,1.0053985877995666,0.9464487910708421,0.8952459292275798,0.4635137065284655,1.3074156732182023,0.6652822861111929,0.7654676872855632,0.545014554266416,0.38681834264752174,0.7129964504254594,0.7405392704263163,1.180118102960298,1.0591239580834033,1.3764308585142226,1.0991030303295566,1.3009248433729708,0.5091018445792141,0.7721672924769797,1.3040591566413668,1.3532051810510597,0.7832035484573524,1.0042704527705466,1.1619844372140276,1.9465583246778855,0.6098529529302662,0.30569832669397146,1.3857550025482235,1.9387736664249793,0.8602407497977427,0.3624602638414964,0.9728568650304114,0.17828947806755163,0.9675825263073199,0.9934952363937485,0.12118519720400703,0.9374085023878678,1.8208586408181435,0.8220343798109628,1.0809715480755169,0.7227961495481308,0.8583572289742338,1.7160684898916885,0.7152854919155869,1.198943582338959,0.5389132485658401,0.486272708659394,0.8655684629015947,0.5427593333635314,0.3712096206816691,1.8995790931886227,0.6805183887847647,1.2872430671090103,0.40050528064294627,1.1434363513832637,0.7687917150061248,0.7193644143490951,0.5648226705257882,1.177116032113862,1.5614435288569544,0.7175001244948747,1.2017982399036988,0.9091200542867075,0.45971064289773195,0.6034964281085939,0.6397389054052652,0.37192598515056163,0.25644291369572403,1.1384114038318138,0.7130392949436288,0.835399584579142,1.329612672505787,1.0927726722315843,0.7867053609223658,1.1261429365704223,1.5546926485826906,1.1061018196612649,0.397933971499691,0.6671395801467617,0.4809275548488808,0.7414756680910843,1.5672547336614777,1.196599908526297,0.636633396940662,0.8490331296650946,0.5412700624396014,0.6966140367219449,1.1718269112676782,1.2103455704921857,0.4102039947261688,2.048630746821789,1.0530154057213272,0.3711363717579471,0.837166920373946,0.6413204164448665,0.605434914538968,0.9854043323565749,0.5261751442047989,0.9128998481470297,0.5775653681019983,0.7230454754944318,0.9494044945579824,0.9260470320600365,0.7844376843892005,0.5188544528829651,0.7069361509975016,1.600214225027139,1.639858645943017,1.2003996370046317,0.4861324248364757,0.844688755173986,0.8852151083916935,0.851642317052065,0.8892804408122669,1.105035120714169,0.6698522213917866,0.9760961901438074,1.134456553301666,2.212313195972908,0.9721301296977003,0.0,2.1457833864544913,1.5465986595687085,0.6891526557716361,1.8465051525750265,1.2822701222594026,0.6601206997657498,0.8430825866458489,0.0,1.1529777300247375,0.24678407447368247,1.2590468894103393,0.7292059258594047,1.484161020245058,1.2670333572011172,1.2885912530745878,1.5163800130446905,0.9197318372823231,0.8181827699637689,1.1804373008900206,1.3250925132866667,1.0468514958683477,0.49229440828830373,0.6290160017945648,1.0229454954041701,0.8509911018303481,1.4085686691949237,1.7990258476457375,1.0682864915525736,0.693975423902297,0.5655671961168354,2.09534944174284,0.35919116035160736,0.6907899446871244,0.46885130714146034,2.9354538133990697,0.4964433033364092,0.0,0.08393717400002382,1.2397676644638214,0.8787730500470173,0.9497273990816043,1.608820675959372,0.2328739738523556
34,1.0459122776612444,0.8346948394454865,0.8925881951672554,0.0,1.0020786518127909,0.6080422553287618,0.6414726821159175,1.0036154705560767,1.4798048871355733,0.8577898608393716,0.5265018994348489,0.9483584902968865,0.7982335516148693,1.4196136127234782,0.6248927141337015,0.7397213941157801,0.6485470443059614,0.951241363252326,1.6076572028918665,0.9852925916541057,0.35920482069356313,0.17567564102661434,0.568907525440081,0.9544327702540314,1.5139134305681066,0.7888709483026851,1.1092715925115204,0.7087317822722703,0.9202484163872333,1.5183474538474842,0.8796248685594873,0.8456787628305898,0.876771672729692,1.092122828287183,0.8211813057633768,1.0565226674165369,1.0099966576949138,0.49219138563244114,0.635439420426588,1.0834598548979246,0.9333469503546861,0.9779744411567644,0.5550496220359786,0.8976862292868198,1.1282382830718962,1.095512839545843,1.4391363502800307,1.9224324673159785,0.9305679084596076,1.823180103271636,1.6455917603525256,1.2050973774775602,0.45299559205719314,0.0,0.8490491697382585,1.6186549917794981,0.9014881315771825,1.2136365704461312,0.9888048371894471,0.0,0.9693876592957587,1.083124241375988,0.9246948877751698,2.629940764011436,1.3655282065684522,1.076319151421854,2.451868209601026,0.973948918572143,0.29279581020736933,0.44760493749281605,0.8442119962979396,1.1680196610316838,1.043948251866495,0.8682493191548359,1.4403765473081853,1.5189175272672186,0.4436086178436188,1.0866206836692225,1.2980695414010859,2.107492197908906,0.9219665497693001,1.1956604379753881,0.9183460757758539,0.697936873392208,1.0639528864998704,0.4370396633227796,0.6080044417669811,0.0,0.7330349645258127,0.48477578962094026,1.399772391770939,0.8203630872492109,0.8785607443090977,1.2205653982058022,1.1600810744228371,0.832325205054375,1.2025346537979522,0.5518522438398792,1.5878936882349466,0.6938958963536765,0.9634075566255018,0.6503851055066331,2.2264269792054856,1.1319969925829996,0.21310336389858542,0.9843209018863704,0.5132852540333224,0.2074698958747043,1.1866550000533882,1.918723064551218,0.996179965658595,0.6558792848806411,0.7095993558459056,1.190263418090976,0.5731434672737092,1.1595336582522793,1.5627086578310374,1.1862286769779842,0.8278272646860818,0.746704272614088,1.2728348279600197,0.9085330302602533,0.7520290884917049,0.11347714974451187,1.380170682563534,1.2973124328380583,0.9142438731494561,0.8929452780178542,1.3156215956229849,0.7505061869703689,0.0,2.759421213666662,1.0921610206597652,0.6052086371532692,0.9827624062586312,1.0783083251666197,0.7596319848579187,1.6598222553950333,0.8586744179368533,1.3339470911164066,1.08636428364805,0.767479580986395,0.8264856226102871,0.6522056012464827,0.5367993203114564,1.7289875157236736,1.790638811198345,1.674243969429286,1.2281348658476476,0.869680121693753,1.5832235535176542,0.7281327672504448,1.17393818476362,1.1477269443758757,0.26997541041104367,0.6828375006145904,1.1938495314791198,0.9214775654424021,1.5134145310951035,0.5015797312978966,1.632662456173138,0.0,1.051772350086754,1.0256244022154366,1.0449933534500067,1.187616122145902,0.21331963790112948,1.4618978375090033,0.6865132086196309,1.016220070798941,0.7421588493745983,0.8149295341219209,0.7137640567936783,0.5381037733504419,1.8876747152494695,0.8799886318104062,0.9737449871151134,1.4568686043997676,0.0,1.1395995208872216,0.9160846511892028,0.7915892795157514,1.0016380332423094,2.083508790325335,1.2281722879055346,0.0,0.727558556090506,0.7286004191032684,0.6917337639504142,1.3686517503690068,1.1179995850226947,1.2610865082912197,1.0113578854052143,1.3089171291249098,0.6831664553003198,1.098410840779034,0.13024697799124876,1.2257949738291245,1.1697361867122387,0.6821079072119789,0.6846561916631514,0.5980108690120763,0.9302597440659814,0.9013409694747673,1.1116937277795214,0.8624471848504476,0.5724749082544274,1.3671991185099235,0.9524507818187208,0.9826300425907631,1.7007842380645508,1.284723900656322,1.1794211867333628,1.230864821007389,0.72315230998002,1.0206310129932723,0.802076862811093,1.5834697223203125,1.4476177713375233,1.1523225004074047,0.5722830103605021,0.8191326308666853,0.7372888461567161,1.5664689770336813,0.949400413287057,0.31622801914388154,1.5208235116433584,0.9726084684257184,1.0280077751475363,2.289297013995504,0.6515423741363657,0.9855501976804623,0.6913435066363759,0.7083832935672947,1.1692459750132236,0.462162818026993,0.8265266227550878,1.1830021837141953,1.26274463612246,1.0213054306022982,1.0754772116601692,1.177619563248539,1.1915846654000843,0.8421132137785878,0.0,0.7291608313661682,1.1522890835869983,0.821451179344632,0.9461899393593662,1.690715676104912,1.399266989155412,0.9736651001041301,0.34672711759461405,0.846582921988995,1.6917896812177384,2.097607966233933,1.338725043497576,1.0631157158690328,0.4742797854247157,0.4930019975699139,1.1915119551327154,0.5989224955396226,0.584649110929511,1.7507810970166648,0.37534878939819954,0.5676684978445584,1.176239692987536,1.129528807876395,1.2625524901521743,1.0269399611745484,1.2958018113579328,0.7899559855940083,2.044525162201778,0.8632060696116102,1.6715804244063637,0.0,0.12763796536013908,0.6420974696286557,0.8180374549375982,1.6052625427951808,1.0259097528722605,1.2187402386745743,0.9613817970208918,0.025361525372392252,2.9634109542404947,0.3794642315051098,0.1635156315460439,0.78850185442244,0.8358588664177262,0.0,1.2083695864816648,1.2503057555914014,0.7708004623731174,0.6823004432007987,0.9376799512612213,0.8043432497448164,0.53330623891099,0.6552725576215968,1.2277172852580058,0.7762613673097034,0.9185856782622079,0.0,0.9260670479278235,1.5206304160025317,0.5338705487920422,0.868122341518729,0.6155071681052174,1.769237911677485,0.7351823441826248,0.4499424493932453,0.719365931447972,1.331684604370191,1.0058161999488362,0.8118586898843752,1.7672508532592357,1.507036948879555,0.9520411337812793,0.6144359689121706,0.0,1.0977548409325453,1.0957212220924946,0.5384362500731249,1.2309586423249481,0.359403184228413,1.4471760340359854,0.0,1.0850399011517189,0.30687275241001044,1.6612578433464122,1.3278119717045667,0.32507068608629747,0.8836694170869543,0.9874243060671611,1.3150997870258578,1.0272497167806856,2.205475480031791,1.4114389092451667,1.2867583061035979,1.0964810283132407,0.5643407559808776,0.03359375173405954,0.0,0.9597390179274412,1.1961805702215103,0.6278348611801178,5.571179835326359,1.1084233105972081,0.6219299713563609,1.7101923942194934,1.0864505612333892,1.1962537672641926,1.065084895413352,0.5174152336736435,0.7473050069882998,0.9897027731186945,1.037002166482102,1.0720885618497895,0.7602175719074491,0.4973129683635766,0.7454257483463536,0.7527613404524542,0.9713837749485007,0.8424477937409576,0.7104526689728038,1.0992243545395564,0.8106548945459306,1.0382512726790276,1.2531394449318756,0.6453272221769474,0.829861897572276,0.7932131089866269,0.6068751423461247,1.1687485435540657,0.9912502636986007,2.518865956578233,0.9805271576254039,1.1266355027147654,0.6836979488119239,0.5295523397793551,0.7427919057469676,1.176294479654013,0.6407481536993238,1.1185538107765234,1.365467011310299,0.22462271702713904,0.0,1.2311650407331656,0.0,1.3536229711691359,1.961528795195123,1.2524696791986538,0.9400482418794168,1.9766896901358983,0.5273360407149861,1.4000841131228638,0.7989938959331798,0.5715401038044412,0.9654509781311691,0.54744710443443,0.4345381895061728,0.5203838005036336,1.1508479524204178,1.2708898523296552,0.6680795093603564,1.863976544201475,1.0745275223926054,1.5986767929456631,0.7361876171714296,1.0816504037927004,0.590989407967917,0.8271411487885657,2.0971230119526387,0.5212680560293312,0.7344094874059328,0.9124674931529144,0.66621530314384,1.3422197305603538,0.7266616392224364,0.5405795997961965,0.07370281869574863,0.0,1.2684981326775302,0.6353394835411892,0.7966191886546594,0.8089583012712147,1.2900791812357064,0.7825433977954491,0.7637204826723483,0.815171389014934,1.3260602033015902,0.534888610147179,1.1122407929554128,0.8794883776193985,2.152859526080053,0.5724163924778904,0.501673924425489,0.0,0.0,1.750978067870873,0.47279273987735126,0.9252850681593419,0.8595788118537416,0.45763557300064067,1.0187127871571562,1.7594148742349769,0.0,0.8191716593019509,1.8171114367528716,0.9145277494482505,1.2217392093930015,0.5598724444917244,0.9425822280232274,0.8511783785032959,0.3947238630930169,0.91882732527515,1.4321407509355448,0.4983586181160823,1.0953794115345616,1.1296381122592032,1.3970362151458986,1.1251555672436517,0.7924300137193416,0.6893344269298673,0.9558314501075357,0.5119549913044655,0.7328172980562185,2.0162423157621623,1.4000133721239392,0.25660207640328664,1.1679102983320058,0.6073727947592003,0.0,0.5522272561359362,0.884593249073094,0.9587590571288269,0.8639067375494145,0.7081422154001737,1.0965693193464245,0.468391140510771,1.3388031362519865,0.6782078963256879,0.9114168592346429,0.7212911010455222,0.325563861114168,0.5009610411684755,0.9969474114947356,0.8877293603598668,1.6634160647145937,0.6238172314399801,0.795991423508356,0.7621149698363466,0.9029154796503279,1.5739325447493406,0.8598572049310571,1.596135354036329,0.8970547875058279,1.1818819657594908,1.07384650719505,1.2441353219210085,1.1405166270385485,1.03371675597747,1.0285420086380936,1.874246335035823,0.777839197182502,0.5860829191655325,1.0458036953158238,1.2101734520376057,0.808120587016996,0.8658056271581394,2.0238629189775823,1.2434010043294044,0.5889982147847037,0.0,0.5528525948430426,0.6115503291400152,1.4422091816611629,1.0991881077521293,0.8876534341648107,0.177867643177335,0.6095133757377962,0.7876972114127019,1.2080723656550192,1.4617529751247762,0.9993124346664605,1.5625925481387875,0.36451265889778367,1.2854360993815732,1.231990464400083,0.3180679922631477,0.9250462844257376,1.335241288612285,1.0747032239601926,0.6780767930548453,1.3590301450773625,0.6121092564758344,1.0580139733368472,1.127710191674624,0.6581424606399512,1.0025570059114364,0.7847324686004974,1.882689600972355,1.7046416514439224,0.5314999049359775,0.5494687474030133,1.233766909077854,0.7034534939051024,0.7468188227747898,1.6041538667469495,0.42713678261981103,1.3660700983026426,1.9275966870676324,0.6288535465879447,0.8035080590397583,0.6339058785308563,0.44001306142640473,0.9555863357854392,1.7457190204115771,1.2483777873777928,0.8088478763138733,1.1118106128848073,0.0,0.5935249354811039,0.9684093361183874,1.16935932025664,0.5460684533641458,0.0,1.0790154695736145,0.7388648674633772,0.8256400579852011,2.311457586142323,0.7700644706941271,0.0,0.26151369104666566,0.7625814935778101,1.2615373321609378,0.8727098889106375,0.9040691693303556,0.0,2.395704511016137,0.8735458379679037,1.3531321365237845,0.7596939504045476,1.5057408964527759,0.4643432494258847,1.3715307796964173,0.446267911181649,0.06386717355613883,1.6112448699467867,0.9508154489316439,1.1477577844048203,0.8633866957569334,0.7833148065171659,0.9977459753739746,1.2855185675155232,0.6192955111246812,0.8805492304202239,0.35812964203696357,1.5742812064994283,0.7677392818645303,1.1364972383825167,0.8310650953503196,0.511929222486873,0.8993470505474825,1.1053858235905873,0.6354141987177182,1.1130940896710846,1.0325183726245557,0.5824913819028423,1.1992192886497899,0.454694304298149,1.150918145532906,0.7863061476113895,0.9611187983436301,2.522246016730672,1.7290001489804756,0.5216102629894498,0.53766219132467,0.2340112203641831,1.2798053398887663,6.762840313466395,1.3297163765765219,1.4293485530853256,0.8025861623598026,0.9364144926844782,1.5252352332021322,0.722019560853211,0.6835970722489864,1.0692100048807796,1.2693990108897766,1.488725904530035,0.3627962935776613,1.2191257116386016,0.6235345160358788,2.150348222037348,0.5302748339333843,1.0128565984600093,0.4779082633950923,1.0582756620234754,0.6266733841249549,1.7924528242900788,1.0395100104056045,0.8196387786190624,1.1840334364043923,0.2494306134420681,0.941974429933234,1.401407315088707,1.1665019267767662,0.8832593667814741,0.0,1.1639635648687352,0.7870530085111112,0.8419895276135196,1.250480266262452,0.4427429822593776,1.3796010455759813,1.0326078627939406,1.1975202195683055,1.3342221092575308,1.1068802412918757,0.35214601663651035,0.878769039426502,0.4920118327563956,0.5932355104054686,0.4473327008072479,1.3444600792534969,1.304621689456499,0.0,0.8814699090871886,0.5414644612606558,1.5093324987318306,0.9635988366587525,0.8440990577241327,0.8797964398331635,1.0102004292829188,0.648078494888232,1.2051805331996464,1.0199419554462055,0.3702166934002439,1.4963867215178903,0.8848677182806626,0.8132762890947199,0.7980919786588847,1.1408024298616475,0.07302688509065913,0.8461808712715979,0.7007601565238548,1.286236783409108,1.3929423313947584,1.4691634369878876,0.5552189004137196,1.571442591771631,1.050797042873871,2.1484538196092173,0.9859927903034249,0.0,0.7753960886378223,0.48193132510598946,0.6365155239530563,1.5187571249611174,0.6260795185942591,1.2399746943133283,0.8587511259912783,1.1793850133620518,0.0,1.9153890547377426,1.0122819783478656,0.8803249146739547,0.9689323420472384,1.2991928615371053,0.8113263401283343,1.5271079548001747,0.0,1.0699200233588622,1.2777781287896315,0.679713800603818,1.8115228983562832,0.7317809806017285,0.7051947839611229,0.5790297922441213,1.223504312845493,0.6689990813386621,1.2867928899282097,1.0965251186846983,1.0648430915663403,2.199373541097055,1.3331033466620286,1.1442233229895198,1.2422588103528547,0.9865026400660974,1.853494583463738,0.8285427332261427,0.48576047216155493,0.9858346104360041,0.8768274664847253,0.4776915318859418,0.501130664106657,1.0812311956154133,1.0797822132642194,0.9576222573770556,0.5194575137268684,0.7842732188878243,1.3812532290283892,1.2751942367662124,0.5099784720428728,0.8703265279270422,0.47463972273650334,1.4121537559868518,0.9115195238146951,0.544823403167994,1.369282215277503,0.6669410090148151,0.9375437218868301,0.9041667261859596,1.4770665036414963,0.9938595412898599,1.0625889480396373,0.9929698423507948,0.5105736556696825,0.9205265930937091,1.0963466176463301,0.7008883002134754,0.7735015026094412,0.36530720313821774,0.42430544950170307,0.4595511685870559,0.8824238305745171,1.0516630880355753,0.4260765550000283,1.1772548444679214,0.7385156506549251,0.9546623325839267,1.0748738046560244,1.3140320949680788,0.9830766213477793,0.4182580254481594,3.9925663371208016,1.3963515248102791,1.8497084608117687,1.9586971950898333,0.8600313434260729,1.2086739252159435,1.0974061068795344,1.8018023048978495,0.17632115922194547,0.8854402786637953,0.34953938789575656,0.46350770927091167,0.33283724800663783,1.0092796698804118,1.3960526916907006,1.2387985136230126,0.30736741533344675,1.2544229829318112,1.7771053926644036,0.7738842862111798,0.8839583213208407,0.41893937178994684,0.5592437488552573,0.6251674700718686,1.0466593383298486,0.8167435575002384,1.0541870934311346,0.23339499311375672,0.132934450507108,1.345721708749446,0.0,0.48952591978894133,1.3757364420080567,0.30406315394662803,1.0722892560680886,0.8477607657035205,0.9692071193483051,0.5468089940707002,1.3155010648435634,2.0298876581744474,2.01551109306495,1.0000768581414767,0.5088122234845245,0.9962027082307635,1.3573744835147274,1.3500400006422701,0.9041424360840934,1.2303029124303757,0.8521554257686262,0.2883387661871352,1.1566014795786226,1.9388481200707677,1.3093594567292306,0.49744842375518955,0.785032296187081,1.2505299824724934,0.9883904668972469,0.9659310189274468,0.9739120617686967,0.5865913752257303,0.4433718083181575,1.0389995655209028,1.4649608307224475,0.7879482745467036,1.0606717942118848,0.4947370527614774,1.4229497453040905,0.5948905452871407,0.9094226633619102,0.7058646004724289,0.2937899267854408,0.8294119214310861,0.7952936569563913,0.8774237146368811,0.9640344790657256,1.1309981529827258,1.4566985292896528,1.1015337727351169,0.49798764615078217,0.8906212232992416,1.46399095416246,1.24514577413591,0.8884836625735351,0.9112629208854046,1.1982804475177244,2.195034312397072,0.6993325115646823,0.5432024111617114,1.4359126416416124,1.7406935189488635,0.9715542679489885,0.26541411606648463,1.123039137734232,0.04457236951688791,0.9316231106171942,1.0384297257947446,0.020197532867334504,0.9598150634619189,1.2680656835262352,0.6692110935147854,1.333885445262441,0.7699803846542965,0.9967236930273191,1.4780899806561223,0.8378969174775935,1.2755422785116328,0.5824603969135258,0.6061787573763049,0.8795781591836246,0.35190435243939433,0.8042875124143477,2.2500260118723796,0.5955018700686638,0.9069287755554711,0.5994186995767856,1.1612151362194556,0.4319801023726488,0.952242039675885,0.8716493443808737,0.9352749685761328,1.4230478485357665,0.7217624022903633,1.1799647010564704,0.7208649022885423,0.45971064289773195,0.5293367316249515,0.7283250668117945,0.5306155903607263,0.3730858440559558,1.1717362599257635,0.6445394627639334,0.8784492688874334,0.9977172066140545,0.8827596368605926,0.6402838610076333,1.1310663380944608,1.5711428137991477,1.0960761350722437,0.4082122685952532,0.5958160559020234,0.6239060107778799,0.8330158700526337,1.6644079936637022,1.1395563101246282,0.6095641411422013,1.1286911110903306,0.4669697125446425,0.7178664983555088,1.0328025920917558,0.8596038163239932,0.1025509986815422,1.686017816574186,1.04614390482149,0.725022742006818,1.15127331472184,0.8481838521264182,1.399576812023939,1.128010368371398,0.49092416872696965,1.0232906694382378,0.6734662054564502,1.0065569463092585,1.2083329538422176,1.0505122167783976,0.7135229860250505,0.4707879833372062,0.5971734252423604,1.5839978016635359,1.2646027278944048,1.305235529115918,0.6910805680371122,0.9448969256463235,0.9098195360959257,0.9071434707938743,0.6979777372580709,1.2155106132109437,0.6017792973925526,0.9562499746641777,1.413262407626451,2.0617351318404395,1.0168674287540558,0.0,1.9393950660313735,1.474659669576496,0.8293378424477528,2.2087168272985176,1.5468586853784223,0.6651962314242467,0.6729232235474635,0.0,1.056387032410976,0.4299500897410349,1.4809649641489369,0.6286446314262116,1.3133910863636657,1.448807335850256,1.3198028147516134,1.6242956860586744,0.7676034900382609,0.7723549709389893,1.13699587816695,1.1952412394500045,0.9342056241862465,0.3281962721922025,0.6624082869635591,1.0601809518115701,0.8241913270173081,1.1679066501691642,1.9561420603553472,0.8172515493826733,0.8297898167273013,0.48014840361530775,1.6706154401845303,0.3924864361242519,1.0532408313458617,0.431582969392729,3.6965520582688463,0.4968214017604317,0.0,0.16787432002099895,1.1327510577129927,0.8058056733894193,0.9189128416490733,1.4418339347291618,0.14373045198180426
35,1.2305786588051528,0.776119745009599,0.7398930227514678,0.0,0.9342894147525844,0.5198413892980184,0.16036817052897936,1.0441090983481984,1.6426466674278228,0.8385600238714004,0.5314000736121651,0.8426766884449367,0.8913041669700794,1.2480121014657637,0.7961793075819753,0.6779049706680323,0.41828814815923776,0.9308076874696142,1.2800356718592454,0.9520943159885464,0.2310897039297818,0.0,0.4409577683935646,1.0241852831887663,1.5323208669895139,1.0303374954793676,0.9723162779736703,0.44977210049846833,0.7358735512942982,1.6174699433953075,0.7678475336244,1.2685181019619676,0.8147588231789418,1.1618747961106313,0.6476193248159539,1.0138481262041297,1.0420941395210657,0.20953874059749045,0.6392338833412128,0.7923765969962362,0.8239786578881141,0.9615315639942912,0.5728431811384459,0.7714240183515206,1.1008665341192136,0.9236664586445392,1.2942875532847156,1.7098715955276342,0.933041384496164,2.0684553052184143,2.2288686824518567,1.1674530159673988,0.41587498942513823,0.0,1.4146684770721132,1.4390207891498608,0.883901248389551,1.0793885139721173,0.9250008008723349,0.0,1.2834820166303855,1.085775780967872,0.7448931183110888,2.6337607890419603,1.6454639276796184,0.8332721529434833,2.1937771519186673,0.899251716587716,0.311859896370393,0.4418169367605239,0.894900665173257,1.2075798144586787,0.9326449163080088,0.9437727508507874,1.5741398986203472,1.267722924379191,0.8611226011308459,1.0666543616780124,1.2856748834302008,1.6609621623276327,0.8938556373643484,1.2414074376486777,0.8504950432146335,0.6673483535001412,1.1651885107031512,0.5150259525164216,0.6779546697370591,0.0,0.6695142035905977,0.6732537325100147,1.0880487425171994,0.5677339686405223,0.7924214391864901,1.0338062362635492,1.959351088480934,0.6572372023009134,1.2006169123580546,0.5188701985167392,1.43762437007359,0.8443127414539718,0.8029122471041978,0.6144655082079281,1.8071553647493703,1.3112503120494885,0.24704091552556887,0.877218723446582,0.7809319093305664,0.3897919190576695,1.3926884542573768,1.9351010272971443,0.6866695498416828,0.47014355726420876,0.5911505364709845,1.0616126715360925,0.6450054790991735,1.4841368845267082,1.5202176432461818,0.9484598344800905,1.3238584986987614,0.768625412730578,1.3554709044814757,0.8237270024945877,0.9281531028285851,0.16619035293247755,1.1336179827201462,1.1698092194734004,1.0932726113362228,0.924819947993017,1.0918352907072335,0.7110470157555627,0.0,3.4868826339451564,1.2314023152553455,0.802307769173022,0.9186130901573878,1.2228916997148116,0.7812886551358558,1.4584000056084472,0.8614401312076992,1.3588252057310286,1.047347538731131,0.9468722711646513,0.9693473942130333,0.4749054014962071,0.801863216793476,1.7015104912825654,1.6557747824566662,1.7827062704934777,1.2345025426811425,0.7257071348654547,2.0577471400448237,0.6572804907579324,1.195537276315652,1.3204152685539519,0.4187333150832561,0.7665891165033907,0.8283344725547254,1.0158058052829055,1.1836978502744429,0.5863317233121117,1.5749007783727196,0.0,0.9986785935658018,0.5876424531441449,1.1563159883297591,1.1041059527471675,0.3199794568516942,1.0851896380219148,0.7621167789292387,1.275580260188359,0.8416432449781414,0.7627840795136474,0.7329232201186264,0.5190962105369913,1.7303218559899727,1.070358766855898,0.8376616150066944,0.514188919199918,0.0,1.2857602144257914,0.8135341722560185,0.8023339675774213,0.7102524242340593,1.7168827974342311,0.8263728750697859,0.0,0.6903296805745907,0.8413415441763978,0.7901131732843918,1.7817918619011808,1.1137710703833996,1.1826643836127522,1.0885906048054568,1.1948464540825043,0.48666298477588565,0.9312982178158838,0.21484037573581183,1.226943509225075,1.2030998422072876,0.6325400713607493,0.7241669146308183,0.5777216137332968,0.9065911038412857,0.6979589958552667,0.9979988700883196,0.9352075751233029,0.7689173706840469,1.4237992514344766,0.19705878131273102,1.1898234304651312,2.275595155052085,1.274956862585514,1.1926281742829117,1.170283977753976,0.5325961756141564,0.9919167033118325,0.727857025693716,1.5063116504350753,1.524261875705431,1.1608967290450727,0.585051081105924,0.7481369777920048,0.6162254801239124,1.1796469557231555,1.0186304379937579,0.07905700478597039,1.2363399466947869,0.8921208743276748,0.52834212001908,2.2867758645327703,0.9769745548055225,0.9398934614816858,0.5615757822993888,0.6614868393922675,1.0045503331443597,0.29272628814722823,0.5726823934450247,1.2814974267697865,0.9712689323763228,0.7077864743831139,0.9977175079221402,1.273886701749524,1.1508774538267348,0.9879281479891464,0.0,0.47471127857364864,1.2666433232478034,0.8565907397564214,1.1365025127328225,1.5756224402984014,2.0280535227200245,0.9267811862437376,0.47193296020283204,0.9325869549066013,1.6600698356907493,2.503215800974058,1.2224155435067525,1.0156382833573239,0.48227755729038657,0.4923882024421148,1.0790579748179647,0.5488733082117777,0.6018787291523173,1.8307350997937801,0.6612996572899782,0.4959871512434361,1.0529794297505843,0.9921977570204983,1.2134063690330295,1.147711991933022,1.1472847460001558,0.7414026299661702,1.7397701164284292,0.8558824338065965,1.4690477452802952,0.0,0.0,0.8870263725090419,1.14807230313993,1.9883808539355043,0.8529115056923398,1.347881600621111,1.0900586263029852,0.03550613484504186,2.324213899057737,0.7589284630102197,0.08359694793256921,0.9489615114990553,1.194545609893865,0.0,1.1024461030959714,1.3027163721133115,1.0390451716484002,0.699328602416561,0.9999428309900785,1.080737513165387,0.8164309511099808,1.0653330647322306,1.1852644638065954,0.9458014784439848,0.9821954763000276,0.0,0.9469748993417014,1.4024737114904053,0.6623447339596598,0.7612998171085316,0.5466424705635573,1.8265257078200754,0.7540002895256428,0.7064741878428558,0.47272619468046406,1.2756140648973275,0.8840107808419129,0.9105693683049637,2.0039644827673055,1.6687683113367242,0.6346940867650233,0.4246723929268062,0.0,1.210121629390441,1.0150428832776965,0.6805837603738488,0.5554448155153457,0.5990053030539868,1.3058208897525347,0.0,1.2360200020405685,0.34803861341116404,1.2884275048656924,1.5712742332048748,0.42298354291652407,1.0331887811825053,0.9088333876070076,1.2342723429305702,1.0169226662398048,2.29884410448643,1.537649498245931,1.0809124443809472,1.1500629374438598,0.49560605172190764,0.0,0.0,0.977556824818867,2.02430550959497,0.6874020434420304,3.6057245770764648,1.0667422297603728,0.763147722304667,1.4328425186681435,1.0507625135033871,1.1759053210035888,1.0342646485731302,0.5020865523256621,0.7037591458723735,1.29898489020154,0.9616110779444483,0.947016281290056,0.8157366311204701,0.41800235003037167,0.8829596306519556,0.47211085530342867,0.9382832440777917,0.842447772679767,0.49646300170760477,1.4232437143365853,1.0134637921131986,1.0516614653301528,1.2404827625831767,0.6156032393038101,0.39221432879033025,1.0018496529448266,0.9307363726495552,1.1760569624965052,1.1086418353205019,2.8607722043972994,0.9580263342063051,1.263445130987718,0.833593100342253,0.43995335377177774,0.8255284865935762,1.4327871186856482,0.8318084543932767,1.666143248193988,1.4545413714768898,0.6738681136443039,0.0,1.2540161842841295,0.0,1.3690844176646035,1.38149881091781,1.387929234591597,0.7756030203570053,2.06683054916403,0.415250729935179,1.5944723102816378,0.6703260574563843,0.5443239118412065,0.9806117436237586,1.1194392201822172,0.33426014614129784,0.514704983641085,0.7089280636000748,0.9503190696976054,0.8717717148320394,1.0578600553337267,1.1463502161178178,1.3320905874074653,0.6669798971072574,1.1047506056749437,0.35060014991688837,0.6549950193330907,1.7191637932148731,0.7919471998391372,0.788048590052054,0.9059635001348935,0.766954149788702,1.1002230997318372,0.860587846670172,0.8471012714741416,0.2948112747829945,0.0,1.3804022929134323,0.5567041554403687,1.0606840107249926,0.8019042550603478,1.0793978004420106,0.9077006695933896,1.1428343081120538,0.8351718207195993,1.3986898696671948,1.2905248679242862,1.1793138790818223,1.1643930563484102,2.200700865060055,0.312983960485254,1.003347848850978,0.0,0.0,1.4587807341357748,0.26849957966223337,1.120722785361906,1.023362646375443,0.26675014541586606,1.1907644074883346,1.3317854816164052,0.0,0.751631406033365,1.6488717420433057,0.7276069718214835,1.0000276527367464,0.31240803035570297,0.8661304415824701,0.8607322758091659,0.4250619757461077,1.1303175568915567,1.2466601157540427,0.6245080304336901,1.4279022316574992,1.4663207856586724,1.4992428099710295,1.1990048850091237,0.7374949771499449,0.651663256878415,1.193752062926762,0.46650914531905086,0.51099036879882,1.9614383020199777,1.0316903018120605,0.06415051910082166,0.8770924222990604,0.7095676596957062,0.0,0.46557386974699555,0.7722408911645964,0.7949527170393373,1.025575082263889,0.811995111838241,1.3042241553028633,0.6527578590084839,1.568845702566409,0.7520783795716093,1.2330933770248014,0.9132432398510438,0.081390965278542,2.003844164673902,0.9255526418767744,0.8680928424638542,1.738983284109173,0.6227930968151818,0.8402782893008107,0.858046747347682,1.1467096726514594,1.7705590879351787,1.0144408532363678,1.6223435454791362,0.7603720970340198,1.2921209995242529,0.9867407935142541,1.164777787777889,0.9800922552825286,1.2040778964806693,0.9300552344264875,1.903410712700882,0.7180224039371862,0.5343697279254531,1.0920514118937943,0.9895216445215358,0.9676790542816471,0.8558601837433804,2.032511715847363,1.159616199602715,0.6059967180622542,0.0,0.3980180380416598,0.5972881845945539,1.1649764021277296,1.0162124664393664,1.0001349905321293,0.24848447058837247,0.5591865897438765,0.7986456247930607,0.8166523637625517,1.489234772568429,0.8548750560767217,1.5134452769564377,0.2930681842397127,1.4877991769002774,1.2951682688991402,0.5580507199260788,0.7714049633147875,1.5426654993798077,0.8769720148441172,0.926540805176497,1.4005103156664584,0.6542308210112913,0.9607766130292303,1.0344579916781411,0.5171466246255849,1.0081464487023948,0.767702619743768,1.8977727605486256,1.8688390078792358,0.3326721411885027,0.624994960220131,1.228231657810271,0.7792100236017149,0.4960299863783429,1.4282011372479384,0.3649586329396557,1.2300436279044797,1.9861661241684136,0.6627819246912716,0.8026191156061251,0.5543333793529956,0.46226883861851176,1.1636328767820032,2.035570841453443,1.0720420402053976,0.7490912864329042,1.1931504498494117,0.0,0.5990173522451228,1.0664522060020505,1.2783994207944431,0.6026881446952571,0.0,0.8942149160084195,0.5215516702984107,0.8832269903462598,2.5411676872266122,0.6681801708967325,0.0,0.07935587871218938,0.6285081986369747,1.9871471029165981,0.8480356296466398,0.9840369661525511,0.0,1.8279061157800764,1.1148871253913943,1.308560219584637,1.1334870360730533,1.6327912851647564,0.6409402817933569,1.4006074051591273,0.6267632362296123,0.07299105418931857,1.7323569028608559,1.049308453033429,0.9242862037143622,1.0572920257035763,0.9836789522273892,0.7110702869491325,1.14309373828895,0.60523802068045,0.9634725281660033,0.48493236000690254,1.5450532802936718,0.8778795562427499,1.1768111817033526,0.9824179553013749,0.5894942509547776,0.8878660090500339,1.067784251760953,0.512145160660652,1.0318606290744743,1.087582371068954,0.680851319258113,1.1902829307133873,0.33992887941703,1.3513418854392036,0.5741750389993256,0.9633963366727406,1.199903499771748,1.292102257874356,0.8216125091949364,0.39031894996463407,0.3246642162481701,1.4098877617815466,8.544506902389276,1.2509506224478706,1.9771741708451749,0.9824455688671084,1.0135589614424774,1.3676312354165228,0.6999238771160208,1.1175501857417145,0.6601217864579138,1.542264145309109,1.5004619773700962,0.4124248446943309,1.1862793056217829,0.6245661770935966,1.5780217372508802,0.7316542227542657,0.9423881744402278,0.7110703742884892,1.2137450315681757,0.6451969934220022,1.7358490586372233,0.9351949053045581,0.8539727550422422,1.309169918763509,0.17243246623837874,0.5872388397504213,1.1857517662431643,0.7590865090318282,1.288149261584715,0.0,1.1934839360530543,0.7254464275593768,0.9177788563879566,1.1738404738405008,0.6244478276748076,1.2271412791270873,0.841123379315396,0.7795119271219683,1.4270148309880777,1.1386318751881774,0.6790620384855776,0.8975349535663182,0.6029940775719511,0.7627313614411831,0.8450929135995023,1.2166566209294052,1.1234242383757922,0.0,1.0599273268013676,0.4854255922394851,1.6739318284679867,0.47767854093590756,0.91405369114049,0.798391310772331,1.0577250571961667,0.57716685927458,0.91880759517837,1.1391740954428777,0.39591321834788157,1.6579863622008273,0.8979806359681533,0.9154189014526992,0.8062953744154794,1.031684919564605,0.29210754036263653,0.7810709880498082,0.7595866191114036,1.4357595813415591,1.2594931724811218,1.4197539979854024,0.5392277358451175,1.265565067210464,1.0160412923876267,1.7716187576624847,1.2031247748166858,0.0,0.849840179008449,0.507938286522714,0.5577310604349452,1.1978772897188021,0.5294092703159777,1.136975829847372,0.8838144644176344,1.0891519416630393,0.0,1.8972097640527577,0.938676556501996,0.9484401070664792,0.9685140594356045,1.3804367848160228,0.869349190364072,1.657518251374182,0.0,0.772271315678485,1.2190441724191143,0.606078136256728,2.501626921251275,0.7559338268042027,0.7671309196848327,0.8120174095395463,0.982178595602424,0.7525916884027277,1.421823084167867,1.282271026441561,1.1016198585055101,1.9708314235276583,1.143117076240547,1.3865610958007537,1.0883990084073314,1.0803677471004274,2.2941749603457757,0.8738590690242096,0.4416245843160246,0.9780244446766957,0.8064926836637859,0.3110790933970341,0.3186677026918153,0.9221104596336476,1.090281220393932,0.9430476547501874,0.8830777655438151,0.817527034011698,1.4458393792930408,1.4037688710675873,0.395927727999315,0.9373531588798286,0.4866814372045203,1.529649383566356,0.9427383980859091,0.5964382738430879,1.327255764533028,0.9528505657565707,0.7878895446811586,0.9956597829696718,1.3727197556784665,0.9957213455879851,1.1018517648213406,1.0436646873472244,0.4879813822476693,0.7369175224655916,0.9526456255832166,0.8574402242055577,0.6838482942471272,0.7541826091291909,0.10607636237542577,0.6070932452110285,0.9976241003365176,1.0534403287759717,0.37324006041125024,1.4975055851818335,0.7462859551555838,1.2191009387417329,0.9877821551649113,1.2534690245480948,1.1204491845540205,0.4615574962271496,3.2767005938773774,1.0464681336789523,1.3188277806166249,1.7137543602263683,0.681490233585331,1.257120104553651,1.3613471857177797,2.885509240856581,0.7052846368877819,1.0268867603908196,0.3141739301888791,0.7191468814342862,0.08320931200165946,0.9957835821859582,1.4393370451522642,0.9956500241849713,0.3605998694118662,1.204690718951952,1.6588407836994215,0.676107342663876,0.8873299731074679,0.3447521875503531,0.5400818071905,0.590408975077825,0.7288955504667198,0.9449210176761083,0.940537251083339,0.10697270365281622,0.5505050166018944,1.2195529451780955,0.0,0.4193666616902285,1.2515386553125474,0.26378211331192564,0.797390750878617,0.9100438162251059,0.6722488706058527,0.6609197360493855,1.3986375961848516,1.932817532503089,1.6914461410655042,1.023583467201643,0.8043158340237324,0.8074898491175202,1.231346139444025,1.5634864031534113,0.7616003824256019,0.7285158566843752,0.8719322148551043,0.49445592907483504,1.1299839179017237,1.2687094734169224,2.2566771059851645,1.9897936950207582,0.8462929917271977,1.4559147302659763,1.0152139914796328,1.1004972056166358,0.9958116563993351,0.6922413612983483,0.38738480484766635,0.9505643728407946,1.893488297346544,0.6128811871955001,1.2708599577983741,0.5240521216061282,1.1921345099661818,0.6421903685568988,1.2971546523878803,0.8416650668610974,0.42606375036600236,0.8380519687843162,0.5505879158753234,0.7948774069794305,0.8840516674571184,1.1881772214585333,1.6347222696819188,1.067491168198253,0.5296093157345152,0.8404347412713594,1.7961569743482877,1.1350301083964212,0.9696707768638784,0.7768614343773222,1.2141996661316141,1.6919386650047978,0.709494764704867,0.834791583845656,1.3606014647626243,1.4951366312091612,1.0855950112173458,0.2602816666927022,1.179394089716213,0.0,1.0317906775762289,1.2683792596369075,0.0630163024491355,0.8668371875115957,1.0057807324000985,0.6682547640333671,1.218043250038403,0.8837449291432019,1.047939018800288,1.4360867841238083,0.9468404508535433,1.2516641124771128,0.6020936573583072,0.7156135253905123,0.7767120351428222,0.29708561954757123,1.0662902621627794,2.150782560019484,0.6070462621436586,0.8161414732681653,0.875752517859248,1.237464115905167,0.24540503782557188,1.2097981751279243,1.7581107941769036,0.7391754764837917,1.4310635934266962,0.7540283910836643,1.180220928197993,0.5727723599858784,0.28042349170790587,0.34693015461008686,0.7015596539249651,0.6023860983400966,0.37737418462651695,1.033023876303191,0.6573779857528517,0.8380556114977714,0.8073869437845536,0.7977875711005096,0.536051604391387,0.9727463628111696,1.5427927904910956,0.9107404753268733,0.3865558647335612,0.6827123671803899,0.589244542627042,0.6545124678091835,1.2850032655008485,0.9736618184198844,0.5529480102377119,1.3662108763871745,0.47634241970823155,0.7813225295629684,1.0692293754933315,0.6666446552391574,0.0,1.0763388814825263,0.9994663483822793,1.0346984469279972,1.1736239718205392,0.9217787562806737,1.6275977501871806,1.2501394170287736,0.47052599815900786,1.2833306085486613,0.7525266095540484,1.2004791043625749,1.1651781746658982,0.9479347991999367,0.6549110396017968,0.603075512414195,0.380055931890938,1.391817658163626,1.1638098932620133,1.5406929231796151,0.9010497805650857,1.042025182166923,1.0040510780056677,0.9702240911513992,0.6764744142043975,1.4507531642813603,0.7044698754102561,0.8100782823160309,1.5104380178698975,2.716678667678951,1.150516903293447,0.0,1.936575332369181,1.3615117976392832,0.8977260684256559,1.9424150423961415,1.58969295815367,0.6353645165253712,0.46349852735825037,0.0,1.0157726411545163,0.49601349111618287,1.52999617465747,0.5401943685298464,1.3194686088556715,1.390774784701934,1.6018423155495827,1.4372859494174643,0.8619042292024564,0.6757494011781254,1.0215966005112873,0.9471083124663843,0.862661396560978,0.24614717679447165,0.7987462192466133,1.0138137701618997,0.7565155867918296,0.8999978654443994,1.6741150997163226,0.5707436076133878,0.9561199506873606,0.3557574783210937,1.1591457434171029,0.5856511421802169,1.275557526746974,0.5647174816666818,3.2531901331371893,0.6515582033353633,0.0,0.6714972800839958,0.8004817400964245,0.7779700026843476,0.8749548373232732,1.2895620112154196,0.1285800248898889
36,1.2831130516160474,0.8932698753063089,0.48121280246317205,0.0,1.0340105615234525,0.6509179694258492,0.0,1.0218721156335906,1.285569211009503,0.67456179441215,0.5551717296452933,0.6219696415507396,0.8763585043076203,1.2020456538714759,0.9160930500204982,0.631573139435842,0.30189541986930024,1.005398283045431,1.1418101242573617,0.9301389327298235,0.3158800342910513,0.08783782051330717,0.4755528622885476,1.1313481548228554,1.6906145770507277,1.3370317027166414,0.930048281109939,0.8856349655175366,0.5892091923326357,1.3148184411214388,0.6966098102357414,1.6913573565255116,0.7504689643355349,1.1252768864102307,0.5240535568281264,0.9637791997064951,0.932030149346158,0.09300579096278724,0.6551247929364132,0.6238794618589949,0.5340355441094511,0.8910833866186328,0.6488711496611126,0.54072430309683,0.862802414856321,0.9953688466646012,1.0347761069512673,1.5602328922243314,1.0651132197575,1.857644650190383,2.5884593200463737,0.9886234021532281,0.34972795265365136,0.5186165153419198,1.7173244269211358,1.296576320029223,0.8311805021411247,0.8860514011363323,0.8674107722738618,0.19876538116062006,1.2410713069387789,1.1798344902771616,0.410975517093837,2.544453812276375,1.6672865394721095,0.5277917554332583,2.8390058930126565,0.7999974085112883,0.3161347891809333,0.6251034337261662,1.062235000988541,1.0809473424940301,0.9671872916171576,0.9443796367531186,1.2733439712589036,1.2027919102896731,1.4314765230477362,0.8147257001026127,1.7564439472658735,1.1689136261934812,0.8562433678936334,1.215466249183822,0.7247618644768825,0.6325329371300762,1.2632467896456772,0.578765266609481,0.6951823231971234,0.0,0.7973546695725278,0.9386638461129664,0.7592469000866967,0.3049951397834289,0.9198451457751486,0.8111923427271108,2.292645826959106,0.6147892736564378,1.104825718362255,0.6372471646538043,1.656134193088366,0.7675041398275296,0.757881821200948,0.7171377229216137,1.5657256723820645,1.3617601952060832,0.6390599346543867,0.8583717342731603,0.9595700778940122,1.0687842852669494,1.3465271933471532,1.8538376936926726,0.4753903435891784,0.3656672112054957,0.5041604911091468,1.0407095497545398,0.7593842952385834,1.5626689128342623,1.3740550931343196,0.7129458051553031,1.5963047413612141,0.8709568320125408,1.3223543691134116,0.8675725404007031,1.3951618083679302,0.4040706610734844,0.9875594805655072,0.9916604619484575,1.162412930945677,0.9246151237251505,0.9526802969255498,0.8778618531526801,0.0,3.1083788528926144,1.3406645946150586,0.8899486017603877,0.7712051754243124,1.345029025194683,0.7664180068799727,1.215882899371444,0.8050022030056554,1.1272822132210207,0.8252495101210886,1.0694612698524302,1.1056440770318758,0.5554699517862978,0.9662510833938123,1.5083963585177715,1.6597698689866847,1.6765144318252538,1.090342102703272,0.617784325732361,2.278378443039483,0.5759068541160519,1.2042735992001394,1.300165600749811,0.5523855369933595,0.8039125732103678,0.8956990309305959,0.9937643838518613,0.9235995837090278,0.6139138614200745,1.7703727065102455,0.0,0.9552742750969727,0.4123605801935647,1.2591548444177572,1.0651044988943512,0.21331963790112948,0.581333508795444,0.8805473239872269,1.402351522609007,1.0494691327127066,0.7039966484649613,0.9060920452098082,0.6148714286887295,1.5971241959445852,1.0284368035409723,0.9629840395669247,0.08569815319998635,0.0,1.2540336320303171,0.7715637452729762,0.8876023697238506,0.9389092026813204,1.0730517506319184,0.5901233302045323,0.5288454966214223,0.7813901163222232,1.0430010729544599,0.7699090625856684,2.2028577203682427,0.9481148334185356,0.9707629696267243,1.1552288308802927,1.0441327596538201,0.437359422134972,0.8114382157925109,0.3222605636037178,1.1378556088811802,1.2647128667797536,0.7745999320583641,1.1708740891126725,0.4435618865994667,0.7142360777578092,0.572674954542846,0.9341855244903985,1.025244776396807,1.0062478147362328,1.648952991018903,0.16421565656779666,1.2041833654762946,2.718813655793304,1.2619550548391378,1.1473562588989876,1.2522758277171657,0.48732658353756925,1.0234762989443036,0.6666827480090682,1.3362696376562653,1.534868874357228,1.125001765013658,0.6445033772710644,0.7077163023028601,0.49322194383852,0.8241528014135977,1.0636589747575278,0.0,0.8877552387423765,0.8649412949830991,0.4866309033105646,1.8044430393321818,1.5493622992421179,0.7455347792133289,0.7249420834572842,0.6516138997226032,0.8860154882302775,0.3167139280367971,0.5471753418116769,1.139679568877547,0.5841940227645686,0.6804005616104866,0.9477040471588871,1.2823584656098113,1.1559702770449658,1.141724987064821,0.0,0.4371477931299968,1.4663138309479389,0.855297252150221,1.2278385834797816,1.3528921288689775,2.2764613235718003,0.8563562332781642,0.47808164730377967,1.1845027714284369,1.4937824049107618,2.5050845926151557,1.0333674193047577,0.9616976987434247,0.5737528818979372,0.6731679805551565,0.9392159024588915,0.5671531927293973,0.6007026099187072,1.666579348442834,0.906225447178656,0.4589723666230785,0.9110205294154401,0.9086594293789895,1.2561777276317811,1.1584523138527238,0.9303779465528836,0.7166669208108996,1.4339896388358957,0.7545724237693368,1.6788164340053942,0.0,0.0,1.0014563069745086,1.3433071598777726,1.9320361635652565,0.7846801963475423,1.2665762495794628,1.1796349970513886,0.18640720719675868,1.582751341682184,0.7589284630102197,0.23407145365388082,0.9501780110865962,1.2431043243707287,0.0,1.0581711294588698,1.1815631050194944,1.11404541720594,0.6534757452192849,1.0313677129377607,1.0942515089194886,0.9996967535309957,1.7906662241101996,1.0829699700206177,1.1186880988759156,1.1595606833605694,0.0,1.0378005008225732,0.9996190217842852,0.6864682241215219,0.6735963916406019,0.5023126634158056,2.070591456196996,0.7068498844323087,0.7852462955723529,0.6165993933020444,1.3773680044468182,1.2844279976815094,0.924921760275917,1.8961676794496034,1.552092032466756,0.5595966905755517,0.3512766148225413,0.13068179499392654,1.2462417675084285,0.85218476530905,0.8380598126297764,0.3198042626821233,1.126129957282187,1.2364719543197957,0.0,1.309512155959425,0.49330986357899587,1.225087544755827,1.6298037989860683,0.5639780572220321,0.8851416032813989,1.059843816276901,1.305833221732593,0.9336151507032244,1.8946053911579002,1.4873644601486398,0.7702262671345992,1.090168388194721,0.5407216261772181,0.08398437093671231,0.0,0.945932374505543,2.346354071569687,0.7118251349721307,1.6497432018808103,1.1435853127394653,0.7315061644090182,1.1752417019864996,1.027649794457611,1.2425190085246025,1.0512675210307103,0.5204920715256648,0.8964634529137827,1.2773351398794262,0.7337407480192384,1.0574419257217778,0.8781645744863521,0.32867697285989744,1.0351098139365909,0.5153874346718432,1.0587836887051032,0.505468659395622,0.36201758409887136,1.890619279631471,1.194374248374723,1.14755649885964,1.277008148027107,0.5563351064793159,0.2883469657081521,1.0257228860398813,1.38297500114133,1.2753385125225498,1.2348005773898474,2.4480174955307423,1.012023466433241,1.3465225411129684,0.9911035257888573,0.34578393840530136,0.9384587587389669,1.3856580449898643,0.9484846130004079,2.199170379133526,1.5820444720101006,1.0108021704664558,0.0,1.29123015088986,0.0,1.016152246843531,1.3992039667515712,1.5142571602544384,0.8866859827356264,1.7457690015943998,0.38263452640157786,1.5873473808831091,0.8173585776416803,0.5382758686787065,0.9863097379258482,1.3560345447522943,0.19100579779502735,0.4662966125939299,0.8179973857834502,0.8331520495191456,0.7813173071302446,0.6380958947957348,1.3461716380500257,0.9955457514734933,0.7281167461795471,1.1823794633285551,0.2483702110625673,0.7655604168104195,0.8953595728722257,0.8686224219009029,0.862624032101527,0.8567018858691927,0.890541451933669,1.004979072155277,1.0548590648151004,1.0792268218580185,0.44221691217449177,0.0,1.3241348038718437,0.7300713292946712,1.1436802184832406,0.7827348519496558,1.1631169025753496,0.7426874272607148,1.671291457018775,0.8798921012583235,1.534956344800487,1.8508842902821137,1.145779994117789,0.9414241692645151,1.9317494411419582,0.3451598783169372,1.5050217732764668,0.0,0.0,1.3383904380680158,0.41070883989121887,1.1531447544450422,1.1324988940152585,0.40330664000802463,1.4115674326362386,1.0661158245598152,0.0,0.5680874893588059,1.3506768104495372,0.6576867478081004,0.5775353487396189,0.17024061485070044,0.8213123664327544,0.9734296884805107,0.49229890971172446,0.9579263544943546,1.245755362925476,0.649399848397897,1.5437213377431265,1.5075013739034295,1.2072619131293716,1.0528438953152677,0.8008027749528033,0.49139872927078293,1.4232941781036108,0.5998609359569812,0.4146735847639246,1.747672421622627,1.2688826532090878,0.0,0.9552188174034044,0.8945634138928475,0.0,0.4243121587614249,0.764680781501356,0.6936141953977705,0.984291254183799,0.8224224626322979,1.3767531715286578,1.1614650487949063,1.8947107815206086,0.8367789296855436,1.5176533765367177,1.0740813967151615,0.0,3.005766247010853,1.228006959950246,0.8828921031952586,1.5432860751247528,0.45426030623114355,0.8901571268428287,0.9569658209106608,1.282490984507902,1.8691956157554968,1.2214919185722404,1.5192199128363426,0.651068716534686,1.5146177192852883,0.910353624721634,1.0247772808744142,0.9929992508760069,1.2786002632285713,0.8934542808502741,1.874544779334558,0.7386077567662219,0.47834710489005244,1.0480821189307135,0.7757083482934499,0.8329620931299593,0.8938791771287615,2.5255038751374483,1.207089429260471,0.45651610879873933,0.0,0.3175675827330667,0.4777333634343135,0.8129690586863461,0.9646153723073133,1.0589056876566456,0.32151142855538684,0.47530861246602535,0.7703195973631285,0.559423896678273,1.6324747697370268,0.7964973860923357,1.5950973084344304,0.5678444628706196,1.6504480040403924,1.0566486825859094,1.186477267994773,0.5804720303607791,1.8841063573141328,0.8760241254837366,0.8731680527143507,1.4314481545449127,0.590689926881432,0.9737491341925929,1.0196026606333488,0.440188023287967,1.0074318271401252,0.7775047589415307,1.6597995598340898,1.548969195925785,0.22332261420046373,0.7976778981316258,1.0469544209957318,0.7426845507185056,0.609075726341572,1.1215700683679846,0.29271469663044514,1.0864895143605495,1.7195533060708448,0.8288746440394558,0.6731806021349369,0.5304085413116599,0.4679669476834264,1.2487809925089057,1.7726785889240337,0.8556228843635784,0.7294516826454535,1.2925382138994292,0.0,0.7337533432531749,1.4288136132985119,1.4644687905063916,0.7311377887657984,0.0,0.8712486629059746,0.41289507141410353,0.9037256569076411,1.8807512578003065,0.6831861970597778,0.5097651152348848,0.12062093557904316,0.4724564262056153,1.8305839940839088,0.7556756860689993,0.7929123836471846,0.0,1.63556660501417,1.1603817923173805,1.2725036712508382,1.4666780356857758,1.64679347625507,0.8462675575850885,1.4362025249134436,0.7318215627778175,0.2919642167572743,1.6963155020716294,1.1331073405277747,0.7863298512518698,0.9896045989384039,1.1471985017206139,0.5085683980786845,1.104393084507338,0.7049275923107268,1.2306359304313792,0.6980268633654823,1.37265436123562,0.9214972001404993,1.1189904373887387,1.1231717836413444,0.6073577120222884,0.736699158003838,1.0146430965501168,0.7088447286984636,0.8413626577494591,1.198284846631944,0.6987390370723718,1.0951290375049703,0.46925228490816573,1.0886653159748787,0.5367437055344133,0.8722280541067474,0.8570739998312087,0.49267208166393617,1.1950240018521687,0.4575170919543988,0.5657441396410662,1.4371159347531939,7.964423940091908,0.9295546724063576,2.4609886672306347,1.2641886720794004,0.9480002751049706,1.17412627214033,0.9921752202829079,1.4660912375408501,0.4851129916013486,1.4427074189300617,1.3627471529673745,0.5322523758234001,1.586922512946569,0.7942033468886083,0.8891694457041313,0.9216946331832538,0.8330886173744506,0.8404479895158982,1.1572247691035407,0.7910504060045713,1.4828473486521356,0.8697359944586578,0.9270418709648082,1.384877954988681,0.3979474182285355,0.6674047403091912,1.0826161483677998,0.8578232211513783,1.873220190813289,0.0,1.0676131283645562,0.5916492359705253,1.0321571817683375,1.4786255213678103,1.0786529412565522,1.32655702455473,0.7274283763285754,0.6602523506608715,1.8365850145894733,1.1958814701835017,1.1337383557986083,1.1123694116481868,0.7928759399916516,0.5084875742941221,1.2200803301168899,1.0704792181897251,0.5798318670139283,0.0,1.318759597592834,0.5563733759880178,1.79707412872817,0.297697350594054,0.833359459823427,0.8254231993390065,0.9583534714505604,0.582894501700363,0.705134947983621,1.1112676690774652,0.3662614863923387,1.3830304697261333,1.1265146422765826,0.9165952798992647,0.7308736346024229,1.081356944253678,0.4381613105439548,0.4716133822583497,0.9522865042078803,1.3972681269433156,1.2314546000374094,1.2778464564892897,0.49733589596092787,1.1169885958218009,0.9502406818286047,1.6987651971750886,0.8258134527975238,0.0,1.0189601848775498,0.5562505165620315,0.5348850790245325,0.9241541659043366,0.6272805542811275,0.9798708839622882,1.0596617026302142,1.152026635538168,0.0,1.388764631670703,0.725569061596192,1.3008364169269884,1.2020410119040652,1.4995593478547045,0.7719293083571286,1.1490060710048895,0.0,0.5929243885884152,1.1011051051932417,0.49845677967037755,2.24283796658001,0.9211708396358855,0.5569586539347171,1.055326540431312,0.9844843702380777,0.9669153181059114,1.2227099489113402,1.530204786244017,1.2271685567839026,1.6451450779173213,1.0592003855530328,1.2465453937281237,0.8464615297929132,1.1816490983722083,2.8264543478908957,0.9952809628433177,0.38358850086045926,0.9117987756974042,0.6697623598891569,0.41940839812768227,0.3094160586642418,0.7772714093921849,1.005700315994528,1.033292419921368,0.9350234935409185,0.8072153833169471,1.3586811570442807,1.5461424089954328,0.3059026239084861,0.9972684860680046,0.4309953164529413,1.5326230975431372,1.1074201906180279,0.9520072537948694,1.7027862639176152,1.1704041025934677,0.887664317779823,0.932870410066295,1.2536185055654607,1.0262106372983417,0.9755459805871463,1.0522838377105006,0.5909471020248558,0.8634589221645907,0.8651239648153384,1.1115212942911192,0.8577211876613559,0.9427282280232065,0.10607636237542577,0.8799077964520603,1.1014657012789322,1.0624484913443537,0.3078219254723068,1.7187791605364462,0.7896309667305415,1.249492266602669,0.9781641622286107,1.2758488944776114,1.1338030754584394,0.5679433936758321,2.882124963389797,0.8457742576604008,0.817035848875812,1.358754077061878,0.5721317154773882,1.1128714453138535,1.401623107828073,4.009912601700085,1.0579269553316728,1.0841248354065964,0.343627431940437,0.9171126631872921,0.0,0.8989823522463124,1.3513666276480514,1.0080705492324509,0.43834227774465356,1.1158588566720204,1.3447190722834996,0.6088184856767903,0.8181629060238493,0.3316603207265453,0.35583939775484913,0.6118865522909627,0.3916623373890076,0.8108310961256379,0.8054460893697886,0.24450903400990118,1.4278723748047082,1.1608737682658061,0.0,0.33245314584310687,1.2410112315132786,0.2370859634065749,0.6953142818428613,1.0295826417489904,0.815661514669558,0.7329373428900103,1.0865860134968441,1.45976458673302,1.3007585330901799,0.9882267439135546,1.2557249017801968,0.7203258038433353,1.2378595294253074,1.3798292667125378,0.6505038602462102,0.8324785619271009,0.9736638560388,0.5848357616380999,1.0862270565264627,0.7815274674104267,3.0925353208016553,2.9846905425311374,0.8776366846286009,1.4894790525718828,1.0887917897381332,1.1797034156064676,1.0057697758288695,0.8783632675272534,0.6786303143185795,0.7331565708678073,1.8148859564489306,0.5733014674059127,2.150536372271186,0.5305665800290665,0.8787859169854215,0.6374389715509491,1.4870273117086856,0.8938742167350379,0.4798771308515006,0.7839978946418575,0.3621338155372428,0.9811377226693521,0.8344262917077059,1.3640635955848994,1.5820891787888827,1.1432130223118981,1.0202830817646449,0.7410920812234928,1.771552081002453,0.9505573110712215,0.9456845357683956,0.7409026758228927,1.11314285220317,1.3280371652892486,0.6277359226380408,0.7289729317098614,1.303462206594746,1.2200817449732342,1.0713610966801719,0.21105838755947973,1.139336942026977,0.0,1.0831247495684087,1.6762899171475463,0.252065209796542,0.9050835458517665,1.2573598646228543,0.9113483964333087,0.7067766295187189,0.9405698260150042,1.0211957424458573,1.6252735983096338,0.8376618700255474,1.1423998294909332,0.641139707440164,0.7298476317780962,0.6606572731275673,0.3179680902103918,0.8347529459518626,1.8747114645813296,0.8919009484382945,0.8985074521774651,1.0800140354543584,1.2830594685837613,0.35329500861768426,1.3089589110345758,2.501081612402597,0.6820692253774258,1.568520789267668,0.760413511566477,1.117045366928172,0.6811146979513513,0.30443060054501214,0.21459597106517056,0.6327091441350484,0.42333038687227553,0.28731897904044884,1.0464128573059108,0.6854959390518804,0.8430405345825083,0.987060065335962,0.8476286832815897,0.35736773626092466,0.8630304127589099,1.371645163962907,1.0102505786178393,0.36741917455177386,0.8072949027101808,0.9271935559765072,0.4717589844334463,0.975823997134252,0.8932671660263074,0.44293493772240156,1.394448517103358,0.46460264788568906,0.8571466535145971,1.4108815740692142,0.6106334143011851,0.0,0.5976713228952717,0.8569297856256722,1.0047277912332095,0.8674736977266033,0.8761597475154489,1.0822570255863742,1.0867896490962643,0.4148855478821529,1.2261828716005359,0.7389050175454592,1.2180806237854511,0.6904759489642751,0.7709684117632742,0.9526496072576216,0.7470354741549963,0.2792227151541815,1.163797181273453,0.9329481560364031,1.5669744635654068,0.9400003101488528,1.0623585027689264,1.0916747537222384,0.9131279514651018,0.7008243333275163,1.4301049167751563,0.8952431242114789,0.7080558699343391,1.486683342132253,3.6521390357137253,1.2496626319392046,0.0,1.993867307833034,1.2301347619153824,0.8281636160137118,1.4329187744438552,1.494174540771444,0.6606599336572997,0.35790328060050186,0.0,1.1182743010763094,0.4346842733327121,1.3671003663225019,0.4909708595378032,1.3072102725828953,1.3989317539905577,1.6084131745261796,1.2060091460836255,0.9066571854757901,0.6389557449279866,0.9699658965470916,0.9049428665118473,0.8527799379775479,0.6563924349856841,0.8243408637635354,0.9400105754820454,0.599382521235953,0.872797771221193,1.2559736886749577,0.3665613546840453,1.0161632029245393,0.448868027012371,0.8837497571231552,0.8081090612888941,1.471111885713956,0.8277527887751939,2.083632498068844,0.6854925391363398,0.0,1.0072459201259936,0.5171921341532691,0.8206627760044356,0.9474810404619136,1.1068380630718317,0.1572920691373379
37,1.1079983728288307,1.2300765438406482,0.4481057188453177,0.0,1.3297815374224569,0.8332062734400878,0.0,0.9192615321094312,1.107397504166707,0.6596080066662137,0.8191077553817883,0.5984847972337051,0.5298911862813019,1.2914797941489597,0.9191722245505642,0.6704039716566161,0.42926443607352816,1.1291526082882286,1.2715312428161276,0.8933244342256031,0.7157930981087575,0.3513512820532287,0.658331145694472,1.1345559333975153,1.5648333006039854,1.3874513902803474,1.0240804175804714,1.273894645173949,0.612712876682924,1.0681853467863704,0.576545166873023,1.6913572719576775,0.693341743774424,1.0797100205450698,0.686994576870303,0.9140387568669852,0.9967769180633819,0.31541094010044657,0.5510742026359684,0.8967080134884607,0.3904191704552177,0.8360126076058411,0.8784917254587161,0.4370776780221822,0.6769894936503199,1.0537108739787822,0.8938462600967121,1.611690242674146,1.1767888281839907,1.5546376655343357,2.241494072989279,0.8257391312402704,0.2732008330348786,2.074466061367679,1.7179446160771978,1.2655398810257463,0.7112778722769576,0.8227813109843993,0.9742140226505789,0.7950615246424803,0.7748723733437397,1.174401949809137,0.10274387927345925,2.275972593479909,1.5502842148438252,0.3871798476728688,2.4088534921496416,0.7567179137857283,0.26644736524384605,0.7950224205270366,1.2000329018679792,0.8932919944913715,0.9134546493793667,0.8120006581140157,1.0066963959164787,1.3071940460684575,1.6029554762422136,0.78363864536571,2.207119720694373,0.9278275789316752,0.8059529722220194,1.1127733563399491,0.6753495175643447,0.5861908746892508,1.3017197823092133,0.5463823090532247,0.6657974565559118,0.0,0.9537329450005599,0.8788574653164166,0.5705075573772134,0.15866680368315123,1.081625261536277,0.7293858781858973,2.54408958967756,0.7130829342182969,1.0455462297645992,0.7730909658172458,2.1513285316706936,0.602831151289104,0.8103691593575322,0.9487263029139096,1.2629338521124855,1.1941904209500878,1.1842843386155253,1.1094195524580601,0.808264523365305,2.062124960317389,1.2924555655382168,1.7014554710650727,0.5169547600732097,0.6384665579578597,0.4007953337887691,0.8790385208264693,0.8366907583959918,1.4184034084896917,1.1043516407353953,0.5723092444921241,1.6481078986048436,0.9492583852584145,1.194203435500583,0.989849294450608,1.8864602286967493,0.47576061628201366,0.9251204177541449,0.7784998039822328,1.1813393745646141,0.9851856465062563,1.139976224693985,1.0313002264538351,0.0,2.116297340558473,1.4181980078193535,0.787476647354672,0.7206811681734162,1.389137755642805,0.8063320322580745,1.0834105163873253,0.6851021964952428,0.9252131027967303,0.5253171094586165,1.0275863154055942,1.1970292803421372,0.7981005476070898,0.7479740286181703,1.164995085165964,1.676577842605516,1.4613539166198786,0.9885873076474131,0.7013264622430819,2.2545740190389942,0.546159910663992,1.1202432988908912,1.0926537848007385,0.6051168303208958,0.8545025904367103,1.0490445501914683,0.8833939995803144,0.8259761849949029,0.5694849156922654,1.9211523045773287,0.0,0.9291938377557003,0.44886869607465146,1.2309615318283735,0.9076283943781219,0.05332990947528237,0.35787102484121464,0.956641284872042,1.3055655570645928,1.2507868293940623,0.6812184990586918,1.0815089425936555,0.7798682260331992,1.5728982300324588,0.8841664859599769,0.9555413758780393,0.0,0.0,1.0808128578552942,0.737638802019401,1.0727342555973793,2.1530159323448754,0.4471048960966327,0.7500422506368619,3.173072979728534,0.9299659030822851,1.1287538027086332,0.632692220010545,2.0523058844713162,0.7474004742213413,0.8756196191396528,1.163113275440812,0.947134911886593,0.5054456568283581,0.7858863943420888,0.3424018449125894,1.0457952828344002,1.3244857381864443,0.9427752666062273,1.9460511018529585,0.39151775732617605,0.5051506207599424,0.6230122616899343,1.0347528517252593,1.0995305233739718,1.0795403930472642,1.7425487528994563,0.6568626262711866,1.046224047530783,2.876724540306419,1.271039940578655,1.0930276223048236,1.2616269228647612,0.5624502174885329,1.0227485334127506,0.6013098536672463,1.1679940313075,1.4142356616921687,1.0830575073803033,0.8574358569053319,0.8401171278644848,0.5177603378024034,0.6610666346711268,0.9450958819052125,0.0,0.7248091277627314,0.9174984920175449,0.5395147742503846,1.2203830203308121,2.418819898091651,0.6737108244601278,0.8426198800561264,0.5446570700303824,0.8135041184309493,0.4295417476407359,0.7016703543519238,0.8368892717814003,0.3749228557304183,0.7885335035302513,1.0511349335242621,1.0906142654347792,1.1431717353323443,1.0976882937028472,0.0,0.6471975167421555,1.4125662473363805,0.950037851949178,1.2882483412053407,1.3972357710485066,2.4934962927871576,0.7976710757763236,0.4833880456272922,1.2936527854498245,1.2953882983410274,2.196608757471582,0.9154321508560916,0.9071326495226124,0.5733085068620442,0.7440057172968305,0.8381622920771585,0.7454672219976127,0.5437127060585307,1.497777900650183,0.8795062612979471,0.36885280162815604,0.972598847445362,0.8769915886579962,1.4248907313069274,1.266096705795752,0.9394942116199547,0.7712881450561853,1.223672641700898,0.6556077542017654,1.9547772974138853,0.0,0.0,0.9411729266452656,1.145451126257458,1.4738722943884686,0.8335872354378563,1.0230884042370127,1.1519597035355689,0.3905674803366161,1.2431252681886313,0.3794642315051098,0.38872580636378823,0.7056457022992667,1.055580767157719,0.0,1.0360279271344666,1.0055478753661982,0.7982347299029178,0.5551846851264874,1.0879731068711282,1.0972991918074548,0.8730719961431602,2.138221692403194,0.9485001375922322,1.3000246442040098,1.1315574372268018,0.0,1.2310036014041918,0.8554957427852434,0.5022776282026536,0.5907487075889511,0.47230667927999465,2.215588835265948,0.647584762502871,0.7849601468165865,0.6782593326322488,1.4666304303979738,1.8485993456105223,0.8233931495542404,1.7009815494308937,1.1257330145168793,0.6976789891485476,0.49345716488586483,0.5227271799757062,1.272167773232172,0.885367987618487,0.8289417720224934,0.5585207180231834,1.749095456644596,1.1584736875379418,0.0,1.102597092779303,0.47629917675095507,1.238991441641274,1.639161208747911,0.4276833595900594,0.660671719767821,0.9975000689793626,1.3395647969258402,0.8637406864438566,1.39111071932622,1.4184145990618433,0.7282452311780689,1.1832501021107706,0.5887017702175458,0.33593748374684923,0.0,0.9940347582457933,1.4722221553367554,0.6494300110248823,0.7072157036363407,1.0322188325712893,0.6336833331709181,1.191544301265986,1.0758878632757352,1.3805061889902186,1.0548871809959302,0.43651275898119846,1.0130913036770393,1.2703762832082264,0.6085392956478644,0.9912726858487646,0.8328997370173239,0.26843917070839574,1.0793680906153875,0.7960349300592977,1.0870667167357693,0.1263671648489055,0.24572895296886527,2.0016803018883165,1.1357682838753356,1.2034098249395795,1.1180272294657767,0.4181751803729843,0.4163537845626957,0.7925395162468312,1.6222237926196361,1.3779188962081497,1.242789098881429,1.7528114014160343,1.1834177535102945,1.2251387345702782,1.1320559659505136,0.2182662790435003,0.8498573258606471,1.288573207682148,0.8105916215409741,2.151899960622016,1.6842266615264463,0.6738681136443039,0.0,1.2655686728226192,0.0,0.6420882379476199,1.9455693244039718,1.694018816096535,1.1622736864231622,1.4831723810480455,0.3833534008313335,1.5179092594080865,0.8788235656151604,0.5927082510931655,0.903439388904859,0.8266078365550029,0.04775144944875684,0.5503318706377429,0.9774126787258018,0.8780942414832659,0.4665710794331789,0.6990158336233154,1.5497741468912047,0.86387897804974,0.796591020890342,1.246501996179079,0.30881381265721886,0.8789249399412937,0.20549236002457485,0.7621750511839429,1.0174503196242257,0.8256656298401909,0.9288520815973313,1.0903896528957386,1.1477540146505172,1.1076688422680605,0.2948112747829945,0.0,1.1910832823567865,0.9208273573580769,1.2511166991582279,0.8484805453182601,1.2023929360772465,0.5255941785268616,1.7774268604094556,0.9287791515380242,1.597688313854058,1.6301365747298437,1.0735371350042182,0.43355060345160834,1.4764248646104043,0.5850167419185093,1.003347848850978,0.0,0.0,1.4685615354967196,0.9599125120376888,1.0052278014755434,1.0943458099413412,0.7243857088722363,1.3703215928375738,0.9610114491096353,0.0,0.4146497407287745,1.1462797391678736,0.7911907915516337,0.2855376089547743,0.262524996553939,0.7650285869873421,1.1571107191900087,0.5710351809078045,0.7682071708858329,1.3187104575142117,0.6090043494010315,1.32772512302553,1.250923982306169,0.7701097997813983,1.0000890886977183,0.9836031437371082,0.4137550926723772,1.322807492268346,0.8648826822266819,0.5311963352933806,1.6886294512940665,1.5186095574644167,0.0,1.4035025035750235,0.952250638138068,0.0,0.48263945708021727,0.9134440437273589,0.7669334655750741,0.8696504048406909,0.7327142344858179,1.4867213090784428,1.780701655590378,1.7525067278847994,0.9256693329562402,1.48259887816944,0.926254977213966,0.3798244322856954,2.003844164673902,1.3008806003632654,0.8631192602227766,1.2148739808817293,0.3497845734359779,1.0497416954869054,0.8754141123759989,1.2973158993827052,1.7888434711065095,1.2744554984561673,1.3351313340195428,0.6996528615644676,1.572071503578904,0.902023135190865,1.0246802416442995,1.1664658907811463,1.259501218779309,0.9937207818273484,1.9616890184268085,0.8549597537964648,0.3496797393127371,0.8987028632507033,0.7049720975777733,0.6090722013809218,0.8741643189953697,2.6984837651183673,1.2260851678438074,0.4643141685058105,0.0,0.5706292492931055,0.4776158401624302,0.7216303448079254,0.9660580964528086,1.0669587115557346,0.293553912997395,0.4473492867067416,0.6633647290777073,0.7563441063720056,1.839125600041662,0.7419521817871596,1.7204870334036417,0.9299712276628813,1.5266916188348096,0.7799384344123925,1.75245764322904,0.45849995895813933,2.242049221391649,1.076862051085161,0.8199565782529687,1.4926524510300643,0.493668290247507,0.8844696210065736,0.9988570744024161,0.4761403360121875,1.0159634732798657,0.8453333941229157,1.4912661559565408,1.024717432765585,0.20648925096011547,0.7952112353654964,0.9628254293418963,0.6655752193166717,1.03739154781467,1.1400914228290462,0.30057960613750745,0.9790164745763481,1.2963952520021123,0.9933104771963522,0.5070174671234778,0.4331092445566505,0.5012325070236517,1.0867780109271128,1.2719872420000717,0.7330688690396598,0.6517930208807724,1.246252353731314,0.0,0.6934183640775982,1.6594677927109664,1.5412161197846517,0.7090862610003498,0.0,1.0216416680453941,0.7243773162370175,0.9325011442306014,1.3454447648410837,0.8488981280821908,2.039060460939539,0.28409404553569917,0.6869290927704474,0.9995952080138617,0.747300026174246,0.6891165604193255,0.0,1.7984808380747952,1.1307075906362798,1.261334469423901,1.2535326933816142,1.6456927306994877,0.8348148143511848,1.4606237263169564,0.7805501350016709,0.4379463251359114,1.4817710676607039,1.0747890346553193,0.7856282691325858,0.9244291533645295,1.0624658921800074,0.64165995517026,1.0066721280681301,0.7320649771311699,1.427052889566778,0.8306950782805269,1.0834095368881667,0.8160502475649856,1.0178233626359356,0.9669924878006602,0.37959857001393027,0.589359324298216,0.9270056269379011,0.9083954118254992,0.6693222127623513,1.3076030946719504,0.6707319776167755,0.9251612044825449,0.7179368689648509,0.9405920457127295,0.6517107094864938,0.7920114972061201,1.0134193962029037,0.07436559670612064,1.4144780779498907,0.7304756633660638,0.863125650281788,1.3917773888083076,6.266732137079102,0.7416538986812111,2.3260740200966796,1.4923140143626048,0.8260094284831659,1.1037318297005438,1.1807916420135243,1.6012821917893225,0.7995957212793785,1.3106706875495955,1.1037531003055323,0.6255412995583663,2.1873744147345775,1.0652900263124652,0.48506951720023495,0.8159322241727184,0.8530994650410894,0.584204537803172,0.8893054156141603,0.8497191188461483,1.4188107677973814,0.933531302099939,1.0371412521015233,1.1991485425226527,0.7692427922711171,1.0312807711661462,0.801259501596361,1.0157047977055407,2.4762807992746976,0.0,0.8642636402013043,0.5361665611095783,1.0886304776221627,1.8911003834355378,1.3824253453789388,1.5986258419414354,0.8229818930352304,0.4261158928299247,1.9984270457529911,1.2161316181860142,0.9920210613237822,1.1639145191824614,0.9317976153852845,0.46611358152031157,1.2048753213485002,1.041666167620326,0.1268382211924178,0.0,1.6381309632592485,0.5726172230174609,1.8552002383646755,0.5032894453449634,0.7294569882957332,0.918641145301959,0.7642494649692388,0.6326159955133228,0.6542662913447935,1.1979618383167683,0.31739877698437374,0.9307706828569128,1.1918819864875618,0.8390933132339278,0.631060383106371,1.1695960011473154,0.29210754036263653,0.19050209708834176,1.1891853882950771,1.2174026207361246,1.2162191053851066,1.1629928922506956,0.4517592929147941,1.2187903035375316,0.8308080709457946,1.579849275833119,0.4722324040231781,0.0,1.1459537717961847,0.6017767774863344,0.5421471043778117,0.9122801188508647,0.94996674632519,0.8033112441184993,1.316476400978602,1.3232080583248782,0.0,0.9017327382866918,0.6833882191164806,1.5959688685785913,1.5214755864325114,1.610204439545126,0.7720874385069068,0.6383863177610465,0.0,0.6762032373111323,0.9522610992655878,0.49489636788966795,1.2680660944092568,1.1089671848884632,0.37625679558233516,1.1755742729224885,1.1882824052804895,1.2293376272635714,1.0208894208976667,1.5455036227657462,1.2779412645061088,1.3908753671820642,0.9924634913774699,1.0425882655818124,0.6564664589758445,1.5210243693486718,3.041833800690373,1.053014358173045,0.5255218407761562,1.0462775160004272,0.7554749106370883,0.6144214553369298,0.47491767260953516,0.8092039600514355,0.9261477538073798,1.3063370506335137,0.9016297779958902,0.8159714432084999,1.290027319543848,1.6417145979647279,0.24309061742661278,1.0092954378263637,0.5383107228855849,1.4154958524664611,1.1876589538921347,1.0624056853192199,2.0182591284543783,1.215925227328761,1.4045012121948486,1.0448148193940465,1.0382499321023313,0.9630558833852131,0.9933077289545955,1.0188554191470138,0.6792548983609838,1.1323593900673736,0.9114305857432966,1.3821096451619417,0.9507181072454994,1.0605691715823913,0.42430544950170307,0.8669679801975585,0.9450501633304691,1.1019049691649934,0.3583152740718091,1.742442399934133,0.8096402016105235,1.1372589758133516,0.8154388196030717,1.1831279781587007,0.9829925325410902,0.6780548695861655,2.6066644033542925,0.9558907957684966,0.8725205529109508,0.9864608553154622,0.5287884000999902,1.0617507162588806,1.4164683842821044,4.810057196159445,0.7052846368877819,1.0215769635344596,0.5868405321326868,0.9355258465319575,0.0,0.9099371742428705,1.236487018507007,1.1433039558711613,0.44359295159736856,1.1344520103824425,1.087938127347231,0.5288458847311543,0.7497833300329074,0.3927556381423311,0.2265297804030625,0.6769292052577248,0.25708170063602803,0.6307586828006233,0.7295667157466708,0.36676355101485175,1.9267675208328587,1.1179730279987268,0.0,0.36591998024273353,1.0848132344958121,0.28051941035846395,0.8008891026047278,1.1301919225130752,1.2267934944386791,0.7497977701489926,0.944174937099693,0.9771937296074895,1.0692962407126279,0.8022208726553814,1.3197787247595276,0.7647877782549625,1.05385495178682,0.8133530363533904,0.7771322384245262,1.2807691310946823,0.9737135835916544,0.4382919672215102,0.9980993842649579,0.6362694745660453,2.8971311429853377,1.9897936950207582,0.9241439155653364,1.3877263729138578,1.2888067226083297,0.9302308026970649,0.8630918661925788,1.0554302611616944,0.7351828405117944,0.5725512680479152,1.3978341136156074,0.6894963659928437,3.816688471384879,0.49111790446148224,0.9725724061818363,0.4658517885980441,1.29400111432439,0.899574851597215,0.34460312344971933,0.7684749038869975,0.4270442113832996,1.2425704970625955,0.8324312718691249,1.28176267619655,1.734922211048908,1.1739549485714356,1.5772117847006326,0.7865595048531286,1.7551488283404635,0.7272665948416227,0.8879931292588097,0.8035567117862229,0.9038874445006482,1.5778108426024042,0.6078083709264485,0.4107331344712183,1.3450044951212956,0.9467381456649206,1.005422937890081,0.13906202976001814,1.2236409073416863,0.0,0.8403705636486156,2.052097678933227,0.37809781469481296,1.2299820569642028,1.570079698739013,1.0601784882956786,0.5365595286849376,0.9023302503267666,0.9952871784767412,1.7938500161574586,0.669379416859055,1.0896347203336685,0.6790255882068648,0.8244565575270733,0.5104082057238722,0.3390229551278572,0.6580534131550159,1.8515836704412538,1.1320268446169985,0.9012631698812769,1.0783516154350434,1.295565467582913,0.4550918751692175,1.1419040102159197,2.499908364337689,0.6557250798130545,1.652877261260509,0.718874886368422,1.146930622967589,0.6670634660642706,0.5281564424305569,0.16299074685093767,0.5412326204542843,0.16909499434536202,0.1543803463070557,1.1935540760488637,0.7176452828686223,0.9280189187299829,1.1350097809036814,1.0117773446904388,0.3201419305038167,0.8520849218074635,1.111228991929618,1.4105025353636709,0.3785703482138415,1.098818052055588,1.5597648623028881,0.4590087367865051,1.0620933093342406,0.8150181655549154,0.4197619752218865,1.2852808242848168,0.48993168678508503,0.7442690362296,1.79000734148194,0.6278343554103071,0.0,0.38608626407326735,0.8211264544325017,0.8399568343150232,0.7360275290106514,0.8755873716015338,0.738189715800998,0.753104194450774,0.43594867586534086,0.8470436906608945,0.6931015842258028,1.0243680223924596,0.17261898724106878,0.8215691448923464,1.4625719542724405,0.8170700526292288,0.16614905326403767,1.082015656067404,0.6987444065720736,1.3619946555569686,0.9616230786434299,0.9471995179779327,0.981826120776966,0.8434781947121346,0.705781711412365,1.1082797808133393,0.9589752660645043,0.7572426673276397,1.29104351602302,3.1760281201445673,1.1238359915324132,0.0,1.950532600785018,1.1699612093036516,0.7457306451851968,1.3089255169947474,1.3868440123070098,0.7190770761118928,0.4472538424602077,0.0,1.0952753830269017,0.30729165417409326,1.1723314809653091,0.5217419748559998,1.1105147802748705,1.5616048007796126,1.2506905871015044,1.0812345113937725,0.7516157643086571,0.7044497514238051,0.9192434827986289,1.0213927374889975,0.8635567933816384,0.9845886524785262,0.7805128527720355,0.8857624725445895,0.4720208336756371,0.9350298043377273,1.0374949389429176,0.407123469473388,1.1146906612338763,0.6983588716862354,0.7433927368059903,0.9246726666393533,1.7498740305858256,1.0505638054606266,1.472548959260094,0.52536783178162,0.0,0.6714972800839958,0.4099979172303161,0.904618429147945,1.1231781711750437,0.9587368870144648,0.10486137942489193
38,0.7923939597289409,1.4180049075525907,0.5570253802362477,0.0,1.4631524877622004,0.8825055111789433,0.0,0.8517734332604909,1.244275328043046,0.8554913749866738,1.18005582384299,0.7803029625229628,0.13247279657032549,1.2614005447680257,0.7979426115611992,0.7465763344224918,0.5601592380345397,1.1998039593642835,1.3204854428499515,0.856472358824707,1.0841444559154076,0.7027025348271936,0.8027039092581811,0.8814273749643977,1.2713833343569099,1.2116726254526635,1.0910553266904586,1.041514386919528,0.6105802547993004,1.128771500078281,0.5944227749358393,1.0148143462610397,0.6649823219630793,1.0638839607008557,1.0216842388364036,0.8945710277971244,1.3545090561852207,0.7359588602343752,0.47465309199181016,1.411334742770217,0.41264110235156426,0.7934062272441854,1.2152479892980597,0.5234488627974901,0.6301435172674247,1.084036999107526,1.029300287542425,1.6770901122567041,1.097931313857289,1.5609193121000087,1.8082806433237764,0.7065765989851478,0.3713842304043954,3.111699092051519,2.0156389676074316,1.248599331642917,0.6382795796630367,1.082005201899538,1.1655977291699695,1.1925922869637204,0.4387754660892113,1.1159366132014492,0.0,1.8712848780964868,1.4681788468667492,0.47429174356075254,1.557151761238945,0.6405365158599229,0.22036095489226704,0.8880437630759324,1.26128821759829,0.7568797567254435,0.5373262611800619,0.6104500467181003,1.0006944148750745,1.3028729639708327,1.0997020084361664,1.1251040795993072,2.2266456418193226,0.9679872875848385,0.7904915938103934,0.9825956613002733,0.7174583398970171,0.561839556575912,1.280986109519852,0.4623336097943306,0.6299915162376659,0.0,1.13969665029951,0.7954916267914742,0.45640604759184566,0.1848419795542478,1.1982371457390726,0.8910143546438412,2.992109499543636,0.8398143422835409,0.947148165332657,0.7842178902897716,2.300139767678027,0.6147597563941984,0.8928669942155385,1.1268668620474749,0.776519493755485,0.9392008790986335,1.406421028704532,1.5376364205133453,0.5095580728979022,2.7159694522631885,1.3085267766342008,1.7315359659382734,0.680437884903083,1.0613469992229971,0.3269977222223733,0.5920657074991245,0.8385799003839098,1.3331922905541127,0.8305449804791545,0.652341292084131,1.649692855549595,0.9265573301567763,1.1080776876182,1.1080500143232945,2.067279864612569,0.27372528574527144,0.8679847247844732,0.6054998439375715,1.2910735444601489,1.0776651164727349,1.395364556889973,1.038169975288771,0.0,1.4452919017483876,1.510644714057574,0.616060950907601,0.8498266138682069,1.3152642992321861,0.8222730739013083,1.0583163214171958,0.5635181223415024,1.0338868856128536,0.48251211102354974,0.9424532809216141,1.2179815827298144,1.006991869835952,0.41786891193101083,1.139511226413817,1.7028160923621753,1.230424271985085,1.046253681786019,0.8756910005541625,2.1238452624486666,0.5325797853535836,0.9753891694792932,1.006783702542563,0.7632378975483846,0.8692486558095408,0.8840877670616556,0.8184339117155056,0.7558913248913058,0.559057237324432,1.771889209598274,0.0,0.94786415113442,0.5292110899179707,1.192252804111964,0.6078229698878422,0.0,0.4085029263906583,1.043152120335828,1.1682521184370884,1.20112216124008,0.6945816787681311,1.0589131664385911,0.924469227542253,1.4437646100568724,0.8196751063039874,0.8329357245762692,0.05713210530732956,0.0,0.8589058368992429,0.6347668395422608,1.2225660369940534,3.535478743934262,0.2427140901022931,1.0971767834278197,7.403836952699913,1.0167421804393086,1.037525853789644,0.5690376346401064,1.6245944828898804,0.6225789216443315,0.9991544197444342,1.0121038209475406,0.9327530088067075,0.5682795431125257,0.7615553352450896,0.5639559706410633,1.0236030087723842,1.303068627805162,0.9091927613998596,2.0757878359221085,0.4445822424845064,0.41801366194861544,0.6440261046399024,1.2600388707350743,1.1184645255805408,1.2909733495080342,1.6297286450071982,1.1084556715691516,0.732356833271548,2.7244521312761103,1.1150439047959269,1.1172334513950686,1.071805107785683,0.44661652179766737,0.9401590837031408,0.5288128594054087,1.315389328945988,1.310197229067295,1.0592238295225638,1.072851592735781,1.181687220715537,0.5889581750482742,0.6240473030855829,0.6706385712613178,0.09486840258088491,0.7131506371559293,0.8525528133402728,0.5189074466819478,0.9117919826658598,3.36720610469714,0.8622233896884764,0.740225012621836,0.613062422747525,0.86044451323812,0.43662551841742525,0.8240877367234185,0.62764033655258,0.25410585233993305,0.9568915597206785,1.1865197801147196,0.8845639711912712,1.1539171534297237,0.7903457246225042,0.0,0.879739122882752,1.117221822109022,1.0221695927390506,1.43907503110127,1.445912566253495,2.6246296854223936,0.7809835810738894,0.5353781574070721,1.1157968924056874,1.2789481355533363,1.7269877168495396,0.8196731838493158,0.944981905908308,0.4294657725878762,0.6687115381381723,0.6852029728108888,0.9400859189802797,0.5472208082441227,1.348581423438129,0.6352484442106114,0.35796149123440363,1.0005015224738842,0.8958707368699037,1.528272046040105,1.5700262563585772,1.1218465516584413,0.9390840121897684,1.1289005868317097,0.6291161695076661,1.8752451996843589,0.0,0.0,0.9712603738003941,0.779866661771991,0.9754285215047009,0.8804467362336337,0.8766452652496246,1.0611708370580226,0.40832054627971487,1.1285187710136482,0.07589284630102196,0.3845459571857488,0.5006700903348148,0.8639434345846468,0.0,1.040535672653197,0.9711959609818185,0.4887774025636926,0.5806222891079182,1.0396953970264404,1.368683390486989,0.7870550315491693,1.6395551491873208,0.8969066400551402,1.400881653425861,0.8364315081758836,0.0,1.4028680349793672,1.062664244219874,0.37242378466742077,0.5988302065010379,0.3671032345973515,2.2642535306941847,0.6701426399060908,0.9753141022290954,0.6165993933020444,1.5094075923798669,1.9101900728155623,0.6853374503712191,1.8067727175661137,0.9987749855582715,0.6589190453069617,0.9304994622918855,0.7840907699635592,1.3270618520689867,1.1544808009278458,0.7333270625657191,0.7724813918017869,1.8030059365251276,1.0269359324589322,0.0,0.7850535403218888,0.4010268915875437,0.9640033193892713,1.8027678011617494,0.3746425608666955,0.6271487386823946,0.6234375477878826,1.1970746835542339,0.8769761594576828,1.0152868128666546,1.4021619999292279,0.6007129251788936,1.3786912675252074,0.5803921415851051,0.5039062256202739,0.0,1.110570857784986,0.6993055679516147,0.7295858911342727,0.4280549817570407,0.8668544901750744,0.4968153296663066,1.2006990291580697,1.0902962396424312,1.4644677798585362,0.8968970203640285,0.47842848487633216,0.9333129892487184,1.4010479615833953,0.6777788132451856,0.7304162144949625,0.7366897636540779,0.228070161442683,1.0202274610981508,1.0582590465891764,0.8474188304196878,0.0,0.17379399823619218,1.8572071832283217,1.034337088397528,1.0927824641614017,0.9773841972888262,0.2617209225900537,0.5804628036946131,0.5008438036011015,1.4051492235758567,1.4127914772897778,1.2146682098788073,1.4644739576274164,1.3229844502449095,0.9446472329978635,1.0824868137186034,0.14425366386079594,0.561499791471412,1.4439881740292146,0.6885901436647516,1.7203291397955216,1.597638609871591,0.16846702841107597,0.0,1.1681389013442396,0.0,0.48875037469047,2.326104937790827,1.6700142788561392,1.3678754312942152,1.690797708564301,0.3661374392441527,1.6230380639318607,0.8704387148838917,0.5715400917083564,0.6568173113567124,0.19806897033615342,0.0,0.8463743809212572,0.9101597825959162,0.8323611208898927,0.3479417501260827,1.0172975463155567,1.67939483848307,0.9793677594323502,0.8276485369779689,1.2675254146901103,0.4072940933942846,0.7683595423473348,0.0,0.6100965891617051,1.1796240996492324,0.8121541584059758,0.8053574703693791,1.207126809946586,0.9464247565985284,0.9406830225088585,0.07370281869574863,0.0,1.1488737835763063,1.0311673876893401,1.4522078599151804,1.0015049949147032,1.1523960525506367,0.4471593544333797,1.2751714881028455,0.9633494372676986,1.5682238621378513,0.806577975591625,1.1811009230080762,0.19076226205030355,1.1253489835633599,0.5850167419185093,0.2508369622127445,0.0,0.0,1.8358961664482862,1.5361783847750532,0.7765006742134388,0.989545631700242,0.8222756644509519,1.0846039304928676,0.974210336023584,0.0,0.4181407113352431,1.1301724422716413,1.1006544943243828,0.37623778618630144,0.5915974670025534,0.7332876867316733,1.2759148920781773,0.7348527732598882,0.8526255345099023,1.24498050658578,0.6115420963025746,1.1551910747117382,1.1863234166957788,0.5594089403765456,1.2158091990578057,1.125308647493196,0.5801743302074931,0.8598173693215826,1.0221462106448274,0.6596302021297251,1.2927602804844007,0.9719101167772267,0.0,1.719587158190658,0.9208478118291341,0.0,0.6788668862077293,1.1103219721471027,0.7913137567002924,0.8169022463681719,0.7196825789627449,1.7254101213599689,2.3969937873734137,1.4263929906477264,1.0005558626839794,1.055758869917011,0.5867646151112177,1.5192977291427816,0.5009610411684755,0.8224740437430914,0.790465815025447,0.9522592256096796,0.4107199021401834,1.2491877675371708,0.7046314716709943,1.0734398742382063,1.5988105927828118,1.202168055437223,1.1581854804168685,0.8204280130426663,1.4268965922946408,0.92257815707352,1.1688698464596086,1.278183438042733,1.2235036357051277,1.1193953694183418,2.227906621360414,0.938011926858337,0.4042343234525053,0.8729794965462878,0.693827258713179,0.5688613854256087,0.8092559315805664,2.534153268787087,1.185389407432061,0.7442305098343033,0.0,1.0840774276510037,0.7021497359375003,0.9398133552178176,1.085413191904149,1.260889443432561,0.14508986514164873,0.46332604466387406,0.6913322431445545,1.1553044862974797,2.00727833054979,0.7139016643372211,1.683260270621871,1.0596051840813723,1.3421999068389165,0.63482987206398,1.7911147931443858,0.4977407784732808,2.417055630479645,1.199126433511641,1.0399449230074125,1.434077752436495,0.5185175187733306,0.9305012002857038,0.9081186519599005,0.4782064786444539,0.982650076277523,0.9435988592822635,1.40008384751637,0.7624141954064293,0.18067809459010103,0.453976746753884,0.8976971560417325,0.5140621564061796,1.4370713666904664,1.5629953784501667,0.5071889267107309,0.872823922269367,1.205515057165715,1.188722938420171,0.46529274508592594,0.4552949340742047,0.53053679747018,0.8044246666848103,0.9928597335027562,0.5796806299906873,0.5292935751797957,1.1098403145507874,0.0,0.7449098261108602,1.5684276685281846,1.406341117931618,0.6053642855477701,0.0,1.18396981276819,1.138721141964869,1.035629344541076,1.2828898001753983,1.1027295322247666,3.058590691409308,0.3269462199133121,0.9187293149044374,0.5208734109838854,0.8279778284524806,0.7645926517369355,0.0,1.7189917911855004,1.057839442038182,1.2450646240804741,0.7198355268164087,1.6849426043359799,0.6789212432192655,1.287686232774953,0.707797433814873,0.2919642167572743,1.2937992324962253,0.9411614215376717,0.7647035476322067,1.1455216869007356,0.941084838131804,0.9302637082864011,0.9139804530283797,0.7180496197006079,1.3860011427305365,0.9217207576838393,0.904377920126212,0.6941948525023633,0.9256392082675174,0.7838866628695005,0.22775914200835815,0.5051651351127566,0.8329517189082005,0.8709675335368963,0.5856051838126175,1.239644398891072,0.7831901741811786,0.7898767771630892,0.8620037954970019,1.1295290524944495,0.6724954143423365,0.8739156159057467,1.2760580975263247,0.0,1.4095090873060598,0.9067322457324534,0.9215354465891339,1.270437272598883,4.967528458835953,1.147680745621207,1.732957808642249,1.5696809200866644,0.7846215277471272,1.2006765935877801,1.01466125383334,1.5155393017803254,1.2209363195161151,1.5659899830121802,0.9468769953179917,0.5841626189749493,2.296151891119142,1.1305141008476745,0.4058030564249051,0.6612880300313172,0.9665501388553447,0.1993952893946094,0.765442983246672,0.7626238886430001,1.3767867692877096,1.047101235674424,1.0502038191809153,1.039445829152811,1.1406590326668944,1.607309658613811,0.5832045502312945,0.8730851097097116,2.7110960265997144,0.0,0.8091626402608938,0.6237253517873239,1.0711408917959857,1.9472148804853355,1.31684972053697,1.6656841710209531,0.9394681355741458,0.3338757967701668,1.5708598033114827,1.1670866320088522,0.42515188342447807,0.9661791184885236,0.8702324363870633,1.3559667517871243,0.8123223012889548,0.9939150533152722,0.16911762120999038,0.0,1.8767957473272707,0.5450679145765136,1.7658038983858109,0.5986841777830696,0.7674984308094317,0.9155150399643188,0.6875718231563019,0.7037627187642979,0.7483276673142963,1.3000549099331513,0.18709822601086795,0.7416711124494788,1.076829229290627,0.7835582339298179,0.6715996077654663,1.0895469041152335,0.07302688509065913,0.0746329204793787,1.279583990476505,1.0054475572661166,1.153558877491637,1.102692010264351,0.5431481879787785,1.3383381218410457,0.7534575070265056,1.143536848436215,0.7249597967722076,0.1892075901354033,1.2365361591865631,0.8333654660533159,0.5856256712740547,1.0250996372566328,1.2003574826226078,0.6520836086372565,1.456309840794799,1.22210423608283,0.0,0.7245577350961783,0.8044489078988221,1.516269745954119,1.579724408236348,1.6220699139919588,0.9126422955861717,0.7115903721135797,0.0,0.7974072610534313,0.884719179121662,0.658675001382213,0.9316404127930177,1.2627061257797896,0.38221994149732497,1.025838585816144,1.3220996144537185,1.4147396220438304,1.0852615222051059,1.3083440823103056,1.1100887422227523,1.2861208970369513,0.9039214770434393,1.0571718702751651,0.7591097783023861,1.9483317859318188,2.873143208943742,1.0668287466959265,0.9597927321197629,1.3075306644914093,0.7815821881291933,0.8123569429414887,0.6114247583849914,1.0317653791360568,0.9614526427013781,1.6006636256682423,1.2318563439510886,0.8993910335491453,1.3074614048841418,1.543118005518556,0.36732786608033857,1.0445264086909098,0.670313873711063,1.2265328698839109,1.2935223698839824,0.9233323329966232,1.7410783857127334,1.142223717714424,1.7987443485288843,1.2873610821663823,0.9596156650060008,0.9079925115607659,0.9602709922066158,0.905780100319954,0.59523805675748,1.2914665887124257,1.0123122860319473,1.550430677176104,0.8052838017751396,1.0723532180163062,0.6364581742525546,0.4723034534195815,0.7718654481448505,1.1729340248173692,0.603472169119585,1.613777866645455,0.7924259526670299,1.12933204378687,0.97091582654634,1.0815066267232814,0.9158493583997447,0.7533942996689691,2.3311407077268242,1.1865520815346362,1.193401952862116,1.075529744145317,0.4247644532498823,1.261321661403758,1.5761299603851158,4.4466960857236995,0.17632115922194547,0.9314880966815023,0.8088246962211569,0.9895158047650989,0.0,0.9386714801329562,1.1680119452491609,1.1149339544435197,0.37273731383350434,1.1555154175341753,1.005105342293883,0.46640736333693833,0.7969479573138709,0.2618370920948874,0.327197240112636,0.7740555031257401,0.3332108058733766,0.6594904583927084,0.7814461739774382,0.36676355101485175,1.4278723389645436,1.032198122322719,0.0,0.3624730390162897,0.9649978512788688,0.3972919901223499,0.8823730390514684,1.0292382223764454,1.5373309298043767,0.7216956609250033,0.9289807308847751,0.8143180849541197,1.1119636555773094,0.5798532452807929,0.8794387372936985,0.7902869016488652,0.943758608902517,0.6155642347415565,0.9400273954187176,1.5769229556213111,0.9292880062562461,0.18203819686044997,0.8664460607415602,0.7701585688355079,2.2699923667240407,0.49744842375518955,1.0149635192227056,1.3561787725694703,1.373810857126245,0.6225126624337447,0.8120203647775752,1.197166010983618,0.39586768335250466,0.5896135653410141,1.402230517244978,0.7756856088641548,4.39730084403163,0.4482171216729902,1.3537162903687876,0.30550028868064183,1.020049807325567,0.9222961462109486,0.1520598305197135,0.8285705173521916,0.5270836918915148,1.3104631506900057,0.8372424907097011,0.971652861942712,1.707339089735836,1.0243043037194979,1.4010338630970913,0.8844608775928606,2.078797786409087,0.6004310219760894,0.8481409631194575,0.9328259728568371,0.8627212008841234,1.9164135686849377,0.7193864145750878,0.3104013727266508,1.2830516658863864,0.8016777439091358,1.0388753040139236,0.12121366580021217,1.3656003852141552,0.0,0.5353460714405923,2.1750494898915598,0.252065209796542,1.4519818431257474,1.630038454259401,0.8053007805320168,1.0001010196406475,0.80999683758438,1.042217423497052,1.8935830791368593,0.7048521781428759,1.0788606337727944,0.6471998648186339,1.2532893230785196,0.3664922462179211,0.4075898134782169,0.8700928422748463,1.9655305394810614,0.9558944137472705,0.7485188915554418,0.9211345617751795,1.246472444991884,0.3632750929866531,0.8688244057931761,1.855807817507014,0.6431092159811715,1.5963113600071668,0.6456592783942469,1.396326923828687,0.34980157168372256,0.5393938123506358,0.23043518800956353,0.399735824205488,0.12000289636086275,0.10131209924876455,1.1545334163581487,0.8209646963826008,1.0712250991404093,0.9645271260740456,1.4347529805087935,0.48021289441145987,0.838886853350963,0.8864702359354626,1.5947003710511258,0.44916575506518147,1.5697400711615745,1.5770956180417022,0.4335082478677434,1.2035181741435719,0.6045046874238248,0.5209781388452537,1.215582720987386,0.6424640970604315,0.48365234148170466,1.892375813278204,0.8083247870355047,0.0,0.34327982105985944,1.0445037810583009,0.7706837948326843,0.9013657516375495,0.8396018443137634,1.1611657599577576,0.608040152949828,0.5334146229925529,0.6241610738845944,0.6678521422442656,0.7922666499609583,0.0,1.0417315820356332,1.5556526816593594,0.891773602379214,0.16153379768203577,1.1663953646501155,0.783309932636581,1.245231419738679,1.1805716283476388,0.7433787011024757,0.6828767372417498,0.983986964234095,0.6800175438873631,0.7839890137983316,1.0322369108374079,0.916769213449462,0.8620029291369142,1.6178315135009562,0.8792853691122643,0.0,1.6713974831016882,1.18829786592566,0.7619440552936958,1.358093161408605,1.401550510249399,0.7042871144516365,0.579743189774652,0.0,0.9333425253101701,0.14159517387880452,1.1237594860134688,0.5561179235951591,0.8858793578951983,1.656348386361493,0.9376524470210819,1.0805250600116887,0.5933036047826954,0.7786196406971657,0.8699191319704558,0.9581700411614641,0.8501438380781299,0.6563924349856841,0.7771918099054416,0.9008224015358094,0.42769571590363953,0.9037245579426925,0.8981279079741927,0.721104298976861,1.2000975634260955,0.8439386768929582,0.8473627177688517,1.0356605006386252,1.8072041962630045,0.9527635709866609,1.6838666697490234,0.410236845613347,0.0,0.16787432002099895,0.3338020794874902,0.9130602724632333,1.3545237070305576,0.8865703312180498,0.10923059410094503
39,0.8134873180709086,1.247160954519874,0.5784553514433771,0.0,1.4208629836400963,0.7583341541635922,0.0,0.8261097582391919,1.238685413383923,0.9456200166488387,1.1705900212974796,0.7537878118399968,0.06623639828516274,1.0647961410083613,0.6047498836132371,0.8441332805708011,0.48011527377602425,1.4027702712526766,1.1923393600857604,0.8610503363725392,1.175410367926088,1.054053729042631,0.820229330290071,0.5752957343665704,1.2807669390121668,1.0126675413787303,1.0620973473949924,0.76231034714605,0.5210917632585057,1.1888207775488648,0.8652671692269811,0.25370358656525993,0.6833403468366486,1.0782678393750944,0.9918738198555113,0.8912684390404023,1.592961131012463,0.8410958402678573,0.609089938198807,1.9248353806856415,0.44591419708803204,0.7551799990172676,1.2843477256438607,0.6223569619070763,0.703792162247898,1.1322290894945335,1.4004323781221353,1.5312539912335978,0.84619822167964,1.6039147635921844,1.653652042775067,0.5991088441319483,0.8411443161725889,2.074466061367679,2.163865945947199,1.2495154361919005,0.5639603944930972,1.319505101782902,1.275744560091994,0.9606993201912953,0.5181759650963198,1.194381619468314,0.1712397759571332,1.6496250017503435,1.3605748008594192,0.5717206895796275,1.9700981409139442,0.4100110256120435,0.27877796701898183,1.0071110823918348,1.2651976763115451,0.7039854103825766,0.13433156529501547,0.45345336482221565,0.8995897425811262,1.05387364632992,0.4939339512041327,1.3277003916679164,1.911888037718461,1.003655345497182,0.8528454061206938,0.9881827311494721,0.7666628363237804,0.6512645410888982,1.1951245858504296,0.40948991033939164,0.6020426401362666,0.0,1.1777054979519253,1.0195762510972899,0.5106881082406197,0.1835493783438195,1.358504505852595,1.0882720797255048,3.0298950813912926,0.8557855241693826,0.8601189548053632,0.7395432519133547,1.968735261696506,0.7832149808798334,0.9790063452276873,1.0612814554249002,0.5625628950411354,0.8486434963958772,1.2905719510919713,1.8946156117770219,0.24599355364526077,2.2004382121838413,1.4095223006309059,1.66025649977234,0.8254731921628844,1.2562036642215657,0.4195905411171995,0.5222423658003417,0.7661334040487966,1.4965790119302071,0.5938304953064504,0.8962250001805224,1.7559648703029669,0.846409935412959,1.0907053140624046,1.1796005598456696,1.9352604544020477,0.061914052669907224,0.8004897770981189,0.6919998077411589,1.4139311507184509,1.1295349909417207,1.4172366896347222,1.01425151545219,0.0,1.2598648398617498,1.6150441423923718,0.5789739926470745,0.9172377420883616,1.248688951643333,0.7468559646402356,1.026381787358312,0.5531019064989464,1.3309498738529641,0.7696055236904402,0.9462318384383266,1.2353568035919398,1.0703587956284426,0.3293124101504624,1.5384802746670563,1.8250328082391536,1.1284473279774763,1.1393699983950578,1.0454529654816223,1.9376814989256301,0.5453004412352115,0.8995814220849077,1.0867556928262045,1.0675908727986443,0.9333769697832741,0.5907353006290433,0.8409751701899328,0.7049515414468059,0.5408562636352695,1.598092019109767,0.0,0.928465495138725,0.5459345908853042,1.212953397191159,0.371259865409002,0.21331961656916995,0.5083112044524717,1.243140270164821,1.0599591344589998,0.9622208437902601,0.7884276502534389,0.922469457278084,0.9068100266929642,1.2581172920170642,0.8495265576484318,0.9150877778952693,0.22852842122931824,0.0,0.7347902111303066,0.5419268976156821,1.2278714801692554,4.184216342201804,0.7025934227511927,1.4795092132730634,8.461527945942757,0.9599479226929968,0.8815915990021574,0.6285280047306381,1.524653156237294,0.637058199941073,1.0659965773079279,0.793301283243723,1.03844420980475,0.6151621831691003,0.7014863513654017,0.7653688150606656,1.1081718763712884,1.2058367208345264,1.0137461420095484,1.1806043306265885,0.41999103234582413,0.3467197866129252,0.5102195860033808,1.3881346344338326,1.000388273684186,1.4803851966505122,1.4881778732947257,1.1495095549206726,0.49321990776579633,2.39022566008423,0.8770972071171883,1.326781963328965,0.8688849563817937,0.18086123670997198,0.896434359195202,0.5383330339419233,1.5621363101119519,1.260264148458144,1.0568428779472159,1.074815153154418,1.460502653417651,0.5760093235919141,0.7331109217502602,0.5953357872634,0.37947361032353966,0.7797522455284143,0.6524927005149209,0.5735292846122011,0.867454287911102,3.9240567342579515,1.1482447952285617,0.5219837397805984,0.9195936355317071,1.0557996261242966,0.3583126301147559,1.0435800967021431,0.6123954271892172,0.15810462288465715,1.0585597981106158,1.3583694183703208,0.8633548173940941,1.2185618373149039,0.5797727182299924,0.0,0.939410638836247,0.9295738631490014,0.9901560363132622,1.5538459184358582,1.5273670464422007,2.376028596693793,0.7447790209182719,0.5225084053588429,0.8996246921060225,1.3938939034226703,1.3837187211240904,0.8036544242672967,1.0916255530389758,0.39881166455936884,0.5681964589744396,0.432994368219661,1.0305159385638314,0.6483300659721195,1.0806598422855298,0.38342019750146034,0.4903267622123494,0.8639377216397004,1.0292946519311235,1.4385283138562563,1.8130920084296183,1.1352446477967033,1.1040016799099162,0.9784509946890823,0.633097432407255,1.5107892625825738,0.0,0.0,1.1967013105649782,0.6084707057229786,0.7495874264828869,0.849497710263183,0.9573611245775624,1.0091040538832723,0.21303680611140682,1.0002885310153822,0.0,0.2842296187112721,0.5883028136641184,0.7501497420991904,0.0,1.1468668945715734,0.9928101251235366,0.499766005625303,0.7410412944390727,0.7947059245785378,1.6482244196233702,0.9580334998252567,0.9179997756861239,0.8638894934627063,1.2992837088139209,0.5499384988752392,0.0,1.5148801383847263,1.1812704306720296,0.3418236653700693,0.7677872575024905,0.2633358657873223,2.130086463381184,0.8241427374336046,1.0668216426051993,0.6782593326322488,1.4973945947319844,1.311841230548509,0.6280919028728145,1.829959452744331,1.4954132770445923,0.3488394945742738,1.4460130078073252,0.5227271799757062,1.3777701256579982,1.3792491294414204,0.6841789914081514,0.7780388114668868,1.3976790405702304,0.9415248647315988,0.0,0.7906855553528036,0.4809771004997902,0.5808737965713922,1.9577518502788012,0.6917682986686688,0.8689341883122025,0.3047916909378491,0.9730159400646577,0.8822965545233554,0.7925998492933968,1.405267524316634,0.2693673040346366,1.3691603638199354,0.6366355283080353,0.33593748374684923,0.0,1.2174276170894478,1.3250001164697032,1.1785332134599593,0.33414790137418104,1.0676993568899753,0.3092771756745726,1.0971284382416153,1.0326619549099583,1.3684421908702733,0.7470562025572745,0.7735850724600992,0.8850498692977831,1.3335213571678242,0.7772748615301105,0.5312133348987693,0.6787674802119514,0.13436691659966,0.9131401148466272,1.2998669927322613,0.60884332650212,0.0,0.20353751455251562,1.865126060990098,1.21641021228209,0.864962054010943,1.0368047711711186,0.24836443794064886,0.6808518845781101,0.35653985580234226,1.1273871779645601,1.337374993320238,1.161163609526957,1.5261274934689433,1.2888452036483407,0.6897908588194657,0.7206390120259732,0.30312991869807404,0.43683397000530494,1.6107589648925411,0.7834961554719198,1.484642115415147,1.3803304136617631,0.0,0.0,1.0287200592257275,0.0,0.5198312460959165,1.8008708255841541,1.313149003421616,1.2822260543599449,2.232242292582795,0.4125012091474207,1.64358812550578,0.8895397168720857,0.33869042314805203,0.406849246871951,0.04291494329773748,0.0,1.0947277851935615,0.8484366042806069,0.7084231615064093,0.6453379082127506,1.4066929609845125,1.7538640813182675,1.1323029205107176,0.860265807642368,1.4950006200771109,0.49205368568746427,0.7238205385822792,0.0,0.5871277734406222,1.1946502358849025,0.7902446566823038,0.7303478029405004,1.4741662843405374,0.6607860041073521,0.7894537465191238,0.0,0.0,1.1548325758090483,1.1777926084270167,1.4400359965925342,1.0563751238001784,1.2258496790417743,0.4665659075689607,0.6578830239066273,0.9697276206143509,1.4828070373536097,0.16980588736394941,1.2360122050343967,0.4162085654399275,1.0097792491282187,0.3802608773718923,0.501673924425489,0.0,0.0,2.0314814254848104,1.751084159699801,0.6190846147109312,0.8319658992642711,0.6382425357463007,0.8662435355356507,1.083742486356432,0.0,0.5079233053098722,1.0594208604261048,1.3233013475425601,0.8434341598159367,0.803540484184309,0.7609068499766641,1.218787773138568,0.9161091787340208,1.0740614073384998,1.0825452106848261,0.6907010294614802,1.131360121168852,1.272029180358288,0.6259183097733897,1.5338204711664984,1.0960009323728166,0.8393497421802968,0.5829768484745166,1.0470543545772781,0.7615719376814507,0.6985926672171248,0.24297752919430668,0.0,1.6293977406259212,0.9136933508069203,0.0,0.8522876594062163,1.1228583325432917,0.7199504757411013,0.8027688932015888,0.8684768126917461,1.6050067956205343,3.026422607386024,1.530444561051697,1.0014389188814847,0.7258342313160603,0.4664026432074374,2.563814941667465,0.0,0.3844787069735838,0.756128339555042,0.880005764059033,0.5034739676018494,1.3245391474359487,0.7632513076468757,0.7834467278239172,1.3988213325100336,1.2041076263130668,0.9735688199944745,0.9436478379363933,1.3948246203163128,0.9366516111401735,1.3090854283371414,1.2609081157715198,1.0425503227974047,1.167348962671511,2.5296641833526285,0.8882236668573041,0.6421529305528363,1.0021675358105542,0.645604019105956,0.598501568757197,0.8275596080130013,2.456312505546172,1.1823716492778007,0.9995709340581003,0.0,1.276413740448516,0.8430553956385757,1.108545187478135,1.261541129370316,1.6678218700128478,0.02868055475692,0.5112563185352715,0.8106998068244229,1.5107435982733777,2.054284943749228,0.7871628011343269,1.5492721352473944,0.7841661553554649,1.4853185570730316,0.6060218166135607,1.4818575616073284,0.6779046625902766,2.17976785251982,1.251733472306047,1.1313686506136063,1.3066841379487943,0.7244671087006664,1.4275376016608265,0.8317466184727915,0.4128345131444452,0.8918739826858998,0.994151505742654,1.2654375580299826,0.7784392387633612,0.10324462548005774,0.12639987995943985,0.8604928638588719,0.2516198961383539,1.4378329974865935,1.9673779796102255,0.7658735850471461,0.7526329018883227,1.4371173340405519,1.2478997264140586,0.5448870266454375,0.5910751109651088,0.5422766626842556,0.7513785038412704,0.9536190724313978,0.45389086873607554,0.5029229835803481,1.0461377752826677,0.0,1.3264200722751234,1.4235004705062413,1.261200144215346,0.742887642650623,0.0,1.1665255059154669,1.2227489146179504,1.2054908209573862,1.285242406353873,1.2732085655736411,2.039060460939539,0.18489919714546246,0.8603775848071766,0.5028084391845277,0.9163055299346244,0.7896342123047819,0.0,1.2782115635058224,0.9265749457765008,1.1951853774618457,0.4045288832829129,1.6719871157584967,0.595944334569167,1.0246102505490828,0.4902791951333094,0.07299105418931857,1.1801053712700482,0.8928188683446306,0.7011844646897245,1.3253954729547912,0.9015478179153238,1.0183487247347183,0.9411396513509406,0.8896449790269076,1.0770092418028645,1.0864292258218864,0.9420812815680859,0.6588091077539135,0.8559832523340101,0.9236258479407892,0.2825900446913652,0.8587807263239192,0.7840893464015567,0.8152381035182605,0.612018541498422,1.03993869853854,0.8913163550255276,0.7525753268798236,1.0844982768751181,1.3349777563061862,0.5617433136082172,1.0232430628369715,1.231387994711184,0.0,1.1237275116491086,0.7933915105130112,0.9030194523353172,1.2084737941489507,4.294377427329053,1.8685967002071955,1.3429317853487215,1.5522797544602618,0.8314450504808285,1.3249090369193757,0.7329940616904552,1.2520258054668716,1.2750479951943523,1.8156443745820403,0.8824510492648512,0.5024404558266466,1.927320838783876,0.9888615444413129,0.5005150190922631,0.8320660990640993,0.9381020072655362,0.023230519105782735,0.850479287892716,0.8799959995243367,1.4816467043955213,1.1867905187541687,0.9801717955300201,1.1586506571988908,1.3604860673483046,1.9243403273809991,0.546925668342086,0.5654791748324948,2.4624826033281257,0.0,0.977188603526761,0.7555699110855051,1.0977106154810636,1.768282613334829,1.1570431424745213,1.4317152503420774,0.9882010018590777,0.52548995782094,1.151626250226275,1.0584511086265318,0.07085864723741302,0.7331955092753513,0.7131607715897655,2.0339501276806864,0.627119756308798,0.8437630206836357,0.777941054183604,0.0,1.9153686024823082,0.46635018515546356,1.5616433494195314,0.378289453157463,0.9113592142236434,0.849496291990955,0.7437210962070824,0.7367394061024533,0.9739045870732141,1.1537189822074874,0.13252790359456634,0.8829846799107113,0.990466260627751,0.8183898526250533,0.8846857316354355,0.9495633818985116,0.0,0.13860399593754938,1.2822502840043648,0.975667478318172,1.1008378504038896,1.0187434339887391,0.7539583874983569,1.2530068697170078,0.6941337367291361,0.7103897260162192,1.018028651278781,0.7568303605416132,1.3030703589877914,1.1577757094851067,0.7132572470752463,1.0206093779342011,1.2774522727214097,0.6433550281318388,1.4595715636676898,0.9247318022536128,0.0,0.6615581139515374,0.8568852567966019,1.304620965578791,1.426581967225889,1.3926000126035507,0.9841667191021243,1.1419388413615688,0.0,0.9183307949773519,0.8737456126925637,0.9880124631313938,1.7856441158936522,1.2645694589624208,0.44002717801848923,0.708347081085522,1.440090541741568,1.4179988780803376,1.2917802251913915,0.9441886837088905,0.8002950985950658,1.311170806181169,0.8739394343081146,1.1110979470533253,1.0324817523940604,1.8785689922830717,2.6245723292189362,1.1171111454417813,1.3132217721359167,1.4477889256237744,0.5678743641037154,0.7901788886886223,0.663215817107462,1.239628522080713,1.0295737611396882,1.5610834318332392,1.9714649017511556,0.9783167660862124,1.325649066555773,1.281001920833515,0.8013832867466737,1.05458713301793,0.5420554919794146,1.0495817016423046,1.5390319236340626,0.6681255662803982,1.1464412700774422,0.9998165275150951,1.6505878995764043,1.2080670860580005,1.0612641992153304,1.0876445587661956,0.8585640409453337,0.8049845678317298,0.4978587858304236,1.2165561288594715,0.9498236513523425,1.5202419074288402,0.9375276009589477,0.6599096641650403,0.42430544950170307,0.10675352049288209,0.9695261420283724,1.1769958751877538,0.8353900434366182,1.4180697074634936,0.7420345416578805,1.2945751711428015,1.4885048918157209,1.0112933112822158,0.9399916801758037,0.7649849769108141,1.9027322294027356,1.3942140157660183,1.3289301038757726,1.4172466741133543,0.40663907015354483,1.504722952024171,1.8937335798173789,3.4962934939876007,0.0,0.9602831210387535,0.7478098603057368,1.1504474174867816,0.0,0.8348475423768409,1.1241175676370618,0.9435747020226217,0.36732674181868447,1.111657517074998,0.9822076728854634,0.4469390334725843,0.9798588388454085,0.06545927302372186,0.4933633355275062,1.025956925285963,0.611223841850062,0.729933470616567,0.8325606409842339,0.5501453265222777,0.5505049879297627,0.9778429061654521,0.0,0.2680062997626685,1.0002879502460942,0.51391527774865,0.841646167025144,0.7587328730526292,1.4873246905543476,0.6244027279680031,0.7200843691604731,0.9361766750793177,1.2033734830235372,0.49079191498882935,0.3933827969246463,0.7645961367245695,0.9688938234598274,0.8759920132872856,0.9901603787546226,1.5333332157265047,0.938706217193823,0.031506610927756064,0.7330727795333374,0.9631116667134726,1.7814075062503483,0.0,1.0307254611650507,1.3770236320358111,1.2180121655652512,0.5809048268965133,0.7754934976488013,1.1950343651558808,0.1802611765781478,0.656781309758688,1.9763530895685104,0.7526460953944923,2.9150384491679207,0.4693473536746225,1.6174966841213712,0.30471405893693776,0.9237244459414586,0.8955481564501584,0.07634408708176195,0.9080123279412522,0.48668493631556053,1.1852582978847535,0.8087376644248236,0.8165187365968757,1.0841856550163067,0.8617275445117143,0.7047116402723363,0.8768225938624464,2.157659632237402,0.6329106431320992,0.8240598875733482,1.2407424321878429,0.9903898728128945,1.8959792620899398,0.9248668649863878,0.40524623229623624,1.2195906385674582,0.821079732856063,1.132775647655917,0.2159651918491938,1.3126709195245108,0.0,0.4743354042873043,2.0443418639620923,0.0630163024491355,1.320277384616616,1.5808268886313166,0.47615207108856605,1.5715071313531188,0.7484814317326176,1.193761621821154,1.952198484150289,0.904787931256403,1.0323464925033183,0.6055087125912944,1.8542350604536348,0.41496401573051067,0.5094131203406308,1.185714750296697,1.7783136372515156,0.6280036796223643,0.6440462256154487,0.7435628861755004,1.2097272280111793,0.16766542737876167,0.7657503305061928,1.3556261053308685,0.7863683652042808,1.432691987306792,0.5906856145494891,1.691236016337009,0.07321428206706196,0.2753155911353573,0.30350000207492656,0.2521915799331808,0.3600086865825281,0.3344907307663921,1.0250048384063806,0.9956038149262512,1.1789375420577397,0.622716611541513,1.7246998134477902,0.6551741794224482,0.8947565078573694,0.8319783533477072,1.3671447167471298,0.5890270274724612,1.5603963814297646,1.2131505274088445,0.4007219060130287,1.0674126661403223,0.4341868927874224,0.6313574338180505,1.171850490978156,0.718650137521746,0.2840907012168402,1.6512629787691617,1.1435895606250472,0.0,0.3560426923833332,1.4205131391345471,0.7027879488849609,1.0114084002105228,0.7011878231483625,1.7617800375187367,0.6782768354764357,0.5968526053569895,0.6420815060025218,0.5395128846300962,0.6698469113573042,0.0,1.1216213313937062,1.200651331869381,0.7937251962504654,0.5339845785287999,1.1500032572064967,0.9683520707538409,1.3379796876640855,1.374068075904988,0.6405637159810822,0.5791320406627128,1.2566518108092612,0.7395398146834837,0.6654367753724242,1.2649381690311665,0.973353980787582,0.48316087947136876,0.6141323978539894,0.7782574399291979,0.0,1.2150798798980476,1.1873661919508471,0.750437367512423,1.3536915445616764,1.575897746574621,0.6208235428637272,0.5611482512103927,0.0,0.9236390841581674,0.02862030108713781,1.274091645771294,0.6124163244632217,0.7862765712109839,1.5566034772093238,0.7407019025227592,1.186366769749636,0.4887871901890799,0.8018875687755423,0.9519216406019506,0.763653527760303,0.8954798123894343,0.16409810874642103,0.7359406739896033,0.9524314690548215,0.43662905658782114,0.8947496133830353,0.6848930240903907,0.8112423363489687,1.10694257862947,0.9459683006873192,0.9892244549117257,1.6343016430105357,1.4284582446489005,0.585223981372784,2.0819468131436216,0.47971244144881486,0.0,0.0,0.32896424616535924,0.946504930604219,1.5998140786687896,0.8590940876473822,0.3320609969788882
40,1.0252168900859013,1.2300765780094354,0.5436210642231067,0.0,1.4208629836400961,0.6735934247690436,0.0,0.7925322801106585,1.0330367865446999,0.8408913006403549,0.7835298309675518,0.40530299377296014,0.26494559314065097,0.9370048526601497,0.5116001351483187,0.8855660901145119,0.49444596175339534,1.7010896387680794,1.0512964079017695,0.9286500078476381,1.1191253244021033,1.1418914909974107,0.7821836829596069,0.6614417418614691,1.5764032262765146,0.9529924443461346,1.1217060784829904,0.8261609567605074,0.5267398182277466,1.0533517554803158,1.0974188503351214,0.0,0.7369044972042237,1.0710768639392263,0.6583455997556705,0.883001887475085,1.4898143647571707,0.4731164101506698,0.887861788807844,2.230301287332016,0.5690941220991244,0.7666625805704301,1.050237251375128,0.7808460318964243,1.0412384361254978,1.0185996073391193,1.5560893430891318,1.3367100600964854,0.7263540122084947,1.4263493857000626,1.4611352585765323,0.5268390117876232,1.2381598811977497,0.5186165153419198,1.5590051232473372,1.2940589672307645,0.5462725807634852,1.1364394344029094,1.276941324807738,0.9606992539361903,0.7270407380942691,1.249460262158476,0.6849591038285328,1.6616515510505212,1.200634680218112,0.6862487314872072,2.546502405817293,0.4210050123684285,0.5754298788442138,1.0468001888304692,1.2523072229056909,0.7181676186257799,0.0,0.47085494350086043,0.7772200555088071,0.7954908222589939,0.4007388690605534,1.1362967272588145,1.5041009238048924,0.9558733420556421,0.9177390684400694,1.018325890968206,0.8229694675669459,0.8256142422532882,0.9519059332335076,0.3705642638977972,0.6978348562771368,0.0,0.9346069954060753,1.2111687353491067,0.5938236183481325,0.17859440508630753,1.3833781447213567,1.0871061827909898,2.7386108465083776,0.8150651031304532,0.9472877382920214,0.7136643810140333,1.7640021518723634,0.9038587905419775,1.0752343203675827,0.8853383629458269,0.644227993460041,0.8045672648636839,1.3199233336066096,2.043923012590524,0.06149838841131519,0.9681928133608901,1.7247789137675262,1.273373152142754,0.8098669487517005,0.9643332333200595,0.6369796574095568,0.71140750971064,0.6647740525101097,1.6565232902521156,0.4216261230392229,0.9925794924189868,1.8210062191916507,0.7963972815309647,1.2019216278023697,1.2230413978728585,1.7663069401368459,0.0,0.6987988570996159,1.1028746790581812,1.5635672753160206,1.0259837531044944,1.2872318229294621,1.0909357920107539,0.48333286589503943,1.214561232504809,1.7172003595607024,0.6402933068186938,0.7910244312047112,1.2103148837816713,0.638343859962022,0.8856792037146541,0.6567350736127494,1.4774727805546202,0.9643163397778499,1.1021764893296222,1.312876930035093,0.928533452563969,0.4939686108954741,1.7351216540759804,1.9429798180714122,1.184740833783101,1.0838008459376256,1.273637296042864,1.7390350733186661,0.5444941282118921,0.9042159545806085,1.1007807700197447,1.2622034847430303,1.0639508174842347,0.3040041322875803,0.8505359743256952,0.646608903957667,0.43723617021476285,1.5757890158273045,0.0,0.7890886097444954,0.6276237506347836,1.1712172509570757,0.3896694446497711,0.8532784662766798,0.4614925954772346,1.3783236953307187,1.0210153494921386,0.8351269520844203,0.9696937579219906,0.9495529429783297,0.6865774852949532,1.2355370856731256,0.919212797700609,1.123141259038802,0.4284907850439637,0.0,0.7785129716030904,0.5006983622092276,1.1652560386996134,3.818770188343581,1.4562845406137588,1.604817920730846,4.759609469592801,0.784661281969882,0.856620945065314,0.7008794224821782,1.668067529727586,0.8382571605661047,1.0116511657230367,0.8003805038445029,1.1797390237238905,0.5927473658801318,0.6038678838892386,0.5102458767071104,1.405780688554687,1.1243142718748995,1.3461833709686675,0.2724471532215204,0.27589254544889436,0.21936577007617025,0.41060552622835506,1.3422059131763096,0.754435110335347,1.3164529118934662,1.3406985559007394,1.0017154401983912,0.47329182960239635,2.1453184946871873,0.755818410777406,1.5514619790343964,0.8326768805376286,0.06055621765357745,0.9005291333768931,0.594107106725234,1.4416666753615264,1.1737670708792127,1.0884025157575012,0.8737372233761941,1.3782029739843669,0.4852123250400361,0.8897565468598942,0.7583575410116123,0.5692104154853095,0.8582174224335084,0.565555913976243,0.5680671013653941,0.8242777182140233,3.6325802423976903,1.3408924293966538,0.3598061579973952,1.0756800841549299,1.13048762150943,0.40566871763282014,1.2061583904423574,0.654238447311263,0.07981980958186581,0.953205642626475,1.6159936223692777,0.969553709999241,1.2692685447573853,0.6991497661255008,0.0,0.9810162349354022,1.1155492481189162,1.020389261283403,1.4552843320251947,1.692714480975837,2.059889174717606,0.8003034924163015,0.6370267753197989,0.8712467467182038,1.4046322073860011,1.4390981491566217,0.9131030242585226,1.1502904928677085,0.5148282850259379,0.48209229058175596,0.3477215905261023,0.9979583056081704,0.7701311089429649,0.8123613082763149,0.18703424313982023,0.56783496505286,0.8090700049483845,1.1272598585742373,1.189125430598883,1.6886100596680604,0.911446637388426,1.1364901212580976,0.7759624591627786,0.6125258068728887,1.1991263811204698,0.0,0.0,1.3794959781743306,0.7994461656765336,0.7421553516735901,0.7673453340718898,0.9745118982365331,0.9924883416010027,0.1775306657185322,0.7965779311150529,0.0,0.15047450353186792,0.8838776094513503,0.6277436883789714,0.0,1.2289954866328547,0.9396714930668986,0.6033389819978467,0.8452906410008119,0.7030022854395295,1.7074382640977992,1.1855464517928151,0.6611109480653772,0.7716446187736697,1.0742927802384128,0.4958320047927902,0.0,1.5708219543302915,1.0870391978514007,0.2902779091289216,0.9843896727600121,0.31642226911568155,1.8371683591774028,1.0309245656423758,0.8110072388201244,0.6988126423167653,1.3696742283113976,0.6526329844311615,0.671925171917211,1.4770844106845247,1.8888832737752186,0.12332709340074977,1.5303660837999011,0.13068179499392654,1.3460827044479922,1.4570644382276021,0.6370571656021642,0.8002684901272862,1.1460968374008436,0.9268553894266116,0.0,1.0754702859352911,0.652359738833169,0.6411240030193961,1.981633844387332,0.9945707768851995,1.1614521382450467,0.32141669044809545,0.8451256918155043,0.8302301945561666,0.6470520700892634,1.3320249556621382,0.07681073547142785,1.1732630790472518,0.8337684666395937,0.08398437093671231,0.0,1.2351787342348888,1.9875001747045549,1.7343240477839252,0.3413493665017986,1.5124799216150122,0.23245056239494655,1.049167836355128,0.927404415090983,1.260347469157773,0.7760621552140818,1.2683263567706033,0.906593905204889,1.193571200030845,0.7818840220029036,0.5741600463544361,0.690451847817961,0.08957794191149737,0.8697327489352691,1.3674091011771226,0.6147428471460211,0.16848953909108258,0.32215969590164595,1.707628485518261,1.4483711841886935,0.6857097538784405,1.0520308900423665,0.47415852097947386,0.7310723849740387,0.31351628202950765,1.323454519656243,1.2295212172270678,1.0459529725209393,1.4969836685111093,1.0581920297269678,0.6411797479647187,0.40299688584044396,0.6392552939396787,0.755714643495653,1.4923472389555714,0.9237689878967565,1.5035381914343813,1.255639269751437,0.0,0.0,0.8759098594008354,0.0,0.5948176726238465,0.9940568447677731,0.9944831394921901,1.042402047288554,2.5478080843129742,0.43670582422964443,1.4981118174853625,0.7997453938538123,0.08467260578701301,0.3424618873843437,0.21457471648868737,0.0,1.1014254483287802,0.8922295460802143,0.6781296192153825,1.001508010148582,1.650372340837722,1.6287081492048234,0.9867860734212892,0.8743835182556339,2.1569193744535715,0.5659145662754625,0.8463233760580322,0.0,0.7325864138257535,1.1731698190694932,0.744193292245123,1.0503188236352898,1.8701599621196916,0.7392470881613084,0.8621245223496314,0.0,0.0,1.1612653762629048,1.329360449485566,1.2995253022557232,0.883964701250723,1.2595247188048333,0.5259984784544834,0.31931599714577236,0.947231708117965,1.4324416164445088,0.0,1.0591912499417815,0.6243128481598913,1.0039347287003155,0.40951169984240166,2.5083696221274447,0.0,0.0,1.6724236177273017,1.8768438387170794,0.5630272982411633,0.6139387844272588,0.45812500902377234,1.0893570055228528,1.1634763218943105,0.0,0.5745361966151367,0.8801956029054936,1.280284520582768,1.2987439060863974,0.640199554096532,0.8530854567114108,1.0240062560451229,1.009826828002085,1.1136731040527768,1.0838402032092487,0.6973287281172857,1.0678158081860554,1.1039895416604684,0.7982077732514461,1.5941482403319764,1.0023934635795295,0.8869694932051277,0.7542606542934124,1.1927431188546789,0.8508254022901535,0.4315265162385151,0.06074438229857667,0.0,1.348098936677449,0.8562142744428002,0.0,0.9051112971891986,0.9452206614019663,0.724154356212477,0.8790439260243802,1.0144583518564192,1.1615652511789598,3.2418191095682087,1.7834979162645097,0.8984169150217998,0.8660522134440141,0.6351243370679283,2.6587711209559526,0.0,0.3969515365811864,0.8936924662281354,0.904023992694751,0.5669576504380747,1.4796406440170609,1.144105027220648,0.7360408609572313,1.1808107373658991,1.2335210646355508,0.821080101880832,1.1248462225928493,1.54748122393673,0.9002797119984174,1.440871394345883,1.230573414298647,0.8071430287136871,1.1544934577885027,2.496630868964964,0.782710590758329,0.6932978532193862,1.174634128255923,0.7046055600784888,0.49976047129450707,0.9538484287995106,2.214140858211204,1.185174236140214,1.3262903594224988,0.0,0.9139519301501354,0.7229097766813048,0.9878262525837411,1.2288716039896166,1.8059583193213142,0.0,0.48729117361119384,0.8775751770294862,1.7501843910216714,1.8646894121102693,0.8646994046923507,1.4240336338026243,0.328724147416405,1.882828843387095,0.6556070441388245,1.0523336271272878,0.8729313528692022,1.9464476200002974,1.3762301355422617,0.8955916629345149,1.200869264004774,1.0014267704949882,2.0660751555532215,0.8674027344454902,0.3621150844763796,0.7605185538106413,0.9359447013914592,1.1245849358326538,0.8568270196487091,0.025811156370014434,0.10207655273144459,0.9456305164072784,0.05275901028424912,1.0866980748977895,2.3954267188722977,0.988635365825695,0.7082317342700996,1.5444910138401249,1.0222451124904521,0.6405638351021401,0.7307177059647936,0.5728072079408307,0.9507254212600877,0.8881679516165717,0.5117276008781512,0.559122926697083,1.0002633191687555,0.0,2.01709221245748,1.3496863635395948,1.2974281382406838,0.9527319389847522,0.0,1.0275331886526728,0.8417264482475854,1.3124776811528687,1.174368690720424,1.3222211335171776,0.5097651152348848,0.07810885648288243,0.8852081091245293,0.5961441387533145,0.9333597896990284,0.7775709967565698,0.0,0.9684485910897682,0.8603313986325088,1.140760426331592,0.4635200664390879,1.5555306334318637,0.6318210464853166,0.923239473070526,0.35389871155579783,0.0,1.1105593782724257,0.9467495095058474,0.7234480950277861,1.08767307346255,0.7824621131056478,0.895393279041268,1.050564770761983,1.2552296850018014,0.7598070280007193,1.3611719662254915,1.0372984454448444,0.7123056980450357,0.8368054838776282,1.3141371836502345,0.3711630387376004,1.4144623648446508,0.8167606193678247,0.8585527548598318,0.7685015263842603,1.0568819043494173,0.7890394539565896,0.7415583274779154,1.6110319253138612,1.3804670264825767,0.4861375829871831,0.9666612487022513,0.9526483262810899,0.2082236588786447,0.8288965554064678,0.7092147892087983,1.1162415714851381,1.3046249054710297,3.428944786633269,2.3122792612301577,1.1537795700459919,1.553129778559667,0.9092847149640534,1.2715069909060301,0.6473611497198845,0.9390642449139419,0.911038173890254,1.7105649072967761,0.7344545125333821,0.5894316123757564,1.8029038974750442,0.8739355314881121,0.569024076358653,1.0237457286074894,0.8541269946761613,0.031941963225986,0.8864177893922454,1.0044458298374626,2.308519228598149,1.3631607137386985,0.939819736111215,1.3571697001852052,1.2728756795446767,1.7807019832452389,0.6474056938651528,0.4531201201358275,2.0794911023067737,0.0,1.083681467590827,0.838918110570777,1.178898793930344,1.6661886654105795,1.1845111645706268,1.1439322920414443,1.0398007511591505,0.6923934129383325,1.2373713987704142,0.9422504033998129,0.0,0.6423478354856087,0.6938522325661929,1.3559667517871243,0.8249291865507178,0.7910554278267141,1.420588004634512,0.0,1.7822677826002822,0.33136981145411853,1.3300454698634907,0.20394735645342865,1.1014383809202943,1.014003547220271,0.825397566239785,0.620993293916499,1.2344718875694296,0.8820520221973391,0.4287667354592469,1.0469284814675666,0.9534536931882973,0.9290980769212285,1.1610411882207723,1.0026894058932225,0.0,0.20790599390632405,1.3272538581445763,1.031541044666924,1.01331250113508,0.8801460904011158,0.6805556038674364,1.032533753560981,0.6380512888865727,0.48594979129910143,0.6786857675191874,1.1352455408124198,1.3750895519660313,1.2388514025879174,0.9302962139093378,0.8381518339191175,1.2875461207043464,0.8138212112441405,1.3765728154675498,0.8411725607260568,0.0,0.5828727411230339,0.8700764277453377,1.3440199044011414,1.2267493003213998,1.1267228520926766,0.9291942029800018,1.4474601169731138,0.0,1.1710198736599011,0.839389015675215,1.032517503578113,2.5878900039064,1.3972510624192185,0.5315741858702039,0.512315266340918,1.7040344103381315,1.2593016218891169,1.3155571762882077,0.7931349313753719,0.5787932379057834,1.368139344789972,0.8989657675779997,0.9784593803654222,1.094368802649694,1.4114028583790592,2.3572917390232577,1.0171994814532919,1.2144258909423862,1.4576984444512604,0.5041159072619499,0.5433394406460647,0.963984906759612,1.1981483007165883,1.0354297238681003,1.2395965314314723,2.379610077635658,0.9824054185385412,1.2669796589709692,1.0192293031591098,1.2485177428379854,0.9652475253909937,0.4903678052529268,1.0623601941335168,1.4880269728902973,0.40926927127326557,0.7792443439533385,0.8462804862315372,1.3609252300360708,0.9142129298007428,1.122484285301401,1.376669539305806,0.922535672236739,0.7599670439994044,0.597247401517264,1.116505235361603,0.7504280475023135,1.2514035094741773,1.347928131974625,0.41244356072532207,0.10607636237542577,0.0,1.2222603612622034,1.1871066757080495,0.8479738737066229,1.321645771695306,0.6896539434464706,1.5122630109669957,1.4941128215398096,0.8790058899860438,0.9115695142811666,0.8398786047058098,1.5075302118211973,1.458328019965582,1.2814542695911388,1.3758265588274374,0.6036541221403506,1.576439211089811,2.1750890722539733,3.121004838018057,0.0,1.0280708771805278,0.634077473749201,1.1239577880194367,0.0,0.7124491448864229,1.0648258773814345,0.7775146303581506,0.6470530230463598,1.1390718133483784,0.8689106943784348,0.460649478193904,1.1683532178868967,0.0,0.5479841890395116,1.4739243839834137,1.0238659339524003,0.6892745033905578,0.7687216401889674,0.7335271020297035,0.08601640221361558,1.0326617701329093,0.0,0.2550935074685931,0.9698822218606282,0.5389436182832301,0.7964155469230412,0.4901169604322999,1.2168934976837291,0.5754968674042706,0.509761590811446,1.0986527018795007,1.0859765678761104,0.5373932194083465,0.20809123547663533,0.7596769510507456,0.8852628878758932,1.0694929085767586,1.0951082209792107,1.2764956302648185,1.0472687247566244,0.0,0.7251243452185742,1.0757328517892368,1.2740284667861772,0.49744842375518955,0.960348663027133,1.2548043090200247,0.9317611193352128,0.6979923583590729,0.48187367695305283,1.0720542790463965,0.4991847933525591,0.649698419386363,2.353214152712857,0.7775437118513254,1.4918686303923971,0.6953186267890888,1.5529532837141382,0.4056681285607792,0.9848690636561221,0.7955891700281446,0.18096375987709606,0.8798481134772329,0.4558292959868058,1.0724682735017694,0.8365085254265006,0.8776973543489602,0.3698390327509781,0.9882443774793586,0.3901082316836389,0.8642453137016551,1.7854318145682493,0.7939093017058654,0.8106259267103679,1.6264092538812802,0.9451748263559783,1.563077989706996,1.0983679156041297,0.44365447977580197,1.2465157711421548,0.9196085917889729,1.1668981379475116,0.2970588406386252,1.1947723732769513,0.0,0.5160309412794528,1.77448478334662,0.03750970265989481,1.0858012273300721,1.4008435363534655,0.4315176717444308,1.7244520824787182,0.775271609409345,1.3506988968612719,1.9078721069411306,0.9669200270966145,1.0383777519632864,0.5715287079316292,2.15417564310545,0.5592380270009297,0.5679176277632341,1.245426998324162,1.508221855018984,0.48693264487726773,0.7026790538369303,0.5982043607417737,1.2951765481200743,0.03393228885051109,0.8147215378750695,1.3553656320778316,0.9421279848642029,1.400753585461936,0.5981331865072095,1.716384025855235,0.0,0.05618685521907935,0.2023333347166177,0.23313138551689866,0.5400130298737922,0.710792796345562,1.1017986776594286,1.0956780544670406,1.1402470962989832,0.33049433741897766,1.4525911844206865,0.5583870832544694,1.0921954462315677,0.8779180720095903,1.1851505279640406,0.6628923438783434,1.1137679644095524,1.1698237637095052,0.8166226599132256,0.9963504407843223,0.48302453957629155,0.6795966607749809,1.117006808690307,0.6727126364383986,0.25348258908487087,1.2967324258036033,1.3245175238846467,0.0,0.37449050023485425,1.6103220323257341,0.5786940545716144,1.0265364964754924,0.7049504760303535,1.7161789676727874,0.8550137549256581,0.6277433919859918,0.6653033780073725,0.3759928196888275,0.5680224515870457,0.0,0.997237843764394,1.0013143684262733,0.4202074568384817,0.9359729704549359,1.0107101814766295,0.9442488211086955,1.3978392544351927,1.1565303307295383,0.7053255314618153,0.7229132284141521,1.3016282997363051,0.899015605182879,0.7746424127559328,1.4333270926504358,0.8545310354060669,0.3796264096539538,0.4696971712134268,0.8266137720255311,0.0,0.9519625041374788,1.1037167590755712,0.6978783190739896,1.480350374068946,1.7031655706498645,0.5506574853663887,0.4996562143905643,0.0,1.0636797869275283,0.0,1.4079486217764923,0.7438464038687277,0.663285626747035,1.4488351850565602,0.6018817771524646,1.3585785583798473,0.39358093331443433,0.8005416646078358,1.056319658201364,0.6812429471389989,1.0736090966760314,0.0,0.6956491113801786,0.9666603588137541,0.551776949232784,1.0213541627333045,0.493659038655718,0.6137971107093381,0.8665159589767736,1.2066326279176072,0.9067846194433355,2.6614929980002753,0.9233554923828111,0.2996665770893866,2.0816851624384585,0.5558047600670204,0.0,0.0,0.41098186826695193,1.1453408645052017,1.8725490267375755,0.8996853186804783,0.49809149546833226
41,0.9611408350214214,1.537595731053991,0.501911915495163,0.0,1.4361711872596763,0.818086368543833,0.0,0.8170930504828907,0.9985815190947704,0.8290027745344656,0.544087989624737,0.09090908264462885,0.3974183897109765,0.9965917900177226,0.5471917165324117,0.8235780096925123,0.7288604209362131,1.687426782359824,1.0142403779335003,0.991182627736756,0.9588181784037313,0.7027024469894024,0.7998199201823962,0.9906613531183396,1.7944012936600786,1.0421076008509012,1.2342131067964277,0.8698071960988238,0.6463048990022806,0.9966602522481292,1.0522408579415856,0.0,0.7555756197911854,0.973257704418204,0.571043669836183,0.8970080062134916,1.2912457765068854,0.10513698003348218,1.1430198270531622,2.2070689831526895,0.8428236753988925,0.8077008071198428,0.8094005433905478,1.1983093124139492,1.4525239841389779,0.7285992477976295,1.313575081052625,1.284337172000683,0.820181170393291,1.2713738094020908,1.2787724355056567,0.5749981586951014,1.0596556537614463,0.0,1.0292314732957297,1.254297634391458,0.6682906639264854,0.7275921294073553,1.34121635435121,1.3913575356141303,0.6760203362601382,1.134672197065739,1.027438655742799,1.5613602950735506,1.053594977978642,0.8927863799915514,1.9147928392105589,0.6835084864983765,0.9809146934421121,0.8421532315599247,1.2612451274587615,0.7838290576892537,0.0,0.5781053639565706,0.7752292259018302,0.8954103194666951,0.6523656029635769,0.9202843692676326,1.2387101944296894,0.9436248349627389,0.9049928752752183,0.8938121070879599,0.8973196216614059,0.9034509473663923,0.6591612781589444,0.2807339405443667,1.0654960912620406,0.0,0.7203238123087768,1.1542439111435585,0.547453090053869,0.40294688988985083,1.0974970100161185,0.9452926425109662,2.5257184094877765,0.8531277600599366,1.111017271171458,0.7417081556064158,1.7977228506432485,0.9911412733614494,1.123455735836803,0.737068015572933,0.7322240475154029,0.5943118431132529,1.3436601545508406,1.9646947898120048,0.0,0.1760350569747073,2.1719259362735244,0.9310974045453095,0.6530909058024236,0.41458866075331147,0.7366337111164298,0.9937175880127452,0.6872016097794091,1.4906209440222318,0.4167458685227867,0.7870347952003006,1.5879619152985478,0.7736349147703261,1.5126074799108644,1.2135248591159586,1.57974938334442,0.0,0.625348649223315,1.6434995177055756,1.7652472994607966,0.8008796818004179,1.2146648530206976,1.2258085745533052,1.9333314635801577,1.1820283240787426,1.8379825190163244,0.6427757278425642,0.6733469147997349,1.1316472013583316,0.5742729459794241,0.7615726883057254,0.7610706000698106,1.3455149019227917,0.8399487094840712,1.2343945043716047,1.4247377837028985,0.654243908969721,0.8524978610201502,1.4875249092430616,1.9411740144550302,1.2383840159612842,1.0008584002153298,1.4503539026320256,1.4755753496941417,0.5524920485152671,0.8651125258886295,1.0393447568336418,1.2735784859851094,1.1441173774917082,0.07600103307189507,0.8426543363821153,0.5681962799344344,0.4093173053745188,1.520324909430599,0.0,0.5721907044613266,0.8514490826051481,1.010901242785046,0.4942972240771519,1.2799176994150196,0.43942816671839735,1.2821199776534984,1.0531769002587348,0.8515615724076123,1.1174067561726786,1.1008043622672703,0.4563228413723494,1.2829425208396719,1.0944144380226464,1.1147870399293065,0.5713210340292636,0.0,1.032352807442909,0.4166914772841066,1.1039575155992776,2.611948182941638,1.865066152602438,1.202958176227482,1.0576909932428447,0.6523990493911439,0.9422758510144223,0.7520436797107677,1.6821731031529934,1.0608314604822309,0.9859567585909024,0.9753070170742542,1.2726840298531914,0.5054927550259182,0.5096683754017272,0.1275614691767776,1.770694278724488,1.0759645466229837,1.3934324166245435,0.0,0.1719741222818843,0.09140240419840427,0.4033306330832369,1.2137550720136654,0.5394425550439398,1.2336437189009062,1.1350227926486873,0.8867644912749482,0.4832558674385916,2.050036569915657,0.7451461032502433,1.4360029988877685,0.9593079887140012,0.1314935005974216,0.8569107540448253,0.6002215680852556,1.120597909323787,1.0479307985260462,1.1609161718965757,0.656380281388942,1.0359082518367149,0.44554318637035883,0.9054808244434225,0.8961074936349595,0.37947361032353966,0.8488882574534823,0.5852153825621402,0.3195377445180342,0.6967741594547069,2.414469502559536,1.328829762536847,0.2839393182109248,0.8189837025197142,1.0037550734199536,0.6655615339546076,0.9754698071405972,0.7045326767225406,0.019954952395466453,0.7882798632902246,1.8251279758517942,1.015068755677007,1.3066282753581469,0.8687247955636634,0.0,1.2202675574474977,1.3493191176462305,1.159564704442672,1.1525060375169123,1.471771107405263,1.8946489698333766,1.0807909462558534,1.0160629192162616,0.9541587041401489,1.3721660556997222,1.6061434210627268,1.1138738951705263,1.0188083468112163,0.5470806673608652,0.7006549538870013,0.4941901816060914,0.8285120736968539,0.7993372822456242,0.7390646916863437,0.04675856078495506,0.5887988162645011,0.8740319683806098,0.9532099619921361,0.8935722347912888,1.2407724645010914,0.7759033290312704,1.0689373353681653,0.7688386197002431,0.657309375412497,1.0007849238102373,0.0,0.0,1.3678891408341385,1.2735713591801225,0.7082592793695226,0.6455003403642573,0.8317314331462442,0.9314109635108221,0.7101226480799085,0.6021716263556369,0.0,0.03761862588296698,1.1663194397707037,0.5066060787510946,0.0,1.0663609704636654,0.8520834415815355,0.6644011444178355,0.8079106124982329,0.9006216531028304,1.7070683916098806,1.2942918718477798,0.7404442600702602,0.6866575083905972,0.9545129792146321,0.6671922628391502,0.0,1.5475748161748948,1.010322928064669,0.33494902044185443,1.0985346795758386,0.4209838195460097,1.8127832368391998,1.1238996195208535,0.53938370630281,0.6371526927099059,1.1353059892030997,0.4844286077341763,0.6944686760120194,1.0383632898732773,1.6244333395821533,0.18322882287031123,1.22119622658362,0.0,1.219343892047434,1.5120748388931156,0.6411020302619075,0.9586549616974716,0.930091901147301,0.9296967194476997,0.0,1.2079099078126996,0.6081319585236815,0.9518819773691263,1.9604853931726414,0.9502582047468723,1.2233821658441904,0.5320000397445488,0.8844654357853405,0.8105430672299285,0.5366063697365769,1.1616210036735994,0.14931741994662767,1.04615848891934,1.0573040802345317,0.1259765459070247,0.0,1.2057680076240027,1.3250001164697032,1.7487837240049546,0.44525619639115516,1.616302519342532,0.3247142630987321,1.1100753058011614,0.747246137413732,1.2321152787630858,0.8789252085215526,1.7352850623891838,0.8609421616938496,1.318314983080383,0.8049526971180982,0.8695988263830258,0.7954774694975482,0.2239448510463295,0.9181443688590284,1.0788896042535565,0.7376934023715482,0.6739581563643303,0.3826051511084468,1.0433500693994595,1.2574561853146273,0.5414444804692077,0.9626111352349676,0.762194721670272,0.8656124448112088,0.2356003837328409,1.699250236113381,1.1859033124586553,0.9332003333906194,1.2260861753926595,0.8353586815889084,0.7760211322209273,0.44031817947127355,0.872741165553897,1.3128460900855423,1.09657152233515,0.9745184996206844,1.4382146469650914,1.2486494977241867,0.0,0.0,0.7895135496872234,0.0,0.611121872584078,0.8575007494436595,0.9661942250873112,0.9258318536425629,2.3505753128024867,0.2720462509834069,1.541289407812078,0.6508019077440219,0.0,0.38311630233338045,0.42914943297737473,0.0,0.8875158456109383,0.952713751212833,0.7485466229922999,0.9665962865300579,1.562458084322879,1.373866649584822,0.6848078225407208,0.9698802253551891,2.7642339123845763,0.6042423213605976,1.1183323670846133,0.07339013277392634,0.8628995630388369,1.2322274833359774,0.7092450132519553,1.5614378137928735,1.8931741734390197,1.0852607760991,1.0012793649448666,0.0,0.0,1.1804071036575423,1.378533546686732,1.4231470391339327,0.6377646193684076,1.1091029189028103,0.5703370631161662,0.3335128306883962,0.9488505531640814,1.392309247836649,0.0,1.002897236336689,0.7630489903944864,0.8415505947385593,0.6318180426608917,6.020086591432445,0.0,0.0,1.1128758800936331,2.336370771969496,0.6246068798103126,0.5628485687946979,0.44115741044110257,1.613376216685612,1.100431113381487,0.0,0.48710677430501437,0.8032207817112442,1.1270256528329259,1.4119253369355493,0.3506932899530076,0.9540162228384876,0.892260657471199,1.063551848815759,0.9318489251245111,1.2970047951603092,0.5538863614493741,0.9981025154788443,0.8548443414271854,0.85975144689739,1.2199699005144942,0.9574364094361948,0.7077974923773745,1.0606181050790018,1.5640589256214175,0.8923842583053572,0.39295838165427266,0.24297752919430668,0.0,1.2865226107563972,0.7845060339029258,0.0,0.9238643117922406,0.8389354681374844,0.7660552470925188,1.121238987305529,1.0038265243628983,0.9554109926878604,3.1192855277591627,1.731761771456587,0.7842022610031568,0.9710282402703433,0.7135745501535112,2.0890345200054514,0.0,0.6363076395546102,1.1083557524233414,0.8716223078121411,0.6248227572360051,1.7075447620405577,1.4799832507937358,0.8061003099011421,1.0770514737391856,1.1534770397721164,0.7252484448122127,1.2522924254101948,1.660719277076627,0.8201352711170684,1.6028587367552463,1.2373818498436704,0.8364891595693751,1.1233370215258824,2.05327266040488,0.7315623427387002,0.4716698502620289,1.3068684212676533,0.8312686257814385,0.3966560347447878,0.9492058209621097,1.6952016077441427,1.1482787504198628,2.1380457666140846,0.0,0.3816009208368998,0.49455341859571883,0.682474747989131,1.026654880182833,1.4193876159958283,0.0,0.28758167518190075,0.9621134588802329,1.7623330525073453,1.5665618246029416,0.85531053411496,1.3159393305449172,0.058322025812458836,2.011723532292909,0.7484573761486011,0.7301906682136852,1.0701643663207192,2.1121926801461095,1.3856969744452958,0.7139471463239818,1.0364081654198076,1.2585354163995448,2.253319827091933,0.9112952040841835,0.36588443099281287,0.6681206952276416,0.8500313599292875,0.9619932739878244,0.9133557054819788,0.04904119478002359,0.2543263259011162,1.0949101805332229,0.0,0.804463880757931,3.189786428423073,1.3234482596978105,0.7728151504028489,1.3242058533161092,0.7835260040938407,0.7733199344212704,0.962214055296737,0.5380069395238585,1.0699140322209835,0.8533370655563082,0.7260696410224707,0.5701234355668541,1.0166446250997825,0.0,1.9769288617303347,1.1896083880865955,1.4426587366837489,0.8870969913078689,0.0,0.9984029992814021,0.39902842072068423,1.2108825970899533,0.9637206851108009,1.3204984752660116,0.0,0.19426730615285032,1.0230175110779935,0.6785945392886498,0.9147427363881135,0.8224547376857532,0.0,1.1150290653246075,0.9412298394808462,1.078437733412652,0.7867429431683917,1.3876700857322644,0.8031502940331909,1.0151731606157928,0.4143204412812252,0.0,1.0417451931704604,0.9380245519190071,0.8496220529536995,0.795001807413342,0.6308270524737416,0.728037256008544,1.1442877424897788,1.5848951065611177,0.7758083756226932,1.4217251086801337,1.104711133171936,0.7973010165069273,0.907279687578939,1.6188622134527284,0.3669452730994355,1.4481400337833008,1.0006547799756556,1.040004904368005,0.9089422724713598,1.1905647386225682,0.6146422626725085,0.7667173985615834,2.337084906101521,1.309987194521171,0.48475235963094965,0.7100914678957678,0.8446058684993452,0.8328946355145788,0.9603489893714372,0.952666228794386,1.3833558959714023,1.402566381551103,2.598532536063386,2.4296122833496643,0.9917438778199169,1.6638433098200023,0.8773013892899209,1.0355011777294363,0.851595226528823,0.7851698309055142,0.4668392457309327,1.5802852156354823,0.6187814276399857,0.6758231778078334,2.2666543636556113,0.8319317057927422,0.5003953448024883,0.9759378799058505,0.9444640880927969,0.127767852903944,0.825536306676465,0.6440721344605844,3.13920931763696,1.5709107691222646,0.9565931693235092,1.3751483116470822,0.951914139601884,1.8874657122075873,0.8348208051126554,0.6230708631960565,1.8163433870245405,0.0,0.9361075972435791,0.9325588995002081,1.240001375442407,1.6811325665079724,1.2371069533831291,1.179884034867543,1.0566926444089044,0.6572810199750618,1.4313645338195686,0.8789974870040895,0.19840420092737515,0.6842624772665129,0.8146694129366134,0.3389916879467811,0.9401634805015302,0.9582768471504787,1.2852939009018163,0.0,1.5226220115665783,0.3397685640994429,1.1575395269032054,0.18749998828125072,1.1765668651392451,1.486185563800988,0.8577920399607836,0.5860025932521342,1.3652707068722538,0.6830542387928062,0.8575334709184937,1.0158710353242777,0.9664448406885499,0.9608751310386143,1.3667873477830192,1.0943222184989194,0.0,0.13860399593754938,1.3861432009026207,0.9262954705318655,0.8694989299050583,0.7549379963318005,0.39861113701995265,0.9326406826846655,0.6125412369550417,0.492504475318948,0.16967144187979685,0.7568303605416132,1.432964483768159,1.161184227699404,1.1024480981700617,0.6292303873626703,1.2074947819255095,1.0841880767550158,1.1760566884801416,1.0231641691994857,0.0,0.6420852543295523,0.8833335159343261,1.4175319937015174,1.0198439341116619,1.0173868826414942,0.8521196443481365,1.516958678363645,0.0,1.2803553577488795,0.7584477103484553,0.5696648203523953,2.3291010061036497,1.9634145838976114,0.6185972325102269,0.5343999895610352,1.8272604831135881,1.0270402020054106,1.0410185163457188,1.0472709222341368,0.5940807944442978,1.3839559246048214,1.0540794819281918,0.8601511105821084,0.8414300872848494,1.1711358458787942,2.0030167448278697,0.8810767137052264,0.9425449061297205,1.390877477055731,0.7603415590077276,0.38742793249743496,1.594547847085508,1.0419821290519615,1.0546054977579653,0.99367808649892,1.9739384807985445,0.9421483614163869,1.1849905237020555,0.9354712582181272,1.3068479707825056,0.8589257549650813,0.7659533267054146,1.1244823118507292,1.1274028452930323,0.4868218976073274,0.9171474355723283,0.7582624958555401,1.2925010745232364,0.6716666495370898,1.0703751820603242,1.4496449221908112,0.9772107899439484,0.696762372240767,0.7665869896337929,1.1564964046435704,0.6298307353697437,1.0278576824541632,1.4355772986275017,1.154841994777508,0.1325954463395112,0.0,1.1029889716042844,1.2075002305314009,0.7594454781735996,1.2606355086654606,0.6727154409692193,1.577927039260736,0.9366845631727858,0.7959976817710583,0.8669985728232338,0.896048826387923,1.5511680961366983,1.2953507403908058,1.2659566410633336,0.9907538903447816,0.8708065306485477,1.4714149206429374,2.1763734097676455,3.074260652055451,0.0,0.9265150048136148,0.9382806231433382,0.9228644781051552,0.0,0.7131662905928864,0.9824721652912694,0.6441475697490466,1.3817684816634461,1.373419005009246,0.7191326463728948,0.4970108335907574,1.2143286171954832,0.0,0.6265847636383818,1.776626101851025,1.2260804870662252,0.6727968788418401,0.7536393537925309,0.48901806801980235,0.10321968953765019,1.0172753548214553,0.0,0.3726081229402166,0.8463896316486097,0.5350503177969127,0.7332053649198842,0.30209456315716177,0.9655123008765886,0.6877149656578785,0.41937135528933495,1.0481303629979684,0.8338859505112699,0.6467435353715506,0.28600140920417005,0.7755208924362568,0.6821356580819959,0.905182049535326,1.2648711296617692,1.0260431665010348,1.1347344212777446,0.0,0.8517569981132886,1.1596267487655845,0.9477776049111162,1.9897936950207582,0.898912330837043,1.0682967285742033,0.7266439343745608,0.8213747802100146,0.2505643946845397,1.0050151096906887,1.0424153005269827,0.5824462094055383,2.198299357526149,0.9021728742018054,1.2669197079144987,1.0577996568159942,1.318250015195793,0.4964338701224979,1.1029123465324693,0.700192903675666,0.2714456398156441,0.7557513785185268,0.6037128915662866,1.1045069744453802,0.9634955491445922,0.8155458194219508,0.13027598231167858,1.2174555157553026,0.5537020066665885,0.8917710422860893,1.1965968285774915,0.9846103840164995,0.7968144267947118,1.667896717321132,0.7698059152985289,1.2195859245856164,1.0735295194793228,0.3950562832976072,1.1329972961841734,0.9842541926535993,1.2414807490996322,0.23802791600655593,1.235149884110649,0.0,0.511031686356966,1.4906843687640605,0.15003881063957925,0.9388052148486726,1.1206173772320263,0.561686291804325,1.3914449149929473,0.7737167586292233,1.3743599832079387,1.7618992220974792,0.8988578000560687,1.132361441755737,0.5106404618429563,1.9766783015551126,0.66967578823078,0.6500946134083522,1.1430631360324721,1.6899778036754263,0.4834540958434381,0.6917985360489627,0.5134343672503813,1.328162554652403,0.0,0.8308589280467645,1.4156952366463562,0.8729181112786821,1.540026569476679,0.6855661076424229,1.4818968249617028,0.07321428206706196,0.0,0.05058333367915443,0.38634379982139977,0.4950119384258411,0.75260413115834,1.2526989029751165,0.93683687381156,1.0048949184119484,0.19607422712692898,1.111254452886353,0.3639856496278443,1.2721848657951207,0.9028326058497238,1.2309286949292284,0.6037708296397033,0.9605314494441394,1.2131505534049216,1.656317170679272,1.3462467661753945,0.637565855040144,0.6418894470923027,1.1724078756031133,0.7466991682404933,0.4474983255556135,1.1622797440291373,1.234689021160569,0.0,0.324267284432861,1.438834461669729,0.5520477801847216,1.1080925704306333,1.0500412839228495,1.061812217583254,1.081370387212298,0.6792449938006537,0.5651496630036079,0.4227204906502108,0.5219348428982149,0.0,0.9170425580998723,1.1074618144036108,0.09337943485299594,0.8039767838522721,1.0182297248737764,0.8031310796137058,1.271350567489198,0.7346271677621614,0.7761173009594311,0.8644339986223322,1.0367634585816314,0.953508140954807,0.9316250255559664,1.345292278588091,0.7588053461625712,0.448649397489046,0.7678740138283257,0.9532819010391688,0.0,1.0622359417320162,1.0695826973374047,0.8356183194860201,1.6259292819626032,1.7060512843487554,0.5525650093108262,0.5779843272116598,0.0,1.0738030287727276,0.0,1.2663779532014183,0.9363107135578113,0.5501535143137573,1.4515476715459625,0.6760590012659158,1.477017737411972,0.39715192194640025,0.7114926290903367,1.0703359818663296,0.7218516081712276,1.221660981540203,0.0,0.7551839117491548,0.9926109235092522,0.7135694481189169,1.1563445290677914,0.5054012619567558,0.6717429877381302,0.7047900085173904,1.5093659640932977,0.804296061515916,3.2063958310388427,0.5924703375085982,0.28218347022895807,1.6629994179849188,0.48831418086787215,0.0,0.0,0.4404782878477926,1.2275298017707754,2.113069450546995,1.0203020203048614,0.4150762462236102
42,0.8497042154588236,1.4521737459954358,0.49031331008411727,0.0,1.365642963916775,0.9173655602202141,0.0,0.8615625613195402,1.3395428968662584,1.2169266628178292,0.6984744593676475,0.0,0.26494559314065097,1.224709093487986,0.519983854883842,0.8538713568919685,0.8072365591815454,1.5034987946403024,1.026672562219714,1.058547873267603,0.7342951129571459,0.1756756117473506,0.8814244714769686,1.097531137779462,1.798614247886794,1.1144106570047962,1.2328616106597643,1.0599800904222887,0.6586771201037211,1.2174634774343787,0.9600967037230728,0.0,0.7309848541471788,0.8801968117147163,0.8168828088831863,0.9279206235713446,1.1942058455785918,0.26284241065734776,1.231757529762991,1.9625184074413027,1.0835294596999878,0.7997330647956842,0.7829429950431124,1.6055571532199606,1.4416073120677997,0.48589939298290674,1.0304823634920712,1.318912597032846,0.8513351697129186,1.2179325976519184,1.2507117513836603,0.7524395014978664,0.8384771706401025,0.0,1.0486440818605813,1.001718343259945,0.7867855863957395,0.4564673434544055,1.546894383746997,1.2588473256771204,0.4400509733927181,1.1074864102941766,0.6849591038285328,1.1255475267176,0.951501300185362,0.9650525020195109,0.9487933871964052,0.770519715122208,1.084930321145885,0.5841740355745212,1.1887967980349503,0.9453425280303549,0.0,0.5931006557597946,0.7536768847420372,1.3974839299870911,0.7393476797344678,0.8488971783304629,1.214954153097227,1.0186923250192867,0.9026571124480957,0.7623459084700381,0.8728585265073932,0.8284330661821875,0.5608604559273951,0.2384561191818994,1.3928406475520807,0.0,0.7632110751868805,1.0452887334433074,0.5081129348508726,0.6647417239940993,0.7512782187528972,0.8872434831312912,2.105291355303527,0.9140522884938616,1.2924871838584775,0.8714966191028832,1.7839603914301232,1.2219549553733016,1.1048370963753094,0.5665017155609999,0.7491774159130651,0.3610328490437325,1.2265325241026905,1.722548851415994,0.0,0.19803944734818799,2.5040634567746816,0.8851484730985055,0.6538851308045512,0.16168957418360802,0.7050114961261034,1.3456086914373726,0.9037638956820903,1.2015439059508473,0.5221793124627212,0.530782663786565,1.2901500157359442,0.7593918451628906,1.8242099882331377,1.1096443149277675,1.251960031128414,0.0,0.7623067520661584,2.024099399096344,1.8133412345538238,0.7638699484224334,1.188107255271332,1.4001797426418578,2.899997195370237,1.1473604614072044,1.8055592286804898,0.654386387463687,0.6805205270120502,1.1642365315528718,0.5997562686896555,0.7849265907913892,0.8136514602118953,1.0713323121253115,0.6357168534509527,1.1403886232099634,1.476087057405706,0.488550299341983,1.2046854695123264,1.2344648545928316,1.8128343401090263,1.2065499252036684,1.0760401041750518,1.4696437435874765,1.0847273005473093,0.7027587530874032,0.7859838927756754,1.0649148108208746,1.1850287249771116,1.1967437635303693,0.0,0.9008462079922797,0.5837061097176266,0.5438443573861176,1.4365286541721545,0.0,0.4163642366869502,0.9683244080531258,0.81923797648703,0.6251676777708223,0.8532784662766798,0.7765039987726796,1.0583901981311077,1.0882385696775918,0.8718342290437414,1.2540463712395926,1.2087830678409337,0.31817005473969057,1.243191204990933,1.2678029479445954,0.9959151400854926,0.7427173023411788,0.0,1.368858755104469,0.31347361148096176,1.1454862433248951,1.5318347728859152,1.6606753338336746,0.8429305617593041,0.2644228805220192,0.7459146612229153,0.9624273682590542,0.7935908474418426,1.475850046321652,1.0531229034528895,0.927016561835399,0.9947483393061001,1.4528542774534436,0.5398535521043117,0.4988366855146681,0.20409832687137466,1.8394751225137747,0.9721595404015283,1.2558299267991149,0.060543815190549265,0.35294270344278367,0.018280480839680854,0.42366861373282116,1.0982458468959775,0.4618350181106281,1.4796710866951084,0.9139786919464219,0.7143380761005647,0.29892115501393257,1.9777552319594456,0.7527776957583252,1.155114580198822,1.118379040830339,0.23480982215995314,0.8302290913326067,0.5397345117549146,1.0248997202815369,0.9112296627731941,1.21144202075148,0.5183585157954256,0.7196053376774916,0.6180309882409883,0.8830629394710303,0.9665485678615349,0.09486840258088491,0.7860801833389455,0.5545403531442168,0.07100838767067426,0.6494514925438283,1.2761160309307726,1.1416439089855315,0.23014459629796127,0.5067253280912555,0.9389600751333264,1.0929693561383051,0.7459474994340347,0.8559883984205531,0.0,0.8321672578681012,1.8035141294913866,0.9427822373633025,1.2873542110517742,0.7719124675841607,0.0,1.4323376454257217,1.2240150163100438,1.213017312281706,0.9293298770308283,0.9492781598825092,1.7360704406929512,1.3894546514214257,1.3375260622499268,0.9843692428308202,1.4971277863086798,1.5108251639835486,1.2814840996187722,0.8887389879841843,0.5356343025454725,1.5361066249926312,0.5815285340770409,0.5866512680409681,0.7200306899410935,0.8347358058858855,0.0,0.7842982979012538,0.9080566730249947,0.7097088653413663,0.7393751269024541,0.8410333012374211,0.8006470997971873,1.0241250890586202,1.023610376456515,0.758775596317475,0.8145923281124168,0.0,0.0,1.1827522856118822,1.557022315811539,0.5846232925359737,0.5111610836345429,0.6958492846432419,0.8584018158008122,1.5090106133002248,0.5440231957607327,0.0,0.0,1.1993294390550395,0.584124498524177,0.0,0.771094041595636,0.8251120279617035,0.6872715428945703,0.714384146929339,1.0755768027564387,1.7383468624411427,1.2375325489415698,0.6875553912768793,0.5944340337672048,0.9988374764918715,0.9476242717650695,0.0,1.5334385000390642,0.9211181118209159,0.5765328491201611,1.09575214464797,0.518535957143893,1.9020192276956303,1.0812662512376965,0.3838888159368784,0.5549394334185301,0.9069539693342603,0.7699555416423463,0.6280578846583117,0.9180983372428656,1.2566016599668273,0.2748432343054668,1.047560665118604,0.0,1.1705101004503147,1.5198093449020367,0.781002959339226,1.1615007961458754,0.7153575783776553,0.8691130501589144,0.0,1.0676246564784053,0.3040659792618408,1.026749103991553,1.875896004536433,0.8370149932853785,1.0812204452970764,0.520916706737718,0.9391713788086147,0.8184734616049396,0.5221829381469625,1.042434249207748,0.3866004473476568,0.9704644437258287,1.2642104066436424,0.5039061836280988,0.0,1.1736194358724796,0.3312500291174258,1.2923508496575644,0.5412757082810938,1.2543290533430653,0.42775819125180675,1.2399651013007469,0.628038209230577,1.149444856152143,0.9046927771994882,1.7868663993425804,0.7653105156993586,1.219086971162431,1.0374363726650349,1.1540847535870244,0.8600047388122305,0.33591727656949427,0.965327131336115,0.6553496089604987,0.7074991996509183,1.0109372345464955,0.4347211231802315,0.4249254758195277,0.8201756316701776,0.3730750339179666,0.9063851570238809,0.896433378319442,1.0115231842584056,0.13671622635446817,1.6502334088599315,1.150341315609607,0.896460368063481,0.8704513268071847,0.8473652048203184,0.9178050104132575,0.7540089081563883,0.9094903483785245,1.5710622372977743,0.6496400038530875,1.021637289354084,1.2466960593264464,1.2462720755249335,0.0,0.0,0.8191683924920485,0.0,0.5517664592241427,1.0351071648641925,0.9747647232726943,0.9695283988679642,2.0674083716672085,0.06801156274585173,1.6623994981246715,0.7197418839799041,0.0,0.3636809252436104,0.42914943297737473,0.0,0.6177595316407534,1.1524850428572537,0.7718813283080255,0.8124910036405137,1.2875827898940948,1.2178959669948795,0.6216256030086108,1.173285624369281,2.6232224395254806,0.6726946094995719,1.8232176497851516,0.29356053109570535,0.9052292019160086,1.2381723816302954,0.7304529023124807,1.812325007265347,1.606223087221692,1.2665207757285073,1.093239325679889,0.0,0.0,1.1778734667758894,1.2508353221698512,1.6970374276661562,0.5209715345439311,0.9648767840750341,0.7207378567283054,0.5770673372525243,0.9762780078870688,1.3128178136122566,0.0,1.1641654699025497,1.4914138411782174,0.553621162537739,0.7722220423908134,9.03012863296511,0.0,0.0,0.8811787403499795,2.530581919756234,0.8250789835397603,0.7626182094192798,0.5429629510343508,1.717795842189679,0.9693118284106267,0.0,0.24147173384385612,0.8158825741955291,1.026054015230297,1.2186383447771187,0.24546035909799563,0.9204571317206475,0.92716465635453,1.0754627258931828,0.679521491618392,1.4808704956384453,0.4520328133561169,1.1231695259174526,0.8407783216824405,0.7181948205236941,0.8320931986677067,0.8811807399148271,0.5884118383149134,1.207965932151195,1.9329178203843616,1.2316655891360613,0.4038738937111815,0.44545880014820827,0.0,1.491617263467555,0.8789889420714245,0.0,0.9285868570589341,0.8841511358709516,0.7150807266089811,1.357461703764245,1.0300965002547011,0.9186968498016024,3.0520166633635246,1.6218938305741866,0.7252422648190198,0.7558273910500494,0.5309846178208839,1.1394733918131705,0.0,0.8317870385928988,1.0550377943835443,0.913451413762127,0.6687826732272572,1.7081711600013092,1.431172847329607,0.8102026003985301,1.1031009418506068,1.0453889801932577,0.696210396411214,1.2517583278729965,1.6745784834304527,0.7293806906898275,1.5992659109244007,1.2576956136495436,1.0144263542616907,1.1161381918627635,1.5732154623542316,0.8403033521298281,0.30232332306318194,1.345911935204833,0.8360679395480535,0.5416889829836029,0.7323777812557846,1.0638255185947618,1.097666751708976,2.7375176415878557,0.0,0.07183076141084858,0.3393422820661454,0.4058810289531305,0.9202073692042858,1.0258203059352295,0.12906248744346777,0.13480391136488176,1.0463134422761222,1.5553445888490436,1.4141109050552694,0.8333746893976175,1.4753155387365442,0.0,1.6615590908104583,0.9047391389626642,0.6943970017373938,1.2109513411781234,2.2995726351122263,1.1464003067401787,1.0194948690767287,0.8935230847568681,1.5003306191531378,2.1293403354313343,0.884091820563183,0.5005948729480575,0.7025940926941793,0.8918123967074159,0.8351022250434617,0.8986934779275685,0.26622362580332065,0.4414928853547793,1.1727391158422025,0.10551802056849824,0.9034977924150596,3.812926663712613,1.6395430642760995,0.7915633515679951,1.084143584891399,0.8099760033144967,1.0071220807474472,1.229239066161655,0.386330303267022,0.9563854331959138,1.0992716176026018,0.8462230596820975,0.5121897295818301,1.1803174663846814,0.0,1.373203723209084,1.076946907579928,1.5278069332212856,0.7696976338605988,0.0,1.120753995579308,0.4153786419147253,1.2077470237288492,0.6523935428719883,1.2367878587129972,0.0,0.40863122845111477,0.8641021719178483,0.9982056300993052,0.9362920426430589,0.8427153508661902,0.0,1.4629934872116348,1.0684944309269848,0.9272958270129177,1.0972034945406708,1.1989674389753844,1.1205010208895048,1.0849870166850857,0.49200552330214864,0.0,0.9474534223891954,0.7929256030127214,0.9299634860221253,0.8671061358552621,0.526634815101212,0.5139118915753784,1.1455372179503738,1.8086298443812336,1.0240604041493089,1.1795125327690166,1.2253078825206085,0.7547735303193286,1.0571188859489644,1.6620164681250074,0.2193236107320283,1.246073986473732,1.2889286112556675,1.4649698087344665,0.8768533039107358,1.0938315219616093,0.5725059388817235,0.8772014669052457,3.2860119902399894,1.1922759154420204,0.45289647380550146,0.6139530168961992,0.7844178315885469,1.2493419532718684,1.297052341973421,1.3272537469137509,1.408191061756429,1.3083603697293296,2.245046188747934,2.2336934163009254,1.078304043510928,1.722526759591893,0.8267591292190333,0.8940094216548773,1.1902603705882893,0.8939584247895572,0.2744861801997069,1.6097267721656006,0.6138094860079035,0.54318349753706,2.97615990991275,0.7541171685446805,0.36198027908830865,0.930152950673528,1.1052219698713879,0.19165177935591599,0.7222453732784728,0.1610180336151461,2.9433435556146317,1.6817986270908953,0.9255281748269378,1.1854309662742002,0.6846656599335915,2.6195142026055116,0.9973084083643642,0.8978900558411336,1.5916254569956794,0.0,0.7283733642004484,1.0369460888390303,1.141947259819582,1.664646018065752,1.101495419988938,1.4529534033603348,1.0227429816660205,0.5674749368513383,1.333696462721277,0.9222387951256287,0.7936168037095006,0.7034167490538795,0.9146899055863197,0.0,0.8645769467664512,1.090917777782835,0.5749998985845602,0.0,1.2162525483555362,0.5868564137217867,1.0303822538835385,0.12499999218750048,1.0223491799762237,1.854736489065073,0.794372659094323,0.8443689172154707,1.28146401959603,0.5731374244522508,0.8575334709184937,0.8984355529584482,1.0431422948081623,0.8316876986037655,1.4470498744092568,1.0390730074165322,0.0,0.034650998984387345,1.3440505191630978,0.7536778996328385,0.7996097490735619,0.7158970353635746,0.4597222451329641,0.9555712928024815,0.5929278094729894,0.6938784043622326,0.05090143171558193,0.1892075901354033,1.4627826643018382,1.241142086130253,1.1200341408906094,0.4912668997693016,1.0115715404703507,1.3263754711909423,0.8953754013026842,1.2883680815372216,0.0,0.7961755896229928,0.7875586170841071,1.2408917186173951,0.903926371109685,1.0036937595356943,0.9012005956451277,1.4337443876743055,0.0,1.064511535281847,0.6675246575995256,0.12461417778314683,1.5009762234864057,2.284306080200907,0.5935915676927085,0.8697782293458628,1.5617729465310148,0.7771689707878187,0.7786513057877801,1.2875437301751655,0.844911106909813,1.3822934948753647,1.2597414372502138,0.960670257661749,0.5466981497927894,1.3678042264072656,1.7221932805519884,1.2039460458325633,0.9735810227055253,1.2263918107926308,1.1516371661540197,0.39526403903720864,1.9976292164045617,1.0716148895835667,1.1866239615714507,0.8633183601885253,1.365431106568531,0.9214642483939371,1.210374405778122,0.9884724897608911,1.207885869970327,0.8065795970418597,0.9135815840467503,1.0332182281918645,0.8923208744346948,0.8023763355979245,1.3078950465534502,0.8141242511927018,1.3481566769182658,0.3731481407047614,1.0009751162756724,1.330546501266055,0.8432150999454031,0.6406676937578193,0.8066578959019012,1.3602835131231603,0.6004735452987087,1.0805810168986187,1.2043703992815376,2.3096839483106724,0.5303817853580448,0.0,0.8703768249230341,1.1137705626313088,0.680562994874219,1.0303440755726379,0.6759214320037947,1.4504205317282277,0.7213667472081193,0.9529949742190147,0.8080773635678827,0.792401384494762,1.7898996647673697,1.1133648357863026,1.2789824259849905,0.7857659121027192,1.1295529590911828,1.3603553856055681,1.7749586137398004,2.899870918710405,0.26448165067238266,0.778763408801205,1.629262475201517,0.9456512553651766,0.0,0.8005600645113032,0.9871928326933288,0.5930178428443542,2.155107484899688,1.6044972947714484,0.7231161408511076,0.5380391168724905,1.0442631429935092,0.0,0.8080587956636534,1.7085086377743146,0.9577414433154999,0.8265228145857291,0.9099222758539469,0.12225451700495059,0.47022302947880346,0.833638783975639,0.0,0.5182688717829722,0.826789657708977,0.6913811791090732,0.6412651624944313,0.36922668841974654,0.6557811152828645,0.7354834807931521,0.3253101044561198,0.7524189987124786,0.7203955914814358,0.7460120992163822,0.4773965467921318,0.7572375312152042,0.6411424230418429,0.5874554941088624,1.280004613895149,1.1738984759567024,1.1183374960426746,0.0,0.9336206738944498,1.1150052787634084,0.8911728661282143,2.9846905425311374,0.9172421111273882,1.0193333009791807,0.7479484216006003,0.9012930840430996,0.29419829894810867,0.9468578693278817,1.1228162091817044,0.5184977403674365,1.9852819426835606,0.9673472619711571,1.131474305986437,1.2791825139926254,1.129663882771271,0.5903161482989228,1.176395256381999,0.6225912488212486,0.18096375987709606,0.7535725544058538,0.8162087236619314,1.2007683968919771,1.0439758306969549,0.5392783475877904,0.361320996178146,1.1938173051069065,0.6417909585545969,0.8331681181424575,0.6729542840040005,1.0692655135054658,0.8040398076598102,1.3535075445965192,0.7834097754621571,1.0933769491143124,1.0179228338483786,0.37232486847873475,0.965317019092664,0.9444273367443847,1.3006626089320417,0.24659691662538524,1.3091712497713108,0.0,0.5870123291774896,1.262978476689396,0.22505821595936887,0.8539978961722322,0.8962148415782927,0.6490400725641657,0.9258739433898124,0.6600367088325152,1.313953131362274,1.5438782529424682,0.9892791328174642,1.2178040200356404,0.5787389080347265,1.54083048920546,0.8970476490659967,0.7375927294097243,1.3384850643292745,1.926730603175047,0.53513234925304,0.4940239351225515,0.5776000512899624,1.1337675856481506,0.10858332024976125,0.860106594622716,1.2827221956999033,0.7339818847929268,1.550399283655795,0.7412525331806423,1.3421136331290087,0.29285712826824783,0.0,0.07226190215899654,0.48011255988136325,0.784304606941788,0.39720773298555895,1.2324047652984178,0.6625046090986777,0.9243890790803252,0.19767934354787658,1.0266408288915088,0.5066845594604994,1.3308573469150178,0.9103129910487742,1.2524167146895362,0.5351179596204464,0.9642689324380679,1.2131504840820548,2.1383977219804144,1.6697110712026109,0.7846156981969938,0.6454936421679242,1.4561803301693879,0.9082850278741497,0.7559615639586231,1.233094840800501,1.1163969944716103,0.0,0.20526009922225807,1.1199576350515372,0.6549333877744509,1.1822264875513298,1.512642971289328,0.5094589441863306,1.1473923251931102,0.7568524922686335,0.3573537183662731,0.6392672209483701,0.7443898705626033,0.0,0.9801640457688474,1.2788906873408505,0.0,0.33599029862480423,1.1519416725370277,0.7699158483557014,1.18235672125025,0.6466964848697253,0.8623477008619109,1.0969007932126273,0.7756296363444577,0.9200349552514758,0.8870613689152089,1.1284067876018669,0.86062704139848,0.5312304702401616,1.1884521663963477,1.1132031941990945,0.0,1.2634594250897526,1.1803367280563997,1.068084431653367,1.5255232372817673,1.652795571154682,0.6586392594135743,0.721390188770384,0.0,0.9446212192984387,0.0,1.0174964508497664,1.0578772908673006,0.6708581249876997,1.455837009785354,1.0851505189063313,1.3793430564512896,0.6314161342147431,0.5329596258326819,1.0582771050768316,0.8557689167649747,1.1983730537134933,0.0,0.8371459041370394,1.0514039584433978,0.7961301117163434,1.1819371301541741,0.6956218073969549,1.0383758708211261,0.74416225548318,1.419529201135183,0.6985743326035889,2.8766873330016085,0.5400412307541197,0.42327520534343704,1.26012927632664,0.4909608589089851,0.0,0.0,0.4582333412282833,1.0369890249296885,2.016072864604631,1.1182378515301712,0.4150762462236103
43,0.8636337911629515,1.1104858057612157,0.5672099453280678,0.0,1.241815853914581,0.7594527954563508,0.0,0.8378735596659401,1.7685176868071828,1.875845372956832,0.937581612695815,0.0,0.06623639828516274,1.4746752363090359,0.40814115207354745,0.9887642266639509,0.7749082466227848,1.6072590452110713,0.9759764897211349,1.2089011262765816,0.892508255031736,0.0,0.9533556540807688,1.0291040548147476,1.6680650894279712,1.1069299416621798,1.1879726898831777,1.8245686619934354,0.5472829733369706,1.4655813452268038,1.0843073366923102,0.0,0.7933384396265413,0.9040887240144437,1.0975652909295464,0.9287248193251995,1.2110788928041636,1.051369642629391,1.0527340936301937,1.6690577201715895,1.1649572995629724,0.7471914168207993,1.0218728455750845,1.6535636397270588,1.1281717264686746,0.4571400173585835,1.0138682100436034,1.3229203356425216,0.7461120498582197,1.099119561362535,1.190468023549542,0.9411239380907173,0.9156395078685129,0.0,1.2296027244903405,0.6864505849653613,0.8129922818562871,0.4479491716112002,1.685438165471645,0.5631685578700552,0.5310760058247455,1.2740140601172238,0.1712397759571332,0.5991568105516548,0.9105094013749249,0.7963195962753651,0.5284730130133353,0.7576843802073078,0.8145269090095814,0.5558729926532209,0.9852437964899204,1.1213237547826371,0.0,0.5566317271308092,0.7545799539831066,1.76728862301497,0.674111108565352,0.874086044552881,1.2000598277329468,1.115067272061777,0.9433700753577682,0.8045158065083915,0.7594410265158076,0.6813326108052778,0.610142480270591,0.33060231220541186,1.291402271589556,0.0,0.8932958567580185,1.0380534289628058,0.5199753875767239,0.5597825033930893,0.6427274076560252,1.0078243866554217,1.4277427490922086,0.9020725774220699,1.417500205154689,1.0285325506189955,1.7058958791580228,1.357727706003769,1.1339444396895018,0.41535633082314505,0.8378270009989301,0.265391417903986,1.8639247616122445,1.4648091972823964,0.0,0.8508361449775625,2.406365827551388,0.9572820145548284,1.0057881379634461,0.42288042191766917,0.7734503623901028,1.5374816811266083,1.068501489451126,1.0350263296991586,0.5359630401617422,0.4926112264091134,1.252571443648284,0.7599553708906613,1.900647029112749,1.0206570335000382,0.9696314383889871,0.0,1.0287935215599933,2.1278993478756534,1.61743380973922,1.010053194685853,1.174942915092986,1.4631101485877602,1.9333314635801577,0.9898639800962689,1.4890465913523967,0.681408104703644,0.7216128629332454,1.4188356037021401,0.7474752091648751,0.8417130882672486,0.8608581110209759,0.8417691660722064,0.5910776613120865,0.9638602317436713,1.4220136969588926,0.5491866057898998,1.210800624052287,1.2237507458859098,1.6374800391965962,1.140752511833388,1.1658067403627628,1.5039406504400823,0.7582429807451359,0.9153256647669434,0.8371399810052284,1.0747283590731254,0.9535308740290597,1.2236199972110566,0.0,0.8995842107940895,0.738220178295067,0.648603758992368,1.500539894818227,0.0,0.45281111269897834,0.865379327188889,0.6914308241182443,1.0186995172637765,0.21331961656916995,1.2414119027910928,0.8382511150043407,1.201351121591388,0.9785952805695709,1.4695607937747974,1.233266644841966,0.2121133698264604,1.1498729192029153,1.1462067587686984,0.9194871066595182,1.285472162311096,0.0,1.430469370876501,0.29623870891668613,1.411912946650103,1.2807203104881728,1.111375034739872,1.1567128999254441,1.0576915220880767,0.8387893020681205,0.9219643927974945,0.8094361153077192,1.310657505756414,0.9054325077335852,0.8321290844404199,0.9137214174052929,1.7006168398664736,0.6873705246544164,0.5538745041152147,0.8163933074854987,1.5507014148053822,0.8362090715652167,1.298934319579355,0.24217526076219706,0.8210289101567674,0.0,0.5721959091621731,1.0851776655646599,0.43776310535211044,1.6627725887516276,0.7625875511107959,0.39411756262546205,0.1552090608150432,1.9997212833516018,0.7462420282321859,1.1735406605941279,1.1601481778034302,0.3295876026933631,0.8407411641540494,0.4307696345171186,1.1102156990392549,0.8156983203320766,1.1687482367676791,0.4029235081291805,0.6208563398541971,0.8405021608525225,0.9504967974224301,0.9224201808093085,0.15811398321961465,0.7379858055926685,0.5484766403267768,0.0,0.7152740422692977,1.1804073703596534,1.0179876352189163,0.22319935552764186,0.6847459280845902,0.9125504817580057,1.4476653174622236,0.8194809438192974,0.9787734390126346,0.0,1.0747238389087506,1.625444603166601,0.8446428801683616,1.1628289131522838,0.5809540496037082,0.0,1.297743537641558,0.9174921858298292,1.0775311836206347,0.9976831188964383,0.723671398890438,1.5136678272397612,1.43783421971243,1.329095120612632,0.8782491703212119,1.6413029886341617,1.2716578286762665,1.2116151847074461,0.9072103155762514,0.6089650222856211,2.5399887414867033,0.49789265425696794,0.41119619909240246,0.5507366067132661,0.9748250392520984,0.06429301888750595,1.159183774187126,1.0141032985596568,0.7752668507094107,0.7531016988135019,0.8051513697716756,0.8209743852528169,1.03377556165936,1.2977721965178213,0.8855309896246312,0.6865889424801324,0.0,0.0,0.8315142951559525,1.3783970029477262,0.5290081160415483,0.4717306911025594,0.562374208052303,0.8531917000935046,1.686541258676705,0.5794885657599719,0.0,0.0,1.0487085896975172,0.7670862190443455,0.0,0.6838673207847075,0.8931221815033996,0.5960605004829407,0.6613590776647948,1.1133917172484127,1.6392634979895473,1.1041733104499667,0.6082220880868077,0.508620136323204,1.0468796910459472,1.0880045251705184,0.0,1.5644851029688311,0.6760389721527147,0.8595409068680611,1.0239694951233984,0.7691777867053122,1.6351869572802291,0.9724913525157075,0.3507146945198215,0.45217285930431167,0.7783496742190891,1.0826245459551047,0.5905756561484324,1.1867601171827271,1.3473706596679922,0.18322882287031123,1.0581962649563286,0.0,1.2438137175333774,1.2601910529978413,0.9246119733559064,1.2015142232179152,0.6048138736475778,0.6892412343463474,0.0,0.9180353181614314,0.06081319585236816,0.9541738383882901,1.7124094616704166,1.070886832178743,0.9924750186033029,0.2549166868654435,0.8803371701960454,0.8062649017851354,0.6053930110932657,1.0492681738164988,0.7312809712913848,0.8646721127878098,1.4414319590030873,0.7558592754421481,0.0,1.0342309033599837,0.0,1.0543938940283646,0.5374349267321353,0.9288093946695053,0.45478105951919,1.3490181690453864,0.6866520212099656,1.066414304061334,0.8894163754491184,1.4432153930741887,0.7767569836728547,0.6701112311992731,1.29276845739032,1.1994375824903794,0.720747049138005,0.3919034520069472,0.9448911928182925,0.43131950203335384,0.5500218417871789,0.6739581563643303,0.6850917062115478,0.23629268043376006,0.7060317432934471,0.25534233894477587,0.8652297199126795,0.8729172708077865,0.8762562305464983,0.13028417779638982,1.1729028373246912,1.040813226356387,0.9768155224408367,0.6141494152520631,0.9072816153304488,0.9446239055055388,1.15739408172128,0.7417917724846504,1.3063508950675935,0.4211441776553248,1.1036447274871763,1.2288335022954684,1.1787094057962895,0.2527005004998779,0.0,0.8810617202605429,0.0,0.5249218194165383,1.0722695073819557,0.8267718054468125,1.0946484549807973,2.0375631837367405,0.0,1.5328429911487431,0.9481318485176822,0.0,0.2568406053963865,0.21457471648868737,0.0,0.5554168265319054,1.404125424966511,0.788544440262689,0.9370133989409577,1.3177669639970964,1.1241972819828698,0.7479069567144457,1.2242417025658583,2.082035503902084,0.7782391713086638,2.5152598885192434,0.4403407966435581,0.8444360177857804,1.077395219608304,0.785795822608733,1.8176495024104096,1.4645794427855126,1.2036142111854353,1.3380733658070194,0.0,0.0,1.1722902151789614,1.0180433147328036,1.7144762741351478,0.512534037652394,0.8695386434507995,1.0148010579615996,0.79962346649609,0.9558204317245698,1.231563569371218,0.0,1.2631498954248046,2.289146832447317,0.38758674513298563,0.7195705315230316,8.779290667405519,0.0,0.0,0.9235298479849883,1.9666022039557118,1.0596831817561747,0.8931697477470968,0.661736080029715,1.2827512235708591,0.86643219247197,0.0,0.049959668999361516,0.7408829308773266,0.9975991790272423,0.8992496695842473,0.3739730687004946,0.7866936127783437,0.9503858472101379,1.0841580931894008,0.5723751013919098,1.509813884737482,0.6080441389007822,1.411206884567943,0.9627296898992705,0.5563660548168803,0.6600410592226946,0.7616972529118865,0.7603742211370411,1.1265652263457273,1.988572106614485,2.0480265244726183,0.4297982318616304,0.6479400609780477,0.0,1.670313065408262,1.0172968803091431,0.0,0.8859035005613782,0.9499727382030755,0.6202413012734674,1.348835843403242,1.1973553985913714,0.8112690936554361,2.7587060087770627,1.7680736212076706,0.6659335958599739,0.7033393828856855,0.42474675141979273,0.28486834795329263,0.0,0.9651034173246547,0.6685932809927129,1.0558073851966692,0.7093871924294848,1.661315978287925,1.2076544956966397,0.7978957248040746,1.0309197087200355,1.0254135581589134,0.7310091105959207,1.2426387846990268,1.5565196174175422,0.650194450946216,1.3888304076490847,1.2746073282223929,0.9868127729205682,1.0912506361400047,1.2779760420461068,1.0674393467691954,0.5827679734271167,1.3566769884174514,0.7921368572892311,0.8335607924677874,0.5577975982027235,0.44974738067623776,0.9644993390626658,2.2252985298039194,0.0,0.03591538070542429,0.41740905541912227,0.36581585930546745,0.8889378328009143,1.0507738416868475,0.5162499497738711,0.3954248078685767,1.0819519066174599,1.2972248948906921,1.3729499711246398,0.891236733118075,1.7563477373015084,0.0,1.24121014521091,1.1403716434630184,0.9950637652990848,1.1242770775456101,2.0656892956278443,0.8950134246154013,1.6510403631692743,0.9009557821701147,1.6761261075761487,2.150414997247,0.910662729645283,0.6990446820077858,0.8175901081757653,1.0218783241255998,0.9039808107837785,0.7428141988909122,0.5744825554130466,0.6828258998975478,1.1661467552650966,0.42207208227399295,1.1733942249693474,3.839567493826541,1.7174287888340132,0.6941913614964796,1.0585515745549194,1.1285653013980776,1.2878094557196442,1.315591786396534,0.23179818229615257,0.6767643684227419,1.4812138876277752,0.7617346674970589,0.48991230885176895,1.2872043891221923,0.0,1.227850691373281,1.1462683644705005,1.4335591965830052,0.7674458597717437,0.0,1.2108072581358464,0.7947453797165352,1.5279226395178722,0.2905157009996409,1.148851871308921,0.0,0.428727844596529,0.6666995226937031,1.5055197988356366,0.9204778339614319,0.7629092635481936,0.0,1.6059470410993495,1.086438553753744,0.755261218457557,1.0576850448453525,1.0398730095444306,1.3545837306638442,0.9852223191651863,0.44884714184410224,0.0,0.9355332651513937,0.6872559478227667,0.9209868270878191,0.9642086919144561,0.3858816818233404,0.38959665411423794,1.0737909648174768,1.9415222262585403,1.1715875243038099,1.2024404210359276,1.353266393390786,0.5414614106412348,1.2169169617662,1.6045014376353157,0.054830902683007075,1.1113632938802975,1.4769202337195568,1.7896271193754254,0.7391398860775497,0.907559123803781,0.6861568387850838,0.9372222720293594,4.13793050004559,1.2395531024239217,0.3483206764077872,0.8877879120617872,0.7735642524236774,0.8328946355145788,1.5352803320542787,1.468995885214815,1.1135051194871701,1.0759675311794152,1.8443581409153595,1.7801876258897131,1.3418637393348158,1.5187523316366556,1.1024129770286442,0.9621000158614128,1.262349471707739,1.0464795676026484,0.3477082257623309,1.5680828845425752,0.5625207463879869,0.4491177630474296,3.3623143726449713,0.6909994923172302,0.30642481417968315,0.9161770837387802,1.1055606931896036,0.127767852903944,0.6423363801714579,0.0,2.41366113671228,1.514402449762499,0.7522530469532396,0.9762838613573659,0.597112233428297,3.3965585229659823,0.9405687538928843,1.160514582164052,1.2802492800392131,0.0,0.6119075434804835,1.0533268184749458,0.8862297713160384,1.5042488198418138,0.9539997956441463,1.4836673113074754,1.0056027264906466,0.7062789084595268,1.2858004909584815,1.036976687948798,1.190425205564251,0.6310006420443085,0.8986816426092593,0.0,1.0180201712091734,1.0069703014740148,0.10147056934364247,0.0,1.0387214840221901,0.8398063333119666,0.9140660552589794,0.08680554742959186,0.9136820979774228,1.8815234002182535,0.6910444495757617,1.0242594879983278,1.1224628761992406,0.6254655824196578,0.4287667354592469,0.7293776793828513,1.0531771926645372,0.7171260404964401,1.425449878564162,0.9773437591368281,0.5111877574737416,0.0,1.2099449680701115,0.7977975212284925,0.8385831840523483,0.7630939925910564,0.8173077326156,0.9008849464958885,0.553247389059306,0.9000596520857834,0.3563100220090735,0.0,1.529464539202019,1.346446383291716,1.0798206880837697,0.4254049624428883,0.8218606194136933,1.4585641400086398,0.7581320653979472,1.409663435465062,0.0,0.8867628065442404,0.7314194805853644,1.0714731591660205,0.8953560374100077,1.0182089733469963,1.0884084849194744,1.2054791772714397,0.0,0.9179657465279196,0.6267094929673893,0.0,0.9575193332764085,1.8543268801911337,0.6324126372273906,1.4500993337262889,1.2389017410677212,0.6473346796546794,0.7681525406736485,1.2655067340586357,1.1829813714528072,1.4617058431228291,1.360590131977844,1.0271056333826172,0.5641297281322513,1.6702064356366169,1.6156054525323718,1.745889377905998,1.1104135824298116,1.0813448175132185,1.379602904588047,0.4224436205634,2.103206782284275,1.2588314743085873,1.3676035578820318,0.7421810574643235,1.259684407154122,0.9023408328875832,1.3887810731477617,0.9464178758233714,1.4363951974502145,0.7593880849881045,0.7139426279720874,0.9745936555539285,0.9547109484536831,0.9278942676035944,1.413188986321918,0.9882707034175238,1.273820891333133,0.2532076707144359,0.9952588999180597,1.2663156332216852,0.6759414893601199,0.6007655859864435,0.6949874213392692,1.7376089338205727,0.606863554088604,1.2452138749271122,1.0070631008855762,2.8046161551901085,0.7955726780370671,0.0,0.8440074209708789,1.073107038443156,0.5278078068171053,0.7906278422330639,0.6912041758373888,1.3230107585249211,1.0351933816686567,1.2949041353230646,0.7399558319745142,0.7191317176364524,1.6696531270325616,1.0134742258543608,1.1851535758842988,0.8599636220427145,1.762252702562479,1.3557009177373016,1.170384502788346,2.8877205215775263,1.0579266026895306,0.8181522241981789,2.0620353146081527,1.1408579823160168,0.0,0.8684244208860281,1.2006808712961021,0.6823543580409278,2.0479162654534933,1.5350195419668207,0.9170505882765349,0.6525756313552268,0.8534161007868291,0.0,0.9374695781140148,1.5595183109993402,0.5046056842579462,1.1219211142273575,1.0089765290193813,0.0,1.1067444399316075,0.7401994075296341,0.0,0.5025403541715675,0.8837824683724256,0.9446594256208284,0.5796136859466117,0.9340556100623879,0.3665624246654061,0.5398600395913199,0.24433347639909334,0.5169612317724428,0.8050488064082637,0.7797872908591816,0.6697481252340787,0.6896023500609165,0.81673127498275,0.4677264694737593,1.1250511231065552,1.5249053128248282,1.266054105844813,0.0,0.9098426237781859,0.9061070448884398,0.7727641894636919,1.9897936950207582,1.055843118786698,1.0161318661257275,0.8553159220452495,0.9284832024618833,0.300809496305864,0.7882375804759746,0.7106741434167853,0.4968889890230612,1.788560427293246,0.9082496266780338,0.7158093015698155,1.3168240071801232,1.2199011181118053,0.6727672588000064,1.2931960684336714,0.5860220823494741,0.045240939969274016,0.9559653317199928,0.8702590070430015,1.2313073142314033,1.0484830482757048,0.3066591662777091,0.8163404827885827,0.9822871482380692,0.6655609916485438,0.8002778586528226,0.4555723460519824,1.0611541986674364,0.826708738894592,1.1363257669033329,0.9723620059964075,1.1104762913924062,1.2819828403939277,0.5173356062745441,1.0095855572147665,0.9131479381199528,1.1121323628103386,0.503984425403524,1.3173966498371517,0.0,0.7805480193839165,1.111225000767156,0.15003881063957925,0.8163653355803256,0.7649970536063901,0.6412641630939844,0.7518569685723664,0.6070222305649362,1.2114465360457243,1.4634944967943184,1.0904809780341072,1.2764213737686627,0.8052936309551206,1.1354572733395933,1.214815372491704,0.7443825349749581,1.7456140710160017,1.6400383641636358,0.5945027892496662,0.31367971753361135,0.7212210879726741,0.9336750849865296,0.6153054794045117,0.998759813434705,1.1340371732678007,0.7516748210842895,1.3656788578011603,0.6777777949359839,1.511222121864212,0.4392856924023717,0.0,0.28904760863598616,0.38571687516639447,1.6071815510423988,0.08362268007838958,1.1250172571502974,0.5623160615144321,0.995400565355478,0.20367277820664753,0.9343554799488965,0.6948816798913477,1.2472527687175707,0.9454054581119442,1.1506163220941055,0.5185968189904305,0.7830013165086791,1.1438275477803792,1.947751197044255,1.5412073478309183,0.9521715826944086,0.7733349901023354,1.8111242055206076,0.9245394044948945,0.9171310328936308,1.1896130839754686,1.0464597505139228,0.0,0.08625291401165505,0.884491958401843,0.6283371078906782,1.1817646841689828,1.705887381516342,0.5208163104052814,1.0887834962984893,0.8063423638909115,0.25462168483719205,0.9176294791576425,0.9721159032072345,0.0,1.0187829859808104,1.4414034971645422,0.0,0.16199531239439735,1.1568469550709177,0.9106551138071488,1.265421924520276,0.8725380968590626,1.0626117733103473,1.51730696174362,0.7688602163182395,0.8403858049209834,0.7224317270837167,0.971121734033225,1.1220261233789581,0.6088813274820791,1.2445975653686103,1.1824595257308874,0.0,1.3175522141040068,1.242342728478647,1.1281521118140232,1.3775813597814133,1.5248742322145055,0.872974478434501,0.7166379470854043,0.0,0.8751096249672596,0.25758265969872596,0.9549679132310289,0.9659429581600228,0.8999762326853458,1.4332355607874523,1.5094994461327074,1.145856017309996,1.090192095990339,0.5136693298056647,1.0362424301654338,1.076156284468766,1.0912183841911194,0.0,0.9117897329323504,1.1200229785843463,0.8271510188885736,1.1426208419934742,0.8250131421292632,1.1489022697397373,0.9370010006838758,0.8989598236775008,0.49955392059518877,2.04706581384131,0.957344050148975,0.4805937226498251,1.0672438087039857,0.8408909634023876,0.0,0.0,0.5548058092239909,0.8401313641087343,1.5590968701835206,1.1352966132203806,0.49809149546833226
44,0.724338020192098,1.6401021097073782,0.8190622147917386,0.0,1.1149705256398272,0.675690641507525,0.0,0.836240785645852,1.9852346775104168,2.339809759570578,1.0446999919835143,0.0,0.0,1.4943348089800796,0.4861049650030922,0.9487900005176331,0.9307523526823013,1.7800638898585888,0.9019754849174907,1.2763487817997226,1.5807354273023644,0.5270267474042898,0.9880756077548308,0.9437999489352535,1.4903310068521702,1.1044865923618064,1.0838242863412908,2.5439522045431406,0.5261580452135259,1.4521867100932118,1.3169213349621935,0.0,0.9049063520883007,1.0033175447720737,1.2204848635986272,0.9302770210745658,1.2405148914405033,1.5770544639440864,0.7198308787810015,1.3932190580506556,1.2354729185700424,0.69490182519119,1.2209449413500937,1.5617133263548113,0.9174842706513713,0.6223225817468372,1.290094087044593,1.221057977211511,0.6743952814915731,0.8975044351724836,1.0027746146071974,1.0267698319783944,0.8917631438097023,0.0,1.5202190728698173,0.6439524652063519,0.8528109118626223,0.7333218846854881,1.61063386431796,0.09938269058031003,0.974025858573158,1.3722766497727295,0.0,0.3785235196328195,0.9071676226654248,0.6813172721728467,0.35231534519520424,0.9923034960150525,0.5510150678834412,0.6886398131763678,0.8310747420747089,1.1259363599453367,0.0,0.5829469359450121,0.7566726493250897,1.4962043903236717,0.6741110976925937,1.001936375756404,1.1124221345770506,1.1775673876350197,0.9292886340226109,0.9491771681443011,0.7221301254843551,0.5481922087755277,0.5999144498485989,0.359932570411459,1.0515737416608353,0.0,1.0489850632343323,1.1267923139548344,0.4749405648752647,0.3323708600533605,0.6989259483727921,1.067605930400332,0.9540082517931546,0.9172199242355622,1.278003874683577,1.1609610443148979,1.6276912617910297,1.1948003865784538,1.2441679689924103,0.3833701037555839,1.0555075183904106,0.3050292901423727,3.3060344189926547,1.285551349116604,0.0,1.42295010642837,1.9367304662213973,0.886832455166249,1.5518935552725246,0.9950127603798469,0.8104511536610011,1.3252402042181841,1.0320659996659294,0.8804609052183093,0.4044245210718366,0.6109198428151319,1.3333440293024925,0.7790047380345884,1.8429267718219302,1.027356312671049,0.9415568284195583,0.0,1.088780809347827,1.764599440648112,1.364130179013709,1.2264296729790038,1.1220974143425342,1.2406126647493698,0.48333286589503943,0.7209022767511464,1.1514147590984258,0.6147665059765361,0.7751142782397693,1.616865571541737,0.9945787817951435,0.817340457494987,0.8806123895078994,0.7570005565149951,0.6137026235974967,0.978110139370994,1.4523828918208745,0.68869237067819,0.8819411947068007,1.2620216236766257,1.5331773352303406,1.0886444896426217,1.0908103259650535,1.581384470797558,0.6639708751185471,0.984310280440357,0.958763273545538,0.9492845512152248,0.6199260567020254,1.1334970997274267,0.0,0.7568012656298986,0.8681751468052635,0.6498021297821375,1.6398826888503981,0.0,0.613196839631613,0.9515098888787454,0.6574708502933514,1.4574792129382463,0.0,1.4507343369247632,0.7760250104160039,1.3228343079130096,1.2219200051605397,1.5355212866872148,1.119021733485819,0.1060566849132302,1.0582984963796025,0.725263130976959,0.7958233855872723,2.1424535729052776,0.0,1.1283323269650236,0.38108075001691627,1.6696575676836973,1.277841961639341,0.9069842399231536,1.721083594429464,1.7628192328604382,0.6078183349376789,0.9284625665608225,0.7795204283327911,1.385039067657418,0.9556283045685043,0.7461627761971628,0.9356789887170425,1.7899461560344054,0.811722531888733,0.5531225888776534,1.224589961228248,1.178225657267685,0.7936059076369396,1.372294683580908,0.3632628911432956,1.1318127584688127,0.0,0.7544137944296636,1.1775315224594307,0.4898030931841222,1.5164668331411473,0.7425635549166786,0.09852939065636551,0.4170263629887655,2.024062630985787,0.8492427043836903,1.4456850916625568,1.1710853707711715,0.5021514691614806,0.776325450565103,0.40737126920996614,1.147989831036932,0.8194067222075393,1.0876324655065097,0.30299880858513834,0.6876471704396645,0.7230985972696364,1.0524354145774284,0.7008820037689855,0.6324559328784586,0.6853825082267374,0.6903827455796281,0.0,0.7837528712691821,1.4443313908121453,1.0740176995984374,0.3058604810997404,1.1481328954519379,0.6880191700642426,1.503599894152925,0.8490459376494661,0.8797116976908531,0.0,1.1878628606418458,1.5680003173040864,0.7848813574480249,1.0886944503890172,0.6500721365535362,0.0,1.0007490616271144,0.7653660459388115,0.8588855671536288,1.1141073101158971,0.8466331906141293,1.2198183920850085,1.2751851675936177,1.0949328705292414,0.6948280481481993,1.521409145940538,1.140958483861293,1.0227670083576323,0.9411646213102355,0.6660298660840551,2.8894214743881568,0.38275986845635823,0.4790377850828619,0.3724072440748972,1.0961682647017787,0.2571720755500238,1.5066978165922542,1.159294872336856,1.010346580498629,0.7798561002008657,0.9661935245499985,0.8430231225945115,1.0416096275684752,1.3425995302372478,1.1652699154843293,0.662962203651484,0.0,0.0,0.5423558426802059,0.9783726967232678,0.6229023699317369,0.5790087900583543,0.4329207024741477,0.8381154271128206,1.287097264970882,0.5331029715315281,0.0,0.0,0.9976265285633147,0.7775286159613441,0.0,0.8315348475533699,0.9788993175872955,0.4960003020116731,0.6906682921278569,1.3708629097711942,1.4103549440132355,1.0720128202461503,0.7933331641228871,0.5306964055048323,1.005446368046869,1.082563573664864,0.0,1.5073201322728038,0.4029213178686629,0.9881908378013377,0.9609824354828506,0.9171530836289306,1.214746683692241,0.851926644424086,0.6362596230050365,0.5754927019964324,0.7593655358168445,1.2030633215021949,0.678616759472339,1.4274525757291476,1.533264468557733,0.1087921114320348,1.021065182287468,0.0,1.2840931119875751,0.8586996053159479,1.0025055517031178,1.0214538147315435,0.365937806587774,0.5120422785583395,0.0,0.847837006297864,0.09730110606620701,0.9539191914081062,1.5290928879760002,1.5804812524904968,1.1169249434580495,0.0498750040724056,0.8612919756921013,0.7909483318007005,0.7173867467439567,1.065801119709524,1.0781822766253588,0.8573638784208761,1.497350476197885,0.5039061836280988,0.0,0.7996153013491218,0.22083335274495053,1.1649897579171746,0.5545126796543274,0.8996281646987359,0.46751503853377646,1.3753726498182561,0.7405763648487755,1.0783272463500357,0.9068821585008335,1.2313772568586712,1.0108745311777432,0.3131481378923179,1.20513476524339,1.0336585178184206,0.554931731586029,0.7278206166040533,0.8701567476635897,0.4925708104626069,0.46627560968964277,0.16848953909108258,0.8663502837641186,0.2217438749260949,1.1017242797772637,0.1941824975194038,0.8375110479582437,0.8099539446353392,0.5912909056396034,0.2987537458564287,0.7294172145644839,0.9600961290450946,1.1453783365494012,0.4996717162586819,0.8137998665378382,0.9013997154027313,1.3072045868030302,0.4399713926896031,0.9224606636570291,0.4344533861714146,1.1407266708102561,1.2856518094118625,0.9687636729855125,1.0108020019995116,0.0,0.8367950432944395,0.0,0.6582098180031191,1.2887369111981037,0.7846588337035323,1.173621530515537,2.0463805635839,0.05440924815633471,1.3272005615117832,1.1111507293940703,0.0,0.18639151613989347,0.04291494329773748,0.0,0.7019271548063938,1.3554176266172648,0.9508639034839923,1.0628680034348754,1.9276872449316786,1.0573197392196394,0.8290966305334151,1.3080319803692293,1.8028492919287544,0.7759351628721018,2.3008799164602713,0.29356053109570535,0.6260275146750072,0.9129413049391425,0.8515674717787811,1.647853186624213,1.334807734320117,1.045466852327276,1.672493590005765,0.0,0.0,1.176177146899594,0.9472852558263747,1.5270212526955111,0.5278978717243529,0.7710572388147618,1.068769410023465,0.9444017374787628,0.882096186860015,1.1828354452086658,0.0,1.2396749625914147,2.4278831134180545,0.42807587023203897,0.42121201674026265,5.769248186908657,0.0,0.0,0.9867679499625995,1.3544670849825617,1.2272900482412108,0.7901203851529613,0.7465740254338125,0.9181762995350172,0.7781981345670959,0.0,0.04541787905050643,0.6744954081353389,1.0004929355215655,0.6291169770023527,0.6184606626980849,0.7888141961861556,0.8832023887672228,1.267898708442783,0.6210780092450039,1.376085629901475,0.9524437203077576,1.593534323603899,0.9876298767168379,0.5277958741891545,0.5235988474739428,0.7985397306826246,1.1425608909748046,0.86975511806355,1.6633704885261265,2.7076555051868003,0.4783176755431866,0.8706694458660587,0.0,1.5683630650363825,0.9826821396234786,0.0,0.8578311410342312,1.0195204824400905,0.6264384364102225,1.1750341239641666,1.1700284510375019,0.747380865652276,2.3104163042220964,1.8995194179758772,0.58718912650167,0.9342866398040893,0.6586133326246494,0.28486837169231766,0.0,0.9915773477540664,0.31472142295434163,1.024206511416023,0.7086870667692935,1.761051568578175,1.124977267622128,0.9376015451554583,0.8120108080866533,0.9616173811935744,0.7874417546063455,1.2136758324486319,1.2356862133571012,0.6442793788065847,1.29087228760978,1.2594891537357553,0.8763277917416632,0.9893579201253879,0.9682673342695,1.1980280023409204,1.2854423611652246,1.3758392600804328,0.6687320747361416,0.9276334758400696,0.5812993697137248,0.08648988156458313,0.7575289107571732,1.308690600271652,0.0,0.18937200646540964,0.6464199685669308,0.5606199624876504,0.8232658006393059,1.2359227408888094,0.7743749246608067,1.0364922923778672,1.1203993602385145,1.1345978858378691,1.2603961696836055,0.9252296834472253,1.7599983033373134,0.08748303385852023,1.0283903121167346,1.3148364692215397,1.6035560154568773,0.9877028753390066,1.621306762519205,0.8470782151511808,1.9526785239195952,0.9151086693987049,1.7707712432229867,2.2433232205231057,1.0065613000685538,0.88256335242732,0.8775248740964929,1.0837666858897856,1.0709204142201845,0.5719193351998644,0.616517859219452,0.9789003240181944,1.2031880283784406,0.6331081234109894,1.2290835197735068,3.574898003685148,1.6396354184492976,0.6617775912541988,1.1322164658701022,1.4689042947857693,1.496492529256688,1.1563138255754817,0.25128266587611175,0.37142434892047194,1.6248154997659625,0.7628156857018714,0.5954058690130923,1.2656693200006586,0.0,1.6094760057943085,1.2237057462290526,1.2068176476821209,0.807129736866383,0.0,1.1741096779896658,1.1020883158119097,1.7447603511385812,0.0861412834948602,1.1314781479031917,0.0,0.22441223037097158,0.8194072358440747,1.738595860612783,0.8532073410340059,0.6388484608069458,0.0,1.5246189785255428,1.0357593129360458,0.705069443288043,0.7464220366179669,1.0384687283746534,1.2901250287358734,0.882480059664055,0.32800367836513233,0.0,1.0823151243601847,0.7253323228549448,0.9605036777800922,0.7479775076137969,0.26098248695675574,0.6525267016152523,1.04201483450339,1.9366520089515693,1.1600973833741564,1.5017767540876394,1.3993214300299852,0.3653853851864578,1.2920426151925386,1.4963864838247498,0.0,0.6735535134836754,1.3260498107325733,1.757411340473834,0.6948223649659608,0.8938518515757681,0.9014180766037687,0.8881120178217063,4.052068005378819,1.417280247403388,0.33538016045598995,1.121549407840746,1.216228863515568,0.2082236588786447,1.7677259447523914,1.3325164482384986,0.8435385121994421,0.9708976204899815,1.2658528545937597,1.497753709117597,1.3467755179446323,1.2311727689035417,1.5882137341599591,1.0677994439746306,0.9083653025868552,0.8856024748142753,0.5695173541981765,1.4377654028763565,0.46321039923967827,0.506909780206757,3.180219111479492,0.8289470332793238,0.47498695019902604,0.9130720722320653,0.945651825296417,0.031941963225986,0.7189019594373269,0.0,2.1064021701073625,1.180665305435493,0.618517623862111,1.0172817241067342,0.6288314642146049,3.3985183396848737,0.6779191076769246,1.39351674391808,0.9893972010584436,0.0,0.569328431301821,1.1004159980182782,0.7836511188885086,1.2627038394969639,1.0573716076210948,1.2547056375034045,0.9613692329214678,1.0214548794268126,1.7993496737852281,1.0698949475062955,0.7936168037095006,0.5826126252838899,0.8071585720401443,0.0,1.5021384955530723,0.8705192027528983,0.0,0.0,1.0409200083340544,0.954557197121771,0.8440104389773238,0.28472218971836794,1.0870469359669148,1.8252355939655673,0.7135308497499175,0.8472362967078741,1.0983689796919862,0.8066199165965129,0.08575334709184937,0.46539284956781685,0.9506903201480412,0.7355636537951473,1.3832063478367975,0.9648300772523523,2.0447510298949663,0.0,1.0870990379124856,0.9974806983297458,0.9140084999087683,0.8205287198615219,0.9494391512236138,0.8122855518361892,0.5471718820955661,0.8995871530886091,0.9162257708804749,0.0,1.559686348325195,1.1602995773774545,1.0955305918990104,0.5456694635377626,0.7125933309248702,1.4586219699625174,0.8622273578699491,1.2469511997992646,0.0,1.0727750842757697,0.8775041816346734,1.0113747232341768,0.863218088182873,0.9703042319911156,1.1951646907767244,1.0958894143017188,0.0,1.0244133917762492,0.682892856714506,0.0,0.724609230078154,1.2476424618574953,1.1299123403893212,1.6326135256860845,1.1234753319262503,0.7471678391821938,0.9196499204819277,1.2104441195351137,1.3991191982824134,1.6428454423726684,1.426583671525906,0.8507707471059088,0.7614886312507627,1.5361003414060028,1.6074903042659072,1.7638650158200018,0.8758488663063262,1.1425799507093424,1.1430604839999299,0.45177767947441266,2.288239636072066,1.3797366987246926,1.4660714205987917,0.7657935888541207,1.4025352359825645,0.8506346467287126,1.6202605712144695,0.8422686364706686,1.7936309053353576,0.7224617892695322,0.4516718432639331,1.1586362595718978,1.2780313901538478,1.2917119116041675,1.0991006572203565,1.0705837794229471,0.9660539637123532,0.6396825421529823,1.061038092357163,1.2205161777174773,0.5706605139633529,0.5127428119459407,0.4775639709162195,1.9843427586011924,0.8340939468140127,1.3014650274323598,0.8272453642707748,2.9530958205534894,0.5303817853580448,0.0,0.9070661923152082,1.2113497317791597,0.3280967467059134,0.7995463172243676,0.7181972150667444,1.2756716314456333,1.3686868751343053,1.4345187911741628,0.8222112680528971,0.8339558843942493,1.1750448903394322,0.9029978479880058,1.0015651957738378,0.9925464147754957,2.5386796016466606,1.399336366716636,0.6924230160978625,3.127703783200452,1.5868899040342959,0.9453457330995634,1.8074630441232304,1.183364089092953,0.0,0.8551991648554322,1.5123692590213476,0.8424477238766012,1.054987164045773,1.347011471118134,1.0890788399187592,0.9408242377755078,0.8830440590570658,0.0,0.8925168763676301,1.5755168629335512,0.3097537994006534,1.3456918658827643,0.9694288769215746,0.0,1.853653560039624,0.8827620006189925,0.0,0.31019812680019865,0.8824619809672526,1.073009887685056,0.48615720144894614,1.642838983270056,0.38138462003000917,0.2977432888409904,0.3537814832914893,0.5300026356839678,0.9227654004137953,0.7942983267787307,0.8124419773758085,0.6984127326892886,0.8727557372546528,0.5969666778364253,1.0048043854396946,1.5688939607200565,1.6076647539939941,0.0,0.9573786378173936,0.7945710231700953,0.5717157161095852,0.49744842375518955,1.2462881057728574,0.9017732369644881,0.8512448251039388,0.9557951138337014,0.15371034683180973,0.7081009735237451,0.37473816126282095,0.5239930380707654,1.493345075473652,0.8204584539506865,0.42543264247825363,1.3205698226748066,1.5104596518453979,0.6775576523153299,1.4522202467761025,0.6068691857869309,0.0,1.1236604091087399,0.7297432888575726,1.2241416473067925,1.1000630753045062,0.27748901581852664,1.2444139874670879,0.8007765452709764,1.0137221005557464,0.9759480143534618,0.5626030721401039,1.0059470518171405,0.8423347809912098,1.1600305463840752,1.1343538385769567,1.1071318751065704,1.6611043069266582,0.945313243722271,1.1836193550461305,1.0178881303102272,0.8311375956152698,0.919105084460896,1.3180300875598285,0.0,0.8882595669912811,1.0161875915305825,0.10315167879817655,0.8182286469971336,0.7762829253801047,0.5642486044000571,0.9286453406806747,0.6987222658600606,0.9974028813567433,1.6598449583112886,0.988235759100222,1.344907680245974,1.1361245717663322,0.9414811295391923,1.2456038689929132,0.8864962058745208,1.87398646917079,1.0863370967169597,0.5651138111355435,0.2808076770901327,0.7375078732287508,0.911049928200475,1.4432532885799212,1.1425354119924527,1.0226732755388128,0.894337741450593,1.2464151937418757,0.6431744215975574,1.7972237504824835,0.29285712826824783,0.0,0.4335714129539792,0.29140054781299773,2.2629116020357465,0.0,1.0532649594170436,0.5952905372620699,1.1654483580820427,0.1743946535292909,0.7744797097581874,0.4632544532608985,1.0617356527372164,1.0084869043282083,0.9940264733245159,0.5383479447240014,0.7493640181505113,0.6932288084338216,1.4158839424948693,1.3939679247324315,1.1223111858757506,0.8218739157059312,1.825970730826787,0.8474342576712791,0.8723617352368765,0.9576899403249846,0.9690172653959999,0.0,0.01746894460304527,0.8477771984330101,0.4528016616108117,1.1796737310479062,1.5893116142552517,0.9897132331150527,1.2256558893162706,0.853968294060758,0.4388554287800387,1.2113409472688936,0.7702651731824284,0.0,0.9886271649621898,1.4345862042565802,0.0,0.43198748531881154,1.0341209916834728,1.0587314896995084,1.2821301562751584,0.9807970582584161,1.1519971275228114,1.7891429676159811,0.9090873613884813,0.6778746219568035,0.6395142316233293,0.9369367942543849,1.3060875283521844,0.6606485647531801,0.9537508217007595,1.1792943533842615,0.0,1.2297005088389503,1.1087344115919797,1.1858850049308878,1.4569686318982353,1.3145737104849196,1.0306775895821323,0.6838474808270103,0.0,0.8489708033278043,1.0303306387949038,1.1169049096204362,0.798539219989743,0.9867148416811874,1.40695870836569,1.5835810629904463,0.9961335636348589,1.539651527628342,0.6982739974306356,1.0646984829295947,1.1187736682231353,0.9956573716375366,0.0,1.0918731892254803,1.1886943175579332,0.829950840969286,1.0815427219902185,0.8180413087266288,0.923337059589622,1.2050119912828805,0.529704892994246,0.43570742631852377,1.3430334656420038,1.7057368933424082,0.38110104447182624,0.9268837378942427,1.3861089190489417,0.0,0.0,0.6364670548425007,0.8331100458100418,1.234548363297332,1.0847825228065215,0.49809146779659175
45,0.4596760539545191,2.6309971261359806,1.292936239034308,0.0,0.9918364170372027,0.8332782885637464,0.0,0.9158183034285527,2.0726349443310674,2.214169344869817,1.1698228151014605,0.099999980000004,0.0,1.3103341921361924,0.8273459475099831,0.7050322237293783,1.0246814860398636,1.7688218276622698,0.8983465813036632,1.147978619119205,2.1386694245543487,2.108106989617159,1.0138151121048256,0.7507838125350049,1.3711344904577376,1.1067451631028704,0.8382466539608349,2.6328034822556634,0.5735483358739749,1.2151102728546543,1.3635893494256068,0.16913575256611796,0.8805996584646768,1.097788793115638,1.215451939789868,1.0220680648998723,1.11445909041371,1.051369642629391,0.505833920299494,1.0670317394413737,1.4153381757353065,0.6147575735480973,1.069926490465405,1.5072263836380841,0.7418247505978033,0.7813219587954094,1.6084002693724209,1.1099668189988785,0.700525802108803,0.5972991270075685,0.7705435027123988,0.9874624466667521,0.7882989049533564,0.0,1.8212790076690413,0.8603739073967764,1.0012002110123475,1.0828422260925197,1.4142786397779905,0.0,1.136363499639464,1.3315215176602688,0.0,0.4516569244504546,0.9570159026505369,0.8659060808155534,0.376895490892884,1.1986885620759247,0.5929062055439923,0.865831365894667,0.8620257437861205,0.9916367517796933,0.0,0.7073727560889305,0.6923543326693553,0.9438393272657235,0.7828386909380175,1.0638281837346957,1.1126623650184997,1.1964453784305429,0.8846271854442072,1.0379305016501394,0.7783651388734212,0.5520138317313756,0.6224450541051547,0.2385026865729202,1.0331112597131997,0.0,1.4276239183239299,1.2742648477341476,0.46685076446688833,0.5422892949383908,0.706666684490032,0.9341707719268366,0.7995608283111703,1.0010395370474674,1.0576074259927233,1.2887353453179573,1.6492023408832213,0.9571980513363525,1.3416465833397735,0.4251495792715989,1.0809062060895172,0.4781067156865442,3.907237715738414,1.0969519574328501,0.0,1.3202629896560467,1.616932256684296,0.7463762431689149,1.953677825896094,1.4925191405697704,0.5637048849506996,1.1148905625018768,1.048837489646183,0.6681178448653453,0.29602369553622443,0.7510130579744274,1.17706408378905,0.7838986641121226,1.9901836130356068,1.047537150448646,1.0050779897687294,0.0,0.9668513797078079,1.0898996524826585,1.3017855490668997,1.1691450495239735,0.8947526594542686,0.878006431466738,0.0,0.5203488794078913,0.9872532727714578,0.5375915234380089,0.8057221776610328,1.5359441633228583,1.289273531745618,0.823806564078506,0.8252323990035273,0.7490942702847445,0.5430842856878849,1.1353625692419445,1.5970471554003498,0.7425210466194858,0.5630471984317442,1.2335246510556153,1.4865439739606863,1.0824647090206756,0.9356333467908026,1.4843184142815975,0.7325846241515361,0.912552927659317,0.9376582707004263,0.893234440014562,0.3514784770482957,0.9897099294325425,0.0,0.60463712533646,0.7857259025821226,0.7392128851154656,1.5996717365197615,0.0,0.6609937445613447,1.4968434105295596,0.7643712407747834,1.4774048687287689,0.0,1.4034981274755514,0.8845961702041041,1.2165967691645878,1.3717433232407785,1.391318031507359,0.9421433020220328,0.02651417122830755,0.9964959551431323,0.4016951640737847,0.6650869870289996,2.228151740388281,0.0,0.850791083449497,0.492670714406058,1.6025075106022753,0.9874302346122239,1.3796380171083358,1.7909632116561625,1.9391012707296922,0.3245749910803977,0.9885124849776163,0.7128575676022257,1.481545609262761,1.2038390910564192,0.6213093747153562,0.9553666491039562,1.765886887924677,0.9145469050870318,0.5592941868409114,0.8163933074854987,0.9573768598810647,0.8516288110129191,1.5144562917007836,0.24217526076219706,0.9796912097352353,0.0,0.7193562816153614,1.3247800308295665,0.7371772905339107,1.1526282923610043,0.7994621264726146,0.0,1.0376883981781182,1.7306433945060375,1.0311090225908779,1.6955773582316238,1.2707122126152393,0.6475627803654997,0.6470311730290742,0.5312155583653928,1.1143179175127804,0.9510774139679286,1.0600266474802182,0.3024108260885132,0.7394183677002364,0.36960076772397943,1.1223460198664401,0.4878480037792987,0.9486838993176879,0.648982936338597,0.8115260078491409,0.0,0.8049577815219938,1.1605468820493878,1.142712207912692,0.46021456531860994,1.278814685015178,0.4206688438094969,1.3638290720631274,0.7883998005996411,0.7735148704017474,0.0,0.9817586324088015,1.5355407660385085,0.8129987110393687,1.14499967427147,0.9903933870965131,0.0,0.8973498453927957,0.8193882451826284,0.7077546889161928,1.0142674458492094,0.9246962462962314,0.924651902201244,1.107046621040417,0.7861977045303014,0.5901159489329771,1.3119303973930445,1.1016341147337316,0.9647911114716191,0.8553409077732836,0.743709230918503,2.5604460056154386,0.3832095042436575,0.7791903984920538,0.3301271011344026,1.1912292888251093,0.3857581133250357,1.59430162944513,1.0781757989667446,1.0366717005152295,0.8480463143592617,0.8462175179709354,0.8901282703336579,1.0372848561698396,1.2325476185734823,1.428658154265936,0.7059805365279546,0.0,0.0,0.5496556037210759,0.6763463169997126,0.7890675075767236,0.7651101522251603,0.41771505231425754,0.7528644510455487,1.0651839388328688,0.43131906759577443,0.0,0.0,1.0334450255355514,0.6838109433367215,0.0,0.9657241387660499,0.9732054116176692,0.4864957062566307,0.7943468422950767,2.0107136058606656,1.2843911008502378,1.1785647283075051,0.9822220084061157,0.560374349271698,0.9208865980571166,1.2685276802408767,0.0,1.4216353737493463,0.41859628513023217,0.8648134385157863,0.9540369063646217,0.7155588564856266,0.9794128187986336,0.8591419698877337,1.077709664367021,0.7399191794725671,0.86003518045056,1.1971465723675643,0.7529069587812349,1.261723143857864,1.3321018280459227,0.3239223709603727,1.0875950949593762,0.0,1.1784115354314282,0.6522801606151152,1.0795807555095593,0.8597328912141005,0.0914844516469435,0.5204421890686366,0.0,0.7524594798297919,0.38920442426482804,1.0009870130170317,1.3749573706251006,1.9152872345414362,1.4118823062603494,0.0,0.9936560642452847,0.7909735822440032,0.7780179616922793,1.0096181301731804,1.1898277885796837,1.0112708289894674,1.4964112675729426,0.1259765459070247,0.0,0.6010647136226833,1.1593750881089093,1.3777058745190867,0.7564508513615372,0.9774918932343138,0.5279222759479263,1.304269498314176,0.7315027713311294,1.0539822635412768,0.933960806409725,1.2812979599699805,1.2851868700060018,0.2783539042147529,0.9679087562676152,0.7990644606314474,0.5709241698142864,1.0077516057637064,0.7859261748138423,0.6705433133343704,0.5399253858153962,0.0,0.8082059576325797,0.23453679155260387,1.5514718133805196,0.11008771517726818,0.8593050681194492,0.7673402735559613,0.5789855340380099,0.6978419530582598,0.5631101049352811,1.0687018679578177,1.1825608428567593,0.48555634958627714,0.740068032951229,0.9288662578611491,1.092205357420121,0.3717758200068252,0.8412062407809685,0.5508023534289725,1.0198454734421845,1.170658207595202,0.6907527710566905,1.5162030029992675,0.0,0.7063709998091127,0.0,0.7603358137151004,1.7189660970850333,0.962862192393424,1.0938216324777605,1.95506816302915,0.21763699262533884,1.3209487079973803,1.227269224142018,0.0,0.27547965849851974,0.0,0.0,0.7844044654307769,1.099667682487825,1.0946219853440278,0.9064624695350142,2.6389992062154684,1.0377595704888067,0.8290917362074042,1.9818756558701813,1.6616509194538314,0.6728103967808224,1.402361116666318,0.07339013277392634,0.4428625801529537,0.932500656790918,0.916859264914577,1.23674804752722,1.021049897913653,0.9416929535173805,1.7521735214570742,0.0,0.0,1.127038268796054,0.9759001932610637,1.3857374986826194,0.5382076179079558,0.6847439872565997,0.9219338322623105,0.981468297074698,0.8721076769076803,1.2283233301455958,0.0,1.1738437453798127,2.5579484223509166,0.5110701705969575,0.10530300418506566,3.5117172201418994,0.0,0.0,0.997834617427129,1.3086371075761378,1.2340164039951291,0.7284960065281323,0.865347161216213,0.8628796265626839,0.7049901691803159,0.0,0.348203736022929,0.7523671300422888,0.9953176683980272,0.5474212207869982,0.7538907902382304,0.9653248290125813,0.9213445732378505,1.458745001530334,0.562789132812983,1.1089877159086314,1.2370128677870698,1.4738363453882495,0.8897505724640298,0.5705736274455342,0.47338322208730926,1.005065331885819,1.5468688499757812,0.7084382870410406,1.184504914785713,2.7646489426738947,0.706269920067964,0.8099250635674822,0.5132037037533885,1.167322264559728,0.8868145646218683,0.0,0.8625312602035601,1.1346860810766533,0.742333877032437,1.0968694565648522,0.8707385467739908,0.8181316887485007,2.1342600279578567,1.7866713639227159,0.522059675088867,1.0032708782488777,0.9817200339678219,1.1394734867692706,0.0,0.8437482256436959,0.20644106176792326,0.8993125364638211,0.6544552672872208,1.7357812922936788,1.1242276809404421,1.2436780811373138,0.6085242503054107,0.7200572890717815,0.8326829989703005,1.1481678314085733,0.8886172924555169,0.7296374785966167,1.4283220850048535,1.2065970024641608,0.8974013118071842,0.9092781206296372,0.5898208010302716,1.1190854459458601,1.8542875238761107,1.3543617893074495,0.4216554429946473,0.8291814307234335,0.7452301672459278,0.06486741387624582,0.6370456343710562,0.8956012295592791,0.0,0.3983342188073956,0.6771872203621825,0.7958480766563477,0.7885875744522572,1.2404972738507838,0.5162499497738711,1.4498909422138342,1.0846947038864816,1.191041162869974,1.0739811827145647,0.8079278836103619,1.61430250128679,0.3499321354340809,0.9468931019715138,1.3153948533717474,1.9614926289155528,0.9858462954921929,1.5533627710932056,1.0511752560544674,1.863628000133963,0.8570288684033562,1.804815255482925,2.248197728278573,1.0216631271133856,1.0827390093236602,0.8444856185634824,1.017574795591211,1.0946084605283797,0.6760234477230525,0.3292765815129287,1.1403633676090754,1.2136046875379556,0.4748310925582421,1.0907968510565744,3.362422146796958,1.5439617450478056,0.7754897959165976,1.1004728321802868,1.4418848438911103,1.668475638671134,0.9493927641242366,0.7053047499703313,0.2130392351053223,1.4382887992269202,0.8751946582013456,0.8169227164258347,1.3231844344171344,0.0,1.6682416708215695,1.1833839000864868,1.0771463674536734,1.0142930322235848,0.0,1.0721600766582584,1.117610683483849,1.6048292243967883,0.15792568521083708,1.0005514240301094,0.0,0.04689210768873573,1.0652294065972971,1.75975587743258,0.8314861909016937,0.5986499575034543,0.0,1.4077859401818522,1.1087910960853977,0.7306031901330443,0.5112740175463882,1.328158670534916,1.1056832137770163,0.8646633892133693,0.17263351432328544,0.0,1.2674476670280967,0.7817863636209872,1.0718934942506178,0.5112802065214345,0.307533809306544,1.4013116754978618,1.085455834233278,1.8449792919490162,1.1537565329531712,1.5005029825172556,1.4174005977094746,0.409824951128675,1.2320766369040679,1.2478654523712978,0.0,0.16838837837091886,0.9222674003454322,1.6869886252120567,0.8233329041781003,1.0304974024301192,1.1192963758792687,0.8808812098175541,3.077731669024911,1.3048014122959932,0.5083226914183862,0.9568763037765077,1.694683376153158,0.0,1.8604592521258745,1.2462081164367058,1.126324277807777,1.0716746547119336,0.8839974351956926,1.3446268888710533,1.091245727248952,1.0830858774117058,1.7139624454579114,1.0606285285433448,0.4608939123418122,0.6233398153248948,0.8527038999153718,1.4559550292113712,0.43102374164851487,0.5707594707119177,2.739519425775806,1.113042388861615,0.7585702899157155,1.127137180876589,0.8389602121803414,0.12776784491845422,0.8149602972203339,0.0,1.539347747737689,1.0047574310708671,0.6871692124653483,1.2240332079011869,0.6326032270336991,2.659099785390513,0.49366581196066384,1.7256428926611946,0.8280801905588574,0.0,0.672122522561667,1.2057959285671953,0.9752900858479119,1.0633330152790834,1.354178254215081,1.1204633466148208,0.9398516654956027,1.139174964963202,2.7753660937403795,0.9757311026464053,0.19840420092737515,0.6100041491665413,0.7363401171796919,0.0,1.7614293569432984,0.8138924302842856,0.0,0.0,1.0713448153329836,1.017872786545815,0.8680728448735588,0.6547618262707957,1.3380723116253426,1.8215566322664207,0.9099161149587984,0.5487266043192388,1.2064801832509033,0.9363568325997168,0.0,0.31208194240588016,0.9292026194819853,0.8586988422170057,1.3579251370532126,0.8947179782318548,3.0671265448424494,0.0,1.0250024087033254,1.0237641624671523,0.9892249095464547,0.8127487895347425,0.7600961928082024,0.8048399355878474,0.613149363813155,0.7787428757704224,1.1198314977428026,0.0,1.4689449083619255,0.8161203352604738,1.1463126610906358,0.807685353495793,0.6999220018149783,1.298765906056612,0.9981892682077136,1.0304188243492491,0.0,1.3991179373457798,1.110400816683117,0.8990883431615933,0.8113950716447926,0.9009911760767666,1.207793105280346,1.4310581100074589,0.0,1.0984386794886232,0.7813599575285707,0.0,0.4140624171875166,1.0667327998963798,2.115118350738402,1.205994542771835,1.030206664316783,0.9141790337845717,1.0075103853796685,1.1059577001502534,1.4430161964991512,1.7207582536122974,1.4265836771423768,0.6103537759373665,0.8858884978831807,1.0072693618914796,1.5458054111373172,1.351407438673006,0.4818574629630303,1.3364723654410533,0.6222504583402555,0.51132806307126,2.1487533310111497,1.3639648766355932,1.505301685408067,0.9863882602740535,1.134148877410227,0.8461349720827476,1.74820392361026,0.9163788655258975,1.8434528030633162,0.7798024476228733,0.26562605943502005,1.4184558086567296,1.4963590433720781,2.4101453535888355,0.7644525045419075,0.9901982030382473,0.7352150926641834,1.0994543543328823,1.1358286116071694,1.0722176559231327,0.5813626472123686,0.45384207310304747,0.3080227652521367,1.8052879907251502,1.3075540289905403,1.1131927256717602,0.6399919552752938,3.3985349816210078,0.1325954463395112,0.0,0.8798890766095457,1.2855937048644315,0.2297696174022132,0.8969383917170088,0.7723822749715432,1.2186137465877473,1.5692628909606494,1.2350002872913939,1.0631262502287373,1.0708643174370207,0.7483433142055542,0.9805286735840301,0.8447383911784219,1.1403336566083646,2.38842277237598,1.4178429784333457,0.4472307342625297,3.4292120427711645,1.3224082533619133,0.9910394522232048,1.339807122118816,1.0442571195542198,0.0,0.7900728041770159,1.658460129217601,0.9400724169835514,0.31029034421929613,1.3073533123427883,1.1602196466237515,1.2385161012921544,1.0513268462376084,0.0,0.687019142889657,1.7643397345071918,0.3913781112108279,1.3952515558914516,1.0756887800121668,0.0,2.138941296600731,1.0312233420921857,0.0,0.2093837339724995,0.8963134965237629,1.2170191073132384,0.3660276258712414,1.757288265629101,0.7446011410638451,0.24777445346445331,0.7208172187555526,0.6734580734941822,0.9363738611598811,0.8558472937516921,0.8915619520290495,0.941441875692987,0.7158523640806747,0.8593634643154753,0.9511214672182744,1.4286634934434463,1.7689753328499938,0.10082114110591338,1.2236834942737524,0.9202070839734726,0.3752800600037315,0.0,1.320505447836117,0.7140115864449987,0.8097131185327067,1.008387616646682,0.031403189102137484,0.8387632503310423,0.348298018664829,0.6348060012900982,1.3652815468418698,0.7904510155011713,0.33138602381842047,1.3432149819261356,1.5264771227714544,0.726605067085178,1.4270475501033224,0.6019321388536006,0.0,1.0848120460301602,0.4817416958162901,1.2528488011675265,1.188516292451455,0.3555799699195725,1.2542125138805647,0.7906358002550249,1.5100963670517364,1.1613824190099793,0.9669290650290281,0.8659356166845411,0.8876610140445138,1.2366509401752692,1.2033854878524677,1.1550111118844315,1.6308732518538072,1.2416054531776857,1.3254336798546413,1.1281709929491994,0.6848321300248712,1.252978871945923,1.2368754596205798,0.0,0.8241932858336565,0.9355579949946295,0.3500905357573934,0.726414572933336,0.8502420847759156,0.46677775754865647,1.1361231952920408,0.6907531634589495,0.8388858677724585,1.7402968943990695,0.9322416750115508,1.367663663995544,1.6987462603416432,0.9117438343342934,0.9496107236858886,1.1647973906438955,1.727897252979113,0.684478268172888,0.4434564626604133,0.36193915475681343,0.646905368066233,0.9212943944091964,1.8691842764099282,1.2130176812149696,0.9480343462510135,1.0451152614239496,1.3053823395555684,0.7380184816542555,1.8067592977502778,0.07321428206706196,0.0,0.28904760863598616,0.23354896801875882,2.3721999310105204,0.0,0.9890891315591429,0.6128535043976935,1.3274643987759613,0.14100823091206346,0.7932240989863838,0.11581361331522462,0.9872571565677448,1.069991102979128,0.8633756126031167,0.6709601596631745,1.1586176855871733,0.1733072021084554,1.1584505213111673,1.532601659322316,1.2552444653615669,0.7123692234995015,1.415001244880389,0.9080280947126532,0.6760163890030628,0.8085151706110317,0.9229889281552326,0.0,0.0,0.9667065732542062,0.49238919808660914,1.190034294424895,1.348409045160916,1.2493101429287798,1.4474718375898663,0.938659874983242,0.7326375958864447,1.2037295356878197,0.4654693235775308,0.0,0.9925539856289296,1.2020200296239418,0.0,0.6479812279782173,1.013168311665063,1.0719090072374573,1.0821344923664453,0.9172393682635471,1.0100962417027195,1.7140021233961444,0.9163841520608333,0.6040687684854082,0.6125701306041491,1.0186805412881699,1.3134846550320984,0.5916255800816411,1.140334305556768,1.2439342839470429,0.0,1.1235090811615063,0.9222410380462331,1.4359802022701844,1.6219150701722564,1.1259409613789713,0.9835950923073592,0.9447455073531403,0.0,0.8363815993180805,1.6742872880417188,1.3136639119200655,0.7103570763895131,0.9339647245077319,1.3481299767972827,1.560990937080139,1.0013092454834092,1.6430161788781772,0.8255776898679681,1.16120795066831,0.8965268789942861,0.9559242979930199,0.0,1.3470100984168623,1.1551416458443968,0.8170304450624255,0.9884748475246528,0.8665316122484762,0.9083690812992998,1.3527448251259981,0.5735825632564758,0.4840803203567079,1.2963727805051204,2.0542223953942336,0.25189475371708986,0.8352627108788109,1.5753471913882846,0.0,0.0,0.6589515302101214,0.9953406519710855,1.2662870573889333,0.9996422237871503,0.7471371325155363
46,0.28555633675855846,2.8116036054840654,1.6035832941631425,0.0,0.8824588843473162,1.0427304827421855,0.0,0.9699355106633922,2.213545592422512,1.571171765337646,1.3360218251105884,0.399999920000016,0.0,1.218258898196474,1.0040608041024872,0.5433295874933437,0.8876819477553328,1.877328491409604,0.9674111177494562,1.052420878996669,2.1135414567167943,3.1621604844257387,0.9965777593945687,0.5142752632161567,1.2545400774766642,1.000485565791141,0.6554509004513163,2.5574617622981792,0.5074116201744876,0.9923922990373253,1.1794886969188625,0.6765430102644718,0.7965127128206695,1.1682928824934788,1.1122769324027075,1.1978537536428762,0.9817571459101868,0.26284241065734776,0.4862188151192447,0.6781333755878474,1.4083074824402841,0.5299053316346563,0.6693477492694508,1.3445762057575428,0.5684831714018108,0.8483946468854194,1.5962557942093984,1.155459547091938,0.7269612173966897,0.29457243653787124,0.6245927246842962,0.8852245028490915,0.8375675830846625,0.0,1.8680322950472596,1.0938064753467736,1.2058544602224495,0.9941019847951248,1.2456590094367015,0.0,0.8157466541706859,1.3246191738395723,0.0,0.5616356751664812,1.1264393941139368,1.157529633747864,0.7128240777518878,0.9916554135196318,0.882868888753987,1.0402604672990643,0.9451315898014682,0.9985391710970893,0.0,0.9195090066941305,0.8159363288690802,0.7564039468079768,1.04378492125069,0.912115295741887,1.1399383938289676,1.1343898918633188,0.8927569542250664,1.0253264357838976,0.87391409779012,0.7570391278651131,0.7946737279833231,0.18489167496034675,1.1421803740571543,0.0,1.9394108753882469,1.5592595379870962,0.6245856666470986,1.0845785834626076,0.6385493419804456,0.8275732456122695,0.7543494929377769,1.0018417158339907,1.104348108104407,1.3234031384584832,1.7876505172846666,0.7331729806914817,1.41393997471202,0.46735562689857013,0.7829576882005942,0.703183259244109,2.936781552405614,0.840273580913734,0.0,1.3716065590443987,1.6547819882791508,0.7403283325305076,1.955545404402154,1.4303308399366155,0.21933001399377244,1.3774806213070427,1.2360170601650657,0.49404336080836064,0.4244621808173138,0.9315962412735557,0.830331917169493,0.7230199618837885,2.307111055285802,1.0241044362741514,0.965876216073239,0.0,0.9083333455991155,0.9572663820350236,1.42350975236868,0.9959948518508124,0.6570998831017435,0.6340515409103016,0.0,0.4757523271961745,0.9650543645352067,0.4971038330729918,0.7877309300122735,1.3532580597286197,1.5443121607134502,0.9854772522740245,0.8133159423443872,0.7868776401436621,0.4565963925708011,1.1144506798882878,1.5514596720034155,0.6905425636198563,0.4418010392626303,1.1260551625872144,1.4097135701937211,1.0619568845022067,0.888494753108082,1.1502047626996963,0.9306132266048726,0.7638417505598967,0.8104471009410615,0.9741446650033612,0.24580490703614177,0.8968548552426148,0.0,0.5339772374306955,0.6427740871134984,0.8827738177772229,1.3395227228883018,0.0,0.5504628635610809,1.9241206875114156,0.9643429514472643,1.0979870362825088,0.0,1.1266594214612144,0.9638557780310093,1.0064465858226093,1.3070275183934594,1.3313237088438836,0.9228972944549161,0.0,0.9795769922371858,0.47205002947988883,0.7126757418480383,1.3711703083695665,0.0,0.8574990285461995,0.5033971565323155,1.3497338245120218,0.6226355201323154,1.6862242484550873,1.4607125836430623,2.02724237780525,0.3582076051698635,1.0578860572045308,0.7500147330726781,1.3342061113124992,1.257951457396201,0.5837780583175954,0.94059312065916,1.7531134344386257,0.9273886544532897,0.6874479559052845,0.20409832687137466,0.8426638536903862,0.9644898256903117,1.991920346479087,0.060543815190549265,0.7167886364831453,0.0,0.5200124738783763,1.4187505710193233,0.9530729805223944,0.8793529034441137,0.8753439208084924,0.0,1.5900654040560194,1.3329204128257164,1.1356692392298584,1.8712471204969463,1.2317904388673493,0.6101639752153925,0.569765142130258,0.5693085541929901,1.0452251203533494,1.1406244215217274,1.0709992889473685,0.3498030520503301,0.9021253117091679,0.23797675296523946,1.0377242545545862,0.4707065608364021,0.6324559328784586,0.7035804101078674,0.7027647899573488,0.0,0.7561460845626714,0.7402171760109509,1.105162126423986,0.7084312137739524,0.9614446146461523,0.38098744857064265,1.1515066095266333,0.8187228710197453,0.9173950420323098,0.0,0.689690969924735,1.3180475990179148,0.9802028402484475,1.1813369627591603,1.2930199236435103,0.0,0.9138635138972889,0.9770748248929516,0.6658014475235945,0.8630729811196212,0.7564456826561554,0.7851498467469848,1.0024699050984478,0.5743910257742944,0.6228471648506643,1.3726406922792405,1.0772356287903113,0.9486013780520828,0.7497624586102962,0.9156098434339478,2.213296618562607,0.4876783449550531,0.9902110379782552,0.3490719417995186,1.2778998525879703,0.2571720755500238,1.3381602853650303,0.8113841187551443,0.8505810696123902,1.0338811660382388,0.5248615787823535,0.9815390379053046,0.9704638598864738,1.1797984422383012,1.373039392517304,0.8333652175354904,0.0,0.0,0.7984678080871462,0.7623898224527421,0.8764528836325699,0.8850516669602337,0.5095433804283267,0.7087446221864275,0.887653282360724,0.507391968932127,0.0,0.0,1.1648373732062005,0.6644229208896693,0.0,0.9770177801702246,0.9106699060604855,0.5309382827968929,0.8547998928398306,2.234866290377093,1.2290762883877586,1.322626772466244,1.0199997651738768,0.5139200624147602,0.825165307737934,1.4568936784925133,0.0,1.4938369505369709,0.7988262191725592,0.5789767689515883,0.9154549825583167,0.5900646777630498,0.9172545138147516,1.0073181147676247,1.3350668952804714,0.49327945298171144,0.9573559829168149,0.9808827319497995,0.6533521163347755,0.9806610624120742,0.907736351761642,0.665840426696921,1.3932315184128061,0.0,0.9552112749680425,0.7140415724474446,1.144989004732707,0.9328824330662169,0.06289555836310709,0.7092755856631011,0.0,0.6663909438443916,0.5838066363972421,1.0026422352057416,1.2976831491545542,1.8143530618421608,1.6791106601305508,0.0,1.0745278605813557,0.8057262457378251,0.7141435776607273,0.9483817893769034,0.9865187381971467,1.1348080027160914,1.4900480729973746,0.0,0.0,0.5012123517725247,2.429166824986132,1.6133572679267612,0.9424543568599335,0.9863785931454767,0.5827560086468804,1.1199721650503136,0.9203687498234301,0.9205707778079857,0.9516604874277098,1.2190504484310232,1.3492618695313123,0.18556926947650196,1.0460018346970867,0.6024620136549035,0.6020946384841325,0.6718344038424708,0.7279336345244616,0.8087891868500265,0.7913167081012529,0.0,0.9143193084512629,0.33389510533819194,1.523494019536816,0.07109831471411426,0.8857684280321076,0.674531270144352,0.723631658755807,1.0186422798668764,0.6652285231291923,1.271097435459818,1.0482028414035325,0.44568338133055574,0.7351956454132328,0.9951148148513025,0.9690662596201794,0.5719627963440725,1.0266705049659168,0.6861301572455115,0.7983357861200748,1.019480806781027,0.5891325781172517,1.0108020019995116,0.0,0.6774269186572498,0.0,0.6649715444611475,1.8218389209326662,1.0316016708733342,0.9460807892780043,1.8104946152121038,0.32645548893800824,1.3934952256764161,1.2527477672618978,0.0,0.46393301880058985,0.0,0.0,0.6960674939233762,0.988321284938511,1.0597054480169268,0.799247997656745,2.756178699503691,0.9538290754624427,0.795532670551413,2.9309582486965153,1.5210385729559124,0.6280983143696003,0.7017803755590308,0.0,0.5131000030605739,1.0387689106433073,0.9221241080544427,0.8554637773292414,0.7343651103164274,1.0667448954752092,1.529226707723261,0.0,0.0,1.046523410795556,0.8687967992563829,1.266800406870953,0.6227727107968695,0.5575591563515973,1.0780193689920292,0.8565361922959462,1.0499153502378844,1.316885940066703,0.0,1.1423831706997045,2.7053556493465,0.5087181028147545,0.13162874864989596,2.6337885265210907,0.0,0.0,0.9673981734386656,1.6700368457898822,1.033918382972513,0.8806385640307021,1.3913425034873403,0.8672206094685673,0.6699421821041489,0.0,0.9386361535866516,0.8727025411359752,0.9652842086779418,0.5699620961394509,0.6787719174322889,1.1036385567296696,1.0424597491725702,1.4210593952195913,0.4984703655888205,0.908706384077028,1.37999070791904,1.1402464475813123,0.9762540421624203,0.6884528962189158,0.5446553028244873,1.0595867206392517,2.0639809663051167,0.9053072064040057,0.8911505126987721,2.3876267748917024,0.8919427540774666,0.40496253178374103,2.052814815013554,0.8189955789755536,0.9452936054990451,0.0,0.884507960226599,1.2497415890307906,0.7995438183475633,1.1475490537578419,0.6223682383570586,1.008855821833686,1.991250520089408,1.7454000356384538,0.5360378475890615,0.9359737346859645,0.9907542667164344,1.709210230153906,0.0,0.7207882003470493,0.19114913119579963,1.0377949252593992,0.693526426557977,1.4975958858897627,1.0448054367646784,1.3745769966130243,0.4954857224664936,0.5308921384390257,0.8171363714796096,1.1075455772425071,0.7714405590657364,0.8580981394969065,1.551980978549477,1.1703997321038777,0.9136477437200432,0.9601184566412475,0.47315793208466067,0.919030353540669,1.8887629685732399,1.3024033206409813,0.37186239035657576,0.7700094852537718,0.9398258497444698,0.2594696555049833,0.6272713412137624,0.7630814583741385,0.0,0.417924424683972,0.584193199061596,1.0193954325527597,0.8092018721304621,1.033204579600173,0.4732290489246904,1.1413397625189665,0.9416152800289277,1.330185976516888,0.9548029769141296,0.6323217116932567,1.539900690225099,0.6123812370096416,0.9680268614005156,1.18595738779478,1.8768894383852546,0.8332270039778121,1.9163953754065184,1.3308578913374682,1.7476714158757694,0.8696257111013022,1.6041789929607728,2.177926399628564,0.9802714474813787,1.239977464563506,0.7868125434515425,0.8394388992686764,1.0035731615567038,1.0858028866130067,0.07005884668322628,1.0791418936671886,1.0656190077998375,0.3919240731671362,0.9460226590416633,3.3896213648019367,1.3997071202660387,0.8652532451663096,0.8874877790533308,1.0746986763209716,1.8931954134643854,0.974194698756499,1.3363668895708134,0.22596997498397559,1.1452840340450963,0.7628156830169721,1.1209721674729176,1.4745008332505214,0.0,1.2119292340858807,1.0846629175358797,1.1435640446189774,1.303339054237448,0.0,1.0157954644835097,0.804058799388357,1.364214307082276,0.38432264380346104,0.773093503113726,0.0,0.0,1.162068442206296,1.7818633615667714,0.7988873253800528,0.6930119240671265,0.0,1.3149777282955804,1.2647179642869384,0.7463822170396713,0.40832878976837317,1.7126057864184163,1.0674528255128706,0.8045156579732948,0.04315837858082136,0.0,1.3177036522133687,0.7638288490492849,1.1284753636253062,0.5062649622604922,0.5145789098495085,2.1558663451480733,1.0475336120145782,1.7312046199174285,1.190487335512163,1.2103146452786828,1.4509827990265172,0.6644367736146202,1.080795334062191,0.9946377521745624,0.0,0.0,0.7347281246237898,1.5981173628439322,1.0213102676193475,1.139748088550042,1.1112072666586372,0.936424857048387,2.12842674300612,0.968172178626804,0.6424126089944135,0.7605993583402082,1.5722442249108473,0.0,1.7643240879021096,1.3096334372330687,1.5692103818903405,1.155247623592738,0.6716287551401766,1.0018732031090796,0.9559928494589025,1.054178106452388,1.407952525690718,0.9630907031512351,0.2714624711240651,0.748893362757483,1.069269923217731,1.586157235547454,0.5585020063087821,0.6445726781166892,2.2969515715855877,1.2851410333050373,0.8514341359347575,1.2965302738909632,0.8869017963904168,0.5110713796738169,0.707420147759421,0.0,0.9423701450895228,1.067691077073785,0.7899842341017104,1.2339665646667353,0.5199416091525421,2.0138290643549497,0.522455268024525,2.2161930807787966,0.788625987497418,0.0,0.9756036600007231,1.1528614757952589,1.165262532152186,0.9278396459760496,1.4610910665112682,1.1338978049470017,1.0838141795492309,0.9949872796405907,3.474074017817271,0.8621500328214888,0.0,0.5767033316208192,0.7722569399165322,0.0,1.3905400967440589,0.8686451313847455,0.0,0.0,1.0610101425403762,0.9317335288742818,0.9872385331080745,1.082936355553846,1.4327457623570288,1.7819362824012908,1.0704529976315629,0.27526879064939835,1.2907429147415324,1.0805844037226682,0.0,0.30740062852891925,1.0352090046834221,1.0242159511999354,1.2518006476139285,0.7481927059497028,2.0447510298949663,0.0,1.050529584480862,0.8576120204742539,1.0147772444104919,0.8264763028147062,0.5952724644415048,0.7865412690163078,0.6789135273330882,0.8062627178949305,0.6617186123025651,0.0,1.3392734540451505,0.6914319524094394,1.2116822332142048,0.9052986393982289,0.7551458362996415,0.9946791781064889,0.9928156872830612,1.0129203532655264,0.0,1.5410903293083358,1.2557425742076997,0.8633481218923662,0.8825163400512529,0.9866966703669525,1.203900602463806,1.8761808026454951,0.0,0.991110170689377,0.8594739280787376,0.16615222319818063,0.16821286183472195,1.3685197499767416,2.950907494291859,0.8736137852017739,0.8938557166055949,0.9033662057461667,0.9119147557827707,0.9500497251169999,1.3692410604244,1.6204665009219692,1.2384318955021392,0.5616329958911519,1.0873395812038562,0.7325782921482846,1.3866667229719418,1.1335068593636586,0.4065913985487091,1.4003969316064915,0.303406935741685,0.643740783458616,1.6439457503162465,1.250514451903068,1.5322632613059035,1.1161747100187238,0.6406642649096925,0.942980717456112,1.6803228817441092,1.0763628522725515,1.6859883763589563,0.8972223343270355,0.3146647131665016,1.4310309786292266,1.3975576374685783,3.0379025683527283,0.772006628787872,0.9839115675834706,0.7485395668498498,1.1994047065666185,1.1321402473073952,0.9105291619878637,0.890439870182255,0.5902436147088492,0.3464095324865286,1.5329922001387712,1.668723633123657,0.8121404232455613,0.6465898154251508,3.695494477325145,0.0,0.0,0.748272419909574,1.184741749901988,0.36707097530439325,0.8047437405857355,0.8796989691101836,1.1282925150249152,1.7004827415958015,0.9637580013983535,1.2257884358742497,1.2356494174729036,0.7848483263749368,1.3010269296160708,0.7683105769892649,1.2406830203952661,1.5618602175762937,1.4255658198303545,0.4207499702978134,3.6221101701611165,1.3224082533619135,0.9925350589273781,1.2788787882636479,0.8971640114879431,0.0,0.8175023474554214,1.6129368381143352,0.9597303748092402,0.43081635369688964,1.2995797131260456,1.272252025646679,1.3147491050491944,1.187730356690773,0.0,0.4488101399947382,1.9321996178532141,0.41440035319723106,1.3634941330724792,1.3563021996961133,0.0,1.476614966989129,1.1117555997048296,0.0,0.2801476777833516,1.0416690727735172,1.4993901293479388,0.38602143385704946,1.309774192564198,1.2416735606832918,0.4324198759591611,1.1097425556490106,0.8032680844995451,0.9022917857197204,0.9217726956922294,0.8438953544090089,1.3548612558482476,0.6025515059491636,1.037278556460547,1.0129848289345893,1.2698032301245903,1.6744887648202318,0.4032845644236535,1.534405378055897,1.1424550480565694,0.2293970445563647,0.0,1.24066614124665,0.6007331703424861,0.8773577266892258,1.1427810135542544,0.048532199782484235,0.9928556387377505,0.5488871656377095,0.8454308045006064,1.415809436385528,0.8070826825302369,0.291928038676522,1.258593633675437,1.3146677158401432,0.8035109967213853,1.40174007587051,0.5514957012055943,0.0,1.0336489932478172,0.24716812448630737,1.3113751904541018,1.2521847755692743,0.4115161938781107,0.7116186210517315,0.9415939815198073,1.60098178260561,1.14750781064078,1.276828390680529,0.7831723332630987,0.986564018205547,1.3225270654715096,1.187013008066202,1.3526560531669776,1.2729985667724673,0.9217979865400847,1.39608131827541,1.1142363492262843,0.6763264161500474,1.2418708856071667,1.0737328305018812,0.0,0.7185656950078803,0.8941960652113301,0.7439423816467562,0.502697268037481,0.8226632333887939,0.39345522002059563,1.2306970866948324,0.4851612476841286,0.9353883674001315,1.4087934826250132,1.014213897661413,1.2782666960020284,2.157676579390004,0.9007500207931163,0.8541500810471936,1.3046191927173272,1.6048935978976786,0.5971296104215167,0.43077516763705426,0.5004292717181184,0.5927887419610322,0.8325557586431167,1.7050166214693665,1.2490076534689067,1.055383128040846,1.0578184123832148,1.3728949032044846,0.7732844633780118,1.4914450832450936,0.0,0.0,0.07226190215899654,0.11998846048606066,2.2629115923926584,0.0,0.932229815137552,0.6295749164581022,1.3628249405878283,0.08143790872978833,1.178260074651824,0.0,1.0797561641027094,1.1692087554005015,0.77878772139984,0.9552583694325807,1.725468279384733,0.0,1.730389991081961,1.6218808166788201,1.2713811332270442,0.5489364161546084,1.1129202149165667,1.0410445140580726,0.34920051895125115,0.8639316832258742,0.8595489123924769,0.0,0.0,0.9469079516926782,0.792671418321937,1.1451417878425227,1.0484988374863782,0.9280589618660158,1.6564350140431596,0.9784765807280008,0.8491219434905317,0.8241068891608763,0.5454191896839717,0.0,0.9844585531765864,1.1455016944208873,0.0,0.5669835677311373,1.1240471817934496,1.0893213275135862,0.8980852165134098,0.9818100726522391,0.9057110903502842,1.6856588780360675,0.8133196648950054,0.6810609214846268,0.5968167959250348,1.0906467986528265,1.4238822436061551,0.5608117472721585,1.9219043016227813,1.3226024251462039,0.0,1.2375501181029365,0.8714870767715097,1.5760599503833848,1.6381938027165701,0.9916979043230073,0.9777027216173887,1.1738035214908384,0.0,0.9391475565474604,1.545495958192356,1.2596419362880866,0.6601984891112006,0.8391390120671061,1.2479645359794245,1.6062539090808419,1.103632983764454,1.407190387566774,0.7400466376545725,1.1808721199812882,0.7854692429356348,0.9872203772555389,0.0,1.5096396756919077,1.0468002826683085,0.8090955956817434,0.8988904852810272,1.0525699364002532,1.1679699272114121,1.2514263929741674,0.677462300453026,0.48762603230041013,1.6102454729140616,1.7744090688630332,0.19668494016018664,0.8742677693018401,1.221447038999287,0.0,0.0,0.6785488549463207,1.074062649165562,1.3551900332656817,1.005394521496663,0.9961828249062215
47,0.3064507003147501,2.87505995453544,1.46332853265996,0.0,0.7901405458109534,1.2068156249141062,0.0,0.9424801939445038,2.2145782638768416,1.0626305339754678,1.3094902171108944,0.699999860000028,0.26494549378610316,1.3361336271511344,0.7048675242716913,0.6257249015428719,0.8820518331339218,2.060966938904307,1.0003325053041563,1.0854003619503212,1.6333180350809036,2.108106989617159,0.9077294779285437,0.3930998559169082,0.9997376712596588,0.8050852898395415,0.7233500682671858,2.795477646757557,0.32212816388508736,0.9689334003254537,0.9946549650540073,1.0148145153967076,0.8345049745316675,1.2488226171237735,0.862406896642868,1.3102923756700386,1.0943064431681688,0.0,0.5635216260541627,0.4543965634453536,0.9990334835913136,0.5865315525009014,0.29963944366222633,1.2083109503676372,0.6289308075747759,0.9297046403589269,1.171394882749671,1.2782768807904907,0.6888925669272361,0.3480235740601243,0.5986295761381428,0.883044720170436,1.0772407731902616,0.0,1.7407825398884924,1.2455500021983181,1.2534940413962228,0.4859584622353881,1.0952487459967422,0.0,0.5243505858795569,1.3172804051198004,0.0,0.6169484450665716,1.3190872863160616,1.2187363277395613,0.9668188565431313,0.7727018709696134,1.1035861112218726,0.9329194787458283,0.90137912203685,1.2303678148979038,0.0,1.0814573666076646,1.0981317340106398,0.8208385102292697,1.2177490747924717,0.6607975922772793,1.0781556142507736,1.0020309658886792,0.9407727532697734,0.9431890968103076,1.0001627217092668,1.020817590857419,0.9159792189756313,0.2091397622872076,1.2524748332438573,0.0,2.118535831402643,2.0426894349821185,0.8363655819327125,1.4694290349626895,0.5925311039314045,0.8135930140400456,0.7312213943167334,0.9045669444118964,1.4833587168782443,1.2364706234931182,1.789114111428941,0.4887819871276545,1.5539390079169497,0.5075546102518255,0.717220136884806,0.881651548306994,1.6746534528813863,0.6909609578920024,0.0,2.3471342233924215,1.7802933057237613,0.7509667566775067,1.6627559209120475,0.9800875567852452,0.03744658768979637,1.7747021037285875,1.4494429996433276,0.4602466089544229,0.7199673297957013,1.0946084434352483,0.7387676254651857,0.6494643341456601,2.2564378220365464,0.9895039338214896,0.9378710742727205,0.0,0.9143171567871848,1.3205662954136743,1.398129601491613,0.9500096075652144,0.6564564069339464,0.6208455313379054,0.0,0.4849374745770317,1.0138527939679554,0.4155843744074712,0.8625518565422177,1.2445092448365258,1.5990527371792709,1.2009873780491847,0.9118168928320705,0.9449877186554462,0.4931513290241901,0.89204952639269,1.291300896673707,0.6567610895583836,0.7324596091275132,0.9733796688094155,1.2929351952996377,0.9914820757871362,1.0522879918149863,0.8393359815469336,1.1423093680827754,0.6172923251143431,0.7036619938891286,1.0017874694546796,0.2616803401833347,0.8123288943043092,0.0,0.5482749602000214,0.6888537733859229,0.8414265871497186,1.1192628287655697,0.0,0.534886503643533,1.6146881457703122,1.1028254428608197,0.6680631888562476,0.0,0.7738544238026,0.9465673022684157,0.9565339003157173,1.2053461775254821,1.3647131945828643,1.0693482327981254,0.0,0.9470002411531971,0.7961655142142515,0.8482676150276165,1.0712267685988637,0.0,0.9065042957700591,0.46743951589198146,1.2117084565557965,0.3532812749665089,1.0730517953424026,1.388417709555995,1.7628194972832307,0.5575720178343164,1.0072230289916513,0.9030576271784031,1.0867723343588744,1.0244721374211399,0.7260611820900897,1.0094967718354058,1.6342092228781109,0.7661968876812789,0.7228009035724818,0.0,0.6963172767648476,1.0488126254946226,2.4827914539519735,0.0,0.8451275061179526,0.0,0.4774201118886288,1.328859673679143,0.9430715038081051,0.8205057327488858,1.0022613628293537,0.0,1.656608438894815,1.3267138581313431,1.2919013781831716,2.0109481132309304,1.0326318991535528,0.5211923948650816,0.5956715177069412,0.43722881796436575,0.9034249282981713,1.2315595707864966,1.0798790771977242,0.3270187676854971,1.1872487334384463,0.3693531033689329,0.7805554379922949,0.639265896806126,0.15811398321961465,0.8918165486331063,0.5794727218682316,0.0,0.6725336218513913,0.8430455998976988,1.0256064026807885,1.0124293351890934,0.5904016700601055,0.5344877911746159,1.062602651967013,0.7795555725518701,1.0718715218215136,0.0,0.6887572974043221,1.10832637647159,1.1940299731892938,1.1209047755675314,1.2374125104075742,0.0,0.8097660662349626,1.0753905788380786,0.6870532021202822,0.8630382890806074,0.5277742722155775,0.791801425880405,0.9875829837216585,0.5654161736392243,0.6907914779581683,1.5539292636573117,1.105395883905112,0.842399538505321,0.7981004395125748,0.9321791561248147,2.1378314506860776,0.5404791900173808,0.9787663009889617,0.2890145309435374,1.3881471290075567,0.06429301888750595,1.024164510213039,0.5720072065244939,0.7645760672155025,1.1404808750977007,0.5172656989799904,1.119222269647958,0.8248899762771296,1.1406236876369005,1.144574479342904,1.000736352681374,0.0,0.0,1.0460159641916222,1.0688105235765488,0.7580900895578663,0.8672538563154155,0.5632548429504689,0.7955767683123922,0.44382664118036197,0.8026806926153032,0.0,0.0,1.4821086640591612,0.6384503622022752,0.0,0.8948374112626939,0.9214155399363549,0.6792303366401821,0.8056230544796736,1.6421517044409994,1.0273515369385526,1.4785135018676459,0.9217775552666018,0.5611363391775593,0.7617111028744985,1.1857761945320278,0.0,1.6432210179940372,1.0825282084434351,0.3766284655557997,0.8349553407393873,0.7991573029285922,0.9172908594607596,1.0925553788763072,1.34952778242894,0.24663972649085572,0.8785413755078157,0.6588713783700655,0.4472852132898523,1.0220347477342198,0.605683538425697,0.7678159822598785,1.6844366886862419,0.0,0.8352815023206805,1.0032443240505433,1.0955866862870087,1.1306571217063799,0.25158223345242836,0.9011362275734196,0.0,0.5973751264467271,0.38920442426482804,1.059344318040855,1.3107557920687483,1.6198701722952829,1.6459249916009249,0.0,0.9478878815646076,0.8618057831718151,0.5544350628779882,0.9264035024193504,0.7246695235980749,1.0689413069423006,1.4264464063281297,0.0,0.0,0.5299168244486228,2.539583473754445,1.5685332750720828,0.8104046671928078,0.9117299375892502,0.5397119143793876,1.0026884001538328,1.3717170142892288,0.8073156237021655,0.9337565294487411,0.9463752307406528,1.2783056419668029,0.04639231736912549,1.3354136422748542,0.41644213693637794,0.5432201582324456,0.2939275621784909,0.7286505277492017,0.873083683323049,1.1158870251348354,0.0,1.2152161112630222,0.4400763072473671,1.1919496552926518,0.1743055436791889,0.895151841590224,0.6030794287321051,0.7031473348950168,0.8035755771103167,0.9978427846937884,1.3048504709379316,1.0452770712056374,0.3049746641790838,0.683058272353665,0.9837046028398174,1.1709259911389354,0.5719627963440724,1.2848834196798213,0.6831211916502252,0.7661656721904138,0.9760471887957509,0.6863903275876133,0.2527005004998779,0.0,0.7764902829914373,0.0,0.7446779717696572,1.4095943889994098,0.8838915107553224,0.8881865801501933,1.5350559281442462,0.21763699262533884,1.366189952921348,1.201672945992583,0.0,0.5284592695040358,0.0,0.0,0.5710635544830214,1.0465254199364395,1.0693290565589693,1.157420900674421,2.323778591552474,0.8003398515370395,0.7745110990531744,3.3756842330387173,1.5118046734440886,0.5748696450436561,0.5398310653939015,0.0,0.6806068726748338,1.0199081332100717,0.8551695219317201,0.7552656045011373,0.6174757935901399,1.4135014735374514,1.223590709841568,0.0,0.0,1.015528091968779,0.8325138078851388,1.1196034536273287,0.9043044798438702,0.48307881834375566,1.461977687047521,0.8448436451093155,1.280863265591102,1.3043037012545735,0.0,1.1942766027194383,2.237121000220067,0.6348895967974539,0.5265149945995838,2.04253009079365,0.0,0.0,0.8892982710315754,1.9683190306355125,0.8216699726018777,1.0503577867364027,2.7487498132028603,0.7948452165300126,0.7121154539319401,0.0,1.2363755750677465,0.9481544734865409,0.892132959559928,0.5763625863711246,0.46411569881936604,1.066903718539667,1.0134849621597501,1.3565869199347296,0.5989684142520624,0.8171307744792287,1.431157689668333,0.9451681126239138,1.3318048796332334,0.9033533676821357,0.6173311883947308,0.9045078264243509,2.4883479649577387,1.2646240566020852,0.9642453793151756,1.8229442519747976,0.6959351690733936,0.14173688865532488,3.0792222225203316,0.7763752689978938,1.2299351936785246,0.0,0.928356710185058,1.349531250407515,0.7689546586581011,1.1248509488560563,0.5623792876081494,1.1633732933820111,1.7509467770947227,1.9616044009391864,0.6449828572180111,1.340318876793316,0.6444419842502602,1.2534208316479536,0.0,0.7270533533584451,0.16247676129342237,1.410078657025923,0.7987765174005794,1.3261461101002339,0.9563663577670067,1.2403571765903552,0.44197537583122914,0.6298570238533305,0.7287731175605945,1.0405902977653756,0.8995831396519947,1.0496451549926318,1.4746320596805023,1.1801829895701537,0.8526975887226724,1.0528034489913403,0.7114404422057514,0.7643948891016095,1.508301573157489,1.2865679619111154,0.5337339165193159,0.8557316739267476,1.0357130561336163,0.389204483257475,0.6818594496089623,0.6289482572709872,0.0,0.2187573152802742,0.7337784465703865,1.2767410989182708,0.8775406912726904,0.7795379376850988,1.6347911240150088,0.4793027839814561,0.8699638612145981,1.1991707842012636,0.9585093844395327,0.49363165250365076,1.450424794377252,0.909823545129969,1.0975719628604101,0.9766482815135737,1.9530323394085602,0.4892934250743224,2.2462670649471383,1.2946423949995067,1.5502781489833495,0.9595952966279067,1.1663496868521366,1.9362597122396146,0.9809579351439363,1.4752118074671448,0.8195186360421005,0.6780727740753831,0.9592934354352514,1.3832146566249364,0.0,0.918524668339052,0.9655310621624622,0.6934041190137019,0.8958196171236381,3.0999804201819656,1.1570354565192713,0.8553127391242078,0.7016428086551839,0.7880713692219026,1.9047470747751396,1.1847273818912782,1.422031426613394,0.24250436348145343,0.9636558590384254,0.5419454120464138,1.3857486171563071,1.5501908915619655,0.0,0.6747833697894168,1.0805371722544814,1.2310388059630397,1.380297118220126,0.0,1.1057274778120127,0.34770110508120633,1.202551276938525,0.575379586955565,0.7248504725175905,0.0,0.0,1.288704101864477,1.634690670401651,0.7483010739344758,0.7744646257750343,0.0,1.2227996680397637,1.2572737600444717,0.7612982054542118,0.4838456624260056,1.7561072301566705,1.2206199842138366,0.7475206851942717,0.0,0.0,1.1771887988626335,0.7200723048913107,1.090849954593914,0.5689188873994384,0.803506195069224,2.4233532583988793,0.8970283680937087,1.5872817425982702,1.1407500305793201,0.9362070460206978,1.4391152659176587,0.9704757007021421,0.9348027276784703,0.8944361434859867,0.24673896611950008,0.0,0.8071363279385505,1.2051483692144367,1.1420688731575925,1.1021038344682654,0.9008754725819117,0.9513793933973752,1.6645425146200963,0.8935865734779305,0.5227475143388317,0.8915571340579642,1.1826365766364215,0.0,1.6792177085929685,1.278763326279673,1.602238992519614,1.126217716825176,0.4687773200883378,0.7224889830468452,0.8815569061487677,1.036481716695519,1.165647955975677,0.9088688111341923,0.37201563026452517,0.9743318489513821,1.2433049237119942,1.5834343075352209,0.7572226902401732,0.6631435165412889,1.8025812790244666,1.2642229991525848,0.7022037322992024,1.1661400641630624,0.8729932935452116,0.894374898458203,0.5608503715933199,0.0,0.7139799746790085,1.1277840282197364,0.9077232227753524,1.0592803639176493,0.45141836298690924,1.6562620124889553,0.6603578161264284,2.6142489575753896,0.8615562937466033,0.0,1.3419102993816119,0.9862665105128046,1.1479290287205237,0.8212021128208198,1.2438431218705919,1.108135377230794,1.2494230818346748,0.7577623603695608,3.194569944492255,0.8305194820265012,0.0,0.44404575140795005,0.9663991559445232,0.0,0.7398239467418726,1.0470731929983452,0.0,0.0,1.0447753553017791,0.6485482923518935,1.0950769335800028,1.617460044924147,1.3813039984019806,1.6268852131672946,1.0344425924247767,0.15483869330659505,1.2431848970579518,1.264811249302978,0.0,0.28387819736280784,1.058630394411778,1.079464563014962,1.0694372496397686,0.6685721176093371,0.7667817640074879,0.0,1.1626577256104074,0.8110048941283474,0.9219230165970873,0.9716185256940693,0.7894036869029157,0.7218421907310264,0.7445172514280289,0.9502279883407376,0.1527042951467458,0.0,1.2287565434152692,0.7467073162991928,1.2791913016753798,0.8126212205374472,0.7724618556398795,0.7476423215453614,0.8806295954212949,1.0859754616620552,0.0,1.364331088333192,1.2294936726772825,0.9313157807123524,1.0591175409118985,1.212280374500609,1.0596381171175586,1.822627346515016,0.0,0.8633425023275276,1.0234788240266832,0.6646088927927225,0.2587890301513713,1.8157156536036236,3.270250598542375,0.8513277184454477,0.8613541577162286,0.7731491730252912,0.7598295800110906,1.1592032702083463,1.1971908183296036,1.5911551586870638,1.1877184624633184,0.8737071280632995,1.2103733814951314,0.8201660550046428,1.2167343937624098,1.2843875420915556,0.5553662093226535,1.2921256008984212,0.26478857438204223,0.839822742909382,1.4858612724870859,1.1539851384491642,1.5149780559339563,1.0564895660166977,0.37660670524384154,1.0435446100623558,1.4522223383896238,0.9534759926521832,1.5073358175044755,0.9305706312217681,0.6988008544958793,1.146464923176963,1.3811993577596076,2.258149662362261,0.9927438615703307,1.0864963386406281,0.7812710633405526,0.9995038821586997,1.0282691439275282,0.8200655858411738,1.4990257476027282,0.8107902325213665,0.46674900677668774,1.4556093086245432,1.7314858115691805,0.7911795216600368,0.8929097470396603,3.810978700449649,0.0,0.0,0.6034187357308649,1.1171881055900021,0.5828302512072282,0.6306464097723402,0.9484751766954354,1.0133761154486405,1.6632548676314178,0.7762581656657459,1.201225610486438,1.0866263720871334,1.1638123797652877,1.430206661612182,0.7378461497737872,1.1749998035204194,1.2834123081959712,1.3768383604513181,0.43633330320004715,3.47782546175061,1.5868899040342959,1.0460549553405323,1.3819979827309437,0.9165512192775904,0.0,1.0303127338480629,1.5005336552985713,0.929365944341933,1.0332491119071008,1.1856339401104765,1.3442683089079661,1.3390607739940945,1.152880169510309,0.0,0.31159465840515355,1.698784092791575,0.2986496363790528,1.2896441512585068,1.4981861173550794,0.0,0.5160984347857914,1.2581251852332271,0.0,0.37902332270715455,1.3133695987329275,1.5937020525015262,0.6351632228410751,1.0619356792657864,1.5016640273443884,0.6437702448560785,1.286666765067232,0.7796507884508797,1.0963302943220479,0.9135338882591372,0.7296682202285399,1.6890911835209195,0.6126414487577628,0.8276595173032795,1.286781553821048,0.9520201542151334,1.5096638734897037,0.6049268466354802,1.5383048977704736,1.3009212056251596,0.3135436479682528,0.0,1.1314123998782408,0.624509679196571,1.0372427152496273,1.2072112881677977,0.19412879912993694,0.9623201912436206,0.8552877225255886,1.0239948545708237,1.5129516467549449,0.8325375767072952,0.3041394069098773,1.0392932255685141,1.249382165657817,0.6670563573388967,1.5866865448815677,0.4944431966847853,0.0,1.1446985429889869,0.1763237595381577,1.27386382932082,1.2872054460149651,0.5488722172551315,0.1671875071231072,0.9954846099774101,1.1185898777842977,1.0405338292710684,1.1111770372135148,0.9123443729855854,1.0551149058821738,1.4834385343540544,1.0605560755850236,1.461219697485733,1.0474478409436163,0.3950562792738862,1.3265671962658496,1.054365024498901,0.7856841889420157,0.97369278113986,0.9917962563492687,0.0,0.6836680513109644,0.8957237304632395,0.7877036917787257,0.4246860920383737,0.7224619983448936,0.3575302244201694,1.3074443468278034,0.3280751752651607,1.1209185220184512,1.046539397511185,1.0031548268602148,1.1131338732570328,2.0712671047842117,0.7978004477878511,1.1467102099002549,1.3264430985490776,1.6319162334157125,0.7320351682581085,0.6390279694278975,0.5985436537811036,0.6247917496139929,0.6947502533809045,1.6158231593454602,1.1991949916989189,1.3454214529947999,0.9614576075400206,1.3058623349441703,0.6753247842939417,1.1546832876590565,0.0,0.0,0.0,0.07939712269641724,2.02446431520179,0.0,0.8475115081294935,0.6972349869589968,1.223523446177715,0.020359477182447083,1.5700373524885136,0.0,1.0876025375866252,1.3624032042114766,0.7323718632199777,1.132600527768611,2.0473065347825368,0.6932288084338216,2.5318337977954166,1.5624805484274233,1.0644818057144692,0.4340389139717154,1.3920289876849399,0.9918667101134926,0.11984396413019593,0.913886336735535,0.802073672661967,0.0,0.0,0.7334608637706844,0.9623342875009655,1.0514707564397316,0.7732734489013354,0.6327674747862135,2.140361175893905,1.017361701111155,0.7800415834246907,0.5103149254998214,0.9070007011189332,0.0,0.8272401634724583,1.334147511910698,0.0,0.6479812009790062,1.1954340131254897,1.2289856666340797,0.9448939636658553,1.229618680449358,0.9889007577309624,1.8462939793522208,0.9011701074203347,0.7315485114671838,0.7008477724538562,1.028155335876217,1.674956578982546,0.6532532426192234,2.2765797724997325,1.294976826539874,0.0,1.469304848364223,0.9103423428334461,1.3856524820194018,1.507218169301575,0.8294176912186506,1.1442211277991752,0.8954340174688703,0.0,1.001046291233653,1.0303306387949038,0.9769644474379381,0.6849225906267207,0.7682974230414163,1.1306078508151978,1.4765905530206904,1.222315953044673,1.2397213694913622,0.46942789518155487,1.1716300710545113,0.8989505816685331,1.0470519874090156,0.0,1.5181572157788865,1.025630985619697,0.7333012493757695,0.9306594244420338,1.2107690879002295,1.392396030450425,1.0781007143645405,0.710398255050025,0.5187601588246027,1.6717762679117927,1.4711358930371334,0.4261506879729282,0.8701242887760674,1.0272934645103615,0.0,0.0,0.7108299674568186,0.8551801030283028,1.2967736922746327,1.1223151479466535,0.6641218832708142
48,0.37609858580017674,3.714636053477668,1.2610844888987707,0.0,0.7371561000846377,1.1677537879955613,0.0,0.8907219381411375,1.899289544334007,1.1067575313410938,1.0104718264378358,0.799999840000032,1.0597819751444126,1.4238318731393387,0.3176955587299658,0.8044482048111559,1.075352556808798,2.004723710267808,0.9376905186376087,1.1376522839654761,0.9073989083782797,1.0540532312954696,0.9090279949761046,0.4011629519337467,0.7508200102466985,0.7433432365281818,0.9163108532403765,3.2536232744842852,0.17060504754985564,1.079846523398716,0.8540622392267687,0.6765430102644718,0.9700284644518953,1.3323774832774076,0.606023661086081,1.2018514179485307,1.2371146739599932,0.1752282591692139,0.6989276942707502,0.7222933371326712,0.6106296801553742,0.8112403249304408,0.17622605175811892,1.313320218463551,0.8577359409526382,1.027760342333207,0.6819655572129498,1.2643487739637385,0.7240704113448081,0.9542322970223376,0.5973163116579987,0.955355270162616,1.327222486705486,0.0,1.6682012958436898,1.2227153414065728,1.0419354319720262,0.09719169244707761,0.8738908552088902,0.0,0.5308440907916898,1.1807203403773476,0.0,0.6364574163739372,1.286713383683313,1.0548303886315191,0.8979944525224506,0.9920115437099184,1.0880520897385637,0.5339424953986381,0.7935867168307198,1.4142921932564865,0.0,1.0616004220264788,1.1006882452364901,0.8924470019914958,1.0313589120585642,0.5842676207328891,0.9756898752235945,0.9758844654251237,0.9748814623031818,0.8789650398448404,1.119267771330741,1.119391793272675,0.8986179802002981,0.13942650819147173,1.3248588333813398,0.0,1.8444634869705392,2.4233904801993527,1.051956258486211,1.6210367754846478,0.6365370572133617,0.8715833451237119,0.7201575991453653,0.8699787143624971,1.8579630509615923,1.1646513439168338,1.512335538880632,0.29870010399897085,1.71502809034305,0.47709868504137365,1.4057698806320165,1.0098917946144386,1.101092370919718,0.6962294576178706,0.0,3.5740453005305275,1.6799206875285144,0.6270389520931003,1.402038249618024,1.0099379167113518,0.04868056287333776,1.783314495246475,1.601450815141315,0.5477970436555515,0.8484294053599066,1.0743423292833898,0.924162839391692,0.6827865766964054,1.7468770746858757,1.0273972228776,1.018232787434696,0.0,0.9667560864261852,1.2455996675338035,1.0850088736971595,0.9624705550003612,0.7485827171369852,0.6886137271018031,0.0,0.402748265736635,1.0326821138279734,0.35129047629960325,0.9812080413879737,1.22173962480615,1.4183154601868484,1.3388621168834978,0.9638757206303064,1.1105168920838784,0.6354063390269643,0.7849262238772696,1.0852903404539886,0.7534290658137897,1.6160616733136188,0.9921257462456496,1.1749806146281845,0.9312554234027249,1.3129976866783468,0.8098871578144179,1.2610566025675412,0.6828020275993438,0.6331415346744962,0.9652088219082913,0.23839288686323873,0.7282412081874032,0.0,0.6470359661605816,0.7638868971484475,0.7390582260092279,1.1175790085313302,0.0,0.6838255505055089,0.9724869558847128,1.1377863647038458,0.48222871093686587,0.0,0.7182101560866855,0.9391631117903072,1.039843716036499,1.212784987174449,1.313408598660254,1.13978858935106,0.05302833980519825,0.8534098811649848,1.127941038573978,0.7575752519298143,1.5425665433544389,0.0,0.7312941572201257,0.555966348110614,1.2316477568625688,0.17830705849726133,0.26826294883560065,1.8873411873185515,0.8814097486416154,0.5446052260057014,0.7646456010578839,0.9216730691308458,0.9721196769014135,0.8082619523540648,0.9987189056019051,1.1281676307411104,1.4479606698930674,0.6033592030458887,0.5830944287344453,0.12756144791653803,0.5820108005355213,0.9899272467666124,2.3489371769698275,0.0,1.1183975760157914,0.0,0.8707123820465763,1.106351709439013,0.916861026492682,0.8865869630319225,1.0718790117963666,0.0,1.4651664928376082,1.7172807891647657,1.5293145281302603,2.0571068085091975,1.0244475367273398,0.44707787540380284,0.6934123290159303,0.385491948358164,0.7391313602023818,1.2219170369519174,1.0797817480054017,0.27945198184235054,1.2556215788813594,0.5179144325839787,0.6055330546997162,0.7773620598647981,0.2371709353009459,1.1480433978449986,0.7439905761734185,0.0,0.6871070016836642,1.2123636510322013,0.9816011890402879,1.234062342436298,0.7187498651559858,0.6493782470837277,1.262423238551703,0.6514405999616515,0.9316053274986817,0.0,0.998406557420205,1.0747175156356072,1.3000431540488433,1.090754263908464,0.9498521081778035,0.0,0.7288153720384092,1.1218108524819177,0.7522381395133982,0.9030708452089501,0.4953341635959595,0.8618026915674495,0.9951363671621702,0.5743910320566956,0.7213265719757855,1.557816249972022,1.218144147534854,0.7310757100428157,1.0333308829030767,0.7391432882310125,2.0022012824372917,0.4367636348619262,0.9387601984955218,0.24960975216031644,1.4578534041315785,0.2571719791105436,0.9276870670635304,0.5560664581839125,0.9085262179510987,1.0616006964519844,0.798065758954763,1.2851969432127852,0.8097830173278965,1.0262637694932542,0.9077332726757437,1.057127186954983,0.0,0.0,0.9903087146590821,1.1288188934183614,0.561682270174721,0.8960561219622061,0.467916200730776,0.9358357870000493,0.20711910579271106,1.0236663261319632,0.0,0.0,1.5587457152523592,0.5145147244350797,0.0,0.7938395390355728,0.9967047435831419,0.8602715613369603,0.7509473211647129,1.1878122478456516,0.7759699204474696,1.6394758653067225,0.6034998531829725,0.7362770588508697,0.7953584450548475,0.7430066903609358,0.0,1.653183963216032,0.9389156449401876,0.2921376670427691,0.8490523524282656,1.1313417161142068,0.9024298575201068,1.0424688136094689,1.1852663137713826,0.6165993162271393,0.7084187729649275,0.6104533552737863,0.3207976540505554,1.2619174178232588,0.5013076169207986,0.6868353812717634,1.697474223492259,0.0,0.9473699743646544,1.411967118770688,0.8756287453918641,1.0619167407285564,0.5031644669048567,0.9056396084107822,0.0,0.4744375342013724,0.09730110606620701,1.1215213802041282,1.3652713029846064,1.654335505742993,1.3920023218184068,0.0,0.7778981606069224,1.0415411939438566,0.39262897854241374,0.9098563808500164,0.6817614588853165,0.9131368771225108,1.4015349557663817,0.0,0.0,0.6340685639124632,1.3250000612613788,1.0664841869657733,0.4711357314372765,0.8855496589759982,0.5306183278024936,1.0748133447612451,1.8990605499807274,0.8781439370667743,0.9147058854883505,0.690480129054563,1.1633785502504286,0.05103154864211491,1.5202149224675574,0.32604507072102806,0.5428733690390717,0.5038758448714928,0.7954787813880109,0.7650282690888743,1.370288382684722,0.0,1.3285975123571652,0.4042561416414423,0.900447328695113,0.26145831551878335,0.9306664887010965,0.7443435553811943,0.7024479244476859,0.3647435209197551,1.0853728507624698,1.1384756835742564,1.218062426028835,0.16455886880237003,0.6644300604426647,0.9314695118569901,1.3604601901240627,0.2859813981720362,1.5372759612051703,0.5147222748010658,0.9750918215974249,1.0428227951167024,0.768714632016709,0.0,0.0,0.8538194087130837,0.0,1.1513378475094882,0.9461719238846071,0.7676618203831437,0.8964255670239194,1.2243855177360066,0.23577336635916038,1.313039680475487,1.2947458300245356,0.0,0.40278796477401424,0.0,0.0,0.5450654811449693,1.078654200441354,1.2899561558211352,1.609043649007098,1.8838772534429002,0.7413307311138875,0.9109324857059303,3.3471291178796925,1.5241062995441346,0.3747298426057524,0.5578254362957215,0.5137304890771281,0.729300266780125,0.8894842304247726,0.8126417202154546,0.7902622891335223,0.5767749354318789,1.5910795330878167,0.9205714585520306,0.0,0.0,1.0009868183451593,0.8712904712509306,1.0746012477430957,1.235686213385856,0.5563640829173607,1.7140942404199344,1.0706702344204915,1.2205362412612528,1.2253605360716255,0.0,1.2051091318524463,1.5477755913490323,0.9468742384776561,0.7897724918993757,2.150031859111115,0.0,0.0,0.7929974731301315,1.793573769685643,0.750144808739096,1.1067636891464399,4.140092282755024,0.807403200766422,0.8549466756561857,0.0,1.044611197975926,0.95596987266054,0.8334675236887268,0.7410063628326891,0.25259394089055026,0.953551554545016,0.9013895461323427,1.3436408450641788,0.6134401334203661,0.7673935055525778,1.335188667049651,0.975934791175204,1.4745255629731417,1.1785131514524396,0.746104180639962,0.8673338844186358,2.2082511553881377,1.3521892905614057,1.2048705006346647,1.5501674780967414,0.4495745102339706,0.3239700355510549,2.052814815013554,0.8606744348560038,1.5550366856903863,0.0,0.9248787173237212,1.353160598609151,0.8396179359667897,0.9832515963716263,0.6821457144402154,1.123539609391413,1.7208792264773838,2.099105319215368,0.7391973693463187,2.338340934542755,0.24693571319720486,0.7406577512070491,0.0,0.7568596151627309,0.13189290014917515,1.676348669982287,0.7241189505761682,1.4201856102995936,0.9265464791112226,1.1665735295463133,0.4695741849119293,0.8395325491164569,0.6635696848523636,0.9399426854623502,1.1023354356277184,1.2952941417106751,1.3092751875952455,1.1878467565744586,0.7874570417161232,1.0560023242645453,0.9450815992043131,0.7342575796806315,0.9603879319034173,1.3557919184252911,0.5417294376304047,1.1766048566499687,1.0123005803408205,0.2594696555049833,0.8001465444925709,0.7518624501911684,0.0,0.045710483643712475,0.9426573150147098,1.5170274334525873,1.0994598694524438,0.6796621152976611,3.0974988812478093,0.5032679195857586,0.9178982615255455,0.8478502654624662,1.0183384412925947,0.4028949543745556,1.222183165831329,1.9771163622420118,1.2214025970438815,0.7180284493924229,2.066400643497261,0.40316172522884025,2.3461576393246766,1.0363123903444005,1.2268418653118118,0.9810224688771323,0.9538509143210914,1.55009439433291,0.9520277758723842,1.8476826820882222,1.0444141249491015,0.6453601485922412,0.940993706553031,1.28382055723103,0.0,0.7384533137619719,1.009177395522674,0.9647361557534108,1.161488826761684,2.074981273720354,1.0634058272627018,0.8393316968424275,0.7491573474796446,0.759472780201794,1.5245400315875999,1.3194119313193757,1.1136390577949857,0.20089281857024882,0.9499071945644134,0.6315902039049714,1.4862705661618483,1.5277971527610268,0.0,0.30738296085557987,1.212019816377495,1.1719339172336318,1.28253837677985,0.0,1.2658984579089658,0.0651939578818298,1.1237055480183167,0.6692514923705111,0.8745886970743437,0.0,0.0,1.4086355210371002,1.2383350324890667,0.7982607432902765,0.7313282599872387,0.0,1.1342741696460368,1.0958286119712817,0.7968700095733613,0.7441892114837936,1.5000071506289934,1.392963893421311,0.7611293154325007,0.057544503175970194,0.0,0.9529783693172174,0.6848116164386197,1.0030471700948256,0.6075692635207793,1.1706771210962743,2.5324741889697284,0.8691356745339588,1.4092870483636746,1.0026156599020923,0.7004908236890944,1.3758810756820603,1.120187318945455,0.8706415574382655,0.960011907161748,0.9869558644780003,0.12629127325391815,0.762391895768435,0.7969983507062497,1.0746704147448727,0.9655722994509294,0.8212355611158062,0.9293240704393545,1.5073385445346879,1.119418246849663,0.269675880528694,1.1653657107170385,1.0611392715861687,0.0,1.632207910770805,1.0625769222957118,1.5776432160202112,1.1085569012531886,0.346523927097578,0.693886051970469,0.5954470886790065,1.0109392876460377,1.189898671065827,0.932306068840315,0.5775463818589742,0.8289214619620067,1.3485968695200767,1.4004632117446372,0.8121873512868505,0.6285876512417216,1.4133294725579857,1.1486626695696631,0.7127679550195812,1.1827268170804615,0.7148805318357859,1.1499105244112047,0.5641378688165711,0.0,0.6884597675944473,1.062285354909147,1.1626250358197574,1.0026663755571457,0.4321385245829985,1.333138778796335,0.7215863377365679,2.664717082961392,0.8774574961606951,0.0,1.3995970717624646,0.8809458925314255,1.0920493903293167,0.772144547044075,1.0367192392429536,1.0406942254497364,1.248070106462352,0.46119175461319306,2.2938636200655003,0.9253869070596127,0.0,0.3793650965775197,1.1871736715190138,0.0,0.4844899726103142,1.2349209955859868,0.0,0.0,0.9512224364708357,0.4604135407774895,1.101176390914728,1.8815472748633009,1.2904560956595805,1.301476868031906,0.948504694828131,0.42349044060374985,1.0836460099756655,1.277516208864165,0.2572599555222439,0.31279962229889563,0.9851444710952416,1.0025844840812026,0.9291322328818155,0.7547492238810525,1.022376026134985,0.0,1.2868671365186262,0.9759332779574622,0.780150615673661,1.163009652286286,1.1456755537500551,0.6897490632486565,0.8824557882047273,0.8989942006685328,0.0,0.0,1.1582488614227815,0.7494917009031209,1.3048980566086752,0.7560211908830915,0.7690712578758867,0.7596647734153809,0.7401161296191069,1.0315676648444163,0.0,1.1454649920112454,1.0804695988844213,0.9295280843408221,1.1239250258477647,1.4880156230975334,0.8444504628574514,1.3496199492192813,0.0,0.9267105435069423,1.2657955531256757,1.4953696764795117,0.38818354522705695,1.8837967561022055,3.311235052185454,0.7012682082951682,0.8981598943927066,0.818434255035539,0.7005549483472122,1.5561847035559773,1.020962963048713,1.682858462968695,1.5600161628737954,1.2701075233593369,0.9984073348414368,0.8939851400464087,1.0675652884625333,1.502480875256247,0.521608070028423,1.1637473198986945,0.2604856930079665,0.8953176303324007,1.425915372875289,1.2023572507544467,1.4340082671567356,1.0282738287549669,0.20778301068532198,1.0674126847492036,1.1976777037426547,0.6240271751129735,1.3454761603305765,0.8295705965179299,0.9958619462704276,0.866609190747414,1.6222721874592172,1.5417422697343242,1.0691773722521787,1.02669242243277,0.7978257311360242,0.6996527055170452,0.9154228643952178,0.7855765439417355,2.006032986871671,0.8384241676031471,0.5153118931139947,1.323815941749192,1.6412874174324579,1.0596308285460936,0.9566890148424423,3.805479443044116,0.0,0.0,0.563625539238574,1.1848771543703078,0.5524745084509227,0.5945357866219373,0.8892388064955026,0.8972447538771652,1.4661524227236367,0.7484546435053001,1.1173044711308127,0.7428572990053028,1.321259657243906,1.2647980403669776,0.6983705811357461,1.261361070905815,1.4793015798381046,1.1559351348285838,0.4928332975227743,3.055886157195121,1.0579266026895306,1.165684935194821,1.2274448178434652,1.0908609617407505,0.0,1.2355316525236257,1.2936440128118176,0.8105318436404356,1.5634846262661803,0.9895802414058001,1.234878661285601,1.52200279785297,0.9139020621848915,0.0,0.3426090923470826,1.2792613776352317,0.3581237573328648,1.1604982716569654,1.3991627652980456,0.0,0.06451230434822393,1.3894677396097848,0.0,0.45729987049988485,1.5531904280774012,1.3796648212610916,0.8571952755886236,1.3392372531398822,1.5285053039416796,0.6193342667067516,1.2501840925518297,0.61149973634478,1.511891615749209,0.8310926815200183,0.8083074348846031,1.7828924643266075,0.6287591308896313,0.5182662898383823,1.4342567619187059,0.5765809998840997,1.3443556041162015,0.4032845644236535,1.2052299777353477,1.3232594903208028,0.5240665221312786,0.0,1.0576816934641866,0.6502314260907686,1.2502315322199078,0.9737942689341115,0.35051033056406034,0.7852467420347053,1.0848593290207398,1.0328075105562737,1.6325047116258176,0.8873286486211909,0.47992587629533995,0.8199928174615911,1.2518741161137186,0.4747652484056084,1.6494078223718498,0.4502487016233282,0.0,1.2879275716369194,0.27974442647359576,1.084253602070462,1.1959747154727918,0.8522731565101189,0.0,0.8458200642020537,0.46141831861438487,0.944107160008137,1.0627946081617132,1.071684632906334,1.0063498094661756,1.5973391691160443,0.8770374280091522,1.2849904787305548,0.9721225154096855,0.2915891589595875,1.1324680737325872,1.0097931270116345,0.8930409069785347,0.9489378911130946,0.9800412583837947,0.0,0.7787585907875259,0.9301331035007507,0.5032551321596139,0.6006046769303764,0.7477762647754028,0.3975825176965446,1.1551245369079255,0.3858285598678626,1.1889014490021648,0.9790690715957983,0.8403820835989169,0.9839622142902631,1.8057979981560226,0.5450688919240537,1.4697089046808387,1.22270172658382,1.6794423157054605,0.7438847541212954,0.8530181378197411,0.563426580186874,0.6764802057949074,0.6514976267921968,1.6966143074023523,0.9881465329669157,1.450573378474839,0.9619055494477948,1.1557865703420673,0.6996491730298527,0.8759092941970265,0.0,0.5056812474773219,0.0,0.2737831765193443,1.6410784937876215,0.0,0.704869422627189,0.8134053081142871,1.0760334123871003,0.0,1.5427467760553784,0.20846448543722987,0.8823882518274545,1.5560384597003662,0.6909869065028044,1.0567791058135947,2.050421112647618,2.946222435843742,2.4771899211154382,1.5237948025499977,0.8104116213676046,0.5101976604978409,1.9021359930121169,0.7857144405632186,0.24209857821159658,0.8336986411760765,0.9930865460482305,0.0,0.07486689724191507,0.5577030174433477,0.8733669382329444,0.9941232669806661,0.7357851703632087,0.8752035340496909,2.6940291029145076,1.0393172451061696,0.7742339281881263,0.3920384597697579,1.318411401641894,0.0,0.5896902647640108,1.315968092837946,0.0,0.809976494473955,1.1573558760957803,1.323289400657106,1.0718647701986608,1.3389435696424203,1.151447038013094,1.8107236647872749,1.147942808663191,0.7546245724105479,0.9678239307095733,0.8911351634828819,1.6629267179014098,0.6193580226000293,1.9152813923856131,1.2137418969392018,0.0,1.4478434004627723,0.8680027869436105,1.182791251029194,1.3282384332460826,0.7537529014450881,1.185329440636027,0.5360248264082882,0.0,0.8607065747209695,0.5151653193974519,0.7638930155723005,0.7801860964904196,0.7340780924900061,1.060616552877411,1.2455926152806538,1.3315374203281585,1.2375955309605473,0.24949090707413007,1.2339925088680312,0.9397371494985561,1.1143356846867734,0.0,1.3430315096114827,1.0355104546641096,0.7040570277334987,1.1475453465081058,1.1327944630836653,1.430470823784887,0.9839914763986783,0.8213743239198699,0.4908812107738476,1.3997769939438784,1.3149323191761135,0.9927906076281054,0.7501856280298296,1.3811935908483803,0.0,0.0,0.8113839584501622,0.58116643052861,1.1741856106787607,1.158335670488333,0.16603047081770356
49,0.2507323905334512,3.9249738279823174,1.3566334098411565,0.0,0.7354520992516673,0.8547150986789027,0.0,0.8421563958278984,1.6350191592434489,1.4205501029757248,0.7320393333377537,0.699999860000028,1.5896729627166188,1.3241840904240552,0.2994744380067008,0.8215781094233376,1.0840536474757994,1.9746096504507047,0.8916963264786409,1.267771048940992,0.3468280280985611,2.1081059355647187,0.9964031813847003,0.5570447291716218,0.6611451782524222,0.8564116257574467,1.0527723165380105,3.1936896645623616,0.11163978274314765,1.0883048196545846,0.6785456728985267,0.16913575256611796,1.090972197092201,1.3255797286219688,0.5139506980324529,0.9731081510984307,1.1889845763167481,0.7009130366768556,0.8163592340865609,1.3598331146483622,0.6145617169670825,1.0293110573507067,0.25068776382102953,1.4065147316601752,1.0838626835304757,1.0532167898359772,0.547780470219257,1.095244295156992,0.8648962593179375,1.6821454073962765,0.5942681526915459,0.9498013062028455,1.3088144038455722,0.0,1.6441048356897807,1.053961335434851,0.7610817633184341,0.05669515347750042,0.6670521498499111,0.0,0.5535713585929212,1.0223028122321467,0.0,0.6781705524369338,1.0449547834151403,0.9513511709891455,0.9881216020687695,1.211855338387069,0.9302532456510644,0.3704316504105127,0.7535934561454545,1.419910178281133,0.0,0.9601730024797889,0.8564829090911088,1.070743011164818,0.7331346541695138,0.8065229530500758,0.883500361498758,1.1267445036391734,0.9520751674949375,0.9032794582750487,1.1723356386503283,0.9766311129454903,0.9535569141894682,0.03485662704786793,1.3449338478573551,0.0,1.5620866265091524,2.2813964579769768,1.446184521199024,1.7347425768672577,0.7321448639179875,1.0603309317801974,0.7473709723035966,0.8783676041598959,1.739494334892226,1.155309931942639,1.23774547385621,0.2783341901315312,1.6944058746081114,0.3384618007959677,2.3434101050486698,1.0961480291021573,0.8561105546361099,0.7517412112033428,0.0,4.1714976686708365,1.3929261535820419,0.5183037564131894,1.2374763817543668,1.2537160273329664,0.25557295356375587,1.5611673450126622,1.5792145417950052,0.5935313352846814,0.8447165461528964,0.9039931599902256,1.013529808180347,0.7458208635800232,1.3305828315767423,1.1042468458708314,1.0734215096046755,0.0,1.093076201999675,0.7727331433488448,0.8198535545272209,0.9570373306337163,0.7065510173166222,0.6195891825704383,0.0,0.23636924777985646,1.0430302817174073,0.3117494837139992,0.9316818979284232,1.191490812235026,1.169346159843368,1.3462567480737553,0.885692253217977,1.0717869995017535,0.7093074713458132,0.8905146138514657,0.973775185855506,0.8692346110097412,2.2380710236912225,1.0987695556033807,1.0793312795185381,0.8772077951483964,1.406051040794737,0.9291871883434965,1.5071764388771935,0.9062406116425458,0.6121713805676523,0.9812130326427917,0.1486276637322568,0.7744908564925955,0.0,0.8229083818232774,0.7002324392827136,0.784349069326538,1.2132708212927685,0.0,0.7146805265117402,0.701707051101242,1.0645670474256987,0.47046703586359334,0.0,1.239147963095034,1.0419785897886156,1.0728678979612905,1.3611232055733642,1.1645648502674937,1.053096315522576,0.212113359220793,0.7843202008008077,1.2889455237455243,0.5826512876405759,1.5854156449497159,0.0,0.4540440571322515,0.7433982146480813,1.2058454671607393,0.21371850668529052,0.0,2.391269450230368,0.7051278429837686,0.3120134099878557,0.547854120779857,0.8122207871385514,0.9392971962895547,0.6962232622288775,1.356013017477328,1.2503075068110296,1.3917797535802579,0.6492971540178345,0.5684198374142098,0.7653686237185362,0.5858352081494917,0.9063991661127142,1.618184028902431,0.0,1.0559432917518292,0.0,1.2870764375711665,0.9220764834255621,0.9816863144088105,0.9924318694989429,1.000656041878763,0.0,1.3700552014883551,2.1463297375143,1.6941928064346794,1.8736845203314398,1.1049535328537399,0.2629869847581577,0.7575414227518957,0.44970037353703696,0.7170628444852079,1.1897464832691196,1.0436384264101926,0.3129590497250966,1.1545866351173575,0.5535236049899148,0.673301224370584,0.6983864836840311,0.9486837412037836,1.2798451596918485,0.9878776982803297,0.0,0.7998819670754634,1.298134831949602,0.9335126474479143,1.3460286129229497,1.2321426241481446,0.6263618243581323,1.4089924091588695,0.6170744494115734,0.6963853508481637,0.0,1.1777846353559407,1.1749285428959684,1.3050741649213486,1.1711684721839843,0.8617710802623851,0.0,0.8663390022119059,1.313878606735008,0.8790835114019186,0.9069148928124693,0.6136176130059041,0.9554617431711159,0.9083214014615794,0.6222569368355385,0.7697771256963214,1.3828733763962462,1.338847853311117,0.7662626620680952,1.2464135614964613,0.579443467895427,1.7198298425576446,0.2913155507654125,0.9099151092332267,0.3494867540324348,1.3779159451563954,1.0286879164421745,0.9420083965806009,0.8536271049152089,0.9682327837820282,0.9978246591057236,0.9948770644347759,1.5746184427794705,0.9638868667272719,0.9912596746947391,0.7094273603075029,0.9821398749993784,0.0,0.0,0.769822274148772,0.9459587367174547,0.5227738629914527,1.0800180076789454,0.41236273903049075,1.007395617194502,0.532591999004874,0.9972233878162737,0.0,0.0,1.094120175279208,0.460907542824734,0.0,0.7454477644897549,1.0117565463256544,0.9541960996516822,0.8219925296002643,1.2571837076717176,0.6782757454737173,1.58905219020814,0.4334998990891758,0.8923394945491915,0.8352538230300501,0.6495258673464074,0.0,1.4381906897955608,0.754507306518983,0.20449636719367376,0.9775500427250743,1.2884816414296658,0.9004925150320738,0.9739511959379479,1.0827673991223485,1.2331986324542785,0.5734569149983195,0.7859743494570812,0.41400169895102656,1.3163944581063303,0.583605399788899,0.5758619728232355,1.3916179331667298,0.0,1.0863318594458082,1.6623655895301293,0.6192384355519437,0.7256519623002184,0.7547467003572851,0.7265376757795835,0.0,0.4156545483364257,0.0,1.0457629820314662,1.4157595205238507,1.5681722083123006,1.3165084442899349,0.0,0.7219619672344306,1.2766896348922707,0.31410721835778743,0.8866129909987229,0.740031668399008,0.7859851374219852,1.484582792414909,0.0,0.0,0.7372895641206463,0.35491073618767766,0.533752621546168,0.3474221736401428,1.0027533279304848,0.7821842965923281,1.111209877702623,2.359512417682195,1.175604618957144,0.9561115458748042,0.666979748262549,0.9598231023902858,0.37423134536850045,1.5555491869322156,0.5301792305776933,0.610944555600844,1.2596895701890922,0.8632943952004143,0.5735678989344714,1.4586840300792692,0.0,1.1221852050869188,0.43614001813851444,0.6308782391443309,0.1743055436791889,0.9785446153228317,0.9346062337584184,0.9475018649008038,0.3561948305117173,0.6214634857183488,0.9660140206707871,1.284660895084102,0.13479428090601026,0.7586498572729438,0.8706569107930713,1.1815571847521096,0.057196279634407245,1.8594437275717544,0.4869330038011981,1.149765784830055,1.0374314581496393,0.7184212336512787,0.0,0.0,0.8811353026534732,0.0,1.368327841031609,0.7791216419196905,0.6822103793228401,0.8788859163093887,1.131249772073579,0.7254564728113027,1.323469161564926,1.5335403216262067,0.0,0.24220121639831899,0.0,0.0,0.8257708222907028,1.0143433038025755,1.5086599108669585,1.5741489126193047,1.693104757401016,0.8394822274097936,1.2065477046529116,3.1746348520770873,1.5468762271552787,0.2554976183239711,0.46185546870937694,2.0549219563085126,0.6922083484067647,0.8996221414454171,0.8046778942488884,0.8320538007381042,0.5254022887827335,1.2929991033528674,0.8666664790676271,0.0,0.0,0.9142255496102545,0.7412321312730956,1.1775120178982308,1.341709479236603,0.6293799641017895,1.7728263055985534,1.1337182670216672,0.8859729749845913,1.1391270819620982,0.0,1.0793126729214841,1.4422783550425675,1.1762245769609454,0.877524961748483,2.2216996105922346,0.0,0.0,0.8263618550808385,1.3104394846043137,0.7443128033429096,1.0531122209039283,3.8346756236465813,0.9485584508100954,0.9506045889858745,0.0,0.9436825789851185,0.9238682810297475,0.7901637230849374,1.0573935477617455,0.21562897355529734,0.9528896219769594,0.8749529056004778,1.2114291271417308,0.7372537363882439,0.8352139645109982,1.086849086422978,0.9812369133443222,1.2609011977688516,1.4274375839820657,0.9532834243937937,1.014851824308758,1.397793550807822,1.153890012186454,1.2765124157991665,1.897405437842064,0.5211124018567915,0.6884363192184528,0.5132037037533885,1.0045407196941536,1.5789120022723302,0.0,0.8868077799899203,1.1998609227985153,0.966924558191439,0.9529162216601834,0.9079558994909662,1.024572701985202,1.8178826608206644,1.81513836266722,0.9102269082465848,3.043554862027561,0.04215975583826886,0.7650750345506393,0.0,0.7598192745279917,0.10681863112135148,1.656015724130346,0.4995450228148259,1.5515172449383814,0.8768162904230474,1.160187177625884,0.5877848638232376,0.8683563586477563,0.658368010615846,0.8300050445437279,1.2007690240444966,1.3756587567132441,1.2454862085548895,1.1246104818704457,0.7553520241117142,1.0398502862421881,0.8977269802518246,0.7625005983929452,0.7633852725753845,1.4623801240116134,0.38226135500541236,1.4725038690206325,0.9350705551623606,0.06486741387624582,0.8447275563913196,1.106021484260713,0.0,0.0,0.7821035359791868,1.5685026865439686,1.4036784312496464,0.7379274241627,2.9254155144656004,1.6775597319525284,0.9031787404835849,0.6191957137661738,1.1278343886851063,0.39606046151684726,1.0466060293434112,3.7092798937454896,1.1872665258218802,0.5395126819187599,1.7120083534798023,0.7211859052145426,2.249592104469359,1.011866410345657,0.8973934745666453,0.9718010663582348,1.0822957653254484,1.2802507863023358,0.8624430059845593,1.9412696867070947,1.320077506588281,0.6959654831442508,0.8415143594382841,1.1599984483053876,0.0,0.7462008083191602,0.9137546011799049,0.8064591249006635,1.7152456685857533,1.2132828824724529,1.1709806108610543,0.8700213302191847,0.8646794437549707,0.7818428253230391,1.112160495619857,1.215138944652267,1.0365409605218987,0.27447084423713314,0.9939429627672487,1.0243217524067756,1.4685985576234515,1.4706040473640705,0.0,0.2019910766198864,1.372466452492324,1.0231307479297134,1.1222280041801833,0.0,1.3041414533445077,0.0869252735538871,1.0798217660625613,0.7640699982605003,1.0761212261840651,0.0,0.0,1.1575989408517964,0.7933429257545708,0.868539851136866,0.8270177018395228,0.0,1.1395582484721518,1.0131968818596218,0.7803647993396828,0.841981431750396,1.2733146904800787,1.3338609009314433,0.7532969979857336,0.23017801270388077,0.0,0.8397419205368496,0.6075833584620576,0.8974171606898445,0.6288557041723097,1.5611098154107679,2.584764987490285,1.0330478078257899,1.1599771715589455,0.9980114847736837,0.566237308755725,1.3693889474526275,1.0653883826506299,0.8848385428718735,1.0903824394643,1.9739114822172814,0.6314563662695907,0.594024898217337,0.7878492205028016,0.894829951261145,0.8313264113594583,0.8515442435882442,0.9043929358600765,1.3971485551391538,1.4332647100290208,0.20535827795151063,1.2166354137424091,1.7672050275086613,0.0,1.5412220397942025,0.7571930308425274,1.4918089833877173,1.1411167849172186,0.3855278744123569,0.7473841372671943,0.27500354918797243,1.0573117690985883,1.239981662221945,1.01331818277189,0.6944068773015359,0.5928802828819746,1.1576416341060254,1.1027561688410634,0.8459645154081903,0.5627669552763057,1.344953105593721,1.0108469854289663,1.1132595027762795,1.4827164711756609,0.7043322512416379,1.4054461343932299,0.6662477683663732,0.0,0.7328215796322414,0.9686608948024586,1.366420516785866,1.108841877145514,0.26721609241508604,1.1722285406519628,0.6646450666842403,2.4480482440046503,0.7564896953222674,0.0,1.0665117504553,0.8501306821686588,1.111575663613824,0.7741707603379108,1.0104341338919063,1.0339344061892435,1.1911131690056185,0.26673992612999314,1.8379833888636687,1.0407942434575452,0.0,0.45607076888556763,1.2456106159662703,0.0,0.9098454933317182,1.3477449515400397,0.0,0.0,0.7890048111624448,0.6205277294512825,1.0145131696623761,1.3714283178912037,1.254372724842841,0.950547787010842,0.9474059025645427,0.9197683016167901,1.0154024506590669,1.2059283555433402,1.0290398220889756,0.45283165970072453,0.9605606836616695,1.016318259484122,0.8388262310827379,0.8252169073578428,1.5335640392024776,0.0,1.2450644380813616,1.0239987719167227,0.741845431399816,1.1882595050800897,1.0367424666858422,0.7113631966812195,1.003517977148018,0.6149596386421765,0.0,0.0,1.1842142384696297,0.7064914951481084,1.2652875455178814,0.8388781228528581,0.8314352070821134,0.8659258979658576,0.6247322564579505,0.827672972994858,0.0,1.1924581657486102,0.8875554637643546,1.0299033523362908,1.0489234197339936,1.7315324365813498,0.7249354029864882,1.1368343866598905,0.0,1.190941037188129,1.3423550211080997,2.658434241954434,0.2587890301513713,1.5436574566527947,2.822954107161488,0.5717744389543914,0.9455709460326758,1.0978159702530261,0.8189014571958357,1.423446133993838,0.9256355585850561,1.7361000567848528,1.9362480045325006,1.2294510726131702,0.7764319972318565,0.9380062822917757,0.9709442469028097,1.5305500161407086,0.2921722175276371,1.0863829457699272,0.2514899803882942,0.6499604866127027,1.0262206872324702,1.2937811205033396,1.2906570604971912,1.0361510239787945,0.051945752671330496,1.0643533281753141,0.9763209927497918,0.5601176046693519,1.326660152761919,0.7082526062462827,1.0043494053887512,0.8805796129155652,2.00848402342008,1.6791584560690223,0.8801046979510003,0.8162451516742588,0.8109263172190168,0.8115971439969929,0.9139642336492684,0.779936571017131,1.980737614125739,0.7151780512926622,0.5846366032737139,1.0234256224872968,1.5354271995594495,1.2709814910017938,0.6663833823124647,2.964094598320177,0.0,0.0,0.6353292216535454,1.2662401026346843,0.5342610511752283,0.6719538678294217,0.7637297128733739,0.8820393904643904,1.3040081480911931,0.8506513372320939,1.0863319862934386,0.6424664786360859,1.1289093677318096,1.2121337249165356,0.621865139354652,1.679511054254103,1.5794978188474715,0.9162529865647566,0.8938570736498247,2.4857091715313606,0.5289633013447653,1.2304338264270913,0.917145261094537,1.3647408677241544,0.0,1.2202164009309393,1.0484697366961837,0.7225376726402183,1.7711996578831486,0.7871729466226182,1.1325794474622417,1.7101969172038456,0.7055948255832486,0.0,0.5127455121866902,1.1776055142006763,0.6331116396319406,0.925890180296776,1.2068134568851099,0.18338173475593378,0.05734427132820271,1.4024869956849355,0.0,0.6571110490053871,1.623621296763896,1.1027529745849325,0.745477092411003,1.5991182278819391,1.5206862754354915,0.4388219915298767,1.0515710978145278,0.4995843990649644,1.6746902528634422,0.7426806819598628,1.1309858354377602,1.6926523179235922,0.5574248950271445,0.6247761912426795,1.3317228009724267,0.4267786369020967,1.236278765191015,0.10082114110591338,0.872292471565582,1.1889600356147088,0.5452043005788623,0.0,1.0786097215062842,0.5900091891918321,1.5269822666413917,0.6862775679059466,0.498129099032526,0.6330856868449078,1.1855465450260105,1.0211912519825412,1.6467924066942194,0.9522643438423565,0.6939873544196764,0.6102272134381515,1.1966860498530085,0.6537649083641562,1.4157729702829345,0.5518525231020106,0.0,1.2996749614026428,0.5058519011226448,0.9033109189226622,1.129761123521289,1.094791386078017,0.06966145955975836,0.7569685816858188,0.2097356022302055,0.8970859730843057,1.6829423948245181,1.0799359246856635,0.9022927958323297,1.5313287128286157,0.783711004751658,0.9945023727431896,0.8739687829253007,0.4891172985965305,0.969962354440572,0.9755319404417647,0.8579646209200018,1.3240121723744007,0.9511112430000482,0.0,0.8473164576022598,1.0551534788956856,0.5126325559825937,0.8031978625382701,0.935234443462679,0.4504568924995216,0.7244001336967523,0.6934242561363487,1.1916609476680424,1.045989275513444,0.7172456555784654,0.9901915531184271,1.6709973374591165,0.3268485808386561,1.8476719799822314,0.8834581321851863,1.5667670747219558,0.5962217521020892,0.9497675027858461,0.44489806549438576,0.6761927090107169,0.7813353921757799,1.4736307116625926,0.7474292982942389,1.1638338923257423,1.061801167966651,1.0043074371396448,0.8688000056110698,0.6136442450880448,0.0,2.0227249899092876,0.0,0.6461282976807852,1.4360785857580978,0.0,0.6389952777737049,0.9269656580597994,0.9735629994936728,0.0,1.281752377204164,0.9641482386326745,0.7131627240080816,1.5576639249689919,0.5963592662643676,1.1518689897068493,1.7491389956000436,5.545830467470573,1.7728908497459992,1.5058369316415212,0.793301787049698,0.6910128662228305,2.0372887542984035,0.6026272915098395,0.6268390194764939,0.7607258659161845,1.3993551361832397,0.0,0.2994675889676603,0.45191841433736124,0.6722767458564571,1.036705431904946,0.9132654053620717,1.3469709966565582,2.7157065394465287,0.8361623338712483,1.0526371884447965,0.3087162543356659,1.6147130135153838,0.0,0.4613320716551191,1.018499537427342,0.0,0.5399843296493033,1.035143862747814,1.216347213867674,1.0365371750887682,1.1924998889074292,1.2654888847165666,1.582681955320653,1.249288697459595,0.8842605563446693,1.1535177934796772,0.8079045520336356,1.3870983061522206,0.570055878087464,1.6112411923060068,1.119957768338099,0.0,1.2181704327071214,0.8054087579593746,1.1753003296598206,1.1047352568798077,0.9243397501606968,1.071012803522861,0.7311742006029411,0.0,0.7554373280715794,0.12879132984936298,0.8030497147973942,0.8519401772629007,0.7123428582514687,1.0207778251334614,1.3395532460738766,1.4004393899666145,1.2386083361311142,0.3479590199539313,1.2357378089359665,0.7855636857499351,1.147129733034607,0.0,1.0053305355007955,0.9500295474478715,0.8972901013345844,1.372244034417708,0.8819747348720433,1.1772313674366401,0.9868959333500287,0.838929826182273,0.3642613838158344,1.0896965174028055,1.0453583710113366,1.3486966709793329,0.7486020343087745,1.531109628347913,0.0,0.0,0.9009305704037625,0.5966612184925162,1.1046991578378678,1.0698553209512005,0.0
50,0.2298380176908761,2.5693158420579247,1.5465217802790223,0.0,0.7627116739042539,0.5587708383755927,0.0,0.8086046857455449,1.5630255274021985,1.5753684111339994,0.9219136221123152,0.399999920000016,1.0597819751444126,1.1814478474201915,0.4810187820434869,0.6521311148181883,0.8849521929290685,2.1556203745689024,0.874906791361698,1.5864814902844693,0.35180982984582543,3.1621589033470783,0.8779974111663877,0.8077863945082144,0.7051172017066067,0.9622733282226454,1.1274279516900811,2.2153364511201774,0.06458499825828436,1.025065511335634,0.5442523603810028,0.5074069194271871,1.1131039338976845,1.2580406427927535,0.606023661086081,0.848736257960132,1.1881991456776417,1.0513695550152833,0.8798118229121845,1.7480421829521757,0.8008891163703635,1.1489294212823584,0.332241065406829,1.2569209771052534,1.244906358407676,1.0097231262909316,0.7962284684996932,0.972838057604941,0.8223892284776116,1.7072132972190943,0.5916335776837113,1.0260055415628586,1.150504921599099,0.0,1.3915388722121413,0.9508910290054943,0.5635291418679814,0.22678061391000168,0.5916395277798709,0.0,0.5144230108227262,0.9596515548809808,0.0,0.7601704337925048,0.9330874705282561,1.0056819398909786,1.6222891670496935,1.163104746190026,0.7074126677161636,0.6019514297465854,0.7756869471002961,1.3537143146408785,0.0,0.9857228255699773,0.7351674118350947,1.1393949939139165,0.5995550425398379,0.9746557134326772,0.7912587236714937,1.2335019458522085,0.8908299004885982,0.9654435612912584,1.1354151396620684,0.7647683741872406,1.2018106779166295,0.0,1.3340420166941471,0.0,1.4866266267537962,1.745075808980023,1.8959724168883858,1.797028966346772,0.7738550389440847,1.257193457387134,0.8004121118988747,0.8144340731023848,1.3367102123080223,1.1814500960706233,1.2940515620324464,0.3258546626108616,1.492179119314341,0.2746620625637197,2.599109243711357,1.374938729039216,0.6798889295173471,0.9539649795395071,0.0,3.753363114616722,1.2222908725631136,0.5540210478721783,1.040376325593627,0.8358106848886443,0.605029843788829,1.4947155416184623,1.3740646209597682,0.5206196318437689,1.1157452128963405,0.8151596257595713,0.861350624217291,0.6299256252657269,1.1996626785923594,1.058864931660074,0.9846984786241535,0.0,1.1208421888424587,0.5478332058870305,0.8674936852380303,1.027128580199746,0.6529300381048034,0.4678127427205999,0.0,0.20360876961378055,1.107576449943912,0.2719310065627879,0.845910774421638,1.0201902621910304,1.0228936305842715,1.1764138410742362,0.7891799662662163,0.852662292935195,0.5994190190792144,1.000086555577986,0.8447893486765539,0.9496645991722843,1.7813218401655275,0.9848399309138878,0.9728154077728698,0.8777139852051055,1.289025903519538,0.9381970338274179,1.7614037641431328,0.9497656376177829,0.7632001098827788,1.0514896442339716,0.1675848312188002,1.0015047928161738,0.0,0.9875486841193788,0.6200300992314136,0.8071270508908697,1.2181958686594272,0.0,0.5485878374371324,0.8071118457307022,0.9419419712851895,0.3646119531471351,0.0,2.2385718280564326,1.2069620294424033,0.9797513688129275,1.6006086105807427,0.997643988338962,0.963743350491885,0.31817003883118955,0.7683900707900836,1.2099034747568065,0.6776471906086968,1.4568684687110616,0.0,0.30070461624342926,0.8273032902660192,0.9701258918124358,0.464931487800081,0.0,2.1809943428618976,2.326921940900877,0.3022883135317196,0.5338613867773192,0.8145909822080548,0.9049916496499884,0.6790554209917705,1.5593582780303241,1.3333026086707265,1.4101290537187394,0.8662667089227905,0.7223624781131244,2.040982847761148,0.7403906308757445,0.9276730200417556,0.9812016130891399,0.0,1.0186571362010381,0.0,1.0531680125632468,0.8330196525491735,0.986928880409732,1.068122659729462,0.9167254103733473,0.0,1.1043475234313718,2.256293327586845,1.8350736058794215,1.6331515085918493,0.9255131059619814,0.06574674618953942,0.7361720385371349,0.4577063100401293,0.8297854731523077,1.170373669199271,0.9560223960086415,0.48585250823752096,1.0710827863011567,0.41378084620228595,0.8569707696698872,0.5809752134720997,1.6601965471066213,1.2837467637628648,0.8391566391924971,0.0,0.8247513776832133,1.1501631739206668,0.8302768464871131,1.4046354083064112,1.3348211708126492,0.6965846435892674,1.2877131131603183,0.5851088792482522,0.6215627044902381,0.0,1.01923295630131,1.326676686693452,1.2931224310937037,1.2005255654584497,0.9751323145755888,0.0,1.080921122429999,1.558616319533432,1.0785253883091146,0.917499788708305,0.6899069185705935,0.9361960941962114,0.8111649438425543,0.8161138882859347,0.8732961658288391,1.1544230308068038,1.3054652774370203,0.9220814026031723,1.1683586947755855,0.426039505406903,1.7052143099677688,0.4862867649921986,0.8587338536559265,0.46737339055218025,1.1958990031262837,1.5430318746632616,0.8367219074953178,1.0935353760246087,0.7988275427645009,0.9692655175501235,0.9928562212529041,1.7620814564180665,1.0349498400270705,1.0576186479796026,0.8096460023781056,0.8832600343597432,0.0,0.0,0.8377804446968752,0.8106036911061398,0.6476102209836834,1.1786511351147937,0.6111476439892263,1.056849957203584,0.9468302204531093,0.9454775087615868,0.0,0.0,0.7500641567558664,0.6420880107735412,0.0,0.7050161124168002,0.9588845936971169,0.9651428232494934,1.0485139765687275,1.2150952499542733,0.7240544536685701,1.2590533629727616,0.5949998648282793,0.9626522160170997,0.7236961759279618,0.8089534794046304,0.0,1.1382051008775558,0.8678243563545311,0.24709977974757344,1.075956987300658,1.0313617049184196,0.9833613115739763,0.9712344390188591,1.1625920697798082,1.2331986324542785,0.47337853551790415,0.7821391185416238,0.6676686188829387,1.1281105578870758,0.7839969568053873,0.33591948314712716,0.9659487248015051,0.0,1.0444983891732207,1.604058732688427,0.5578954241573184,0.4518059998593734,0.8176422587203922,0.6548115827939285,0.0,0.5652288326350178,0.0,1.0855732740815613,1.4265938387876362,1.2464958831736515,1.4517501722622157,0.0,0.7219155160718727,1.3159454724598052,0.3793966002968919,0.8677140535859551,0.6526263512149606,0.7024955792264489,1.5953654649152647,0.0,0.0,0.8613451409863524,0.3154762362342821,0.2523734067615673,0.6516187202733237,1.2068330608175137,1.0774882600383753,0.9712793191921867,2.4133078997361608,1.4674204290712143,0.9261873889742711,0.8546871120355529,0.7730733944002406,0.9866098950528527,1.374691512929551,0.9022419519059028,0.6534147136718816,2.6873376573595227,0.8163082310940916,0.5947113848231856,1.258909462554575,0.0,0.8107167038171186,0.8426595073897978,0.4644330047024452,0.04357638591979723,0.9959039983867446,0.9357851284317039,1.1619007984448282,0.6838940624243821,0.1400481092110925,0.9412114696742708,1.1812397853505319,0.2108626650451242,0.854731616191862,0.7678670971260559,0.718103714028005,0.1286916273900328,2.3015362228796272,0.623787097449567,1.1642874938601793,0.8265656268226509,0.6291498113058637,0.0,0.0,0.9028321626604039,0.0,1.1498144514309967,0.8831447450377137,0.48198944743904454,0.830724617975399,1.1738272385406892,1.2695488274197797,1.303179216379098,1.710678238758514,0.0,0.11743089235437099,0.0,0.0,1.4364773289071153,1.005518989173762,1.4501421196888087,1.4586455590226088,1.580412631363112,0.9978143016137477,1.3718557891966494,2.88817525711176,1.6101351019237669,0.38324642535681,0.440262225882487,3.0823829344627685,0.6190900445735332,1.0844119223067894,0.798053149797435,0.8594414598418103,0.5222858062810685,0.8585847662498308,1.4046695822876796,0.0,0.0,0.8002479597883896,0.5675082089817771,1.18281729600379,1.2225877776730294,0.7263271713356625,1.7478521507992275,0.9635406841445529,0.7009093027332374,1.0858607251807384,0.0,1.0236190636225029,1.9105130731757956,1.3985667009424771,1.535668617245493,1.4393269000046225,0.0,0.0,0.9188746378533442,1.1601866130921143,0.7354990404017662,0.9123485442810924,2.2736572361380807,0.9631110722088325,0.8700876293146935,0.0,1.0130710021757845,0.9169930577853607,0.6607074711702245,1.0460237193570319,0.3105057210571124,1.1109970081405072,0.9190394381523469,1.043120862811115,1.3732054243276393,0.9708791934270318,1.001849252164957,0.9441309477346427,1.1221793134877927,1.3970775744906265,1.034252509262277,1.1386132890619782,0.7679216997923393,1.0061677084327014,1.2783261521394556,2.3082869542967477,0.7261580942277743,0.8261235717231941,0.0,1.1575522389127981,1.2245998488654566,0.0,0.8688559751969395,1.0346399069494339,0.9418912627753915,1.1697107040853771,1.0506285654446859,1.0774373430634205,1.7513505259291515,1.2654076280565352,1.2583390029857187,2.6470829108815845,0.16863902335307543,0.8525703365193575,0.0,0.7160691228514764,0.17090980754534918,1.4428896404342528,0.3767140915566763,1.3244111845598956,0.8275514144345419,1.1029228923263688,0.6762796778729563,0.7083025201527531,0.5788201911088469,0.7318115801885557,1.1529486886919813,1.170356444146777,1.2202578552703087,0.9837098522998744,0.8098307214368331,1.1503649375423526,0.7023840287256076,0.7829823944225542,1.6950436517320577,1.5353202376094521,0.3044852334672006,1.3756722304123068,0.8125588411229246,0.0,0.751553162581873,1.3091598705564096,0.0,0.0,0.3584641191006036,1.405492238832236,1.4523570937425596,0.8150584705990356,1.4799160560527223,2.6421565673404865,0.7813669419658098,0.6439831824940851,1.3133597673706323,0.4802131139566158,1.1498147187097825,4.286667574278404,1.0654690869060781,0.5681264986719854,1.188730048396145,1.0111426509681722,1.9425770545733296,1.1581814315102141,0.6836780842595708,1.174034872309201,1.1339184499880843,1.1965314994021041,0.8122272128198275,1.6891263681478,1.36090509431438,0.8805596374441059,0.7462795884215031,1.3865061124115106,0.0,0.9264429926340985,0.6209872052019602,0.3768500573082072,1.9472145103295349,1.0811635879103116,1.0912232494744476,0.9717054451424139,0.8729190414343191,0.7054697313417184,0.9673782302895133,0.9179086467899762,1.108966439419314,0.45717583250386906,0.9312458586798142,1.2582812900372136,1.3300718613230007,1.405873944064862,0.0,0.28811130311000577,1.497765760699945,0.9561169025525558,0.8535214033112057,0.0,1.251918216372843,0.4346263677694355,1.0179362014743494,0.8519467092778437,1.2200140400468533,0.0,0.0,0.6376478063496451,0.7599448362530001,0.8853624541550109,1.1828848123898632,0.0,1.3448291730064779,1.0137370194815023,0.6272006128647182,0.6419605798057867,1.1351259476928681,1.048838968558378,0.6817706774437766,0.3452670190558212,0.0,0.8976505727342932,0.5755447620355507,0.84636430778641,0.5774074072837428,1.7763476038644628,2.1600902401939845,1.266692050037054,0.8531804744912999,1.1581592559237217,0.715187029538976,1.4320735364253296,0.9382160261794683,0.9259782478827561,1.0768593661565316,2.960866606479124,1.2629127325391816,0.5495281951915467,0.9301033442642513,0.7845955086076705,0.7341009321472094,0.7441736833991456,0.8836585900598851,1.1827755553756392,1.6670343040870719,0.4381994466504584,0.9231428090627738,3.5507352743921174,0.0,1.361867832861207,0.5653976555377007,1.1309036520317945,1.1851428309583938,0.495089140884381,0.7383795095593881,0.1474480905660046,1.1002959926366238,1.157144620619437,1.1125016591334396,0.6480458737946457,0.5986475285199631,0.9433486249811596,0.8259648679855918,0.9562886377996627,0.3716518609988245,1.378822322929738,0.9366628782434012,1.4331046561976968,1.513263719835571,0.8553600799047452,1.3798925577434697,0.7649255661688296,0.0,0.6912658767063264,0.9226050489419193,1.436447208152467,1.1331929381740855,0.11235221957032618,1.2685958213835937,0.8495089883051343,2.380187945335946,0.6919853319033482,0.0,0.8683752193376931,0.8545573054453334,1.0599075160087104,0.7194679739303156,1.0863513311553752,1.0884275903554914,1.248200041381693,0.47981619818349674,1.8512267519525145,1.0310337988242426,0.0,0.5638911781441063,1.150047186235189,0.0,1.4729433401530205,1.450838425096411,0.0,0.0,0.6955503746194367,1.1609381890324206,0.904780697538027,0.5333332377777951,1.257868322527787,0.8068053324816225,0.9474592598193106,1.2076094611366943,1.1300780429742696,1.3161451410671883,1.5435597331334634,0.5689539874496522,0.9867455468634022,1.1659992079025008,0.7932491128983922,0.7685254052260854,1.022376026134985,0.0,1.0118056233074635,0.7919894606498347,0.8605463749714755,1.019472833869473,0.5672032986726112,0.7855094896553951,1.0947524776833597,0.42879018474356867,0.0,0.0,1.2627496227833555,0.6552512345401144,1.1513181401811472,1.1724320435877873,0.8909019555971864,0.8480354231795829,0.5813099319814403,0.6625286278529463,0.0,1.3985239659802335,0.7562276553141531,1.4413007464862817,1.0673049297265447,1.7262040110781363,0.686318030761999,1.3665381599395166,0.0,1.4545606321750337,1.1768864147628448,3.156890246940748,0.13863697911788259,1.290176649870203,1.7110359901350964,0.7835311693293348,1.0799097318779425,1.2814739589375332,1.085208061758087,0.9166644268824645,0.8572680800802901,1.7146906468190692,1.9563099389824923,0.9000362454447307,0.8191429453630171,1.0641787947709744,0.9518443858313621,1.494356884223173,0.18731286156844718,1.0551468335021084,0.3429934435734783,0.2770991389262314,0.69078933825481,1.2727182571185005,1.190757672504326,0.9229549196880381,0.07420821492154896,1.0594385449490058,0.7978869950786843,0.8299673438052866,1.3727829826721196,0.6782648200801538,1.1627819869140694,1.1305446848566922,2.354016926495208,1.6221810423016882,0.6129753647530307,0.8071623074400003,0.6671473777930346,1.4272915416436542,1.0164812712874085,0.7890839049428179,1.554840536808547,0.6552340722005127,0.6371056246878545,0.8915289168576122,1.4117267959190793,1.3127197025634216,0.5919218711266598,1.6827699326979069,0.0,0.0,0.6916179807957203,1.2542615984762524,0.874245332144542,0.7605567869927717,0.7025228684381448,0.9333513760503355,1.3728239747299646,0.8895059493237598,1.1208856003062975,0.9398178202582983,0.9622680697769268,1.4321755137763719,0.5295722479786085,1.9288029050435842,1.5288368111406023,0.976084431434061,1.3047618003097212,1.6954504391380125,1.0579266026895306,1.1100682369108155,0.6108021665057332,1.7195813625558931,0.0,1.0883386217698017,0.9990685552038461,0.8054281050618921,1.7753421259806017,0.6676025313757071,1.1586988551893902,1.889021062746611,0.6288487419374692,0.0,0.7362444014153056,1.1685544262785124,0.8057784482605155,0.6227684001362784,1.0697009890853506,0.7335269390237351,0.22937708531281084,1.4184409972145269,0.0,1.021714941732248,1.6619973941226625,0.8051339156793094,0.5298323353283009,1.3818149757298688,1.2108602538332927,0.3396129708240026,0.7430666152450758,0.5368753791340128,1.4571784624490336,0.7441092612985495,1.5156717064406808,1.6084859461138106,0.4164603276356783,0.8751166993348698,1.3983836516309505,0.41403160250707016,1.2274375612310688,0.0,0.7587958809588038,1.0041418293703592,0.46440845451505663,0.0,1.2002128052658092,0.5620382573543024,1.7656629377844038,0.5655727507389204,0.671362080701291,0.5902513792249127,1.1896594503811695,1.1727303761519496,1.5608530972993557,0.9880878839072202,0.778532002101856,0.3909268100986282,1.083224079379143,1.0951152226115828,1.1416279303803156,0.7670626277589505,0.0,1.280902185334475,0.7798164746450333,0.8101399029428655,1.3922295568744132,1.1044572796533605,0.27864583823903344,0.8137044129005202,0.503365453741916,0.9154874643357696,2.145691247101273,1.1034432122261588,0.8309826382051897,1.3777727942758218,0.8109390887295221,0.7634419738325664,0.8637098704541093,0.5631903481679481,0.8817429420681991,1.0123117737107776,0.7491554997792834,1.5732923119906967,0.951798778940105,0.0,0.6604938519396834,1.273151702850401,0.9127360182749109,0.8741950711452577,0.9781238576687953,0.44289276205847145,0.5431724144496739,1.1717110712451624,1.2007194262884235,1.0117685976352064,0.8657569639644912,1.0792332223170613,1.4049067328500113,0.35338434192878354,2.4495651254682573,0.6078213596664704,1.3375898028692124,0.5649243196063163,0.9473966276376178,0.36475751716216287,0.8311243718981037,0.9525169678434179,0.9307141336816375,0.6632593041912875,1.022655090586805,1.1462275141729685,0.8874611669816728,0.8897987664328106,0.5237114582263305,0.0,3.034087484863931,0.0,1.0513274022148127,1.5067496400945097,0.0,0.6835766527378913,0.9865052038375084,0.7365004042462229,0.10179736962465694,1.2336734697595242,1.9022383970421548,0.8279014400367775,1.4083890600253512,0.5228128184364148,1.5411731625952165,1.4243938265762548,6.84563443995721,1.4284687420918036,1.524638185277545,1.0262917824037396,0.7323822852453967,1.7953092509170259,0.521972039273874,0.8715548755419997,0.8154447122290716,1.6195389105216693,0.0,0.580218439587302,0.40460323830405764,0.36993006030864867,1.1981342818918574,1.0148930941288206,1.4695930921794025,2.2626772733649094,0.549946691054932,1.4076049748111097,0.3220400957306835,1.7253014154319704,0.0,0.46413360843277274,0.7009987700264232,0.0,0.24299295374202873,0.9066869757172076,1.0776585158495404,0.9110579470543743,1.095899566370721,1.2915293238843073,1.438359927816362,1.2232003365947226,0.9793667017622899,1.0379079167701877,0.8914882841439509,1.2791356671811593,0.7843520577925349,1.628707167735391,0.988492942612604,0.0,1.0401721478353496,0.9147002920570609,1.2185176039582915,0.82662799462361,1.201034172877381,1.1163504984548527,1.3335111759137162,0.0,0.7904924401846933,0.34344351764468195,1.0469068875498049,0.9706151399564706,0.6444295553341768,0.9408387572752641,1.9364025488309586,1.4107246429170488,1.3104951986714073,0.6280675967459401,1.2523438647287843,0.564644520731844,1.0918450861340991,0.0,0.728235164949292,0.8089756544995925,1.058093029942732,1.3839738484414448,0.7418882769399107,0.9753507801800289,1.0765022454770103,0.7023219584021834,0.35600356831848984,1.0700648320197996,0.8486221245907873,1.0396203466440908,0.9266888124348956,1.1354296187986956,0.0,0.0,0.7861887912599062,0.8553070255302317,1.166818069362996,0.9904670053256747,0.0
51,0.6686196802300532,1.1505087432999561,1.4634708280938198,0.0,0.8678386107728602,0.43016443546141064,0.0,0.8017715887969303,1.4381496274619228,1.4559746233039146,1.5077602097182017,0.099999980000004,0.26494549378610316,1.0653463972235753,0.5719150664838633,0.6040978048805574,0.7540945947717183,2.1258090601637027,0.8381698338376447,1.9028778321914197,0.8044292773925883,2.1081059355647187,0.5976816992306255,0.9290529217420735,0.8671476337232936,1.1051157772378464,1.1927157501550234,1.3189797995126908,0.01614624956457109,1.0834802552437313,0.48637358384837054,2.0296276777087483,1.033663416812972,1.2374469703933824,0.8749892138190087,0.8571096259567571,1.392068223821111,0.7009130366768556,1.0256222223916551,1.6501990776219781,0.9035490817572975,1.1857239310593937,0.42921857575176514,1.0322181030894102,1.2347790713311604,0.9099385105562222,1.0454942520289299,0.9738200247803046,0.5539932437595891,1.107036814622465,0.5507285350593557,1.1557587881450069,1.0363748335284944,0.0,0.8350765487968952,0.9515649219296107,0.538389352468076,0.37418801257353507,0.713583484570657,0.0,0.7184065005481741,0.8858113420272202,0.0,0.7420321227305953,1.0050838607076806,0.9871046214874288,2.167968244880777,1.323828169254825,0.6012448901745828,0.845047196891863,0.8402785149447719,1.2131289581211888,0.0,1.1376104631931652,0.7597596318324256,0.9060137651684504,0.5591705115004904,0.8737917693045625,0.6889595293502244,1.197769730419984,0.8445793646341933,1.0611474118225175,1.1367181355989362,0.693704651074888,1.4570465773449488,0.0,1.3201920995978607,0.0,1.4213381708252326,1.2768237300985272,1.9151103194915153,1.5494736430780198,0.7118538940995269,1.3942330365821443,0.7776358888209076,0.8200588236475623,1.1396956114737804,1.27207572852457,1.5684016071185685,0.2172364417405744,1.2570788607460393,0.3871335304123946,2.284845217578016,2.07567852844902,0.7927012519900096,1.2398406758827551,0.0,2.5033524191251932,1.1904613359607934,0.6004704713584798,0.8321276994487266,0.20895267122216107,0.919135363031125,1.6051267792666026,1.1734439965351682,0.43415129202491143,1.5463813521992598,0.9336239519604416,0.5992847635009066,0.429773164331926,1.1382977284855393,0.906968133920675,0.9113907304607407,0.0,0.9837999257076286,0.6573998470644367,1.014636579716559,1.0215457784990563,0.7753937565101567,0.4142874391662465,0.0,0.4471798335734997,1.1578996055105806,0.38847284986943365,0.8864723231942417,0.8009792798019373,0.9393720292979084,0.9751650346203642,0.7758477375811291,0.7076795872767313,0.4106925447669648,0.9980822930719349,0.7151891560914845,1.0648315790562146,1.0287237540694991,0.7394955612217858,0.8234800607924977,0.9715794133065745,1.2063105330824184,0.8836460599763262,1.6498661334481821,0.7629264940866636,1.1780850918151071,1.072089232949378,0.28994080118345167,1.2005309463855691,0.0,1.0599743311844794,0.6117195509863943,0.5988112559393224,1.157484938067507,0.0,0.49243631507425556,0.9044227498043915,0.880830502096132,0.16466346278749117,0.0,3.0266990972078887,1.254321190939522,0.89869755305725,1.7256688762740084,0.868826205781867,0.9337704395079434,0.212113359220793,0.6883798692521307,1.1358970331488436,0.8257190119841411,2.23672162755187,0.0,0.3385416206725467,0.7132328707249085,0.7192619987149282,0.7180191925426104,0.0,1.581346832630778,4.371792730505696,0.7147943472698963,0.5931618800441065,0.9373147745364364,0.897934611693396,0.8498844339099697,1.4521491868693013,1.3349729445037801,1.3657764586712202,1.1670903777357036,0.7650838967734606,3.061474112189992,1.0584958574016659,0.9184487777481676,0.844899862868564,0.0,1.2247002952165023,0.0,0.5525962499799421,0.8162876950033856,0.8461768425928322,1.0865919024788275,0.8891765943325791,0.0,0.7389994785580651,2.03545723712051,1.8241458733460112,1.6782310357646217,0.748962895190088,0.0,0.7555803206284885,0.4614619751165185,0.9187135275424435,1.1895021322721138,0.8800571845390671,0.7256091700561764,1.0404700583149133,0.2156643438713774,0.9163147223386483,0.5931153358074637,2.134538417708513,1.3875662582761197,0.37449965630055504,0.0,0.7698685906272156,1.125600433604092,0.8038119241858916,1.543033429604014,0.9497765983598256,0.9393694922164413,1.1796604741322607,0.6170744436207102,0.5552045785396129,0.0,0.8418640686945942,1.3685227962571729,1.2755697504840617,1.0543337611942243,1.0683183358866428,0.0,1.200093440569325,1.6056685532045671,1.223883034505366,0.8760633284210301,0.6973315323438818,0.8443053745716236,0.8336975124008218,0.9333853801237041,0.9958666175135966,1.0392221720425554,1.1225605625406263,0.9848678240879596,0.8476353616403192,0.22424697168071095,2.043646422041572,1.1545989029342762,0.8596909669029238,0.4631900522082949,0.9944125219864279,1.0286879164421745,0.6156852624789875,1.098729860651018,0.7277251683581706,0.860877532117726,0.9081304812686748,1.4181039314249433,0.9722829650932782,1.0093316129091385,1.1149508125814478,0.821138931132216,0.0,0.0,1.151431738892979,1.0651031456686826,0.8334032814264023,1.1355317850380813,0.7824682500638592,1.16563471418271,0.8284764428964706,0.9503844465077751,0.0,0.0,1.042914087727452,0.9345651526290382,0.0,0.6673278592014054,0.9242821139207128,0.7664697844745435,1.24423937499612,0.9205293611992909,0.8093395751761049,1.009184354547433,0.5949998648282794,0.9929984702430986,0.5052760940703591,0.8562900663349629,0.0,1.0193035987768595,1.0760377636018936,0.6962614493101709,1.0735939815661277,0.5367241641902352,1.1277298312138706,1.0055523949563923,1.068966939989701,1.109878645889049,0.44308768538997345,0.5866087236642816,0.8155556199315481,0.9519218711026729,0.8729453710145071,0.08397987078678179,0.7185090551394648,0.0,0.9053633474096197,1.4005972869383785,0.8166277750137863,0.2741115763904293,0.5031644669048567,0.8505654624478223,0.0,0.7903760326537963,0.0,1.2519446536028374,1.3124286016500406,1.1634658206362392,1.542916833136258,0.0,0.6866793856217631,1.138334950469424,0.4600551027109434,0.8922866464442216,0.5021832623010889,0.6723074048577514,1.65439405861039,0.0,0.0,0.9592813471268886,0.4732143543514232,0.16330043993122872,1.0457148939386491,1.3848775215379678,1.0580585362189123,0.8198673555090578,1.84561740674192,1.4986447997481152,0.7613217555755994,0.9348073213975502,0.7660120387882912,1.2247570993687045,0.992272389963557,1.0770678751433824,0.7315426828125429,3.821058182351462,0.6911940418953186,0.7131313295333371,0.9012206429216221,0.0,0.7077748480056434,1.4571622724910562,0.5289832281568303,0.0,1.0141710365013508,0.9347443840347435,1.1154702435090438,1.033982680539291,0.0,1.071694952367104,1.1434647351496379,0.28800835646873746,0.8871314842912443,0.6770413147665674,0.3384954544998809,0.5791123232551476,2.5380509192164893,0.5611933703554471,1.1237120828541816,0.6635772431298892,0.7098357237235611,0.0,0.0,0.9029041596675388,0.0,0.7868726932212593,1.1939891980673556,0.3131143864956445,0.7555079704627838,1.184535019823302,1.4509129456226053,1.2090998582664396,1.6632747592826034,0.0,0.029357723088592746,0.0,0.0,1.746238575547631,1.104222141960282,1.2180034688894095,1.596402538223921,1.3861842993055404,1.089860968680388,1.2867622129027796,2.5004893064429283,1.4770657341425424,0.5109952319165053,0.542482868663432,2.0549219563085126,0.6440015054579313,1.134928657793345,0.855332311543395,0.8191193142302874,0.5847485575245468,0.7414833139506977,1.9081316285025463,0.0,0.0,0.7338574953008722,0.392425889446434,1.0089685356812805,1.0618769601256641,0.9855885844599278,1.7104296702409663,1.0474310443483819,0.7796204229083374,1.20485759937642,0.0,1.1764378665837425,2.167753126849988,1.4527121795516806,2.1060598028933954,1.011311311203338,0.0,0.0,0.8142382763590278,1.4131832110490579,0.7683260626785033,0.8252616388133633,1.8282580050566473,0.7964649012920793,0.7483612597661509,0.0,0.999193311986578,0.8725821318756639,0.5271064927249302,0.6324464045113659,0.3795069900072601,1.2210400273425406,1.0046400987965658,0.9842558175218453,1.9120759889521797,1.0688161916532124,1.4031240714997386,0.9487797054107076,1.158465937915797,1.1054472430027502,1.0724308031750964,1.1664195880379449,0.5514798957646172,1.0203943613348925,1.5400353680245553,2.167034431612295,0.7831219557634392,0.7734784252791624,0.0,1.06530758111944,0.8211771228193434,0.0,0.8195388836384409,0.8825115659681655,0.874625543085617,1.3536805427588687,1.0192854664485855,1.2207034716832403,1.4424806985292724,0.8396676870415798,1.4997404957841693,1.7974260296797868,0.7293637747372587,0.9821176440092059,0.0,0.8215423143633558,0.30358978897897115,1.2547986991250404,0.41851405889463217,0.9088498173085954,0.7884209734437452,1.0879149662872785,0.6681439619466802,0.5678150722465065,0.43013848868630045,0.7248853862061861,1.1200308371730479,0.9019454074203419,1.0291858170652919,0.8989567642987288,0.8814402786099624,1.3131365874535905,0.6335468640988575,0.8224158108989443,2.987873584162728,1.5165316699048628,0.4527441307802607,1.1532366962294023,0.6962151877067894,0.0,0.6925547779074049,1.415163049442745,0.0,0.0,0.06994421810519992,1.2421099419796309,1.1876657197372726,0.8614970166072329,0.8776247713562773,2.180827609599304,0.7385146058527654,0.8971711782594487,1.5016363077464876,0.5998651090816867,1.2736492768066885,3.149388484049601,1.0130441262310719,0.7062168776457969,0.8861152012003624,0.9215288500548828,1.6023376577551534,1.2205204922623345,0.6910110298020178,1.6412701032943564,1.0513912286463807,1.1612322142010025,0.8509522502629154,1.5339808697716077,1.1473732437918256,1.2428725649942272,0.828702109504101,1.6743051142909944,0.0,0.8416125051164018,0.44841627742752566,0.07537001146164143,1.68729739489075,1.0862910336561844,0.84005257972297,1.1734600077060757,0.8847904158588304,0.6232914330625928,1.0175583633202891,0.6755310707683521,1.163480242938086,0.5324072973619057,0.8333804643077207,1.0968992687581036,1.1026851034240375,1.3009341690956862,0.0,0.36264444348063407,1.4958093845866087,1.053726212097685,0.7336878778938873,0.0,1.2824808857323853,0.869252735538871,1.0053866667416385,0.7732205126892209,1.2341911520743056,0.0,0.0,0.23762809511715308,1.2916456764590523,0.975330054302249,1.3607644699646784,0.0,1.6369779542642808,0.9921050282319189,0.5086550346316604,0.3661564064570791,1.1414983415102546,0.7394560407194356,0.6338562747491879,0.23017801270388077,0.0,1.019859096123502,0.7050320362392437,0.8779971464359467,0.5392520563187466,1.810272127527828,1.4784409154711746,1.5117023319977574,0.7462706126797399,1.1999867637973987,1.0075463178096218,1.412942432608071,0.8522386311037425,0.9847796139314083,0.9200701076674257,3.207605079121185,1.2629127325391813,0.7896760238167915,0.9181025305150672,0.7518741400540827,0.7056247468805297,0.6619951167445537,0.9341285350357154,0.9482050317935223,1.6517782654955866,0.6840186471265947,0.6130113488579194,4.919138504762911,0.0,1.1960640373093088,0.6270052731199782,0.9604672675718339,1.219306998547352,0.6056366542795606,0.522268434066641,0.17386579619956694,1.0338877557107629,1.0651344200367718,1.0900496479850503,0.5074912403597891,0.7049672621353941,1.1308579650194548,0.6822858511721281,1.0497579181351506,0.2997192397760232,1.2486018871068385,0.970040476982305,1.5676608519537365,1.1145829570124708,0.9051717212924038,1.1754640467596422,0.7343166342842107,0.0,0.5103680067791869,0.9579498753001939,1.5346705194436046,0.9803681889123108,0.1821927858662187,1.4957962842636325,1.4470404739156095,2.5068291546317423,0.7003021642974951,0.0,0.953404934370119,0.8730409600400338,0.8949243579411992,0.6011440692943886,1.2814734871178124,1.1861591469543613,1.3764479434201655,0.931407914017139,1.6014021240455265,0.9229626060947248,0.0,0.5611840075255272,0.9950864042652612,0.0,1.548843799452761,1.4932507460472688,0.0,0.0,0.6701534678539565,1.5540717651428047,0.8326674041966641,0.08333331944444676,1.2035864702727594,0.8462966433138563,0.8979491481686799,1.2325737392567553,1.2006680530382157,1.5061749829986195,1.0290398220889756,0.5461541766456467,1.077289846283935,1.1947183326760844,0.7783601679878525,0.7773979938729779,0.25559400653374625,0.0,0.8719179890141738,0.5748611028214524,1.0784190652755816,0.998808536327443,0.5198737209130938,0.9295735398519307,1.2654672623051315,0.4910881506375371,0.0,0.0,1.270200488798889,0.675944764137344,1.04713450035298,1.6279828117776707,0.7756618943758642,0.7597557512853133,0.5941623996192852,0.685453515294577,0.0,1.39293459579658,0.8258091385329054,1.8980317392350632,1.2528635232771823,1.4593149589317234,0.7107079530166023,1.4789336317144604,0.0,1.4903242846242293,1.028703763625605,1.9938253491617115,0.39927449061703824,1.2370655375307638,0.8942990400934068,1.1069528190819529,1.266598781217552,1.1229443846901206,1.2522060112217586,0.616374463427531,0.7614064145124446,1.565668390323895,1.7101980887303359,0.7727978166027731,1.121776056623745,1.2250999529783329,0.9097074336246649,1.505389376676596,0.20434130260039102,1.0935020730825242,0.5412218135991037,0.05195608811570101,0.5612663430627509,1.1944091982240241,1.1832282016022033,0.7143613924613161,0.2968328596861958,1.002836721860827,0.7361681177416647,1.0783171887693204,1.2563977280182075,0.7188693865100093,1.4462631409306486,1.3200407181406975,2.2247785784729337,1.0768734983316262,0.4902577249190939,1.0397024294962462,0.4996206473994525,1.9310415008103679,1.0548338096853997,0.8385935672178714,1.119595170436177,0.6651831153728733,0.5582549416205594,1.105168964038573,1.231710478217299,1.2820287586158527,0.8596062825689956,0.8193880138079325,0.0,0.0,0.6911704413771101,1.1292180554834426,1.095235114466702,0.7943232208206807,0.7952698049628714,0.9210123819355052,1.6303860457172943,0.8933238663385481,1.1736620410677003,1.3937909959782278,0.9648968154783135,1.6505419420207592,0.5494952131893044,1.9114631906155184,1.16731419177668,1.2039527421535166,1.0654761024596464,0.9809650840062006,2.115852940897675,0.9288356304242538,0.4122255261358515,1.9727880284604602,0.0,0.9899432988899791,1.1426583983945637,0.9679322743710103,1.5464413501344367,0.5983935833260595,1.1490539116787604,2.0497222252251555,0.5644000391425128,0.0,0.9340662320947974,0.9873948576873146,0.7376204962770385,0.4983527299016485,1.0833467085182122,1.1002904085356027,0.47309023666566413,1.5111462445306951,0.0,1.0752725529865779,1.8023310681112206,0.4551820921395269,0.5901074955110476,1.0459082845042753,0.5971379192603994,0.3901174719508708,0.5123137327738245,0.7067059491512512,1.2184521162298791,0.8793524250250859,1.654684944980584,1.655310937293185,0.2886652231633095,0.7957142184236448,1.5265834873758064,0.39244849431845047,1.2494245310358103,0.0,0.7670073767283017,0.9993339073812831,0.601868677698107,0.0,1.1838123446334452,0.6885087829127728,1.8668455703970304,0.5684544430130354,0.6376591620324353,0.6222975238330221,1.1690214412644493,1.2653928740510016,1.4852593187019991,1.0815560922382552,0.7212339696253061,0.19069600539127224,0.8002520710171076,1.1824412196642273,0.9853310963126201,0.7589525863402994,0.0,1.3525477738012368,1.0769004077513706,0.7675752669117097,1.627782014034979,1.037356155669629,0.4876302169183085,0.8492807511899358,0.755048180612874,0.9398756727635418,1.7404342160079518,1.1650861679061613,0.8682242061129004,1.2074746559416227,0.8660585526019197,0.666109258295725,1.0300088810249994,0.7343477929232454,0.8365500159449187,1.111502911235278,0.6950167388946737,1.38465881674176,1.0212367075709268,0.0,0.39665324863525525,1.4824786000748298,1.1502974494017004,0.8256752614554135,0.7650469342310617,0.4589339267830629,0.8333777285212325,1.4500940616474254,1.1895593813494103,0.8033454636979095,1.2587156740103551,1.0942566605359205,1.0556699773649483,0.487984373054975,2.816155216452806,0.9794259384523767,1.1870230053140736,0.6844147741333004,0.8679967350036558,0.38123643476814795,1.2321982506156126,1.0352623692569711,0.5506725360753242,0.6669054512377042,1.3902373504970877,1.113649034766969,0.9036388306926443,0.7135807193931093,0.6348044099719281,0.0,2.0227249899092876,0.0,1.3648091406641547,1.7248318333210353,0.0,0.702073429800749,0.9926605788018856,0.42977349350182764,0.40718947849862774,1.537405804708145,2.136760910586471,1.021454481253377,1.2595697064981715,0.5867226185192513,1.565309453799499,1.337186045467969,6.5856735068141905,1.730942054146869,1.5998220861259658,1.40651992171389,0.670523906666157,1.4379065313067732,0.5314039832626734,0.8558511815914064,0.9689622257727467,1.5530623331126283,0.0,0.8235358135109068,0.4491357995471599,0.1489996064825575,1.4384386025769138,0.9781462973136261,1.2559872674408152,1.9684229230505217,0.4768056323189989,1.625911056635939,0.4274968870578851,1.6468944289225274,0.0,0.4988382146385784,0.527019671644677,0.0,0.43198748531881154,0.8893377142359677,1.1261637055817748,0.9222132494636849,1.1657706887194141,1.260135064094463,1.3627346911993365,1.2078499335327595,0.9107064129543313,0.7526687702697996,1.087416367202806,1.4128738527445497,1.023579441721036,1.5848793504870553,0.9687567483338828,0.0,0.9144072921963056,1.1949617309389045,1.307808473122471,0.5938299270712079,1.3107199934166103,1.2918992136929335,1.701967276780586,0.0,0.7896470977771707,1.5454958294010688,1.193546059757595,1.106820203819176,0.4740103419852501,0.9116285426196373,2.4103360692248756,1.4067737327030958,1.415952610063798,0.7254114013591926,1.441126238563338,0.40425613951774825,0.9992688685304341,0.0,0.6927401497527628,0.7400618887987226,0.9365426662002625,1.2797807147626639,0.7573833292277645,1.2161481067287232,1.1466588642963602,0.685076233555639,0.4617494734122116,1.2135760593932179,0.924046400596729,0.5182491768182083,1.127402074340771,0.6881391649935702,0.0,0.0,0.6680148235868796,1.0627813698854887,1.2583766135996703,0.9509321844496561,0.0
52,1.0029295203450799,0.8589987765250924,1.2469501961913472,0.0,1.0552048405188352,0.3588718297332034,0.0,0.8747933969197151,1.4069932053794543,1.2629072816386109,1.7847884424265152,0.0,0.0,0.9507892862166829,0.6690565772607457,0.8655831579187221,0.7141719397038364,1.7970968271996222,0.8969346733620527,1.8724987791261523,1.2482463002311537,0.5270264838911797,0.5082876717362714,1.14487481113061,0.9950519762615829,1.3027427976455115,1.222687700176381,1.2407831579663058,0.0,1.1864415101088956,0.47829168515825193,3.044441516563123,0.9454931347526672,1.1876399977112404,1.0871122917592673,0.9637661772834794,1.567041047688586,0.1752282591692139,1.2821245002053403,1.3620193063421449,0.8848634533913367,1.0972435303335386,0.47194541214319957,0.8751984156351598,1.2414424348378423,0.7282324348827722,1.0694826490883171,0.97330434774953,0.4699400819670191,0.9285537782712072,0.5155710351233296,1.172033355569329,0.9894342335520803,0.0,0.3683785701387399,0.965935832900661,0.7301331589420195,0.46490025586972983,0.9973452099442007,0.0,1.2353478196504983,0.7460195796158308,0.0,0.5930748525828313,1.0628596687623584,0.8067585510090192,2.0260179479718454,1.5719517011488975,0.6682982238881077,0.8624111786056703,0.9296944519976735,1.0062385055997507,0.0,1.1846714674935677,0.7971770518532344,0.7223322149047064,0.540531496935676,0.9198073163778221,0.6171172617704719,1.150713913297025,0.7900182308946926,1.2201222771744449,1.271433176696722,0.7736091396769771,1.4080058291128263,0.0,1.3637627978385862,0.0,1.4158354787141194,1.0814183952248444,1.4406222690516297,1.0084076788120864,0.6124893896437376,1.5806923958882888,0.7098687287414245,0.9757364834305229,1.0703334831144564,1.3604267343518153,1.5952344535896166,0.1086182208702872,1.0326060333746951,0.4261639072134112,2.046517393593611,2.7599934496639507,1.006962695799364,1.3040571476842338,0.0,1.2615122663768072,1.1229721957162762,0.5100282196599935,0.7607159679046396,0.10447633561108054,1.115016650991118,1.684690840317659,1.0490284818856306,0.42848986468190153,1.748006340476151,1.1119066946453633,0.5034030951699553,0.45448218734353846,1.1496312763080225,0.7848972769553878,1.0889311209753045,0.0,0.9511907630771375,0.8073331470352725,0.9740527404927154,0.7837153703066397,0.9084347793210764,0.536667542729249,0.0,0.6851073263867659,1.1258301517847094,0.615340985180614,1.0218873230832917,0.7038935451360386,0.786158677407236,0.9083460961090745,0.8418678200230626,0.7929802484541488,0.28673379813405364,1.0259396205494236,0.6852786049757611,1.029030324420209,0.782286817009239,0.6015861977272557,0.707091314686296,1.0588365068118222,1.245689368049635,0.9214523409484152,1.2958237349530588,0.5708973755666089,1.5638946604348998,0.9846930138485714,0.33249621399683366,1.1903343126635595,0.0,1.1455666931419737,0.7186980730434078,0.3294626341814968,1.1656281697776831,0.0,0.8756448222443817,0.8631948181963478,0.8109167957841374,0.032932692557498235,0.0,2.885290446426594,1.1306999220190415,0.9174933443547679,1.6199531866660308,0.8507098969222557,0.9234774528345341,0.05302833980519825,0.574715322715126,1.3234567718614443,0.6797664368559817,3.376507023548093,0.0,0.5465029015973748,0.6216646132587145,0.6536280242865325,0.9815658834535593,0.0,1.1746704409701791,4.7948693781229315,1.1628967153599112,0.6021296466360757,1.11744976706392,0.9923960090745594,1.02504981877551,1.2566776093620413,1.3057650965246281,1.262201568579181,1.3914033446184946,0.6334172269281547,2.678789768440378,1.2658193018518156,0.8718861698399971,0.8910627840350306,0.0,1.2156770597971227,0.0,0.5473500819265953,0.9121469368826979,0.7098798474816141,1.0272770895027086,0.9191478879755939,0.0,0.6559658395444625,1.8628883310776398,1.4034047979514659,1.8390961490296092,1.0074534487350424,0.0,0.8788804709830134,0.5330350099967893,0.957804750848781,1.1870379607020638,0.8615686512512122,0.7933025000142622,1.42028539331228,0.22004872657784347,0.7467309544559477,0.5886821730724423,2.608880288310405,1.601908305587485,0.09688852746835755,0.0,0.7976538080496195,1.1778408961603573,0.9288729648101263,1.7665771784489481,0.7757934953782766,1.0189082740068809,1.2002843557795337,0.870019370320682,0.41577691265077354,0.0,0.8203272673524105,1.1748392362811795,1.2331500945291451,0.8838858426797299,1.1253105710348614,0.0,1.1255332359670789,1.4704463229427363,1.1020331141968718,0.7916848800495517,0.7208615557303073,0.820605954465006,0.930552835577054,0.9812513016556161,1.053539593232571,1.0502560287086973,1.0201618914059054,0.9628118732700937,0.6604624308860525,0.14305410161496268,2.2314747823081715,1.7682886648466298,0.9569982503715435,0.4453879665351897,0.8502665996939386,0.2571719791105436,0.4762028774241108,1.247786432736223,0.8133245089560512,0.8099396028886022,0.9115848604466413,0.8763793397787887,0.8755456684915173,0.8212049296403932,1.1782923155250553,0.8453309038982839,0.0,0.0,1.3894928927816963,1.6353961992615746,1.0826326200620446,1.215861342471603,0.6791567212228733,1.231926243502966,0.4438266609059884,0.8058880699846865,0.0,0.0,1.319518131166065,1.1991563113655515,0.0,0.7603824261948638,0.919211170993776,0.39088284239492255,1.2115519561025496,0.737803369585931,0.8270842202455075,0.9648780536365544,0.29749993241413963,1.064378249332477,0.35868104124035227,0.8336293033048274,0.0,1.1029297650844625,1.21860555273125,1.53534575309533,1.1068608085119243,0.17531016293723453,1.3015042270459358,1.0157828674940321,0.7487074424965763,2.096437181893067,0.4890899959919858,0.5173189270721683,0.7100820853710875,0.8937566352465791,0.8114194241797321,0.0,0.6502294466705288,0.0,0.8128666373378721,1.222817568658396,1.1895468465123518,0.2428919492889871,0.2935125707525345,1.00956291174618,0.0,0.8801726810854846,0.0,1.2436260814033284,1.0963819011455427,1.401750580476735,1.527049330540258,0.0,0.5598030937472706,0.9777596726978375,0.3806370977635726,0.9343858651318411,0.5985939743114059,0.7210970354816721,1.5879237749350268,0.0,0.0,0.928481686144852,0.3154762362342821,0.2237958297782415,1.0954785630536594,1.4341482933023986,0.8325595631486349,0.8344136253752703,1.2059498157356374,1.4183914701639448,0.6332316444754511,0.8193204430081924,0.9360912146113307,0.7314521518422781,0.6553850975360359,0.9558188897307975,0.8849979713527598,3.4011617009447384,0.6704354619675479,0.7521638931320873,0.6636163563914881,0.0,0.7749051029204306,1.8776063312535871,0.6947618833171265,0.0,0.9797336844714615,1.0514776432748514,0.9912604715404099,1.6853103587156228,0.09803367084584151,1.2500375483685997,1.345480620094893,0.39276154097212435,0.9490438425846877,0.7286316153601634,0.21926831114724354,1.0938788328152786,2.206975676597786,0.2719960202683072,1.0691434651960177,0.7425416546617569,1.0162284635326284,0.0,0.0,0.8811780266050585,0.0,0.515312664160071,1.3883591653173888,0.36917829840537586,0.6843948236176685,1.1350159896740957,1.2695488274197797,1.2168841546395623,1.4167316241328285,0.0,0.0,0.0,0.0,1.4714495191622883,1.1065267146912363,1.087895636521453,1.4647744572221018,1.1864497059797412,1.0732349032233603,1.0604657198848497,1.9794553361483738,1.201222398485806,0.4258293580378462,0.6693422393308417,0.5137304890771281,0.8939013235885924,1.0160064734497836,0.9374825768552015,0.8556719543870948,0.5604802096333241,0.8280283814745251,1.6213361939426727,0.0,0.0,0.7009173242469074,0.3208836319279958,0.941579480548906,0.9855094961079334,1.1953777303786917,1.4620419088400982,1.356626938078004,0.80002707267469,1.4363174341049834,0.0,1.2391788293369144,1.8714935394949315,0.8985848505518085,1.404039868595597,1.226314514384379,0.0,0.0,0.6465876100087334,1.4836632337020572,0.9704609526169483,0.8007130224880393,2.333043886039293,0.6585271422996889,0.7370779275895564,0.0,0.8604164586664045,0.7245786190966114,0.5391930991125544,0.3837315258536734,0.35363151145559274,1.0659163677492962,1.0351171098620016,0.9115019285186161,1.8957952990410054,1.1183019963508636,2.1106706299391513,1.1128933321703809,1.0820561082134317,0.9794496188480188,1.3570210075733415,1.1448337763125234,0.7522629486705082,1.1274703604398228,1.8412886542364835,1.6486922054445208,0.6476359614322772,0.6641385326871376,0.0,0.8009544734004032,0.7762294862849102,0.0,0.7409844422950034,0.7027240880981984,0.9064767853764021,1.204111371156364,0.8529702199911485,1.2379814493610792,0.9754759721896316,0.7018006452856931,1.485175582498358,1.3927780961675411,1.2310648654182805,1.2276470559441117,0.0,1.0818763026812415,0.3829901938902062,1.2261400941773883,0.4861666834336863,0.7785375568964131,0.7089694321584133,1.0102177913799641,0.6754388478362492,0.5676953818742349,0.4511488491558713,0.7813723991170856,1.2862545524491662,0.8770314791043758,0.73673090057699,0.9618836114027742,0.8230457486790951,1.389734935716792,0.718463777624462,0.8591443033966978,2.844225843686261,1.3481927316728664,0.748292912768051,1.155065294525087,0.7459290144663365,0.0,0.6821226892405343,1.6193325967928196,0.0,0.33521013212416984,0.0,1.087774442101804,0.9199882789154565,0.8397983691610138,1.574562222265032,1.258169736055922,0.8347049628971759,1.2579071314458545,1.6109566859857956,0.6745597426187044,1.069007176638019,1.8896333108868881,0.9141721303526601,0.7358969201343809,0.8841585357580422,0.7257599692271017,1.5041319872610295,1.240421607754602,0.7131050979188613,1.9764809543510387,1.0265592823073788,1.1530817292126314,0.897118694240771,1.5087134744285806,0.9192583826004561,1.4365956285353723,0.9615305447127792,1.5575951806504844,0.0,0.6008675546105108,0.5196094526887542,0.0,1.4959169715089025,0.8372037950325271,0.8033656096700523,1.414150494852891,0.900095097292686,0.7412549194851009,1.0544875308971853,0.6357494622654403,1.5481919109055378,0.48032397284391387,0.9140638299628432,0.8610089638500158,1.0028757370793457,1.1299630390637194,0.0,0.43279327975104487,1.311187643320805,1.1768608457706191,0.9382524006714351,0.0,1.3282830836941162,0.869252735538871,1.0977403959408991,0.6563144927314055,1.2627563184941644,0.0,0.0,0.2130458759477904,1.7024603672287855,1.0654188372440594,1.1149835053408523,0.0,1.71317546846732,1.017632777672218,0.6510763593264051,0.15064468230688643,1.2955791893714574,0.601611942746175,0.764018730249119,0.057544503175970194,0.0,1.0828147379145887,0.7957853165850848,0.9207178960423625,0.4979747538473913,1.8137212291055482,1.0166381094943762,1.6321956768252948,1.005046640446246,1.0239625892223994,1.0472154929763202,1.2919026347666742,0.8270185927005804,1.050592235020599,0.8511114793698272,1.9739107420011235,0.6314563662695907,1.1783360080199579,0.8532347785240522,0.775373217640467,0.7907500520618395,0.8506999591649678,1.0597241375667235,0.9061417781248228,1.4053010699787176,0.6118760548112239,0.5928063087049524,4.317959230103503,0.0,1.0945991585181005,0.8032233666987374,1.0409625330473966,1.2146700735129887,0.7174639802112264,0.26166390098497483,0.35368242726910426,0.9840852460955175,1.1346094902094404,1.0242481388201232,0.3804535893309586,0.7275325350207427,1.3717735920781902,0.673356241828214,1.1576975022620553,0.5809942156349195,1.0863334780991045,0.9479557890535957,1.8975667216469523,0.7796075694779043,0.9023799921051602,1.507660412244508,0.6192991984073621,0.0,0.34412494934427357,0.9441847952452914,1.6331579831909027,0.8169411604907335,0.27328917879932807,1.65835382123048,1.9056920415778718,2.227962579345244,0.6403475415431437,0.0,0.8407163269386629,0.9289726882944791,0.8547766791342355,0.5552633942894603,1.4845651060497373,1.254248037236899,1.4682048002963461,1.0652221994569788,1.1956437246656346,0.7994301534926915,0.0,0.4272725654937818,0.9158187837209673,0.0,1.3528071350864186,1.4213298066036302,0.0,0.0,0.6477808183000242,1.1721173423258808,0.7933251171405468,0.0,1.1070944787176404,0.8427599221943142,0.8668607433892598,1.3306262085866285,1.0971315761416798,1.4689883206980907,0.2572599555222439,0.3919249804101444,1.1921476078565454,1.0120343393981655,0.6919570046175698,0.8606020903893856,0.5111877574737416,0.0,0.9268734952409358,0.6126847714841,1.232805210752667,1.2229801869856771,0.8924999524687045,1.0847607946036066,1.4318512398476777,0.6557424403024154,0.0,0.0,1.2250680021940634,0.7781525872638739,1.0302121752790678,1.6772934180435852,0.5075548164778243,0.6582968675318891,0.6319861674540721,0.8590903337403315,0.0,1.2041605770076713,1.024205636659442,1.9781565431202053,1.4985977322593569,1.1937369618937668,0.7656864602332951,1.2791545516821672,0.0,1.3391073053189486,1.1620025091549906,0.4984563372904279,0.8577007466677552,1.1364839753887548,0.8880531999649538,1.340604628775726,1.3790590681860027,0.8995851684103281,1.1536657746794474,0.5383950028571067,0.6386446588350264,1.2786142119779522,1.4233056497590848,0.9654650393716581,1.492151065368041,1.3426303769563726,0.797074620684044,1.4471088596292767,0.13622753506692736,1.211525677765823,0.8193265576080884,0.1298902170419974,0.446854359595137,1.1349409665498562,1.1200301149707927,0.6280731254002273,0.5318255382097619,0.912781057515667,0.7563234987911043,1.1872959380700827,1.0678500180161932,0.7844883161017195,1.3093321186574354,1.2615858938159128,1.739963533775983,0.7843893387507499,0.5642631659668463,1.1468219917804363,0.5335749852113492,1.98701370605729,0.9033072751363399,0.9465698166787431,0.7429140857645805,0.6727174525485048,0.4407188538036269,1.199210188639067,1.0384216167519438,1.2455181636002672,0.9877931829004343,0.39794561720403115,0.0,0.0,0.668668187313584,0.9838365011933867,0.8930658856260979,0.7122847244447837,0.9742189046506605,0.9604737480922845,1.677671924753331,1.0295350200878397,1.1500565027965266,1.6107254766541184,1.179692604255705,1.5506811090672108,0.7067574408754707,1.9314217971833547,0.61862727162156,1.1856245272122052,0.5591208299724933,0.6482054972714671,3.1737787501430477,0.909358758546698,0.4139211557755692,2.160847292909902,0.0,0.9741747088477577,1.1615018172494538,1.1259991121257222,1.0896458245998604,0.5053279520041103,1.0886359186264944,1.899722890240568,0.5379274969918246,0.0,0.9863787119201839,0.8599920396549471,0.6866282538585962,0.7020800173762576,1.181801004526245,0.7335269390237351,0.7454755200986023,1.477966241340002,0.0,0.6970732337796568,1.8579513236007494,0.17375230408084363,0.7725973155863044,1.0602508642827058,0.2601082795389881,0.5046473696746665,0.6139296796565625,0.9095897597426041,1.1621539958162659,0.985656656330669,1.2712893037947632,1.691967724835643,0.2647112057170162,0.6504245733277124,1.3688965325454654,0.6441647264189494,1.221811905941396,0.0,0.7716441585083345,1.27125619025907,0.9522622753693338,0.0,0.9650206385916795,0.8930173162349737,1.8599929738870637,0.7514146733912039,0.7533275330679907,0.6999754695337391,1.4398676115622018,1.0606659114555528,1.4239242113043526,1.236524601575927,0.4948466400814835,0.13507633781429002,0.44885316514876406,0.906302252056404,0.852381454509631,0.5084711927656694,0.0,1.3617684111995476,1.4639186924155962,0.7931155077434282,1.4795720850298195,0.9956421673570726,0.5572916764780669,0.9239872815343629,0.503365453741916,1.0125222125797462,1.0878904108552865,1.0443583280599467,1.0458649355567893,1.037546431431321,0.903549273363301,0.7376835687077945,1.2215521329312962,1.3265962448928212,0.8553395894962343,1.1214502653768101,0.6607609340654528,1.0534393916523852,1.13927905201713,0.0,0.3270522451205666,1.5160089311714524,0.9127360182749109,0.7405830169156677,0.6538130126176667,0.4591445958426994,1.3027023225340417,1.2317274690525735,1.1703570798141953,0.5493766494014763,1.5965288079368616,0.9998911342003135,0.9331898230322347,0.5114828529740779,2.635394205396746,1.9361591308789885,1.302988793868957,0.8044317178203106,1.0351903676887522,0.4795163946687001,1.4137347529932662,1.0733038552397465,0.926483653069399,0.6358107818605385,1.6791112291643442,0.9393545814773254,1.1030473578782045,0.5422578095571668,0.7159906636718839,0.0,0.5056812474773219,0.0,1.3524888929638021,1.925291217854129,0.0,0.7079455453197399,0.9264220219358619,0.34199669540160016,0.6107842177479416,1.7021012814758727,1.6416577511585362,1.0391750155183759,1.0439261883926847,0.7146680629868418,1.043007218245437,1.1482358420849632,4.7948323958944385,2.3839090614990175,1.5192475607283022,1.7287125499657923,0.7208980237660988,1.1454375506944754,0.5432556168442447,1.0122337775057968,1.1032537545810341,1.4838060916026077,0.0,0.8609692340567848,0.5385465705327446,0.4803952797717147,1.5638943504411975,0.9279395899525251,1.2692791303990965,1.9723201294482315,0.5740184304222231,2.0688473515686634,0.46251486760221794,1.2467770322909568,0.0,0.55514136463349,0.6281015090758233,0.0,0.7559780993079201,0.9461116633830668,1.2562286178021433,1.0669414295897215,1.3208583489660175,1.224871595264657,1.2352226277048806,1.1470529079093668,0.8281446345039519,0.5647050879257586,1.1385223739344061,1.463430461803217,0.9353398438043534,1.3310193316583303,1.104165548884912,0.0,0.7451044886558611,1.4265813828050384,1.4082166479331764,0.4736627591880467,1.1345547899873276,1.2658696067812927,1.5452306238758646,0.0,0.7981928344401099,2.7475481411574556,1.082873891240832,1.0180806800136253,0.4313719900254087,1.0392955608591934,2.1665219632587767,1.3740135496701718,1.414073188658518,0.6454027837653755,1.566734030645359,0.37963591045017375,0.9254211356063619,0.0,0.826632879267566,0.8372830599862543,0.7760430449901479,1.2530483998494213,0.9256697585167983,1.7913861673707934,1.1373781795717846,0.7420365928658141,0.43399404068756586,1.2180467710133338,1.062803593018424,0.5120052001688076,1.232407662010637,0.45875944970070504,0.0,0.0,0.7759201723925588,1.0823467982641002,1.2024262470815574,0.9069743712106058,0.0
53,0.8357745724284225,1.370265753791175,1.263769338761061,0.0,1.1043839981790189,0.3657663764315733,0.0,1.067655618173304,1.6213563855817053,1.1656915153322416,1.505119262421983,0.0,0.0,0.8901510030392186,0.889526756739071,1.1648088388207407,0.8616639734297115,1.614523346675945,1.0009429444683238,1.5087343972477993,1.3127474755465947,0.0,0.6298607990917602,1.9399597703115072,0.9471525808711092,1.301428393387213,1.158249465727528,1.332747055244415,0.0,1.253500933515379,0.556671251058741,2.5370345971359356,0.8967550558480057,1.052943160698462,0.9415445452791997,1.0633441862418844,1.604432040523737,0.0,1.4408374193201348,1.0838209346010554,0.8495186150580751,0.9995664624350997,0.3435876052942863,0.8575760227126333,1.4066536488065038,0.5731804140372956,1.0357489700229063,0.9784619865688169,0.732087309837125,1.2885688730216835,0.5721074055499322,1.448346004518323,1.035454429963819,0.0,0.27192340074236326,1.0951799739397667,0.9034687380816668,0.7153897463454633,1.1367323233001758,0.0,1.5948944660344242,0.6363463035945205,0.0,0.5348156987234944,1.1044860903690692,0.6608113216622884,1.668991451706788,1.3629148938309668,0.6012448901745829,0.8103192276762544,0.9997933795408429,0.9258536325166882,0.0,1.0105612849020533,0.8741479965879027,0.8246868875927131,0.5591705115004904,1.1989457317095158,0.6071697505556796,1.1091684624131233,0.6959269194993023,1.3346709320660555,1.4261657061146478,0.9879820613421113,1.089788343156063,0.0,1.4204047034198335,0.0,1.5446381668858176,1.1365976227233645,0.8526266490148955,0.6449853927655884,0.6492419858750782,1.7074440328625324,0.7025851896226534,1.0856542011087642,0.9896962116338953,1.386499214263644,1.253497448989332,0.28706243865477526,0.8868826413311538,0.24296539816139234,1.8051586536104662,2.9294609720851814,0.9836488312159681,1.207854171996938,0.0,0.6689477641804426,1.0253957358835701,0.3894553505745635,0.8798151382308339,0.41790534244432215,1.1503679956052615,1.6423829793964326,0.9885454088389802,0.4959292606819774,1.8307443146920088,1.0962938415720365,0.6826654807831076,0.7105541020214011,1.250891252559044,0.7417704158870667,1.3400055903161476,0.0,1.0995914121868386,0.8722081307004586,0.8108703753034359,0.5736512318679374,0.8689058200066453,0.6995269584634938,0.0,0.6270049652968387,1.103667810433886,0.8546402448504958,1.2661481998473032,0.6978506038069331,0.6446417301125165,0.9117023588860065,0.8886102435109606,0.9468019791477281,0.21694447813024392,1.1765186051667647,0.7767030275070043,0.7715097721349207,0.8318025917307325,0.6302246623281014,0.7002775770281713,1.1534250871545852,1.246066398312581,0.9888018867771479,1.0537248123589735,0.5773848461563411,1.5149049616071664,0.8853382946650123,0.3901767401353766,1.071265156015907,0.0,1.3158833399346894,0.8050644911403442,0.36401363409957066,1.2042605068501118,0.0,1.5372543412081818,0.857213503920249,0.6676657889464468,0.0,0.0,2.0761899955927747,0.9683786405576603,0.9329790470717965,1.396533202668875,1.0147352338995725,0.9675167796715543,0.0,0.6197444898765437,1.5680440784333942,0.5039968589738162,3.4242531936410536,0.0,0.6964284754302936,0.6841277873754024,0.6437643654074088,1.490276345063635,0.0,1.051859524464859,3.6414816043452696,1.2234915247249851,0.6697038703252002,1.2456770507493526,1.1462173890964398,0.9855923048441374,1.1545797172821517,1.230626221133777,1.148278730286748,1.250334067017562,0.5855338032024021,1.2756141602619202,1.1587663554157825,0.9135525811634363,0.8208079363835652,0.0,1.0473115337586976,0.0,0.9167676685327033,1.0561539747188704,0.6702801082645659,0.9881499876985975,0.9435547624600994,0.0,0.6763468308713818,1.7726041487740294,0.8936646614637479,1.8000547779790563,1.433677413130674,0.0,1.006807296280316,0.5256278006671538,0.9562613159677118,1.1542944088168479,0.8398279219244975,0.6533878382514094,2.0708342835843556,0.4457852994404061,0.5412796216655342,0.5068729608940921,2.371709353009459,1.7563088628619064,0.12401731546954095,0.0,0.8462967133052609,1.0652054591247038,1.041527866437458,1.6813072765707797,0.8955851362433955,0.8671898379688485,1.253722713095546,0.9887486221393733,0.4041667091113696,0.0,0.8736336135178517,0.8751831920947761,1.1876091157302044,0.8612484497583903,1.1594362812804613,0.0,0.9909864464384557,1.2384753478633337,0.7951531864673781,0.7254821370637454,0.844375849023816,0.8082927515485504,1.0077461787735758,1.070999905275856,1.0512608422240612,1.032196221582603,1.0521189944757556,0.9857834286499008,0.8229895724812231,0.18558369858109397,1.94950429203925,1.8825527648082026,1.206417920220709,0.45703209444886467,0.8702507053423673,0.0,0.4497550552218314,1.439143776713528,0.8114079894288035,0.9227723442194429,1.0116812779430133,0.7390538707885084,0.7470307337420986,0.6745859795849025,1.012110527213296,0.9780523833262621,0.0,0.0,1.4854430466770667,1.8108607143079467,1.4062739746150728,1.3834460814546958,0.7068020382584044,1.1886162135900809,0.6272749823879579,0.5682303269439912,0.0,0.0,1.0614282278177576,1.366034934841795,0.0,0.9882092597710619,0.8901723412942164,0.24719069195496002,1.0290698661771107,0.745610330422703,0.776913354149178,0.8699101615486,0.05949998648282793,1.1477735136067333,0.3917800374446785,1.0500515255936655,0.0,1.1559367075449485,1.2972057801906418,2.1326049728002,1.3127669549824443,0.06869919224668068,1.3879354134430524,0.9903246445199354,0.6074576460571519,2.959675977971459,0.5698741291014823,0.6210799822295737,0.5818749251328428,0.946747345553298,0.8239166034412896,0.0,0.6066250935003443,0.0,0.7647314632529775,1.0703991917928708,1.3344284065861496,0.3723471453487889,0.7966769171076098,0.9426322446362427,0.0,0.7966956940932656,0.0,1.0389298615244071,0.9481806098447139,1.4972733681622195,1.445118985120406,0.0,0.36801297730673294,0.9280469796821991,0.2687049800166452,0.9091975400207712,1.0435664852513376,0.7931175137089865,1.3858135113082748,0.0,0.0,0.9436671537313982,0.07886905905857053,0.36074551516183584,0.8811598450289385,1.3914484882129465,0.6150074428955794,0.990326493012307,0.9974600650630059,1.4549541524352034,0.5944247079545101,0.7701023664810618,1.1012615127264924,0.25515772620006116,0.5110039561531305,0.7909577698206267,1.0071192793387151,2.7881129153518587,0.702831809884351,0.9498396437973978,0.5520574902243578,0.0,0.8573643112845413,1.6911249670475308,0.8790906240068534,0.0,0.8715219480635401,1.1195320638668946,0.928803002575818,2.300000868012607,0.39213468338336605,1.3318872564724136,1.7067936136314326,0.6722462170800578,1.1280282717397188,0.9088180863212608,0.34260673513974793,1.2225704602053116,1.6463983720206654,0.13525831419818682,1.0422446356770592,0.9744553868955477,1.2785302468334787,0.0,0.0,0.848203686626174,0.0,0.36440440798585605,1.2247291997899388,0.5989679243552836,0.674758757541842,1.0057321731781423,0.7254564728113027,1.3266231679918903,1.161755042448315,0.0,0.0,0.0,0.0,1.178207841188347,0.9500099454275217,1.0715725831487537,1.1232467363032073,1.0441015142045074,1.0445925573190267,0.7838044226328517,1.435730161055552,1.0925245084106592,0.20439809106328477,0.8946005355181248,0.0,0.9874061500112872,0.9894129754955834,0.956223604485077,1.0836543759793118,0.43184425030433904,0.819949567751314,1.055446045833101,0.0,0.0,0.6855226296872438,0.7073254721558793,1.007878149413923,1.0318246063467778,1.097319925189643,1.0341304610559772,1.3091689649533522,0.6404128057898657,1.4732916793912316,0.0,1.107128672280121,1.5029755087975347,0.22464621263795212,0.35100996714889926,1.0945617171609852,0.0,0.0,0.7136469844223429,1.170561755835114,1.272313133884416,0.738562048857194,1.9512730900795652,0.6389480961923409,0.7854903670923733,0.0,0.4995966525238682,0.6031489296904364,0.6481559139116286,0.4690051947125317,0.2932553933975099,0.8194668232120441,0.9836896744363933,0.7307834146118571,1.9355925234589406,1.0629394794146503,2.4667177112904666,1.5296618864959262,0.7821272929719469,1.0537306300784275,1.5752956676831518,1.1198639336993528,1.1581502902407177,1.2092327289008857,1.7616358912510102,1.2152349933168825,0.554216834243586,0.38876401755359297,0.0,0.609947603524119,1.0930430236390853,0.0,0.663791715188771,0.6186079667625124,0.9193188255203129,0.9438013825058749,0.7486034037287934,1.1234253165521142,0.6742953841119678,0.8072436822435082,1.3911978239231513,1.194996354630045,1.0532273466558695,1.6006889595070835,0.0,1.1310983015174776,0.4693965141344256,1.240088425247281,0.4519710694682104,0.9175453521842208,0.6483516543482475,0.7812580415765842,0.7727379091518571,0.700070666643105,0.6504037935929052,0.8661247321989614,1.5587089928303424,1.119681001472518,0.623782044692173,1.0463567593056795,0.7345418610635615,1.4252861805137447,0.7580790130177834,0.7974960101544077,1.7812323592229482,1.1397527704729655,0.8627978750220925,1.3158765064037587,1.0711741578034932,0.0,0.6762707503194239,1.7750376570076734,0.0,1.3408405284966793,0.047689238461079086,0.8121227090892676,0.8141781738781375,0.7606496306689386,2.1682496006190672,0.8387798240372814,0.9854438354396091,1.4796395741063235,1.586616940313654,0.7045661648758834,0.6668616609317614,1.364735282701747,0.7074196532961807,0.6342291940221816,1.036521541089909,0.7292349515030949,1.6666999082516412,1.2687962386843321,0.5920638881360405,1.797846693111664,1.0776941601649797,1.1481174198311965,0.8516926178634701,1.5944226543939033,0.8865435503166542,1.2959414063586763,0.9551532589660103,1.1269056838736762,0.0,0.6615511940278669,0.631253210572849,0.0,1.4621665478669394,0.56610566484053,0.9703641786131849,1.5149693510581708,0.8484359615563484,0.960638238944955,0.9461758504832662,0.7405186356737242,2.2685528269833126,0.4050925036456008,1.1335393440911603,0.7403811126757662,1.0637930392144879,1.0024033064054843,0.0,0.4993527696036376,1.1079479819434237,1.1411946691714308,0.9872038523963174,0.0,1.2585865718580616,0.5215516413233225,1.1439460721676014,0.7783479700055153,1.3950794435808307,0.0,0.0,0.7101529180050632,1.4832795053562564,0.9980671543952689,0.7293688653856922,0.0,1.5545474943341162,1.0571636049162612,0.903493203385598,0.1112702228175362,1.3411501026706092,0.7439366333224378,1.0671473323659153,0.10358009650962767,0.0,1.0659695478478728,0.6882159674808987,0.9467924247402527,0.3954301710208439,1.644224585486261,0.7687663775783271,1.488192784940561,1.2204976430974437,0.7586696231444795,0.7828334812211768,1.2383429419292362,0.8517551440097327,1.0572170405638912,0.9024351637192545,0.49347768550028087,0.12629127325391815,1.2340859610168946,0.7866411610546906,0.863375791259223,0.8813651763134732,1.1155779784728146,1.0994823597817156,0.975987410510286,1.026208630751996,0.2939142620197168,0.6880876354797998,2.684022290551866,0.0,0.9321185179146282,0.8835832757869176,0.9440396681341348,1.2320866698400712,0.6683024121859438,0.31985347117743684,0.6665691691877822,1.0762225999903339,1.2106810616850003,1.0869226684337756,0.2920986824608201,0.6931139049880717,1.289925328174241,0.8390185597763189,1.2968764720750559,0.9860301826054906,1.061436292510074,0.8082306555443441,2.0212611657598782,0.8021200616538435,0.879973982188478,2.1976066783394628,0.5842704957534762,0.0,0.257619724851306,0.7354048625522243,1.5882093890739268,0.7190293148524245,0.1821927858662187,1.6385378747304107,1.735222618398793,1.4660074640955032,0.6442003876797591,0.0,0.5031722089270386,0.9604215084102585,0.9868449284682534,0.6336074004874911,1.403182193402749,1.2265738780189552,1.5563337689290944,0.8620437254188754,1.0892132442615154,0.7462647260693722,0.0,0.2935385449283628,0.9752221002291912,0.0,1.2093078240577517,1.3918227437311943,0.0,0.0,0.6490744905872368,0.5180130630647096,0.7708684510828714,0.0,1.0917967254785492,0.7057371921094902,0.9025812759078137,1.5405667785195463,0.9129427419760392,1.3067583376022387,0.0,0.24809784714227853,1.175726918704025,0.881161348754558,0.566055626473303,0.8169657263579898,2.0447510298949663,0.0,0.9832823675649797,0.7940636257620517,1.2569472563502022,1.3304940867504218,0.925555500142444,1.1189300452270734,1.4333586367036775,0.782782703745184,0.0,0.0,1.2539469453316099,0.838626381879392,1.0768821427167246,1.3254402923208608,0.4007011261329377,0.5853865035138792,0.6742352910718489,1.0381726316717677,0.0,1.0624212268517992,1.1898244903398831,1.6850187397528154,1.7556274692167495,1.1041101637522068,0.7289413606382069,1.0623764408093155,0.0,1.3263338336161778,1.4007598930662808,0.0,1.0031155185575995,0.9437458010175015,1.4141941589295266,1.330595447175019,1.3513055661670506,1.0241286485502388,0.8895189565212179,0.5276149901395322,0.5428267084350096,1.006193373543546,1.2853273235282656,1.4357433767882481,1.5581188108857034,1.3568571372349036,0.744623587349846,1.3202112204780434,0.03405688376673184,1.3106684329023888,1.1102540900094662,0.5195608681679896,0.4777959656534472,1.0985395161593938,0.9633667270942167,0.7918109250173591,0.6431378544080684,0.845386973648637,0.7483397499499609,1.3646830511406967,1.043521126594509,0.8646942583219377,0.7729246592630952,1.0761020980606526,1.5047897613398107,0.8383503195167349,0.7548631704629754,1.0378297146666182,0.6557011756338575,1.5112498495140378,0.6737040779385882,1.0141494433029339,0.4526771844733506,0.8160167067479702,0.34419744629058924,0.7997531447387539,0.8469953133922081,1.1765320525558272,0.8596062800555271,0.4094440495297739,0.0,0.0,0.5553346528788357,0.9606026217916103,0.7066816467785475,0.5386667267332016,1.0388236172731808,1.1490759898191063,1.3502685368549088,1.2368240487231668,1.0526167520084746,1.4999026127824964,1.6035003165063606,1.195072734524537,0.8175864260865995,1.8478271144724083,0.28173153147800206,0.9553271415529376,0.5828570875231611,0.5225729312426302,3.438259871852658,1.0357406928236168,0.5388322728051899,2.4634329021136647,0.0,1.0274752154584066,0.9879531599520139,1.2010618133108508,1.0554722386421578,0.47295543059385947,1.0859875966788413,1.5525648380088366,0.5813207841772503,0.0,0.9130616711912514,0.8455977253559267,0.8764607720522055,1.1478055994731886,1.21386122449053,0.18338173475593378,0.905220270016854,1.2544230257989033,0.0,0.6488713749579436,1.6782739538854456,0.08098058625415824,0.7822887567543141,1.278133604976755,0.4497863649427608,0.5221449914909356,0.9871263408614509,0.9976562945578982,1.2785253188732248,0.9355490366446589,0.6559944254866732,1.5547522850120665,0.46328638220895046,0.881150320119576,1.2252558737091543,1.0666666095906463,1.1140549809095845,0.2520527771489654,0.8012627688129189,1.5090110304977378,1.3376581232013787,0.0,0.8372810662692509,0.9778292602616345,1.766084512247723,0.9794489096460357,1.9085285465748039,0.8594900507985777,1.9187462795128511,0.7666957724556871,1.3910566458191966,1.322779391434421,0.2457537957849642,0.4302884261982663,0.32992990697174973,0.9208263279574203,0.6587766497688217,0.3462859662187623,0.0,1.2019664285756115,1.6350020253363216,0.8641740086927454,1.3046331453958113,0.9864468653675205,0.5672433121363701,1.0598511291770407,0.125841363435479,1.218880890156257,0.6753014272320963,0.9528534409583201,1.2437680802971551,1.0543024455881362,0.9619520317916241,0.8720513837126873,1.2791882012452336,1.5889592842046922,0.8856989681378037,1.009820745404121,0.5749552033670701,0.7743264294700267,1.2374061087110828,0.0,0.38414871313109444,1.3418645852121758,0.42510992477832726,0.6550793486837384,0.8189495446714257,0.3811357602959233,1.6537962774282176,0.7812570476242781,1.1852202311688291,0.4651454355977925,1.7410826483811617,0.8886149039405521,0.8573869767702869,0.5071714823928253,2.2713381514880293,2.505166799552059,1.6269278725429266,0.8389817013085026,1.548288842510339,0.4996499653292461,1.1015848559541512,1.09568668770731,1.964370984401326,0.6649511743713983,1.4744877852158356,0.7917192740207872,1.2941940856524354,0.46020632926070465,0.6993566462363991,0.0,0.0,0.0,0.9062223102407284,1.7931201929340785,0.0,0.8428487126258548,0.8119618846149668,0.5176190957807276,0.40718947849862774,1.3123542509750892,1.1726126719537961,1.1029186723791342,0.813248868720835,0.7188395274903386,0.6548743637154444,0.7994046982723144,2.9924377974466023,3.0423956572526265,1.1360356573749875,1.7546284817237487,0.923830031679886,1.0448047812896735,0.5515598033177613,1.3056965122006048,1.0992973507757309,1.444121263177283,0.0,0.5240682245432465,0.583325807828237,1.469444387843696,1.3269252759127195,0.8575817728691116,1.2889361094117857,1.8428266684162797,0.688822114716718,2.5176627230521786,0.4668479013109696,0.7052167831891611,0.0,0.7186453633533653,0.8364279546910884,0.0,1.0439697321878312,0.9346949472295942,1.3110863960067267,1.1947805212669251,1.575265981107519,1.2364533208289497,1.1157207990254485,1.1007207528614307,0.8454309446527888,0.6147563990281234,0.9662316073240615,1.2850773928127195,0.629442541613321,1.0450375105553624,1.1807848575334465,0.0,0.6233733636435271,1.4144915376517448,1.3468743306142548,0.41611072080520906,0.8743718522152781,1.0634573704069055,1.0873382329029964,0.0,0.8818832831859751,2.404104623512773,0.9627862511957787,0.816919728521363,0.8008868636953088,1.2334164203515923,1.6210646192772522,1.2354236240196814,1.3609509268764244,0.6640714540742773,1.4516879229375723,0.4627137404044071,0.8568797355456558,0.0,0.9456609016139694,1.0302162894561844,0.7611982975465883,1.2659317625059685,1.2933889079540202,2.4858067463007125,1.1593914801568042,0.6942907656064139,0.2691112410337094,1.1044705244521402,1.1304722867049644,0.8741552167545666,1.20717069847908,0.6092899138460665,0.0,0.0,0.9061607533668866,1.0215248764513183,1.100982831197155,0.8808765272573063,0.0
54,0.8357744888509904,1.899731026030448,1.4329218051009,0.0,0.9560838662886746,0.38501382754441044,0.0,1.1425970136131354,1.6839473891518035,1.1138387216941947,1.0890112094613549,0.0,0.0,0.950303341190997,1.041532890602845,1.2036280333777751,1.3662419770075047,1.6405034732520427,0.9583553944783887,1.1753905603913664,1.0041381989417122,0.0,0.7097122929238557,2.9475579100336846,0.8553062239177021,1.192335217367646,0.998131845147062,1.0765261092335325,0.0,1.2435340416428042,0.7705216062920384,2.5370345971359356,0.8687735281310461,0.9576164733335223,0.5904010808391742,1.0466513818231598,1.612999268266984,0.0,1.3370914273402161,0.9195253415639532,0.9437736205674506,1.0816134371232122,0.32038233708626895,1.0408143861292212,1.4992610680509086,0.5755318021887293,0.9877166506853783,1.0044514163775482,0.9593614210689179,1.3998911369245008,0.712596163627149,2.0400844710002652,1.0810144268654676,0.0,0.4109496051607541,1.3525772700215273,0.9008725604271581,0.9339237860452221,1.0619604124345654,0.0,1.380494305910121,0.5671827086520814,0.0,0.6452170805054545,1.0790609973170349,0.6032071624561267,1.5915640412741405,1.0096523008501714,0.45931533420543336,1.13279320131232,1.0217999627184398,1.0487906122264015,0.0,0.7908846162302017,1.0669825821530892,0.924291793164129,0.6169514544147338,1.2874409039450425,0.5703056876310857,1.0011466623598524,0.6738705898812011,1.3086091565764815,1.5518862975170056,1.2944558163545814,0.8703109701949815,0.0,1.2984067531080785,0.0,1.5275107617100856,1.2320892249354456,0.45403029125598526,0.5321358926620574,0.8392740707722774,1.5786031542919456,0.7516253463414497,1.109912523436098,0.9871172456882711,1.4085636713581933,1.0091495612841492,0.7273541317751453,0.8682277842594156,0.09444767535610257,1.3201873937548632,2.64462947772385,0.868906718645388,1.1899021622197132,0.0,0.6034270560288448,0.9795904587851985,0.39601209194293385,0.9738880301232915,0.6268580136664832,0.8808863187333071,1.5368257984283924,0.9892050245062254,0.5907042192561685,1.8289015906346697,0.89155182371546,0.9456632423462717,0.9298716298738019,1.309474329615413,0.7566432166923387,1.3476708143431928,0.0,1.14652353414105,0.8649997934955325,0.7422253693488605,0.5246601993000684,0.8160273011336178,0.7102914850923427,0.0,0.47311451648272773,1.1502811479141388,1.1110323063406833,1.3453437442258853,0.7216526936539642,0.660416841546063,0.9446156730696931,0.8245397571891191,1.0310071979260638,0.20119221792536562,1.3485324859202121,0.8405753187860543,0.6283685316979233,0.9355054262822728,0.7184433293107428,0.7215045958595275,1.3259389749677761,1.1614221573063945,0.9581169664110787,1.169905702846586,0.7160313524547408,1.2059646013556207,0.8473838448997628,0.605261022141625,0.9605648043228155,0.0,1.4074904351560305,0.6239381431994706,0.6844700803353422,1.190191696608981,0.0,1.858577772641985,0.966054814002413,0.5463939774728328,0.0,0.0,1.5816468066929863,0.918981774314872,0.9394321548472383,1.2153148293564042,1.1281168585129955,1.097383715067756,0.0,0.826733777282936,1.5189967310272825,0.7268698413586445,2.3634325864366756,0.0,0.5755207527251751,0.6213487542553193,0.5718668174033458,2.1933053186746676,0.0,1.2679868722806547,2.314330326594283,0.8724530653009311,0.8394067725406658,1.1848456817196606,1.1063377708266935,0.7861243868489278,1.1666088750470425,1.1046302925990306,1.0470058827027597,0.8342071677293211,0.7651613720624133,0.255122832052384,1.0433086590724587,0.9637161888434136,0.8431613021422117,0.0,1.1592817844659837,0.0,1.1034437750652448,1.0392650108930184,0.5720995419514143,1.1046308253079071,0.8684731557978029,0.0,0.8018408753471611,1.4291174869538747,0.7525297915220992,1.704258179945385,1.5291720140975633,0.0,1.0943081155939574,0.42497241405122166,0.8579179258521048,1.1208690958306171,0.7709453051800531,0.5555834087767841,2.271433104870693,0.7749696447521872,0.5105824544888384,0.4515626915995643,1.1858546765047295,1.7458363531178451,0.22367408635443747,0.49705825214066146,0.8573108958947263,0.8454502889655591,1.0588067999984836,1.1441095492356623,0.7529760364441243,0.8213722990217982,1.265375960883225,0.848775167605214,0.6564645933948566,0.0,0.9387776061435922,0.7378295892991095,1.150288793350609,0.9261798530516391,1.2503844036134395,0.0,1.0786412704194124,0.9933289099181878,0.6095380149919014,0.6065670211240399,1.1187979821543363,0.8042921410906698,1.0305425311531509,1.1607485074002866,1.1518852486926563,0.9328136820709874,1.0493977610965077,0.965694331400711,1.0322179763800183,0.3073729999140751,1.7042157779032632,1.735219981762158,1.4522858302929205,0.3784342168099527,1.003490466274752,0.0,0.5473686607157706,1.338628263207714,0.7080918462959842,1.084522246381992,1.2785779535240116,0.8191011804364694,0.641007724501853,0.6829916235373057,0.9453352160364408,1.1363633904420456,0.0,0.0,1.4258709328960397,1.4959512576637373,1.6514435624943644,1.3701792987177446,1.1265846007487528,1.1089459924476146,1.5178870733362757,0.3956658012411338,0.0,0.0,0.7484234130721379,1.260537095399205,0.0,1.1312087411752487,0.8265029671609263,0.4618915507681154,0.9239269526417907,0.7552338338191747,0.7900282595416889,0.7492956287467358,0.0,1.2687794015041332,0.5535568290665016,1.3833577133854846,0.0,1.0998977542071275,1.1851603375843722,1.9386580016748067,1.624484853443138,0.15571816787115733,1.1960964162046819,0.9211513115372828,0.6685145313158422,1.9731173186476394,0.6600539312513574,0.6467471685144566,0.7099077294451314,1.1648642830090215,0.962125457751222,0.0,0.6007993505410356,0.0,0.7203975516129211,0.9111877634086002,1.2615483528706362,0.37790456501388875,1.509493128167236,0.9699381546175478,0.0,0.6440475382266894,0.0,0.8079707359316284,0.9386189789272992,1.2577032108455803,1.2677534947095837,0.0,0.27745484113324126,0.9405053566563045,0.352980511294682,0.8842296758034165,1.314485117386954,0.7302108429573442,1.1970304704793588,0.0,0.0,1.2871787676720008,0.11041667637247526,0.44377424348425987,0.7190652386228106,1.3785314595589184,0.4662153193744035,1.0990041925462717,1.0902273113903664,1.4912185756749228,0.5637581496537547,0.8060883552233258,1.0310842141042365,0.3402103016000816,0.525870033348693,0.8112737541198811,1.156981555842472,2.8385005989345595,0.6308256040567526,1.1944822746924615,0.5160680954102081,0.0,1.0085395229186522,1.0420410790517316,1.0795742467608833,0.0,0.8402212262778562,1.1939940961415498,1.0553129564118426,1.9075759547445559,0.588202025075049,1.2185758199502237,1.9900537158305047,0.8623116106935689,1.4072499281758604,0.9849978190573396,0.510346991221383,1.0295330191202623,1.392628263670233,0.35852510405596205,1.184169303240398,1.168726030352764,1.3017767653237062,0.0,0.0,0.789933076769945,0.0,0.24933112212631714,1.132281067122967,0.7831954533256736,0.6737375580691041,0.8964985495923665,0.3627282364056513,1.2981412069569154,1.0431812352371463,0.0,0.0,0.0,0.0,1.1317572797381865,0.8112812253062949,1.065961478507196,1.1561636745920825,0.9757081556876914,1.0685057859630553,0.5443552700275149,1.1655171209782058,1.126355577985978,0.042582935519898404,1.1259052341364992,1.5411914672313844,0.6464255427262994,1.009032336032152,0.9245096357851931,1.1666762263344537,0.35199664225110877,0.7462015134402032,0.7837529901168768,0.0,0.0,0.6621815362096367,1.2024213389964113,0.9305944924322171,1.149132487150704,0.7979035692423042,0.8780524556003197,1.0178205178926492,0.540083628500195,1.24718053086777,0.0,1.1345045968801082,1.2139417571057012,0.0,0.0,0.8052123068359607,0.0,0.0,0.9408419234413803,0.7651476843112617,1.3669881302781208,0.6749164882949223,1.1998511973875705,0.6622939348579369,0.7755509328362118,0.0,0.12489916313096705,0.638065473057583,0.7196720224743948,0.5969156926712156,0.4706872111185032,0.7890604593693091,1.0190110942969492,0.5972604445939917,2.358890329999526,0.8925825694077106,2.102671523279253,1.765615082121689,0.526857289192749,0.9700414524393779,1.3955892541247612,1.0471044198957244,1.2995427097614403,1.0998673836389075,1.4444224209014802,1.0955668558411766,0.7447288684890911,0.09719100438839824,0.0,0.5493947351055332,1.4748478506413103,0.0,0.5956023627730881,0.6692392983105651,0.9049725181456535,0.9148265881730951,0.8958657882707524,1.0126833804826618,0.7819876802939617,0.9248280118706826,1.3863034470351718,1.055355172185625,0.6967857724781211,2.160251821634121,0.0,1.1168123023705745,0.5067614083653071,1.2042779873970078,0.44599705009939616,1.0351473079136704,0.6444061646081668,0.623683717133936,0.9185614135413886,0.9385804467601825,0.7693866757098031,1.01263540482719,1.5943329121656626,1.265196939828473,0.7321448798281573,1.0637814114465027,0.852013160199866,1.448882548889289,0.7414741070692321,0.6375668549298962,1.4795720446085512,1.0475712706493066,0.6744326253330974,1.46742135903964,1.6215923472089557,0.0,0.8551472789670913,1.7772524120147486,0.0,2.011260792745019,0.19075695384431635,0.49226056694002046,0.8130736158867387,0.742629704326319,1.7036246677632034,0.6850035498357951,1.2607849321131543,1.4699278156687068,1.4610441646799242,0.7453660297152047,0.4537812974966199,1.3472386794293638,0.6442551449842396,0.5675268296376035,0.9158064305904763,0.7125109902173841,1.8238513058487156,1.337326170935628,0.4521665338925319,1.4122740053432201,1.244667178784924,1.0547523379222281,0.751527942372165,1.9599941220504156,1.0191941293539983,1.146889128864035,0.9174310842188689,0.9202822325935622,0.0,0.882068256907631,0.6732641705233191,0.0,1.3160224851269233,0.4362287032121319,1.0417220695709837,1.411415483998626,0.8552609668239972,0.9113191060590105,0.7337292522936948,0.8642135781213738,2.376801656638014,0.37615731831024685,1.2028255384612865,0.6093603882369969,1.0895879667000874,0.9595832258222686,0.0,0.5039297851911844,0.9998539707964356,1.0629875251293948,0.6625963537709052,0.0,1.1529758690235292,0.5389366925570898,1.04248544823218,0.9957521436718106,1.451129466202605,0.0,0.0,1.2564243933935733,1.0925704225781767,0.9068095709073463,0.5397403192448129,0.0,1.45455089383958,0.957989366067776,0.9611520095189331,0.3219734090941804,1.3168142779707837,0.9881802712167325,1.2803269902269139,0.4143203860385107,0.0,1.0798171952090945,0.6166566409394549,0.9404004270046713,0.3840598861145407,1.2645254757327569,0.6833539699272957,1.243486610065534,1.0115042991115615,0.566463427266032,0.5014536479904419,1.2790024964636708,0.8777364325720627,1.026295429022247,0.9497565595388007,0.0,0.0,0.8586358676435618,0.7252825034870843,0.9481111782419362,0.8542288087658501,1.3368876506561127,1.033777739602344,1.0159741054648486,0.6676487181826645,0.05878285240394336,0.762690128139756,1.5781417729595106,0.0,0.7187133713502278,0.8301178953352767,0.7162435542281784,1.3017905382486312,0.41945192646773755,0.5957683881864579,0.8646581547410622,1.2780456533989921,1.0407291083507384,1.181881283150885,0.28814248967920797,0.8000574970608203,1.1587666199736522,1.0590999585129899,1.590220716308977,1.227281114814205,1.1099704864040336,0.7656956779414933,1.646773425059851,1.0635853678713219,0.7293019056416694,2.146499531428335,0.5787308561276157,0.0,0.2725477969736741,0.5412074372066616,1.3983188522380776,0.6453844525847798,0.12905321699576755,1.4810816009743693,1.1792528925537737,0.883086435817046,0.8814978202870707,0.0,0.43727243772595986,0.8586069293101073,1.046435124957243,0.704019836345884,1.0645870866632556,1.1818485046033462,1.6104739172191227,0.7597348202040224,1.2431677623169257,0.8504065948464244,0.0,0.222244880476195,0.9989622368806803,0.0,0.980143774931824,1.3574023118839476,0.0,0.0,0.7195689158426742,0.41232901291690927,0.7483462348317057,0.0,1.1654501995013629,0.5976722571494234,0.9558050517155894,1.5549036928672635,0.7649807789455605,1.3431421974096172,0.0,0.1783203274258415,1.0541719966585297,0.9674421812882221,0.6442183871801712,0.7383865501702214,3.0671265448424494,0.0,0.9542885402168652,0.8957017349173375,1.3009110929977061,1.2559308840782513,0.4793055239080918,1.0453790531753686,1.2825298066381985,0.7735196321611313,0.0,0.0,1.3331656719181384,0.917944261926222,1.2194622836797426,1.0840362388700018,0.6104184703240951,0.5842704433214125,0.6452060178590879,1.1102385868316151,0.0,0.9111675116151805,1.3849974665573122,1.4573478728738307,1.9552577198689138,1.1880271732688832,0.6052884817176649,0.9407047568661442,0.0,1.452405164469191,1.3710735024788754,0.0,0.9193171710483843,0.7433475399606957,2.068170179353692,0.9292898619734162,1.2060026751986686,1.3095696857835513,0.6901023324351732,0.5560790675447715,0.5677294228924146,0.8619586672549382,1.197110722333594,1.8625148776771918,1.4028624166816919,1.2785659376163734,0.7593902038274682,1.2298560731720138,0.0,1.2806224108584494,1.313586944635934,0.7793413022519845,0.6302695342727865,1.126715909252344,0.8439864215901669,0.9458957578028858,0.6975572019578703,0.8512965718940047,0.7228184874730387,1.5470694488506076,1.1489423300364,0.9499588290026214,0.32478678737392547,1.0455881814789918,1.4654202184425644,0.6709930745615493,0.8591585138883754,0.9621015122208398,0.7563807540248911,0.6996527055170452,0.5929488943384396,0.927844877932551,0.3909263778992494,1.0607840895246556,0.371392287346507,0.36628083087448693,0.6197668811293229,1.0665057937735538,0.6183132872930798,0.6224149483962722,0.0,0.0,0.3662360742327529,1.0339629708770102,0.7564650543712297,0.44634374012983313,0.9405459699736438,1.3943811110197735,0.9789544785426697,1.3611258939745363,0.978617659474034,1.2529567615246335,1.8048528223615836,0.9781256404937184,0.8586804594445574,1.5766050258766702,0.22181577767415087,0.8536037808680892,1.0021677343926456,0.4908444417521357,2.115852147453517,1.1747158333229286,0.5633246476048008,2.5704446767611,0.0,1.02994683610278,0.8997818110027455,1.0765547935602118,1.4943716351673975,0.5663222688932645,1.0686263476111961,1.3458271153867374,0.6082772826240586,0.0,0.9201427520487537,0.8161370354482538,0.9581726383177707,1.506456522837908,1.2310833868778326,0.0,0.9400364133940238,1.0681263685419577,0.0,1.038194210314649,1.4475764816203234,0.18687827405443427,0.6587593956514404,1.2274996561221896,0.7200373503211501,0.46010795921594694,1.2493317729837952,1.0549295853820022,1.4241408192906808,0.8436985037695897,0.3271969415107371,1.4224517761252593,0.799085681335918,1.317170089938243,1.312950073178535,1.2962718560067084,0.9575696595441259,1.260263885744827,0.8644307018829422,1.373448018001004,1.7334181490569023,0.0,0.92549993453567,0.8816141732741112,1.584241192136052,0.9464040626683577,3.22981750981475,1.0816357033143453,1.783424174713961,0.7109021720490452,1.3679837395197447,1.4589897040059392,0.21570237737876857,0.8471303401283455,0.44559361519982316,1.1284298185100818,0.5081380033466474,0.3301231518634271,0.0,1.0515747146149983,1.464116780526851,0.9316694881654157,1.3050510970398583,1.1954866210642046,0.6899801613208771,1.0323879355347056,0.0,1.4294223537701016,0.36345537999068617,1.1501910059949862,1.4491649991061013,1.357230990870569,1.030463922209105,0.9407322490356029,1.1678160307955148,1.0161948904166194,0.85073325029248,0.9276332292444066,0.5133883413100905,0.5998303337120869,1.2304406164367205,0.0,0.4113003464397357,1.20070020525396,0.08752263120426645,0.6515297157379543,0.989528963718659,0.285310093243984,1.6275677945958797,0.6272990993112857,1.2211522519184408,0.612617365424391,1.7058373811602174,0.8282347687459113,0.5913580906708557,0.6141399697175877,2.047498588713487,2.1181218113466556,2.0285755148882023,0.8212259975974099,1.931636277746612,0.44618980522084706,0.7118845469941874,1.1558141195991756,2.7162282275217535,0.8362523547947616,1.1573032871103914,0.7657037761459701,1.31733383439584,0.36801719959552925,0.7728292526633538,0.0,0.0,0.0,0.35591812605285833,1.249645537878573,0.0,1.051834129741731,0.823679979336802,0.8204283497994922,0.10179736962465694,0.8528675639260908,0.9120320781862858,1.3443364876742288,0.7755117589818651,0.6487285570435789,0.7521294178557025,0.7026455869429036,2.503501772226567,2.8734963414916845,0.7406500852591749,1.6256170383101196,1.0669917075722113,1.033396959671595,0.6719056957326306,1.241900257530176,1.0390107785931844,1.2424847129543657,0.0,0.13101705613581163,0.5191163255090293,2.204166581765544,0.8541790670649976,0.7862487042686355,0.803502365277226,1.5362120833706627,0.8443625879991064,2.187911147364359,0.556910435509565,0.4277565389234228,0.0,0.9369269340155609,0.7691606197983175,0.0,1.4759571455087526,0.8693228540872621,1.2849046217987845,1.222313765529814,1.6832569449878285,1.2361745224505714,1.2479467695268096,1.1971606501621854,1.0104276278141737,0.7926311062376274,0.7586356464582439,1.0591571264007684,0.37648899817229814,0.8370991763192119,1.2257648940833015,0.0,0.708141417286114,1.2639833770430309,1.1578800717613318,0.4052458270262438,0.8631223994705908,0.9958637100306782,0.6568097243173835,0.0,0.8306858775619804,1.287913148237139,0.9574551194429035,0.9053881150162344,1.235070539812081,1.2889202517752776,1.3126989366466686,1.045902907699568,1.3146216106531055,0.7503664494729515,1.2549064970696704,0.5401458722924526,0.8017469236637551,0.0,0.9631811146372304,1.1192766356498431,0.7217613575009112,1.2481297391359782,1.5395985618751102,2.8216067066868518,1.2738387357038863,0.5671787162386269,0.2542630502135919,0.9841906376029808,1.1719941485690724,1.0989379921291396,1.168517681140242,1.0936497968578172,0.0,0.0,0.9484710234812452,0.9744165214341725,1.052556106257733,0.9393979840525898,0.0
55,1.0029293531902155,1.8573872362739152,1.5268206448575357,0.0,0.8950757300149732,0.2426345346671772,0.0,0.9847774722501064,1.403657084762174,1.0577022995898022,0.7725721090081259,0.2499998750000625,0.0,1.0940518931890053,0.8472887763424405,1.1908359422451795,1.7504975330408654,1.6150398671302542,0.8834126092896128,1.0860109175527888,0.6589607757853969,0.0,0.7154014241067628,3.85876530484433,0.8399826225439919,1.272639848821234,0.8385836124510003,0.8383024755737067,0.0,1.0352425500166762,1.0392592179586329,3.2981451031283826,0.8555187125580166,0.9301970912453474,0.3319796246160298,1.0325042292737636,1.503651719434688,0.0,1.0680977498619535,0.9311585306914016,1.0761231527802737,1.2246369248629259,0.5135100024676245,1.2848978189554194,1.4834474155465098,0.5870383270539394,0.8698569960003962,0.9344037512831789,0.8741370690251432,1.2602853003446746,0.8099997747515597,2.1936825793909125,1.1358935179057958,0.0,0.46192247515407403,1.3909686675977326,0.9199434707067208,0.7205438448971812,1.1001860892708295,0.0,0.8184522584149845,0.47172781472105707,0.0,0.7097420076107956,0.9033560940520577,0.5638796389470873,1.4797244142537664,1.1716661861026527,0.5721884459006555,1.8438896475164008,0.9762059031077834,1.0632335393433863,0.0,0.833107573890528,1.321675599205667,0.8184773513411192,0.7157382248982062,1.0344102559132184,0.43634152689009875,0.8602619453529763,0.8734015683828182,1.2046606078777402,1.6334547794366512,1.4621995401337609,0.8475854353958495,0.0,0.9664439103094135,0.0,1.3904303536716907,1.1178084133178532,0.4958885657182653,0.3229514387102034,0.8887815977720167,1.4035886699186997,0.8029582659932679,1.0792995238342067,1.0901454883265316,1.396733605170152,1.0785526416617048,1.1249743492557007,0.8591814818012102,0.25376849658191064,0.9030109603898095,2.081784236107362,0.7525742554160452,1.1888711802613972,0.0,0.6116719328247102,0.9193304783156686,0.46783328860618867,0.8409863447052495,0.41790534244432215,0.40567133023306196,1.3272371030216756,0.9454644245058044,0.7027380455869361,1.65273872303456,0.7544243634392938,1.2253720029006532,0.9797524775956257,1.2607346428645352,0.7528282409467746,1.1725296238284613,0.0,0.9953757621981707,0.6718165020117957,0.7940414330915111,0.4560994025272305,0.8479986170121587,0.7402507056029066,0.0,0.4050210822830923,1.1195228850953087,1.0255682801463535,1.0407445135936146,0.8144085436664161,0.8209523265730292,0.9799347612724918,0.7624232584351773,1.1572361927229338,0.3855070121106749,1.4349631769250253,0.7624272860062384,0.7285714572466295,0.9732591018593708,0.746878876594915,0.7158724386990766,1.4284856922188578,1.0841837856162084,0.8703351670641174,1.4634290366669516,0.7232602475516984,1.0748849572005594,0.9059334951801703,0.6667869187331463,0.9233954695466184,0.0,1.3740931958832063,0.4071161532879456,0.9299113719607736,1.1393511518704997,0.0,1.783112155378952,1.1026249362817266,0.5116748540843188,0.0,0.0,1.7526106737991007,0.9646368605118285,0.9704528723260057,1.237021134482601,0.963620486391811,1.1663324813190776,0.0,1.081634058489711,1.2067743677646066,1.0504155633997965,1.4776810293123255,0.0,0.37723208884294723,0.3886767752724339,0.503962070161703,3.0201950345268553,0.0,1.664302152217873,1.846763566544804,0.4600717125309971,1.015522465288928,1.1175998449867166,0.8724814896345225,0.5599941035773051,1.3069310031548143,0.9876516113179672,0.97586228361809,0.5942698816563488,0.9115016656070432,0.255122832052384,1.0871435635485642,0.9789191223659073,0.9949627012571807,0.0,1.7394353631454769,0.0,0.9921813197542015,0.8460548581649338,0.44735246998972517,1.360561918946368,0.8006281951547245,0.0,1.2100267529314503,0.9320202232884285,0.8386836236303017,1.7412072153197222,1.352999506893106,0.0,1.1194768854820236,0.43351008783258715,0.6842822327823828,1.0871146060060806,0.7038582522944445,0.5586775224940792,1.9741435755717178,1.1759630911794914,0.604372299109486,0.5214872771253366,0.5533989017401753,1.5315129619775605,0.27460976807004517,1.9882330085626458,0.842776976284558,0.6289989554488016,1.002859054660309,0.6245687564892252,0.3308531060581208,0.9013397618108546,1.168530514034177,0.7624085669218243,1.0395156410825683,0.0,0.8815126349721579,0.7415913754500771,1.043972206593448,0.9212374265181822,1.3407893070834984,0.0,1.2028189363450013,0.9130293730109188,0.6194966196079938,0.47898787668250714,1.461877884854323,0.8165292453136053,1.0438698052897641,1.2325473822191064,1.3310771971411035,0.8547184660928433,0.9822304894037179,0.9675254858496494,0.9842840231977626,0.5480518574482874,1.9659756856450565,1.6874438625955577,1.4287469155484056,0.2804667763779608,1.0868211647390245,0.0,0.8565264521295547,1.2534124775875777,0.561908999445464,1.1324083994784624,1.7777388295278451,0.7027767834148257,0.6547340103536365,0.7876914738046485,1.040505432261952,1.251728836730068,0.0,0.0,1.1778287693730995,1.3534958989811718,1.6253481463275632,1.1922590587712878,1.512343716185888,1.0361371881807133,2.3789107026355136,0.2813418031594369,0.0,0.0,0.6764302705110959,1.019079154986145,0.0,1.0348446389791701,0.7939634259897532,0.679941876800951,1.0065529510881825,0.732393124444198,0.906503703342781,0.8309003833671633,0.0,1.4483604704203419,0.677032951817611,1.4608441331346593,0.0,0.9980360634450073,0.8636029747711975,1.4574423411886333,1.8106424008109507,0.3255925315345839,0.9253182633026553,0.9023600187088097,0.6284581057826858,0.49327932966190985,0.6683576867163759,0.4796339126773901,0.9720325027499473,1.4073561507972767,1.1195825259817118,0.12596979568269145,0.6526369919571264,0.0,0.6583946387207911,0.7872433667502712,1.167351261438608,0.1917309923394943,1.4256324221192525,1.2668452825364276,0.0,0.5398950876393384,0.0,0.8913941099833899,0.9791738487442596,1.1749543003402083,0.9973282562964987,0.0,0.3509060762955173,0.9512205388876773,0.53364928462996,0.9407384208350493,1.177701464377819,0.5604212788372143,1.1831687378555436,0.0,0.0,1.68310813592914,0.44166670548990106,0.4412292994692485,0.694485631071503,1.4507347672123572,0.46373545077304407,1.0657623664883455,1.2241678900130935,1.4024117722601013,0.6080828957678626,0.8722182248666038,0.7672985884917526,0.5103154524001224,0.5915384175898226,0.8569653242494459,1.3422354293451124,2.1162785786928144,0.5531130355184576,1.1398853520601553,0.6983263090058495,0.0,1.1011231589793276,0.983019239469108,1.056947216963609,0.1743055001028175,0.8566155134455042,1.2824268058726451,1.5069543316622707,1.1873407827675226,0.39213468338336605,1.0390044927216966,1.9924789169198365,0.6101183894628524,1.6715281217612719,0.86036204895881,0.56193594667256,0.7935983653304354,1.4452169674395539,0.7259155552167351,1.282076724739205,1.1593103670373015,1.1921028670307932,0.0,0.0,0.7678367788174982,0.0,0.11539642989829293,1.4251344144059797,0.813162649920043,0.6110741444839805,0.9005138733444447,0.7254564728113027,1.178258349999699,1.0315187225544566,0.0,0.0,0.0,0.0,1.1396662115697693,0.7629709093559,1.0376250624919714,1.3671126618251146,0.9457523365865094,1.0958528412075375,0.41921056796453465,1.161509704952049,1.1096132710956894,0.05109952177221946,1.217236398702019,8.733418314311178,0.2959379291286646,0.9495902487558217,0.8590397169260178,0.893089785586422,0.3564868082618152,0.7547129688335832,0.7544626921044801,0.0,0.0,0.5978880760357879,1.289609893640574,0.7244279296703031,1.3206110349349092,0.5696898879554404,0.991357217012215,0.9964138495030637,0.6849095837316126,1.015934112569405,0.0,1.3474331949216922,0.6936810040604007,0.10483490372396813,0.13162874864989596,0.8594336564246451,0.0,0.0,1.0284727831855882,0.5037539485842519,1.2476936545104862,0.6392783058897111,1.2541568614882777,0.6530740316470687,0.7318468538839995,0.0,0.0,0.6776083342332182,0.7025262051130428,0.7217807032721244,1.2444871221385525,0.899756962848809,1.140209366757149,0.6132993204430468,2.6067185462437497,0.7247000117123761,1.5819680865393573,1.5795452769991458,0.6894763793625367,0.7420506435207381,1.3584713754938087,0.8761537535687063,1.080979115910059,0.908478030362536,1.1904181004872374,1.1496711247274916,1.0391565598769053,0.24297743807777875,0.0,0.5568625312515006,1.720525870609635,0.0,0.6142519411519103,0.791833034181589,1.0282037632014742,1.0414899610260588,1.1310739463357136,0.9480106659100717,1.052430095722031,0.8398050900628635,1.4988536178264051,1.0400240618775316,0.9140149697230859,2.183990849641102,0.0,1.3528628077101124,0.31760161964494005,1.3177525088313784,0.6803374052385975,1.0446632483596945,0.6725628190808951,0.6958922526728153,1.0690420165377805,1.1412595276737985,0.7392802468785191,1.1783481583604969,1.318464982941997,1.1721198836601165,0.8189439036712265,1.0498016146558422,1.1407524149752988,1.3514233574570582,0.8615246562079302,0.5062156401051859,1.6806789476528372,1.0211721643803513,0.6369641425350646,1.5324229117566572,2.087397433868475,0.0,1.161614131377282,1.7313075464153633,0.0,1.3408405284966793,0.2861354307664745,0.3058946965453182,0.8233390738338957,0.7549700125130282,1.1529581232175796,0.5591865897438765,1.5915091340859981,1.4920829251659031,1.3696777907036974,0.8242622666021175,0.5881265601384864,1.5746945744601575,0.7903164412096388,0.6159981150026878,0.5982655089587824,0.5654221509610274,1.641947787218871,1.459419543913973,0.29998411557736687,1.3670029982135898,1.3660156531695589,0.9191172255592247,0.7275541479753492,2.1956994670461163,1.086296525358501,1.0353971631803045,0.9358406917712476,1.035590631598788,0.0,0.9417570847018092,0.7225805767878317,0.0,1.018611724328141,0.38731468511733963,0.960885353194769,1.2890530015396982,0.9420734657393695,0.68961854711388,0.5702590844306132,0.9790438954454976,1.485890422337951,0.34722213567550936,1.038225832413462,0.6403372327952827,1.0339143052732191,0.9551724521323964,0.0,0.5922662424797152,0.899916877372697,1.128692642825642,0.4953536658517883,0.0,1.0849427898616206,0.9387929404739397,1.0019573411552933,1.0562561372523511,1.3849705680775357,0.0,0.0,1.324708326110039,1.149896351602595,0.8925210049934287,0.6045091584358795,0.0,1.4265639573319246,0.7942698312998044,0.8244925754301238,0.48296011364127056,1.4497761621736063,1.0610833338887409,1.2796029237893096,0.621480579057766,0.0,1.1937609853392912,0.755522852011216,0.9083689715800984,0.5217863852816917,0.973615114156765,1.0494550348923966,1.1355449995160525,0.7491788162184163,0.6212736698014629,0.3750484082758807,1.261834117888341,0.804101041325073,1.0824151507088242,1.002163864318877,0.0,0.0,0.5158547206063677,0.7061216633077305,1.0049367864309526,0.8114018455814536,1.6192404816065318,1.0265010516313509,0.9954254148089968,0.5349212290367837,0.15115589298542,0.9153550443588742,1.034866252529172,0.0,0.6291489067186669,0.7585191330719585,0.7229241130876758,1.3078544586529173,0.2812467347922988,0.7259193053701618,0.7719456825928974,1.5002646629266798,0.8152595118236938,1.2896035219146296,0.41353172304914787,0.9985792252105572,1.2813266122814022,1.130098406410193,1.769148038221905,1.2460942620299906,1.0900377134365518,0.893563185428877,1.4362290857546964,1.3413197334105043,0.6205372235135393,1.149910460527298,0.5594678020810597,0.0,0.46962195927313255,0.6330124946495269,1.2858267546993114,0.6066391236130453,0.3340200821168515,1.3531029670500323,0.8297799057270376,0.84888504883992,1.1578762361516226,0.0,0.663258469465114,0.671766058647005,0.9746113693222946,0.6446988294881281,0.821662948890168,1.1783389445963632,1.5204721438059612,0.8725842829223266,1.4157890524038188,1.061541086548469,0.0,0.2432425241520706,0.9325501549662057,0.0,0.6556693018623897,1.1748174579598338,0.0,0.0,0.8231261203045526,0.6450349350621524,0.7368050995140027,0.0,1.1993612604896633,0.6674761193268461,0.9849486448617655,1.4321275525927093,0.7915399299782009,1.3944243761750577,0.0,0.10189732995762373,0.9451683900366719,1.062167173142198,0.9620788784045916,0.8257535682129336,2.0447510298949663,0.0,0.8824782121847007,0.9127133882682429,1.4149100678357718,1.2057982982633622,0.0991666595489923,0.9730103633316219,1.1596907241405918,0.6118667712536794,0.0,0.0,1.367626426562075,1.0432211442609107,1.346308266562286,0.8980033249772822,0.874956147232283,0.5431250471751097,0.5928049886541281,1.086756200650964,0.0,0.7765014978584724,1.6290300309291907,1.5345900368409213,2.0554271074382715,1.2460970991730402,0.5805766449132812,0.983108794432153,0.0,1.413541762231421,1.1015494336355796,0.0,0.966145668858535,0.693813980219358,2.326408326802692,0.43008197950810306,1.1069153239613705,1.2819722992705276,0.6845360359966519,0.6972105799173492,0.6816413049350283,0.879627509489863,1.0976189509250127,1.6631592995401971,1.290239440987632,1.1336171945999558,0.7485001986196035,1.1809730556304723,0.0,1.1957150936367822,1.2639610544466868,0.5195608681679896,0.5926245439174154,1.182609039357037,0.8160002979132877,0.8295346012827676,0.7618709745359227,0.9580513875528291,0.7078348085881541,1.4967823058278753,1.1902080469385163,1.0235256751395285,0.28348115401657925,1.2044292569764956,1.2410003693215954,0.35468667694802586,0.7965407483231961,1.0015133256746542,0.7925156263587321,0.23321757627959938,0.6909866136265218,0.7945486025175394,0.5377668842199202,0.9779893619249246,0.7688241761567207,0.4472653741946672,0.44947102153261154,1.027339239496798,0.5253149415360178,0.6899057277401992,0.0,0.0,0.3202620869633771,1.071579752973954,0.9859544284161638,0.516012970902529,0.8769995851636126,1.6236214673525557,0.8276470898420599,1.314387402480036,0.9693618523232015,0.9144097866018552,1.6074472559536854,1.026775134302548,0.8631572124314184,1.271752874381255,0.39965084155126507,0.9903203138295931,1.3900173410018284,0.5300708951361386,0.5289630368633792,1.296848735806031,0.4615870829752725,2.1437091145414215,0.0,1.05626171922094,0.9470634916749844,0.8620969119278774,1.5391729194430332,0.6709723306726998,0.9583248232997303,1.2973127408394616,0.6018004233996807,0.0,1.0067666555352008,0.7858634331001932,0.682278568542515,1.3269593329204143,1.3272910318161095,0.0,1.087493058029736,0.9870291963835053,0.0,1.038194210314649,1.3025114205170343,0.40879622546739924,0.6152808150603555,0.8737245983299599,0.7626935913912494,0.5156827908818213,1.2932157284496975,1.1875033625699596,1.4031293899174107,0.7343608317652393,0.32355488895627493,1.4328809829972535,1.001110658072284,1.5608982917120322,1.3323344256087801,1.5587718338329162,0.8129885961056558,2.520527771489654,0.9190035453894514,1.0555511437383034,1.9670068884064142,0.0,1.020748865082135,0.7276857761336946,1.386203560808798,0.6873084530964296,3.0429685276698306,1.2376460815410395,0.9088798195346477,0.8923776742375464,1.2711517236229226,1.7249825508489347,0.3715447628901686,0.8336838278601586,0.5624773423961319,1.0031019053918584,0.5551695236893619,0.3658281474740312,0.0,1.1182523349974245,1.3696575905847714,0.981507821848628,1.282393158678914,1.4026424776056237,0.9188677997065173,0.8124773146696326,0.1258413477053125,1.4658567734208783,0.13254647380884368,1.4339275133642861,1.6188005194446795,1.6099081823412227,1.0017079644231959,0.9676413006617002,0.9892835912651641,0.48038304263332576,0.8069918436433714,0.9278988148693502,0.5767748690953216,0.639819022626226,1.1629007121510293,0.0,0.4262771050470494,1.2456052199893695,0.07501939996126143,0.8462796793410848,0.964681368176082,0.15890688774211967,1.3343179422740084,0.8500609328642232,1.162597829864136,0.7607319879399597,1.4022461820060443,0.8153633950667727,0.4339143391914697,0.7653937734171123,1.9758699390542733,1.4019639222602946,2.3954010757001294,0.8241876416493068,2.0216603893638463,0.6971336941139888,0.5433584930773675,1.3366420139893986,2.537841349886586,1.0408242154212535,1.022041889938854,0.7650520380303194,1.2321947568917548,0.2512867440862436,1.0043781733266384,0.0,0.0,0.0,0.06160121386128016,0.7087671024124942,0.0,1.121667690068731,0.9778646241618807,1.1047010537389075,0.0,0.839750079705275,0.6514514844187757,1.413262076698047,0.8337661154281842,0.7943089764610456,0.9879906725812845,0.8679251154527197,2.3464750217098755,1.7284728081408716,0.7071627357991149,1.575951728335706,0.8790675269424205,0.9286317103962187,0.9296884270574165,0.9735693692683343,1.1170606828348202,1.0028186307986071,0.0,0.0,0.49571633370418294,1.7520298448706726,0.5576013755356435,0.7612010328260885,0.39182908980038067,1.483495456352753,1.0026805695841707,1.4357439467517248,0.7493298459609039,0.39652508036154166,0.0,1.041158065549071,0.481793257739911,0.0,1.781948151946704,0.8793876549810753,1.124382653708496,1.1544459918842112,1.4159587124259627,1.142054490885719,1.6339822720476227,1.319237861222496,1.2289003061222543,0.8779963236716664,0.6544640892534187,0.9367775442615839,0.18824449908614907,0.6851225958540446,1.3668457147581392,0.0,0.9137786854339376,1.1618293972275993,1.007485649459209,0.45149681421107973,1.1629280061518312,1.0637221885960964,0.49379952336066624,0.0,0.6576963790070933,1.2020521400347137,0.9580280256270545,1.2182433808120936,1.3032394733733257,1.1479087282558116,1.1851675088219822,1.0511766523118034,1.1965948474266999,0.8618069958286605,1.1103597325366805,0.6187351758312392,0.7722917688509636,0.0,0.955160101035616,0.994502207371771,0.6237711173192041,1.2577380185659832,1.370639820868516,2.4257147278244044,1.40426413641636,0.40375255312981806,0.4075972536969773,0.9770971166074816,1.2330824636587745,1.3362087098755746,1.2165234370759788,1.5831297453005015,0.0,0.0,0.963839328219409,0.9554692786975114,1.0061342003978884,1.0186196235447869,0.0
56,0.7939857483894321,1.449622838880937,1.5368434729105616,0.0,0.999064648500827,0.14490673467126042,0.0,0.8817996024841184,1.090345471389057,0.9696040784261044,0.5809220834757343,0.99999950000025,0.0,1.1645184733696536,0.3983521858357171,1.4715251166814305,1.5370222241334428,1.5032606077795319,0.8973586320070134,1.1268652938808608,0.5343983445164583,0.0,0.7602908913798725,4.864621054503873,0.8630835151219041,1.3343876897377118,0.7721563449703921,0.9375483536477769,0.0,0.8121513858602976,1.159582749188401,3.044442023969788,0.851399298389425,0.8698330273345772,0.2506784919187349,1.0939971172731175,1.2221778612267413,0.0,0.8262478817274761,0.9379268378360494,1.101662555279562,1.24950383548264,0.7938445251953314,1.4310101867570653,1.379600398854362,0.4587574426718154,0.891812185193212,0.8224492843690762,0.7226386856094635,1.361917280184589,0.7258013469184738,1.6799417685845546,1.131751705229984,0.0,0.27177017810013804,1.139703461902727,1.2399958316084008,0.2875990435831027,1.2541021224265119,0.0,0.3273809018778989,0.34932427601134636,0.0,0.6033780022829969,0.7024230714331399,0.5945258280511266,1.0968887345779867,1.656173375571696,0.7261317232975318,2.182900729348329,0.9426912664575322,0.8227215403309344,0.0,1.0917870919577093,1.4158746581093584,0.6924210799787337,0.7878090762243756,0.6679746841152774,0.33596188161334783,0.7699807647658847,1.1520800514632814,1.1129517540026896,1.5762077532780414,1.3610556756862118,0.9054975536804906,0.0,0.6645969665394778,0.0,1.4796133517383618,0.8571262224985801,0.9191850812916493,0.08073785967755084,0.706234308895497,1.3991093901109615,0.8419484904357672,0.9151146192597123,1.253008478154471,1.3270846162063021,1.2064920949684823,1.066785987136829,0.784771514924941,0.6162949181987751,0.8421136391148863,1.6388455748730246,0.48096265704051305,1.1548299594228306,0.0,0.47674488222800226,0.7831252972926206,0.5360111223070094,0.6526676924078583,0.10447633561108054,0.20283565497475026,1.0383144663053954,0.8342768105329887,0.8532379142269075,1.5416958678345853,0.752008536239295,1.700605741850127,0.8980326313576896,1.1382477297674605,0.7387774661213768,1.045170670497309,0.0,0.844662988214739,0.31716658760850197,0.8710322280249572,0.3982365812914955,0.8486239473127039,0.9701285216046237,0.0,0.34612000271465215,0.9828476848979348,0.6153409680878121,0.7259414041943975,0.9871479968245409,0.9758260508666305,0.9706088235947461,0.8381536579762512,1.2926619153776888,0.7045069621824303,1.415839823276794,0.6939230247679009,0.8685758176432303,0.797522446132491,0.7562416995228316,0.7815891515440522,1.3360395777715923,1.060913899705459,0.8352128608337145,1.5516071570265584,0.6323244500691184,1.0417606121658576,1.0870313354056884,0.3791533456258515,1.0236241468057508,0.0,1.466395209679967,0.506165751879032,0.9817651665017254,1.0827278970332106,0.0,1.8079739333917475,1.0917445952642635,0.5173596287371175,0.0,0.0,2.0547321478184086,0.9381145648544935,0.9626651089234173,1.4756944505614211,0.7741176420044694,1.1222048345612614,0.0,1.3426243311133512,0.9040475786367783,0.868698102690791,1.2793510458313573,0.0,0.2708332941198831,0.39343186323455204,0.5207452562690164,4.082542283594242,0.0,1.9472938804504438,2.36721523097481,0.3703016232389589,1.3274646972352855,1.195424259997621,0.8195775262034724,0.43943838435232613,1.4335607374969677,0.9185360752347136,0.965716452397629,0.8150928297296711,0.7682062292246623,1.3606551609733253,1.0756539116602353,1.0180904625055003,1.057778987197886,0.0,2.460698322683281,0.0,0.8402610700629136,0.7214522734709441,0.45572157695471094,1.7748667607522957,0.8022136243070087,0.0,1.3976073112974345,0.617531507681209,0.8753279740918326,1.7507153842147527,1.1991467781121858,0.0,1.054562621197861,0.6105840467525616,0.5571911657885394,1.117930803375428,0.6880058518817338,0.596655976385451,1.456402866293109,1.370771957792848,0.6278838163738425,0.7422437519459391,1.4230258489765317,1.2328792943293267,0.3527245666470685,2.9823495128439683,0.7230884714344502,0.4604429200679796,0.8367479500029125,0.4623758136480592,0.17113091633650762,1.0088533081001891,1.071013741029265,0.6194569626094211,1.2198608881079234,0.0,0.7417484843166345,0.7117905328132201,0.8816742536818962,0.8594266021454574,1.217363790626981,0.0,1.1135720962158318,1.0343316502114903,0.6796252386576653,0.5497724555885355,1.7192005948334357,0.7580147402396938,1.1144107311914466,1.0769831417278213,1.35766584190182,0.9339967766256668,0.9291704307070578,1.161302041148276,0.9010697157220294,0.6379439608821483,2.2216443977938294,1.7338667334781606,1.2939934235015034,0.4173972573403385,1.0673955759256741,0.0,1.0595821066935285,1.4997596918471179,0.3830134768198302,1.0008926395567792,2.078071366286878,0.4975775612876561,0.8225537903585265,0.8363042883138527,1.143594508021889,1.2974082955074553,0.0,0.0,0.8118977107095926,1.4488832230854394,1.311660035387179,1.0503868957475782,1.572199718543422,1.0071663575877083,2.9115026321075597,0.3461973009226075,0.0,0.0,0.6259757125087604,1.1841075440591506,0.0,0.8683716308865065,0.8186527444854923,0.6953670547398515,1.1896288392756453,0.767237290758063,1.054891713545211,1.0437654613873917,0.0,1.478497868874685,0.7065302931289676,1.317529019807136,0.0,0.8899786883508769,0.5263841468827926,1.4436469686774982,1.721975936062055,0.6157945665103968,0.9614771339126602,1.0897337291074716,0.46074040720260645,0.0,0.578121767584706,0.3352572102903868,1.1325341282001116,1.5104423821815,1.1763974893425198,0.5038791827307658,0.8359242767587711,0.0,0.5932945329442797,0.810269622158496,1.11088017563448,0.038901940434408845,0.6708858580356344,1.5353544061408748,0.0,0.5541817280721452,0.0,1.1980522247008372,0.9660728943741164,1.4460976015311007,0.823588270184497,0.0,0.46582806576213165,0.8606204358387408,0.6136903303756349,1.0070551754875918,1.2011987265751987,0.49323758049016353,1.2791904376076975,0.0,0.0,1.5678522713139613,0.6625000582348515,0.45029565169057006,0.7294181014191935,1.6156966896256806,0.6629515716224748,1.0164405390415792,1.1896822128540423,1.278837884476017,0.8516757712528964,1.0687341287587497,0.6927423888050341,0.5103154240492733,0.5898297941673576,0.8492672846738315,1.346162024610629,0.8649868941827002,0.5889409275786037,0.9653027147269188,1.1911168604502878,0.0,0.9649922828000177,1.6607530124468586,0.6907358991172461,0.69722200041127,0.8326831089546588,1.124414881313596,1.9098217966576407,1.3970609253808601,0.09803367084584151,1.019933190017073,1.7315335380044412,0.32531098478435216,1.7890286616885578,0.7401028793258619,0.5977497627116528,0.664906727216102,1.5802188310792689,0.9246036455602057,1.0251894275307454,1.0763160897917805,0.9952198340310008,0.0,0.0,0.8446766177941151,0.0,0.05064678256130142,1.825882405244032,0.8287675537203039,0.5458676994564425,0.9639660406099588,1.0881847092169539,1.214160079684379,1.0124546639710363,0.0,0.08807315947987218,0.0,0.0,1.0686672533301307,0.7718813875813574,0.9565142430014631,1.2367999912768504,0.8667260796125116,1.1086734058892558,0.44274031734733804,1.1746705958056607,1.0138900009809277,0.20439808708887783,1.3280332507477945,19.521758584930872,0.26477427771293643,0.9076846571386987,0.8122854065418159,0.6305726859078689,0.40713539524765613,0.79016846305043,0.9001551000393155,0.0,0.0,0.521197204383136,1.5432049648991644,0.6314748341149818,1.5076399264590903,0.4981787434468691,1.0024341394360514,1.1131020123516455,1.1307887952005333,0.8991285906726836,0.0,1.3931492738005598,0.22071668406561087,0.4193396148958725,0.5265149945995838,0.8888246628765192,0.0,0.0,0.8919753488453146,0.4734525787378886,1.1585163091791437,0.6379057013992897,1.4594927156173212,0.7339960598110267,0.7547797680835662,0.0,0.0,0.5567079072207884,0.7110727907765267,0.9989201365805632,2.5136175499664866,0.948101178574617,1.245536562462722,0.6361016000595301,1.997097359449121,0.6883121354206678,1.5187755452174576,1.4181667210640678,1.0840818293900347,0.6618707562729478,1.7809695618067767,0.724964363987358,0.7864189002756654,0.7817136538883696,1.0544177222120323,1.1051324600844599,0.9814256398837438,0.971909752311115,0.0,0.47343637183785703,1.6135885023512062,0.0,0.7295750895815556,0.9632789585404746,1.2923839017713308,1.029323142595963,1.2316945322212234,1.0027098607044558,1.115133502632628,0.7389036952308257,1.5126962448767753,0.9576063452741562,1.398979902541814,1.2344296106667099,0.0,1.8340582480576402,0.07940040491123501,1.6139708130055705,0.9448933429976307,0.9909295669885654,0.7435136429133098,0.8349246227753647,1.112674211743185,1.0942468186709924,0.6560163203170489,1.3685764754365861,1.0547658597124934,1.1146611851146762,0.7633112577331842,1.000982611762015,1.2653775230298363,1.12996037312806,0.9837280423111434,0.5158827578498748,1.6160374881103818,0.9563810529501287,1.280686536033676,1.4810402976667378,1.999473657606215,0.0,1.2548009837505794,1.7632971329077916,0.0,0.33521013212416984,0.2563296544928673,0.3286615406994783,0.7830724946324866,0.7575293060032535,2.021978874943348,0.4193899516276826,1.584550525420482,1.723024920340777,1.3815098412046427,0.9636352542266992,0.8318321619626272,1.8152729378015358,0.82473851729911,0.6894595816565178,0.6534900180857601,0.45919132296556253,1.1582664323361855,1.4917185637509922,0.17277996622286534,1.5369155050720291,1.2478109898891248,0.8198420718639663,0.8031129968551435,1.9714128436088112,0.9902287249093109,0.8612188549486688,0.982832200673868,1.0886771939847302,0.0,1.221631362061682,0.8105707892128591,0.0,0.6305024432427371,0.42021957931175785,0.8682981643699861,1.2590510228497196,0.9838543299286162,0.7072278266107705,0.581805191127364,1.1741519838664423,0.7758481911669125,0.2083332807108614,0.9293797758146893,0.9421098515045521,0.9857085247584509,0.9720517475425069,0.0,0.8430868661225728,0.8029273448629951,1.207008403112887,0.7819580958254612,0.0,0.9906685213663736,0.973563042941474,1.1486114473844973,1.0070325564504434,1.2635971129729329,0.0,0.0,1.2564243865651807,1.5154084678021102,0.8594635766430295,0.7185674904673058,0.0,1.3132946347654648,0.7327241138387535,0.729441507539072,0.3219734090941804,1.5176860903750418,0.9405830931420764,1.264661231231848,0.5869538572034319,0.0,1.3004018373706197,0.971960761673722,0.9227504686988292,0.8022270609544024,0.8636237108570253,1.7552209009269728,1.2047257530051678,0.94344538949852,0.7724509816454359,0.3405355090740282,1.1295111415062136,0.6511298691433544,1.1747617570220026,1.0691528075508212,0.0,0.0,0.39898006236501626,0.5929734291243205,1.0593774379659875,0.8482770977774935,1.7122106534094026,1.0911362798640418,0.8144970342559983,0.556156551740007,0.60462357194168,0.981884091878652,0.6475663765777802,0.0,0.7377562916956497,0.7507671001609857,0.9598101676612529,1.264920791242621,0.4546455115836321,0.5781122389066078,0.6189316884442876,1.635820125963681,0.8198405175947974,1.406380646584998,0.5683725903732497,0.913498482001921,1.498586360634204,1.052363351211234,1.3177425701369014,1.2524323773696415,0.986429057902113,0.9820769544257386,1.5999809074851827,1.3810731272320247,0.7126736180936142,0.25553565789495514,0.6127656601969234,0.0,0.882068554259079,0.8783566839053036,1.3506348023744867,0.6208380482394108,0.5010301231752773,1.392381883718715,0.9053243463213576,1.2004054339290695,1.3577206163893778,0.0,0.7817549688270955,0.5496862471062388,0.8547725424123783,0.5767143319623221,0.7962576683959867,1.253562651839157,1.3793661931354082,1.2694038225192235,1.4525896969957588,1.2689857948622771,0.0,0.3975399950796228,0.9214573722643319,0.0,0.4697527023691028,1.0469639253903447,0.0,0.0,0.9083634346654434,0.7354537410862106,0.7660992045877295,0.0,1.1306205877310067,0.8240215601266081,1.0781353182751459,1.4678394984053273,0.9714737698356513,1.249727721046206,0.0,0.02547433248940593,0.8836028718608296,0.9998155177306464,1.1473377787284793,0.974496094200221,0.5111877574737416,0.0,0.8486624801202021,0.9368267816318999,1.4659852840452092,1.2308080146289644,0.0,0.9149469750365219,1.0728525155684532,0.43418543005787275,0.0,0.0,1.3970862288804549,1.1560495932885715,1.222189005585349,0.6681019894858478,0.8502379588948059,0.45091075440355743,0.6455748013836954,1.0961348715987416,0.0,0.8200204502223527,1.5422415374190312,1.6481205642654637,2.0867024123154634,1.1997834521265462,0.6800613291779602,1.189331319161034,0.0,1.2249017666807656,0.8814931013145453,0.0,0.862630064561656,1.0245150321072656,2.062994253714306,0.19424066162752554,1.1207234140265026,1.0041177110541135,0.7382305927669197,0.944345857887135,0.715124603445409,1.008558797187297,1.0256077702046686,0.9722158168695627,1.115545317533928,0.891765715560479,0.8458539858171559,1.0709526278922443,0.0,1.18243419817204,0.9881877219574855,0.1298902170419974,0.3564533616012546,1.1381565775523683,0.7747894278968562,0.6032508337302839,0.7099252184015434,1.0398190789951702,0.7903394274112909,1.380971017198864,1.1099232706174542,1.0274495972174436,0.6422177880487496,1.2958994285542174,1.0169242443467215,0.36064224009005647,0.717324905646024,1.0758928695669165,0.6900654686462933,0.46643517588095174,0.7928130043011579,0.8273657388195177,0.7315282794193477,0.5871476734734454,1.3492173957551667,0.9195049547410121,0.4595337539440193,1.0719336591256652,0.7942560802727099,0.5849200751490764,0.0,0.0,0.4687793270020043,1.0587691098540648,1.0836998977850603,0.6386463123313392,0.9274270018338947,1.70492098328423,0.9988801553738702,1.0229616611336616,0.9933658014013225,0.7056679521414353,1.4186254544764871,1.0804109009829654,0.7551504628058265,1.0750540134206559,0.5853896855182212,1.209686172203587,1.6191606693913325,0.5024241237951124,0.26448165067238266,1.3340789005158902,0.6462219071900778,1.4329651177126999,0.0,1.2695228637957126,0.9529232165544401,0.7444975406466043,1.155873069905834,0.7119218760435397,0.838150991461584,1.2989998747756497,0.6991274390413862,0.0,0.9215351027127414,0.7612700212419397,0.47048016131220366,0.8946839365675548,1.3631497181851004,0.0,1.275500299881478,0.9807492556694093,0.0,0.5190971051573245,1.1717979554463596,0.7942326686246426,0.8647055204832645,0.7249770490029133,0.9283481764697555,0.7392745714962282,1.334568841527659,1.245258276325589,1.2261959729717282,0.5929460726846334,0.3956283701064072,1.3800603443613042,0.9690600327418231,1.5574892970300627,1.1458161665258488,1.910964783642572,0.7207699775084324,2.7725805486386195,0.9791485231916082,0.8280900882323212,1.7652220948268607,0.0,1.0140218827695284,0.7041405313633053,1.312049402596032,0.44458737634682133,1.7617185931849542,1.270220682039776,0.19086476264760385,1.0256840843099264,1.1290214073802116,1.7896749023563188,0.6460750553792024,0.4101186577959858,0.5985369032410993,0.7127194373458534,0.7478928154584189,0.5593381555939142,0.0,1.2362608704360745,1.337541506716348,0.9863725199225575,1.1687981717608373,1.1693640361720432,0.8757440341298305,0.5698663389361343,0.50336539082125,1.4228993723274457,0.07063605228964309,1.6570267411461006,1.5415162638784579,1.4926919740150055,0.8456184632176904,1.0902167922760342,0.9908700462547717,0.3880016914785788,0.8444250677914,0.922451278311671,0.6647055813892522,0.7140837310176751,1.1142621187358888,0.0,0.5079666874331397,1.33990370511263,0.30007759984504573,1.06912367277215,0.9085435766794094,0.03972672193552992,1.1926616785043846,1.0884701029696993,0.9712703097840412,0.7055925657872715,0.9716311575238527,0.8313225384179186,0.5971296957379268,0.917426802614189,2.085340175577832,1.1508816321425783,2.3366902513636436,0.7973297218542246,2.0762204609524284,1.2079244160355564,0.5139414611946104,1.454136935186742,1.7239365041511434,1.0873512740835025,0.9243945679033299,0.7842584799870829,1.0672072646198159,0.28129462752986134,1.2302309224113022,0.0,0.0,0.0,0.0,0.5310128161218111,0.0,1.1001295789086898,1.0849592704589712,1.1990880116309544,0.0,0.9463991054404564,0.8251718657870876,1.164385554820817,0.7594116513523427,1.0730012254454695,1.0627066915744559,1.0454552637725172,2.0653571874027516,0.9010384968913179,0.9340074025031844,1.5160022151510968,0.4969550378069671,0.750325546648006,1.1116372897101212,0.8462346394748701,1.2918653570740983,0.9224282898545421,0.0,0.0,0.641857852563651,0.8760149196094821,0.6190076121524916,0.7014946447703159,0.5284216843766727,1.734937919971144,0.8443625840900205,1.0046792398386692,1.0023503121643837,0.3608917839044641,0.0,1.049379176617928,0.278905638216864,0.0,1.9079443068371118,0.943047671147799,0.8907159270359555,1.0586166255735052,1.1354605096831094,1.0095148979026618,1.8774313775288571,1.3019198540429353,1.1854371129007113,0.9932699349790898,0.6657053580992498,0.9154799362922694,0.04706112477153727,0.6407887776884303,1.4033707027676092,0.0,1.0020972705114544,1.0956640352843017,1.005352984929557,0.4937982792441895,1.4588389558587034,1.0784097678855353,0.5971982835778928,0.0,0.6126960954301202,1.5454955718185592,0.987776134430152,1.3815877534866376,1.178778889639972,0.9381231779288144,0.996244011489027,1.3184293320930804,0.9654689438540605,1.1441230614551965,1.034712400757574,0.7812582914336036,0.7598114157195331,0.0,0.9984954918233514,0.7926507464682285,0.6258897566744863,1.3117377366647311,1.0570123704700307,1.8434897818025557,1.4917233223166735,0.31520342626161324,0.4075972536969773,0.9787319591852011,1.367748526420531,1.4361121739228937,1.1841610941512672,1.8473260249240397,0.0,0.0,0.9288442861855687,0.9688442720333551,1.0120544527446587,0.9665990953307092,0.4980910803925012
57,0.7939857901781446,1.1882160706487346,1.4303268468399781,0.0,1.0754478774554779,0.37309873244666225,0.0,0.8954763530785858,0.8300188209408388,0.8441497230037052,0.48303021853923833,1.499999250000375,0.0,1.0939511772561494,0.1109137455844646,1.7246791398180585,1.0246814827556285,1.3593844811805407,0.8869875300197196,1.1115148131458092,0.6135127930388502,0.0,0.7991481058678622,5.252746396939229,0.8971339549994173,1.1371945498721738,0.796075842149351,1.1756640681802333,0.0,0.8210844488641239,1.148277892353574,2.5370356119492667,0.8627568349417077,0.7879256536999657,0.6571841476138518,1.132008931648612,0.9953228325268144,0.0,0.7565420532200684,0.8886918046960499,1.0945058764665978,1.1671115454587115,1.3152143227484792,1.4800908112140418,1.2118671855624348,0.38604645117100456,1.1269441677898095,0.8584051717888205,0.7173231506297739,1.696032626818964,0.5247115850489678,1.2298274254459203,0.9530322698004845,0.0,0.06251582372464781,1.0412911912212341,1.9502579284844015,0.046386942114376224,1.2777098676946501,0.0,0.20089282564504202,0.3279253795567333,0.0,0.5207245141249034,0.6038809130822177,0.7137036165874278,0.8357247516177598,1.7019846344551386,0.6582402199336042,1.7363982954091708,1.0660431041221925,0.7020371435847722,0.0,1.1512822688589455,1.210949061868627,0.6538967277338731,0.8698207503124966,0.572175150636459,0.41288484414145976,0.7533612708295481,1.1234860015842751,1.0695921379458504,1.3773380654044824,1.1114415659472734,0.9884365567793285,0.0,0.5957904093332175,0.0,1.6208510136654837,0.7101265782132362,1.2255801124741323,0.05831067444025954,0.5704116661394263,1.2934910605230965,0.8454588277381496,0.7897232711893003,1.3640001009377745,1.2317895677317314,1.3019993339259808,0.7215352180434913,0.7627367691147815,0.7250528432337288,0.9461458190414211,1.7370699919210062,0.1972324901949519,1.1686065802219725,0.0,0.45413865834311296,0.7703438357999122,0.6838737840376745,0.6386613796901978,0.1305954129840813,0.48680555571255146,0.872082646863561,0.7610552144140736,1.0265478389869973,1.4641454414590789,0.735716003079325,2.2334524404363623,0.7361011164720319,1.056989507382703,0.8024748087014528,1.011429710581702,0.0,0.8260272102014836,0.06487498366518607,0.933093973897653,0.44279383685015544,0.8349471416021294,1.1734257162050317,0.0,0.36857949664755535,0.8967320285427709,0.5127841400731767,0.6603647686974338,1.1557588448880272,0.9415569262177654,1.012113948811863,0.9551059579751042,1.225296694068105,0.857907671918988,1.3822868127754342,0.7917994666078495,0.9191632098643827,0.6185997254010531,0.766552138797907,0.9159756341859431,1.1918259681781604,1.1011946690147725,0.8401217561153151,1.4161387203686773,0.5957899179251616,0.920471135417132,1.2429110385913382,0.08498264637702597,1.1610275297834716,0.0,1.686300833698555,0.732815968343674,0.9404640750230744,1.0893933791057093,0.0,1.9387946652535766,0.7911607899640196,0.5372257641611148,0.0,0.0,1.915887754330981,0.8790629757414757,0.9932564674511424,1.6104039624785123,0.8470302524584763,1.1699107835869917,0.0,1.4574106712542134,0.9126821559609524,0.357525409359581,1.1752890045181958,0.0,0.15476188235421892,0.6185749517718224,0.5942125136628449,4.638099994226476,0.0,1.9908769671161601,3.2654139605168604,0.4740982909115322,1.8052229376734064,1.2900985114942214,1.080704278730428,0.46550585548780476,1.34509866856614,0.9793694104892348,0.9900398317159965,1.3252975114484193,0.5698985825869958,2.8913923233694607,1.026072386015832,1.0335672169890344,1.1414157100028344,0.0,2.4057945051850735,0.0,0.7213479523182399,0.8056139699285151,0.5494172292306025,2.1671050097698767,0.7384823580468901,0.0,1.1413352685090232,0.5211030940385379,0.8065569517994541,1.6154108395601425,1.1016730462274156,0.0,1.0006313803741151,0.8976902732735271,0.6143938544594003,1.1161587967573008,0.7317067282641088,0.6848573005619456,0.9854556897788472,1.1122117474260091,0.4999061421608547,1.0298111869676836,2.5298237315138343,1.0843450245091835,0.6920407588289685,1.9882330085626458,0.6236305660229987,0.4489336896790733,0.6298582540723026,0.4733273494993423,0.456349110230687,1.2812437040139462,1.080232043447337,0.2938449714792779,1.0916915726744834,0.0,0.7403943770277657,0.7902886037488124,0.8138768080661146,0.8607768962075819,1.0153994145971803,0.0,1.1010044930721887,1.1578263996951517,0.7112256814736804,0.7541257185406588,1.763161501050629,0.6701013345591531,1.174486999058903,0.7479049558767854,1.217626326824755,1.064199244007352,0.979832044176614,1.419643808698191,0.9772236109580693,0.5726996785630107,1.9504179671521686,1.6983319948924365,1.2633779470717093,0.8298681507597574,1.052208176238095,0.0,0.8661877219353337,1.7749470767503546,0.28262486007494736,0.8368004605847321,1.9608946785740273,0.5396951206825771,1.0613307041874744,0.787781013287876,1.1720210257783574,1.2243021885219068,0.0,0.0,0.5152083803714234,1.269153423843912,0.941065139520797,1.0636484549779883,1.3466249971253355,0.9844835658398803,3.3020700736833177,0.5581640543172882,0.0,0.0,0.5734012151843477,2.2080990603874744,0.0,0.8332512771272634,0.836201347052165,0.6883023205358063,1.311944470135954,0.8424757006299279,1.1450064037431558,1.1496355926601844,0.0,1.3187843871661844,0.7387597527225883,1.093062653937815,0.0,0.8903013919248787,0.3260816738681014,1.8096305644107167,1.467431250619189,0.9590823392462682,1.2187377213010329,1.2919767473657857,0.3589293691782377,0.0,0.5316615268453659,0.3388790012939103,1.1706334475725793,1.581365512298454,1.0080033712667613,0.7558187740961488,1.1844159769187352,0.0,0.5832582088738898,1.0037873621300002,1.0603523038552833,0.0,0.12579110100232851,1.528018305336095,0.0,0.7615482450765874,0.0,1.2496867684405093,0.8737596527766054,1.5411785137812752,0.8711387691770243,0.0,0.5803796611069021,0.6638453885549821,0.7614047464797769,0.9830998759009774,1.371014766213979,0.5040663615148113,1.2767588929738318,0.0,0.0,1.0878852142934687,0.44166670548990106,0.39891963600005775,0.7661076592179299,1.7557401548301255,0.9365637528547888,0.9981523590412454,1.0621226143363578,1.1723538100885234,1.136152575980554,1.1717582489917928,0.9803445267528788,0.7654730651967874,0.5440833325293073,1.1134216915007282,1.266184602140233,0.43669243192048235,0.6828833688054647,0.8315713102671112,1.614570046758146,0.0,0.7457922934635555,1.7584443661202032,0.4069807330208095,1.045833000616905,0.9033256497195779,0.8280985571657469,1.7048001187233655,1.817759418799879,0.0,1.08170345321183,1.438140806253223,0.5440917134594268,1.7079872536805019,0.7577656442098668,0.6567999293668739,0.5791123018065465,1.567148441543515,0.8734975136842743,0.7608095995461508,1.2062397426763494,0.8245274374351002,0.0,0.0,0.918946825347859,0.0,0.10870528903831897,1.9600204148928448,0.9356134361885162,0.525260433887348,0.9970586259894932,0.7254564728113027,1.3047515622856467,1.05642756788112,0.0,0.3522926379194887,0.0,0.0,0.9677661210459281,0.919750941185097,0.7950843107201737,0.8904495868391182,0.8225358939988464,1.0596796614027202,0.5029812893760424,1.1549648294627897,0.9116531768102308,0.30659713063331673,1.4923329589471577,22.090411287181627,0.391236375169983,0.8665878661233817,0.835075255274516,0.6234207521447797,0.48422617207956586,0.7650462057546668,0.9887851716291084,0.0,0.0,0.5382333399127862,2.486609026204279,0.6372234326670747,1.4653913958045481,0.46266938961403814,0.9057818886569879,1.203486210036997,1.7272296674259022,0.8527317634594647,0.0,1.2233280624846306,0.23254079616012507,0.6290094223438087,0.9652774754738254,0.6820741100068111,0.0,0.0,0.7530925853182128,0.7177499821466886,1.0987881470280207,0.6495465943221184,1.0408965940308315,0.9891824896730861,0.747038012226238,0.0,0.0,0.4393243768145216,0.8201871006609858,1.2547411553390893,3.0557703490627937,0.9767228684809364,1.307507264592642,0.5233278328134295,0.9389919947272866,0.7741628888076725,1.612944742928156,1.460101209617698,1.1956787632089383,0.8105867155115893,2.0603006877489896,0.6747501848975325,0.5956881027136633,0.7139252180828773,1.141077241258714,0.9800281363457607,0.5845255640287137,1.4578646284666725,0.0,0.3205618945156998,1.152894306310021,0.0,0.7862877077724804,1.1242493969219902,1.4547241335319203,0.8535223350364889,1.239503463540108,1.2144671195764107,1.0176301491646993,0.8798590275226341,1.2996984665480693,0.9105920851768862,1.4382864174064136,0.28486837169231766,0.0,2.6531472194432753,0.0,1.7155342134991314,0.970904729226559,0.8739472153182763,0.7886264159659707,0.7454501533343886,0.9528386545871156,0.8763975079379669,0.5508911149858635,1.5410018889697312,0.9535594525425016,1.0942717466715433,0.6618996198649667,0.9548514144283003,1.0933719655985894,0.9684240330374806,0.8972534445593743,0.6355787847101034,1.4094382156111362,0.8729941577207078,2.2973409153545137,1.3164960132190098,1.4797556364783695,0.0,1.1444401623758789,1.8952040168019886,0.0,0.0,0.309980041055283,0.39240625638688764,0.7177688223612773,0.8631605709143239,3.441666188423067,0.2236746433533708,1.205198700059062,1.8493596351950599,1.4479024569365178,1.142195811596007,0.9243560214147405,1.7671572913781657,0.7535088774521497,0.6248709518856596,1.1597146724913583,0.43634598345202746,0.7832493260586868,1.361016355021787,0.29447420066246144,1.5247170759017785,1.0792768690473429,0.7660788923445292,0.8340736989444908,1.7100873032581907,0.888691757413858,0.8346452549139374,1.108620983176205,1.0256032980200365,0.0,2.4538740497398455,0.9133305728240735,0.0,0.425957092121262,0.5030419104351502,0.8441650786658881,1.3131867656797183,0.9397014498202321,1.0168490063915043,0.670825927625297,1.4600429439379068,1.0261421359903593,0.05208332017771535,1.0018696304080885,1.0051259232918344,0.9032303957453462,0.9332533725294979,0.0,1.1776669276318905,0.8326861657059599,1.1414458508414236,1.1110483469414911,0.0,0.8210142985198965,0.5041665727045042,1.2656852653539052,0.9547325012074843,1.0657831777822124,0.0,0.0,1.4134774297645338,1.4635855196056822,0.7872385057711795,0.7698937397863991,0.0,1.2138399938379483,0.7767697408191558,0.8098678791821825,0.0804933522735451,1.3381776464146917,0.7981859469438249,1.2955963470608527,0.9667474523342339,0.0,1.2583722065601852,1.1092363698321865,0.9488180214605455,0.9949056619492234,0.7283725048569721,1.964271548382821,1.342866645278971,1.4623458926124109,0.7595032876558724,0.37215000150845734,0.9678460494748139,0.5679622752063878,1.1482701738973757,1.074605139294381,0.0,0.0,0.3916070368066773,0.4580470047543461,1.1571678483459453,0.8603690235119843,1.481315982977846,1.1477679507285958,0.5175297585952201,0.6069238558218102,0.90693535791252,0.9169773389452092,0.48720321851642234,0.0,0.893128204299919,0.7813997667375063,1.294823777881033,1.2607196134374394,0.7520107997151794,0.2787146671293669,0.6988931180357607,1.6553212034679285,0.9514932170951603,1.3366701678079842,0.6737977142392779,0.6089989820307029,1.4062690358907337,0.9078238207567102,0.6392171442386397,1.5093776848091476,0.9506794262554058,0.9061191773200772,1.6656968098316676,1.1435632630785368,0.8526378622219561,0.0,0.6779902343641054,0.0,1.268315957094272,0.952667283838946,1.3020428220479154,0.6852100025447234,0.3340200821168515,1.4266981035157749,1.0766146558551826,1.5696455377801166,1.6820180947546468,0.0,0.7427238153137902,0.6077051066325461,0.7596442685003436,0.7063189657752224,0.8340877362142964,1.353708360356241,1.2990097619625596,1.962682189936614,1.42968461839565,1.4415387885556448,0.0,0.46379666078465254,0.9396631370374852,0.0,0.5057435470101812,1.100265410103967,0.0,0.0,1.015991631566521,0.7646440645571118,0.8152270753427333,0.0,1.0230582703355349,0.8463634124941979,1.2123194440975464,1.4980401197727973,1.0833752339588556,1.162335242109581,0.0,0.0,0.8706100536515384,0.9363258459669854,0.9268262851465996,1.0166125350346,0.0,0.0,0.8493108256137196,0.916290747827111,1.4092291982519938,1.2867251538461528,0.0,0.8970831534081952,0.860663362037364,0.35948635976884175,0.0,0.0,1.420237018744082,1.2385253772129885,1.0011953245744558,0.7956475464013224,0.6181298494090515,0.5084479990725554,0.7496159578426613,1.184170129178736,0.0,0.9887956846544171,0.9777444969454933,1.5902853364131149,1.981182465439702,1.2268024745947632,0.7744760640059128,1.3115570467330895,0.0,1.066562220820464,0.8572441046035978,0.0,0.431315032280828,1.5854884315366702,1.6765349497709536,0.24209705690884747,1.0896913525536986,0.8443039803914274,0.6921331086265856,1.1168950013921708,0.6923303795621729,1.089231338309719,0.8436327202020976,0.5303067397968535,0.9233095489118793,0.5841098399967919,1.1057135764352566,0.8939628776054651,0.0,1.144675592949936,0.8572953038985318,0.0,0.17770812168579272,1.0052762723671327,0.6768061119556465,0.49280188159989047,0.545430342012724,1.0145055685775213,1.094257274565716,1.4269159992368738,0.9451120506854358,1.0020053038076895,1.169854869394791,1.2146305972150915,1.0644772168147263,0.5161485274959742,0.7287080754101012,1.1441491513393287,0.6607514200457085,0.9328703517619034,0.8046481860292605,0.9487279403780008,0.8613711036241674,0.3543580009285231,1.4888957485293282,1.3588239872916796,0.6117088354978205,1.0658900362631705,1.196411063141294,0.5361767361782347,0.0,0.0,0.5385918409432888,1.0529118550410212,0.6799685616495268,0.7236745462291602,0.9721602340585775,1.5651201911045325,1.5969794441659948,0.6168598136510881,0.9288534590824489,0.8259273581580441,1.310828861372959,0.9421391665521576,0.7283340177857608,1.1672949304997668,0.5858603798655135,1.3007045310649274,1.360594262805724,0.425989696200731,1.0579266026895306,1.1694849769311304,1.1064901579552755,0.961347353779454,0.0,1.4174746410385592,0.9395158162223858,0.7230973370557827,0.8869081856238836,0.7277807438277493,0.7921249850439348,1.1490147467936263,0.9385333102307598,0.0,0.6120891973727685,0.7366324779385434,0.719002305995841,0.9981519394481526,1.288903453054708,0.0,1.4155841505089337,1.0980945773957502,0.0,0.10381942103146491,1.026662326837412,1.191349002936964,1.154178730406458,0.9101911067051337,1.2110224870849617,0.8245754808579435,1.3160411284405171,1.204608335325312,1.0340515482616965,0.5824640271359168,0.45244224138001066,1.2177507365222975,0.7399923405216488,1.4944077717102462,0.9687537920007605,2.0880950750070992,0.6918608138797605,2.2684749943406888,1.044832209244451,0.6433628669990713,1.2965084159744855,0.0,1.10267264953437,0.8424266871806555,1.3555232060642775,0.32513962800210183,0.6673176408449977,1.299013026533247,0.0,0.9808265925266109,1.0672342786983404,1.5427279507727558,0.9804653298019439,0.08067908033237844,0.5131740463056723,0.5187405174745988,0.8260304216489922,0.8454563710901848,0.0,1.1350729776440425,1.275828250420918,0.9419741773456225,1.0131692430375967,0.8507992099305851,0.45114086405645104,0.39972256760468283,0.755048086231875,1.434440769752345,0.2035495577718045,1.6310842105853842,1.2769879424684203,1.171631726994491,0.6547863829740135,1.283280695370314,1.213174960809735,0.31614952718831046,0.9130620624201478,0.9041869771636342,0.6947616098166398,0.7219386542157593,1.0450205275930176,0.0,0.5730640090442738,1.3612762107319467,0.4501163997675686,1.0830470080364347,0.9179672454224287,0.0,1.2337252701539396,1.1178782165702266,0.8204223183922805,0.6125170610848901,0.7094074025006136,0.917786656743782,0.8244327140966743,1.0150149400188508,2.3411327113607623,1.387466694636119,1.9567568151175236,0.7251279255156773,2.148516759980426,1.4607968604679078,0.6863027528988367,1.3100853989704166,0.9810984995466554,0.8986226933318083,0.7924512566174314,0.9762419516937912,0.8848396225532709,0.5230774536763113,1.2393295167547655,0.0,0.0,0.0,0.08213494839275111,0.5265127107458567,0.0,1.1531968029197244,1.0941414370124591,1.1690881577850443,0.0,0.8825945060333159,1.6850877922130085,0.8843567532941642,0.6171495206982917,1.0355502019721707,1.0646588930474745,1.0876057004024258,1.7650329998799603,0.8208302093132218,1.0563667775031038,1.3843680155559561,0.3727162813132908,0.602657035771338,1.0167729465607567,0.8195562129340355,1.4124031865362936,0.8967806646367967,0.0,0.0,0.8054099544766028,1.009233768175886,0.895948232557422,0.5832859190516003,0.7021285248964795,1.8554220798422358,0.4749539520847294,0.8469563739141925,1.065837130556821,0.25983757144104436,0.0,1.0927542956187932,0.221753892317705,0.0,1.7999473455100734,0.9262630720493981,0.8119326214232061,0.9999747922739421,1.2220504044826936,0.9459887137070987,1.8563310516439055,1.153911346675409,0.8583192434950417,1.3247346260777577,0.7734176651302278,0.9651887051996197,0.0,0.7516892673070288,1.2477482789902463,0.0,0.9872669966191738,1.0423679840039481,1.0281610080157468,0.5255438162253396,1.3830820225779155,1.0938196727288587,0.9637544717984059,0.0,0.615748168968301,1.0303303812123727,1.105771155354247,1.3711301045665503,0.9784542291427426,0.765640925754353,0.8365809134714648,1.5815096567655715,0.7789711769071861,1.18869927999748,1.0424947733463028,0.8995600579379666,0.7471507978216214,0.0,0.9495347083250023,0.7537485711452359,0.6975534894305939,1.2859638234436805,0.9949999596012156,1.6495406003593955,1.4626289660856016,0.29570425199905054,0.29211135722399956,0.9069525099231435,1.4665814448305294,0.8991311014982913,0.9373254649463603,1.5390970095015482,0.0,0.0,0.8573413052427815,0.9407625984602496,1.040232053564621,0.7999546237724919,1.9923643215700049
58,1.4542476933423714,1.1077415901798973,1.2102227022592942,0.0,1.0103763019831036,0.6860202481707856,0.0,0.8347045551068947,0.607168575430419,0.8170099406838557,0.3554688858638861,0.99999950000025,0.0,0.9846149900641649,0.12497323366928473,1.5013341226514045,0.5123407413778143,1.2342058814100425,0.9033424034251254,0.9885953098796288,0.7268530693385648,0.0,0.7770562104154757,4.425111178033722,0.9541783925359085,0.9352423462836685,0.8968828379805778,1.288054397797888,0.0,0.9259889738936808,1.1438134352561793,3.044443038783119,0.875284279854669,0.7650993201144982,1.7028070252561447,1.0648139768662115,0.966035008961357,0.0,0.8110017733370086,0.9703177212836003,1.0363076860626395,1.1132939041398418,1.7435759304175054,1.4658280561385468,1.2335097818279084,0.5245439267960771,1.35534399359743,1.0540936964353769,0.692397032992646,1.904483596413622,0.4497718183933756,1.278178909867516,0.9045730008710836,0.0,0.0,1.123833777810971,2.709775237576868,0.0,1.2280140328581228,0.0,0.595238002737955,0.5087657208326719,0.0,0.6207768691448283,0.6537335435197212,0.7685981134387339,0.9340453207528463,1.3331348135144527,0.5671594388400785,1.146022875796909,1.3004011963151365,0.8310958964582147,0.0,1.0508370464291785,0.9346666503544322,0.7402696540062909,1.0437849038542781,0.759983195255913,0.6245901571514815,0.7974376913704787,0.8419330097754985,1.1178334519822426,1.1179538736808692,0.8895623575010081,0.8989464552969293,0.0,0.6908525562959844,0.0,1.4375783093868608,0.861058171370855,1.0417430980541726,0.3382019129197187,0.5864488830467735,1.0032514915792468,0.8278924996646574,0.936060747210185,1.2393277281454889,1.005605371895039,1.3784867994419316,0.7739046619049572,0.8817372715347591,0.4169053841343413,0.9821851812832946,2.098504485298724,0.17243945452543102,1.1113021516177095,0.0,0.7643724300231911,0.9702881711658055,0.9343256510298423,0.7417293666393082,0.5223816519363252,0.7302083335688272,0.8492346591307338,0.7537103630035346,1.1456136295419506,1.2743112487431272,0.7332293630103526,2.450675567155708,0.5529126938225175,1.0447708015194501,0.8867085260509404,0.9140085192364628,0.0,0.9104809535136178,0.08649997461608293,0.9571421994089261,0.4722300389325219,0.8363742581874134,1.2185792354783715,0.0,0.5355255562530554,0.8586038617608003,0.7178977961024475,0.7571273321696598,1.2324297038865366,0.7611301977303292,1.1129465995287515,0.9327306055118703,0.9843343136938367,0.7045069621824303,1.4574565137747872,0.9438160471530772,0.923930608345937,0.834413725873994,0.725064564839907,1.01169013594891,1.090323417602568,1.1642961590268666,0.8047687636695169,1.0562852779629668,0.6432201728684304,0.9134524418180665,1.3543624467851076,0.0,1.2085567891842173,0.0,1.7565722503671113,0.9264658949226486,0.819770795343754,1.153113582026525,0.0,1.9204449758976934,0.4689823648623195,0.5966917844928977,0.0,0.0,1.3882273237583487,0.9490399005141137,1.0602975335801308,1.422997740505226,1.0573287408447765,1.2675580248448646,0.0,1.3586040659961605,1.3009074948521717,0.05614035347475331,0.8722848047410874,0.0,0.03869047058855473,0.6417954499873882,0.6429510902316268,3.7117247426711844,0.0,1.6505529539197306,3.602028636177769,0.43762919161064506,2.0415928309480873,1.325880405114745,1.3918129403207684,0.6040921171650427,1.1348771363783177,1.1211441382258562,0.9799866135474045,1.4921460110430216,0.6872501693378612,3.3165971568446553,1.0416110073072242,1.0332651611445909,1.3622267127500194,0.0,1.394408159876525,0.0,0.5831217392753654,0.9527777693276878,0.6643414381156217,2.133098854842405,0.6116507829465326,0.0,1.409496221796116,0.5295517267261682,0.6692786916032262,1.5728187280292263,0.9779323753735466,0.0,1.0297833664759946,1.0929172659982402,0.8188404766325558,0.9771455980644416,0.8286311624172404,0.6246728711469229,0.8770735349526286,0.8564954587023337,0.40998386387251184,1.2959767415475083,2.213595765074605,1.1275464980837708,1.2451257492747134,0.49705825214066146,0.6483910519466713,0.607890781951126,0.5385752775971273,0.41186566360351184,0.6845236653460306,1.4542060007764586,1.0579288168529188,0.055592292330769066,0.863261964995455,0.0,0.8760393231459991,1.0669175246172278,0.8120252966886963,0.9465452211740664,0.9021514032128852,0.0,1.3008874511675808,1.148520453352122,0.6913200003052119,0.8262036356358721,1.5288891585547733,0.6442004411881922,1.133488285127184,0.5145586115937641,1.0640384077965002,1.0191353129728864,1.1447590529827485,1.5537837758307855,1.0121767833140776,0.922118941312365,1.476936532006024,1.4575584931561574,1.268687401046206,1.0399103331043997,1.0857849894645315,0.0,0.6150537318826812,1.6490114617742146,0.3401806824505089,0.7945546341058553,1.8080592708624579,0.7944061416730093,1.0966000032646823,0.7733773796363519,1.2094571303925794,1.0732744853678782,0.0,0.0,0.5135294081654668,0.7341811555676364,0.8854811840745971,1.1687497998929854,0.9418119438882879,0.9010141447225469,3.0091445308924936,0.6010997501426844,0.0,0.0,0.6170889267970087,3.661176544696868,0.0,0.9019936052380719,0.8267562607236199,0.8187155903499372,1.2900650200371169,0.9105584133587546,1.0953078535609713,1.058359521072324,0.0,1.1487208277786718,0.8044360379849749,0.8082427525469454,0.0,1.0315499273658848,0.2963570494728479,2.0540929967346213,1.2248384793554767,0.9623264674732399,1.3288561589212722,1.211866827523595,0.291444241585552,0.0,0.6132304318892596,0.38694319869328986,1.079514399545429,1.7569494008991444,0.7267381801276535,1.0077579875525227,1.3392175824228416,0.0,0.634695649184719,1.2599890042338728,1.0145912678506015,0.0,0.0,1.3158459726302545,0.0,1.0444117148704737,0.0,1.3557336693430446,0.7479524083918427,1.312604702116262,0.8876892460382715,0.0,0.6964169617125349,0.5032036773094573,1.071084464656979,0.8577253929530543,1.213685205334304,0.4340904796922975,1.116568814005164,0.0,0.0,0.8203263485411861,0.2944444457895697,0.20550405445122397,0.8597586855279349,1.7419058869727417,0.9754150273798037,0.8951713082042816,1.0919780401169872,1.0715521997166628,1.217615864204805,0.9761838975195138,1.2934019296112416,1.2757883758426787,0.5012244834378451,1.5482986884239556,1.208852671518468,0.5038758868611396,0.7987653635436951,0.6796388071927852,1.4121709775491218,0.0,0.5225669249708518,0.9728430640029296,0.6336646984115556,0.69722200041127,1.0396608630809665,0.7707032760760704,1.1052221749129743,1.5578574641286829,0.0,1.067042827623078,1.3337332741145187,0.9711368832947578,1.5533248718994646,0.8614932748039557,0.8416857350664795,0.5147664881115301,1.3550999085177393,0.7152249642191513,0.8539811998009709,1.5430847233398466,0.9349513991530316,0.0,0.0,0.9014291494260336,0.0,0.16305793355747847,1.712856275225937,0.9724279832989493,0.4987989105416025,0.955631789147831,0.18136411820282566,1.227798708510564,1.2997883027517516,0.0,0.528438956879233,0.0,0.0,0.9105054493234352,1.2301860855234503,0.6839414860164844,0.7571434164980346,0.9036478315338252,0.9498042438577039,0.45264379633529955,1.173104717464283,0.8711652373014077,0.20439808708887783,1.3852895333947322,14.041967843064262,0.52100133579954,0.7951906201569268,0.9056932164186834,0.6365646397587419,0.5662659481414244,0.770943146937733,0.9403897337141689,0.0,0.0,0.6371616166188188,3.5151954468448348,0.5544436144192924,1.2175829772071598,0.41036533730902347,0.8685307165476742,1.3977672323067354,1.919797828500734,0.9089283880760698,0.0,1.0754451254908988,0.4972189134301618,0.4193396148958725,1.2285349288973824,0.49609996319473265,0.0,0.0,0.7568380569873363,1.1520188790826553,1.020846842721074,0.6387842448993662,0.4838560969755641,1.1782964317850202,0.6766327155635101,0.0,0.0,0.4797172753609674,0.8558662589368121,1.023284050670202,2.2178978324072984,1.026883690454568,1.2880586701908026,0.35307836643693596,0.4974190065437037,0.8330750333020578,1.4036263808996272,1.5100360316322303,1.016179455589748,1.0157545829790555,1.948258023543806,0.6727674646954132,0.46410189669708685,0.8063434549442638,1.492644816428957,0.9086706067897645,0.3752509763473671,0.971909752311115,0.0,0.29164433257128697,0.8097814759371795,0.0,0.7207138295647659,1.1925383405018253,1.2679381559660605,0.7655707565710164,1.3090093112676862,1.4233599737232954,1.0157534784074227,1.0684694925335945,1.1160695642777654,0.7967680775540847,1.062660034628638,0.0,0.0,3.418283197068704,0.0,1.4689479144380675,0.8956058086288279,0.7371923738953549,0.7155257979946149,0.4859230629150255,0.7108768150300302,0.8156498082971352,0.517019211926269,1.5102221383014507,0.8788708672116988,1.0039121162800921,0.6168176959970426,0.9710227060802437,0.8779069233855339,0.9494789032951115,0.8322685199109913,0.7700444012277881,1.1305925347581058,0.8437442302313273,2.677298505264626,1.129820091467593,1.135682399232028,0.0,1.0317624683342137,1.8981772770808425,0.0,0.0,0.4983525170602649,0.3782269409429003,0.6620470519386324,1.0210585588170726,3.5891661714388166,0.12781407963381788,0.9426113973607758,1.6322037878457654,1.4462261127345648,1.2893031606379464,0.9624927902532209,1.1810209734930899,1.056633951715829,0.4653417184295101,1.6577972473880889,0.6213932322551684,0.6776114795781644,1.2404554511115753,0.6281299990736955,1.3715998916982182,1.0132713680419927,0.7896136765604156,0.769603591828496,1.7003280141515307,0.8965076550029971,0.9632717472491268,1.2622200269064419,0.9908235876008507,0.0,3.7648175641808166,1.02076744999213,0.0,0.4938199976881964,0.544200321913605,0.911633384910401,1.4471433577675508,0.8580365018477802,1.35548030765667,0.7079550370001292,1.7634813778352836,1.5277667621798519,0.06510414859454064,1.1200530743556214,0.6291016286809561,0.7226564257894633,0.8968557668572072,0.0,1.362578467758332,0.9299378466228785,1.0938327048212746,1.1098014447004136,0.0,0.6764802153857626,0.10431032478765427,1.2763702489150617,0.8685912260874701,0.844959043259938,0.0,0.0,1.681735737073967,1.0493814643413468,0.7638021674231584,0.7512296491720423,0.0,1.1787835079851061,0.8834424950581008,0.9733953837767186,0.0,1.1061826705138105,0.7729344907466499,1.2215696569285692,2.0716016539790547,0.0,1.0941482238911404,1.13020129914918,0.9276403051578492,0.7599030269911453,0.5303699949182802,1.4647817697219778,1.3631276806792418,1.7050939052327014,0.6782901975927609,0.689928275946599,0.8314600745021351,0.6668683450638752,1.0547537010645813,1.028943523277953,0.0,0.0,0.49110693990677434,0.6085453009588355,1.2889687929577405,0.8062275318834868,1.2416433198107484,1.1910681045017344,0.3121041046677245,0.778371612986756,0.60462357194168,1.056578047038177,0.6255272190939514,0.0,0.8686097093850269,0.7980022954677849,1.8605904705303518,1.2313054129857586,0.966107221540136,0.06003085105186996,0.9330919976392025,1.6286324820682676,1.0126432291402896,1.1034526498722106,0.7080846843178507,0.3940581587323341,0.978992432122632,0.8181931420590794,0.3472460769127426,1.9116581695393604,1.0283811287802544,0.8314806069153429,1.5588553774593223,0.8854558015910199,0.86463979616097,0.10221426826869419,0.6786656991058114,0.0,1.3198743040684984,0.8359325167950393,1.0466058723933571,0.8135364852416972,0.08350502052921288,1.2669960859566438,1.0644018951926242,1.5941861028219202,1.9319246011248763,0.0,0.7494291310923948,0.8056307639830231,0.7476517626923118,0.952870807350676,0.90054616651166,1.2468804331891423,1.2287351594825688,2.1892272700109636,1.4810058462900106,1.5475487384026065,0.0,0.34802951716074587,0.8715190309191208,0.0,0.6291900806042818,1.131295147467914,0.0,0.0,1.1349081729428572,0.8073853417276124,0.8190112109359222,0.2499998750000625,0.9763724957837663,0.693270126718034,1.2120957483892902,1.2693999821518722,1.1223186636281526,1.2193591079968358,0.0,0.0,0.8910273713881406,0.9413723074848123,0.5997114610272968,0.9740325938235388,0.0,0.0,0.7571673508091218,0.8308159050633666,1.2786942619935577,1.3099683684051102,0.0,0.962987993863104,0.658642555618798,0.441211028731991,0.0,0.0,1.3311973065264842,1.1154894635219434,1.013728226662961,1.2309206807282569,0.5988643740300293,0.6597041665096801,0.8865923835620149,1.1202171109795374,0.0,1.0857152895378657,0.4945765292891401,1.5182435549816586,1.7978144605657513,1.2856738081094683,0.8453441751543427,1.2349399673610542,0.0,0.9759135808107722,0.9960705480535786,0.0,0.18977861075304475,1.814308141031993,1.4589237596299922,0.35912403885866245,1.013568756357071,0.8449914134897606,0.6089745425683377,1.2223512492536952,0.7757693852134498,1.0719783224350117,0.6095808063471807,0.48779996960996386,0.8700655026739068,0.4132944246476159,1.2961279556341527,0.803979466559652,0.0,1.0248673376424142,0.9005930480613317,0.0,0.22368749381431835,0.89903766502317,0.7147552548012304,0.5383430577569438,0.7272404387017204,1.0272677574545095,1.4133962036358905,1.4531318634688062,0.6994742236074005,1.0441979360648388,1.5107678329270333,1.1104092380757367,1.1538909529807766,0.5911444634671956,0.8285344777038015,1.1939999821723397,1.0417372503295903,0.9328703517619034,0.8375561711414546,0.9308278243457544,0.9452597007251023,0.3265243800634387,1.1356191684053953,1.5273998944972944,0.7556017300316509,0.9681468260920933,1.3953617800751055,0.9073760150708586,0.0,0.0,0.4515546750086284,1.08582788979844,0.1699921404123817,0.7241052378138186,0.9986443251063517,1.3173968851370583,2.3611028329339834,0.3974832197389897,0.8180054802678061,0.9893961415906664,1.201100411610156,0.6668935560217416,0.8815307984119335,1.3871592599368088,0.706594053692437,1.2257357491461305,0.688321607288036,0.4548547247014806,1.5868899040342959,0.9617158743518464,1.1948511077767274,0.9406980044532156,0.0,1.2305871243733844,1.0395140303067028,0.7789706734699379,0.6921405078747772,0.7518364212368245,0.822845902199371,0.7995725486197429,1.0176816255949421,0.0,0.3752619457318733,0.7724672902127738,1.25854919175071,1.3303878733616243,1.2771662147706067,0.0,1.4966853357249512,1.2300327235566624,0.0,0.0,0.8643734669545798,1.0745500797062941,0.9934018942702837,1.0517643158955354,1.2040288852357952,0.5118054703871092,1.1558814091797691,1.2309015880594714,0.9322294345815421,0.7563979655896169,0.5230621657939293,1.1495851758544378,0.43239164266040586,1.517305373779143,0.935348600773505,1.9398807824762767,0.6999134310711479,1.7643694400427579,1.1074820553560043,0.5572211317904414,0.9291777035014563,0.0,1.291140021498882,0.9435377390477497,1.4156068605585537,0.36617960708010966,0.13346352816899953,1.3861824214456329,0.0,0.8758512199078693,1.114302490040411,1.3659581318798724,1.0774797831739458,0.14983256788106172,0.3058254701486718,0.401763952052584,0.7329378850733069,0.8940555843437832,0.0,0.9687284208367857,1.4534114898018458,0.8885842610033351,0.852412364844229,0.8968004528173621,0.20434026914583725,0.41377814803381885,0.50336539082125,1.3996219779736119,0.45910490738227944,1.2253988268868132,1.0830002443542837,0.9552183698936538,0.5232654768091697,1.331010307999291,1.324644468441799,0.29459388005679465,0.9554690855988717,0.8896625532507155,0.917617411459201,0.7854921098678163,0.9811616217932437,0.0,0.45927752624624685,1.3364314306228273,0.30007759984504573,0.9419342613585706,0.7919447732841243,0.0,1.2836309042492213,1.0916143672632908,0.7835120549845664,0.6108545623882838,0.5578806193710254,1.074827204618896,0.87177494993259,0.9472241896002269,2.3612639896085157,1.7127212838978474,1.796818233584304,0.7291682980584585,2.1057449086063365,1.4367281515258805,0.9772351409853892,1.064150542266186,0.6459491124955032,0.608084042049513,0.7644229432787409,1.260945845067588,0.8364866245089186,0.7198058590605881,1.0472538970275906,0.0,0.0,0.0,0.41067474196375553,0.46351119179394307,0.0,1.2548495373795108,1.0735525043746614,1.1984123343645638,0.0,0.9400956425725501,2.527631714377567,0.736538352391207,0.5828853614584384,0.7814247122318065,1.1092755390094293,0.9754814041138986,1.1775889695212554,0.7706068204235668,1.0394196206397688,1.231338397771498,0.5590744219699362,0.5765903339042422,0.8140175965617921,0.8552563358275589,1.446131877411606,0.829517457482797,0.0,0.0,0.7708366188590499,1.952867326246512,1.0667448335656746,0.5033085838905453,0.551846250266,1.6387518528164855,0.4701564318416445,0.794651827194666,0.8475722187487512,0.18408452042934326,0.0,1.1970750432891715,0.27507142607751445,0.0,1.0799683893065768,0.8866997270705166,0.9284465832267115,0.9947204257800604,1.3685103596644872,1.007273703030822,1.8025071910854402,0.9923474380416317,0.6574702592270854,1.5386511686272715,0.899459484681133,1.0024113818159888,0.0,0.9163963881350257,1.2274331409648576,0.0,1.036538244175302,1.0245048254053626,0.9193905113476567,0.6220915061401856,1.0642820187247248,1.2157637331294977,1.5362411022532627,0.0,0.5190585825984377,0.42930435412543416,1.2290454397175465,1.3763062788246676,0.7593935677825043,0.7016173724535855,0.9570648708535612,1.631850857740655,0.8246806577268542,0.6686433449985825,1.1194641864810824,0.8649589295558112,0.704153184483968,0.0,0.8292657384730938,0.9142863452292289,0.6904007169858873,1.101612470187811,1.1268617063962738,1.5742465572074598,1.305028685175082,0.21618714161734898,0.4823233772472524,1.2319877266712793,1.5177296274092602,0.22478277537457284,0.6686699281971454,0.7946369136496388,0.0,0.0,0.720833361781179,0.8185872292345858,1.0002023723187472,0.6961053506465875,2.9885464823550074
59,2.2231602776892023,1.1173263932786104,1.1054223238094343,0.0,0.8184810326114474,0.6980556883058421,0.0,0.7200800952633002,0.5622612295881869,0.994756797423308,0.27611500699626,0.2499998750000625,0.0,0.9541346499289872,0.18745985050392708,1.129831559006815,0.22123804670744363,1.1740017685837962,0.9991301648111841,0.8821047310646151,0.7769616547641687,0.0,0.8283535417363799,3.070191384323542,1.0072814982895144,0.9036495734630683,1.0279169012053142,1.1976303451224692,0.0,0.9360835337751461,1.0683249413943239,3.5518502119136386,0.7931258220260705,0.842537572554227,2.5659540239566114,0.9698130049847198,1.034153660852898,0.0,0.7572597761850665,1.0371923111405454,0.8645798636735866,1.2724541665453042,1.5562495543447752,1.4914674469296703,1.3708304843876014,0.6830374233598269,1.4568140918662977,1.1916373443342887,0.5891013852036526,1.7692693335298435,0.6322873067882335,1.5324402814868876,1.011362868389667,0.0,0.11577003570199745,0.9802158628039169,2.9527054521960063,0.0,1.2284347410237062,0.0,1.0416665066515398,0.7391832430514964,0.0,0.7194417103463646,0.8039706778616055,0.7213875593127695,1.0446559579573018,1.1486666610494805,0.73144010343944,1.0771871010052667,1.4079447492747676,1.0098427469948306,0.0,1.1830268377568962,0.758669743533272,0.9628873304108305,1.1046723432418626,0.9116400292162123,0.7920844221311956,0.8591034750814739,0.8175291536390878,1.2098798726305637,0.8995660852745659,0.8399344340512161,0.5776879859812613,0.0,0.7228327924565618,0.0,1.168998954325411,1.3890579113832553,0.5147436489549476,0.8174096418730317,0.6956112937647364,0.8461505103019619,0.8475196676146233,1.150314322630057,0.8587015136379602,0.6558210047985203,1.3918520277444077,1.2708329408776229,1.014801736007967,0.09425686933036363,1.02138461469613,2.152490573159166,0.3424329594627116,0.8837760411202936,0.0,1.0806294105774266,1.1450276270862472,1.0945756822061683,0.8128477369367307,0.7835724779044878,0.48680555571255146,0.800547052507625,0.7772390029377637,1.1932588815352,1.2254270591382928,0.8219694699552063,2.4923835306570252,0.37699965004459945,0.9874885123117878,0.860512902746343,0.7321202675435077,0.0,0.9488639836908956,0.3459998984643317,0.9512083939530405,0.390338147829338,0.7827611938346501,1.1642534524913242,0.0,0.6912031682996845,0.7620971905939463,0.9486506527255769,0.8663445779464223,1.1952401467873544,0.618438682656029,1.16130231478964,0.7489119820601224,0.7951237636414941,0.4843485299311783,1.5270388763564267,1.0301124205236647,1.0843116239945192,1.199302043142705,0.676082101608404,1.07214478495604,0.9985717650422684,1.1587631237415612,0.7428578171082378,0.6232972970774531,1.0171934063547208,0.9763689027545339,1.5643104252469928,0.0,1.1810870763176333,0.0,1.7178197172391025,1.163036364888506,0.6698821377931461,1.1726722386272497,0.0,1.723368528385218,0.440183410589963,0.6352996665369471,0.0,0.0,1.039863055826357,1.06596078989026,0.9572475940381944,1.158689757707281,1.0936190710304832,1.1287701677615558,0.0,1.262606716597154,1.7205253023703788,0.03609022666090928,0.7562584079289318,0.0,0.0,0.5899893729691912,0.6426820474133825,2.0979503574659732,0.0,1.0442499403994143,2.939101529730508,0.3282218937079838,1.8081835033109566,1.323692552367862,1.4549937843443608,0.7901772673315228,1.0170440141656145,1.1115983147253943,0.9440925468145265,1.06792936510124,0.9984593995879361,2.8913923233694607,0.9987482591305077,1.0722942055073144,1.3945936797774967,0.0,0.41760469279923484,0.0,0.6058422697410707,1.0165766085295527,0.7507313845043124,1.754946858444563,0.5518074437264423,0.0,2.5574364469669684,0.580148467738086,0.6161716637263942,1.695043821537904,0.8873726229151,0.0,1.014433375683779,0.8790129695378145,0.9763356179612973,0.8862107205102044,0.9017011226281821,0.40676372512227366,0.8856559673731759,1.0228650670885253,0.5486746295138032,1.40594929013564,0.9486838993176878,1.1533276059537674,1.507749847520962,0.0,0.5888649211926171,0.85029851953142,0.5683389760814077,0.3193275471450513,0.456349110230687,1.2388718647380144,0.9170427315292743,0.0,0.6981190271461073,0.0,0.9959316842533998,1.2748733921872997,0.7498177177521426,1.0664935104596243,0.7451479189825252,0.0,1.274285084871452,1.0620040180654946,0.5984948978457925,0.7422075396540999,1.2331353420795848,0.6534781765323804,1.0835758685762533,0.2871955052585174,0.9696189882620861,0.882722524189788,1.1852078844184895,1.4857364334052372,0.885055162734311,1.3831784061690577,1.2469132963312906,1.0304409373301462,1.2678011433641445,0.9509915213435005,1.095874317959714,0.0,0.6850538551023194,1.265521992613812,0.4679797160635752,0.9125342714626776,1.7468074316033493,0.9465163187382047,0.9040300778252308,0.8941053720647321,1.3746833599476165,1.0023849346292906,0.0,0.0,0.7230109453255751,0.26880056005868186,1.1796276624264392,1.1767128127391775,0.6974319034363788,0.8705906062190881,1.9765079573738116,0.44223767279789866,0.0,0.0,0.7126352645573412,4.099393215261576,0.0,1.0213408404958109,0.8499322877050092,0.9738164886966465,1.2204510821310048,0.9304458553371852,0.9767796361003668,0.9068977310884445,0.0,0.9689233954404055,0.8831037272777366,0.665378456174084,0.0,1.110184309433302,0.3474647730310719,2.0766119477997766,1.0346429555526866,0.6677006213860731,1.1737435852882285,1.0076043553497291,0.14892480459027196,0.16442647062503468,0.7827787121167413,0.49437460180458337,0.8589582151780925,1.894859237190583,0.5983483001368172,2.393424543350235,1.1073046044534816,0.0,0.6890105105368579,1.4520982011282486,1.0725447053046535,0.0,0.0,1.098558945899177,0.0,1.0795934148511557,0.0,1.6438086957754097,0.6695262032816636,1.0816408107427984,0.7235510786586806,0.0,0.7589646534635759,0.5610314766889553,1.3056311749534142,0.7577844686489625,0.9870557110919045,0.4208336554891845,0.9427860250110436,0.0,0.0,0.821339611149883,0.7361110776683777,0.18737133473609113,1.009741157793227,1.6190370605688136,0.7052398555855428,0.7571802837756375,1.1363946188280318,0.9892383672868813,1.2042120119161446,0.7570722763138564,1.3820177925752941,1.70105105438688,0.45117552699952085,1.9089889551291181,1.0630449379569133,0.3989017463894221,0.9639660374629626,0.7216941983264495,0.8117836945681847,0.0,0.24957327824058695,0.48194401541709364,1.0082517259371586,0.43576370668069053,1.0895434691904047,0.9878427232215753,0.8437400740249259,1.2834116616285711,0.0,1.0457468962765826,1.34899673063144,1.124289145656891,1.4616433112991163,0.9559794931050075,1.373776796837881,0.7721497321672952,1.194656084799557,0.5423506717240008,1.0270461912271505,1.7040951056076457,1.2021195886386944,0.0,0.0,0.8768343548778368,0.0,0.10870528903831897,1.3800395556667695,0.8257972480310598,0.5169346285604562,0.8675509084324781,0.0,1.0910523352756778,1.5826064666187758,0.0,0.3522926379194887,0.0,0.0,0.8697177963199023,1.372907725110782,0.831029404008435,0.8246875260625142,1.000801081536959,0.9191542332140636,0.3400448613425492,1.1611991073296015,1.0103673939849096,0.05109952177221946,1.047918194847141,6.6442499031613105,0.6703692165887298,0.7621165779890465,0.9926601022986017,0.5691693811700358,0.6850864963882926,0.8454753234910481,0.9565215442173896,0.0,0.0,0.624551630305941,3.855165766436596,0.4659151974338406,1.143992420804314,0.3708020422255017,0.8692628356307859,1.5809135240085306,1.5813891421160078,1.0138448011151253,0.0,1.00077947432908,0.6566927861801213,0.10483490372396813,1.1846586500965937,0.39019098184957524,0.0,0.0,0.7869667355239398,1.4040142845906525,1.032596349019258,0.7194491331984127,0.2573107570156343,1.1151845235691713,0.8136278897755378,0.0,0.0,0.639879745433913,0.7527684118712437,0.43855030743008655,1.2444871221385525,1.0306194886162585,1.2539871312996647,0.27902960199847915,0.6026172872930218,0.8597098895118871,1.1044158474906594,1.5502427461645774,0.7974275056988097,1.1092834070468531,1.8041928220296397,0.6478526900676204,0.39053524893450275,0.8373001752495206,1.799993207654265,0.8905146590866682,0.3896837045415664,0.24297743807777875,0.0,0.37623988338152736,0.8753464597094522,0.0,0.6802958964332442,1.2010038669654786,0.8498393284003767,0.7988972297395819,1.4099847912433079,1.5242863946665128,1.1105406552466661,1.0530006318844176,1.1243176853944536,0.4481820443609184,1.0108972169185138,0.07121709589045792,0.0,3.2109765409443063,0.0,1.1298387572124535,0.7567877684153569,0.7366520384408934,0.6279294766747534,0.4251258701880846,0.6066202686030616,0.9683793311066033,0.657022100566635,1.354085252160373,0.7741983845434517,1.0252420129361304,0.7515459121953657,0.9788061076276031,0.7686931845010523,1.0468998166738623,0.9141346600784558,0.8843527858450748,0.8953748551309398,0.8910757899258988,2.1676998663125455,0.8832755590890998,1.0289470137020138,0.0,0.9003861281584545,1.5643406739323382,0.0,0.0,0.6819560552700401,0.42051318269017135,0.6322959686378393,1.0608170745232315,2.741041299827415,0.28758167518190075,1.0078148468444632,1.3701437694608112,1.3515592059242518,1.2957161220499347,0.9960293019370114,0.43741518022797904,1.6531127010227533,0.43323418931582514,1.7070036970293754,0.9872994177421055,0.6576170232689905,1.2671736855081006,0.8473020640737613,1.215387003751171,1.073311956120858,0.8557918098346287,0.7271709956525978,1.7258983195009652,0.90173442280784,0.9871072553052731,1.2669267475569803,0.9474377987728217,0.0,3.474814266110871,1.1567900896318872,0.0,0.5681178931921104,0.536106397934648,1.129052761258147,1.4887357327030233,0.8947929157199523,1.4276281767095307,0.814300316186796,1.8398717578602537,1.7929479254181013,0.3182869494881757,1.2508378208099953,0.37229444026591507,0.5893773890979059,0.9985907043172899,0.0,1.0710223617754595,0.8742181111188756,1.214799578746335,0.9254427784477456,0.0,0.6530482248462106,0.0,1.2656073719803003,0.6891302296738709,0.7086416360606672,0.0,0.0,1.8104997164599597,1.1128176145425792,0.8270233984688202,0.6121377354869595,0.0,1.1000763519703218,0.9798987342202716,1.0358753942284036,0.0,0.9133009691847508,0.911272197674042,1.1042449161168464,3.107402480968582,0.0,0.9249071554598516,1.133284340336085,0.9818871955991886,0.41858902396710984,0.5028394698715359,0.9550686293436903,1.254304084208974,1.3980910878106347,0.671897723621575,1.2945135851651066,0.7322878616845117,0.8404850089549664,1.0348268812181511,1.0082937544376303,0.0,0.0,0.5471076959278144,0.9034656571795089,1.3308297050467357,0.8345832632295631,1.1448830266062107,1.2140002438980406,0.26152887550545434,1.0095044689475436,0.15115589298542,1.3895109528466307,0.8376621521021674,0.0,0.6545259402580154,0.7351645926676459,2.374445934614148,1.1505611810684582,1.1793236954996555,0.0,1.1972684015361055,1.5280899408666502,0.9850265472699525,0.9341573693006878,0.5654054328056954,0.2562755851496945,0.6439646630513058,0.830862199517063,0.34039616453588795,1.9146595411138878,1.0715356728909453,0.9160259427166004,1.487102036349287,0.7966835739154356,0.8115724843316385,0.5366249020222543,0.721266665956908,0.0,1.129979108261184,0.7458299369503545,0.9662933995329942,0.9376897649693399,0.0,1.129673296987983,1.0019840363733719,1.237481830755136,1.6474592053254398,0.0,0.8920575299208318,0.9302763948541867,0.7510841847385267,1.105766940964547,1.0261681624376946,0.9663493798805369,1.1769993758057202,1.532478862116356,1.484885625429183,1.543835771503458,0.0,0.39415154161226973,0.8090063253647478,0.0,0.7227058742328898,1.0883715678526573,0.0,0.0,1.205656347774593,0.6935430832655745,0.7505033931895884,0.99999950000025,0.9695144356669696,0.5205166788190314,1.074417606634412,1.0074913235276763,1.227538716388719,1.3039741901909985,0.0,0.0,0.9423321080318205,0.8652488307873905,0.6899684018576171,0.9585909474196208,0.0,0.0,0.6603162824959609,0.8257970002068858,1.1439369086247926,1.3348335814401056,0.08263888571212256,1.0787663517202999,0.707908406098987,0.6860677790537157,0.0,0.0,1.1069279593393306,0.8282293377704709,1.2522490156965203,1.5147933507787463,0.8413758395204769,0.6322018256958906,1.098502290851997,0.8425155828993465,0.0,0.9723143899710418,0.3720115858106775,1.4463263299046618,1.6937339567985719,1.2147672310720758,0.8664923919283591,1.1466098337641166,0.0,0.8697531809836899,1.2078395651960339,0.0,0.4140624171875166,1.4918329969246495,1.4500596468741915,0.4640132587130463,1.0269811799181525,0.8356273941921917,0.5931971805993217,1.234731277349816,0.8459292306167704,1.041366504807025,0.579285063322091,0.49603451465973963,0.8783203931723675,0.46652459458663614,1.3382801509892506,0.8146728690199225,0.0,1.005502288268009,0.8496349458322544,0.12989020080572433,0.4241522398227597,0.870338015198225,0.9101933165964939,0.6703523238548215,1.1947521530060932,1.1294368567361723,1.4977758269966919,1.3679173833827982,0.5062285929681297,1.0065329164509715,1.4016882499610497,1.1062035998444724,1.0751532532306147,0.7764285384965546,0.8883501121734182,1.2152861728880326,1.7332323195112225,0.46643517588095174,1.021678976307601,0.8768743038556888,1.0798461268526645,0.27917461119121934,0.9155853109531463,1.5809032532712648,0.7998011752061843,0.8291390015558293,1.2762620414974903,1.2991974735464116,0.0,0.0,0.4592164436236048,1.1620734724578548,0.0,0.6698199811892575,1.133684745347001,1.110772716232003,2.54692746648955,0.4560793169239865,0.9521552006008782,1.1524448869659214,1.330396631111924,0.4769042225290629,0.9265113476841383,1.3097847588705946,0.9655556307059439,1.1417776727287055,0.37715031147207323,0.5822688302299814,1.0579266026895306,0.968365304114618,0.8169491675507511,1.0401085912758503,0.0,0.9190580021853055,1.1744517705313258,0.9017096745579034,0.5549595054225561,0.9078373903964174,0.9059019924966578,0.539368423829778,0.8873979685303619,0.0,0.351930180319077,0.8074222506104635,1.5521319594636678,1.1447740880268886,1.3354208879048353,0.0,1.3418558039989694,1.1850866760382766,0.0,0.0,0.7291448552406522,0.6307141715270809,0.6561111823816579,1.0495844592419354,1.0728938195270767,0.20106643348930975,1.0268558973636805,1.2208108849522044,0.9582846754506424,0.9929876444008325,0.5369988755824324,1.1807360771915585,0.2401552336725964,1.6674520898967402,0.9390636622371208,1.3785713088851204,0.7352328073682213,1.0082111085958616,1.1234497445403089,0.6856873402612048,0.7107342260916196,0.0,1.3012814574726637,0.9355998300982483,1.4653558044841568,0.4921768902689855,0.0,1.4578649528578789,0.07271038447211618,0.7087984674531672,1.1288863877391089,1.4105300399204443,0.7802439745131208,0.5993302715242469,0.2503501520431092,0.36496687907369707,0.7176615094469123,0.7503838791810974,0.0,0.9373819028597088,1.5566868403753538,0.886902741104084,0.7523720618044853,1.110729606307381,0.44583330774495955,0.655278573203641,0.1258413477053125,1.2600185847152183,0.7659470716626702,0.9464009765708989,1.1044747603696297,0.9389247142512532,0.43514775598846855,1.2136845338280242,1.2520651106503224,0.41879547998697164,0.9734574273551527,0.8403816111764255,1.403504548409296,0.7342079150668925,1.042058457883418,0.0,0.2838520455576859,1.3375711087381816,0.07501939996126143,0.8349492420247433,0.5465728059424481,0.0,1.3399416483245536,1.1950051557508896,0.7955934956286849,0.6251251631995176,0.46858560946246,1.1388756519901444,0.7751997862546418,0.8171425852415306,1.986733286748036,1.9529618798024535,1.7072609339570903,0.8139247456957563,1.977864602702443,1.4562706622898776,1.141178941168496,0.9067558575776498,0.5553996474534348,0.43747228376227143,0.8474673055306485,1.324406385392844,0.9226981595016848,0.6318739048455128,0.8961753283668236,0.0,0.0,0.0,0.9034844323202622,0.47952628578943696,0.0,1.3935239707247273,1.0591995532161123,1.1535927090006377,0.0,1.122720647055706,2.7274102193991583,0.667359896632578,0.6533794905813484,0.7796095164028742,1.1794127633080254,0.9368608124638165,0.7535489133947054,0.7183681069055573,1.028386673824937,1.0590825006203743,0.8607971196923677,0.7065444642469572,0.6713666490287993,0.9865863866919906,1.377363719370178,0.768434707664897,0.0,0.0,0.5371393144962457,2.2913643184888404,1.01395353654129,0.567392430914976,0.3370703673020181,1.2615007834773948,0.7676023345621342,0.7656097129384472,0.572308192477169,0.22809151703085082,0.0,1.3275524993428853,0.44435841820927435,0.0,0.37798896865634707,0.9343377881173961,1.0347264203872486,1.0060953344158754,1.2367064618922001,1.0862501893438479,1.696768803423945,0.9258366369374047,0.749085023726765,1.3890568592379477,0.9495254691604149,1.006182382363833,0.0,0.964227727827053,1.421218630098751,0.0,1.1044447314072343,0.9952012591763423,0.8361271358802334,0.7847125914524395,0.9087015150117463,1.3315724064243155,1.705104064116618,0.0,0.4632224761610124,0.8586087941117049,1.1455778106185908,1.3580025132815363,0.9204060826902487,0.7462197150364404,1.1485911039427343,1.520627061088654,1.0337543762653927,0.148587409999685,1.173106907479257,0.8411511711125944,0.6875916731243497,0.0,1.0411100655940644,1.1007819997346284,0.6829778346389013,0.9211727483006681,1.2396374071896599,1.302526103341532,1.1447754896366673,0.3042256138442196,1.015596388279287,1.9507753251744007,1.785631916705603,0.0,0.5962117593356484,0.3768381304173756,0.0,0.0,0.45555557286178877,0.7180865662727617,0.937460464734876,0.7623529024141544,1.9923643215700049
60,2.6243320306661304,1.2816350671803904,1.2897946925772774,0.0,0.636737530898354,0.48743543462456435,0.0,0.6504931541970986,0.6691908546557399,1.3142447861503825,0.38707257113811266,0.0,0.0,1.0558921859723118,0.12497323366928473,0.9573863716441873,0.41530650723344475,1.2149897290515486,1.0037405713895242,0.8748475777452163,0.8179325709864755,0.0,1.0338021415156509,2.108242445478012,1.0154020149886986,0.891496926837855,1.0363821131040896,0.9657554584881782,0.0,0.8987960680721572,0.8814851891709402,3.044443038783119,0.6412761104475357,1.016070036604871,2.627874273444391,1.0221321978947981,1.0399823413799947,0.0,0.6624120008968115,0.8373276374866474,0.7490432419312254,1.5045634599117466,1.0374996668722294,1.6455229299456673,1.3995878662528125,0.6331257441955119,1.4652668549434016,1.109892311949336,0.5663774465245336,1.41155304249298,0.8919387722024098,1.7074173102376895,0.8694690651236207,0.0,0.4630801428079898,0.6973411462921616,2.7754784082529165,0.2041025230375276,1.1683945300107519,0.0,0.8928570078271696,0.8140307434017265,0.0,0.7089642517980388,0.9304526711364951,0.7376938204696073,0.8848850484753712,1.1496629446519973,1.244677485146064,1.4436911856921828,1.3125360389371319,1.19601907136384,0.0,1.4035108478784168,0.5292658536083036,1.0070009594394578,1.3743166975838865,0.9527321056551767,0.8178884533293098,0.9165735698010111,1.0998432271018106,1.212271216959805,0.7913985705808132,0.8987164870813336,0.37718172192342153,0.0,0.6021113336732362,0.0,1.1606632661416736,2.1282697647842173,0.15709708675648,1.1121436015403903,0.899106417568779,0.8078223912795459,0.8558827002668858,1.178648099967389,0.5424034825012405,0.48739566983440896,1.3725261253723247,1.9062495226500644,1.0390230960691134,0.0,1.0292156411552889,1.7697385075460381,0.4198880334004195,0.6616816950840835,0.0,1.3284634695181867,1.2716465165296995,1.028484499058925,0.8897207602847397,0.5223816519363252,0.3164236209492676,0.6917943933125726,0.8291810295662168,1.3161225332797946,1.3569036570447977,0.8996890810500412,2.6695346647103477,0.23183026968149467,0.8724563673497302,0.7094833235442761,0.728590037536694,0.0,0.80369814916793,0.5189998476964975,0.9495514374805489,0.29615274424898874,0.730143149461656,0.9925456734914204,0.0,0.6339562803856108,0.659594939417571,1.358877939144918,0.8331985881471283,1.1397452609767342,0.5044021824515241,1.1704399632743083,0.655708508926366,0.8203214217486621,0.7258125843737581,1.3767962831022047,1.1224316965296608,1.4194928270757048,1.1361295299102983,0.6731830622861272,1.1447090008503285,0.9714972430267543,1.0590229424757327,0.6880505660087283,0.5669337591669367,1.7142770914410699,0.9256361114596388,1.689245059038157,0.0,1.1511931643311273,0.0,1.6565865697772129,1.315361930083124,0.5765518018956132,1.1354116430073276,0.0,1.3303086891628206,0.5542012201720021,0.6377734363255791,0.0,0.0,1.0137361905278521,1.1050304716982462,0.8316592658015203,1.059223638288897,0.9467599312377186,0.827244230457953,0.0,1.2495339347076988,1.8291899473776159,0.18045113330454643,1.0417334583983888,0.0,0.0,0.8216193639302858,0.5984588839831989,1.1954505781069527,0.0,0.6924323370975418,2.014727632718689,0.3343000764182831,1.4600164653873982,1.3564146554365293,1.1920200726412888,0.8486516325199716,0.9935096232049418,0.9297183620379667,0.9221692942287931,0.666483190141939,1.0986256639864629,2.8913921532876294,0.9097914109435541,1.1560239639274033,1.0543144199795582,0.0,0.0867332838702959,0.0,0.8959372979272815,1.006497037432151,0.7111536752984393,1.4350810801653089,0.5942620429404889,0.0,3.0224248918700534,0.6666328056956501,0.682799471339103,1.7098547769440584,0.9139939367483055,0.0,0.9088141357139782,0.4832089939026803,0.983615604079416,0.94633665668188,0.8693685577551288,0.41402735141880165,0.7088642268335696,1.2816622522919956,0.702488994995592,1.2416912133942604,0.15811398321961465,1.0513308726643285,1.4310845926448172,0.0,0.42701686468913563,1.0338929621588817,0.6215251629574928,0.28713308807874216,0.1996527309722898,1.019838599064765,0.7578608511214822,0.0,0.6566815093715113,0.0,0.996792125200947,1.277757304459481,0.7234460671375009,1.1282450856970578,0.58485599124361,0.0,0.8732268175771853,0.9111165278504899,0.5550532059750011,0.6457193475822666,1.226515506298147,0.6832035785637333,1.174972041931945,0.07179887631462935,0.9549838988939766,0.9055112537158545,1.0270009280421788,1.2545375956536489,0.736558408792625,1.148299058979078,1.2427655808850064,0.5925528107220377,1.2483024096297322,1.1437303500254639,1.1036511316485988,0.0,1.1472520458929774,1.032751116107425,0.522148926338567,1.3000486260353017,1.6104063321834385,1.0641413072200705,0.836984258046022,1.039787636269722,1.5205894783989702,1.0699258720423468,0.0,0.0,0.8166000738675545,0.20045029870447806,1.4585020733703806,1.0644087845536183,0.7965667043794487,0.9232343622435328,1.2397557998349664,0.34593903908503876,0.0,0.0,0.7944676010652467,3.1144244285695573,0.0,1.0731148206666283,0.9192685571520915,0.9789552692402012,1.2093488108541308,0.8288553815008085,0.8966302495908254,0.9453041086222361,0.0,0.7172237519674435,0.9582857687620033,0.7591864017648684,0.0,1.0248746856259552,0.39939818053611426,1.912284511799963,0.8699484584180889,0.6387983883593435,0.9409373155964444,0.9661586622839962,0.03042549767755359,0.6577058825001387,0.9220773855678257,0.6636028281013625,0.6741241568523433,1.7054552048047904,0.6516330599551823,4.031030942452606,0.8603065434601368,0.0,0.7257866677563183,1.4317547347840875,1.188528686113645,0.0,0.0,0.9986863168957865,0.0,0.8281793579852144,0.0,1.3970739949903805,0.7145807719710808,1.0475370023386148,0.7009724035895857,0.0,0.83862734284328,0.8497626676005117,1.4488473686734566,0.7851209846787105,1.1970365698676555,0.6550636243755056,0.9049453466265228,0.0,0.0,0.8206366273045309,1.1041666165025665,0.6648660155317884,1.029565491897054,1.452101022209764,0.39895431665403097,0.7318138755436294,0.9859454856084826,0.9289230637472751,1.2570301033037543,0.7445942864296036,1.3682387892041752,1.7010509693343614,0.5355833156189671,2.1946854466824743,1.0197064612340982,0.3359172684048395,1.0691480358058367,1.0109879007904157,0.5323738002540397,0.0,0.168618503271513,0.7701335189839152,0.9558750126888942,1.307291032889365,1.2289286379070656,1.188115309275366,1.0255152517199342,1.2395580692209123,0.0,1.0434693948951472,1.2628593362460807,1.3448175782410559,1.3473902055742966,0.9052337214502194,2.2661378357035664,1.0295329762230603,1.1628713983426866,0.29829286673644734,1.0763303204262282,1.400245962103032,1.331590617633505,0.0,0.0,0.9087564321162085,0.0,0.027176322259579742,1.1962023492413563,0.7026927650064727,0.6384898149648774,0.8360915576545938,0.0,1.038628945240661,1.6356909295483528,0.0,0.08807315947987218,0.0,0.0,0.9750981832391047,1.0690751223954083,1.068663520866597,0.8231773162716635,1.0488012972156513,0.9712837176330782,0.2725819497120178,1.074045594915841,1.337448256373451,0.0,0.9991719154968006,4.31533880704444,0.8993662428905236,0.7244309734279585,1.03026717341739,0.640484497986334,0.8009643498839643,0.8389845372751772,0.8754829130179098,0.0,0.0,0.48440214379044044,3.3262327004199648,0.5932702946844952,1.3107863963502602,0.3596177788572,0.8244237466347668,1.5525949782035715,1.3857378982723065,1.0578958691830378,0.0,0.8967316648385512,0.6933778408115763,0.0,0.7020199342977985,0.2229662753426144,0.0,0.0,0.7543947991866582,1.2434051728961115,1.089994731269639,1.022563004689787,0.17725075288732192,0.8719542977001243,1.1637593279338825,0.0,0.0,0.8580855174788578,0.7002222195895764,0.13704697221396,0.7885859052767327,1.0360552611522555,1.3282301863037942,0.39353281773212934,0.5866612888179701,0.952009659784534,1.0639245838780165,1.6332681966784743,0.6401931349545333,1.0685062516025723,1.6543890364304867,0.5616941030003084,0.4691199679907737,0.522069207696392,1.7864338163905582,0.9586050094043618,0.31752005635420566,0.0,0.0,0.4580311604809022,1.0369625804506102,0.0,0.7607660006175235,1.2604661280779301,0.6408941258578927,0.8283645284892964,1.3462034276285992,1.575603209499587,1.0949212955491183,0.95174734568204,1.144262850527722,0.38972351679897277,1.364102264788503,0.3798245074592709,0.0,2.09850988889393,0.1720341665296878,0.8625181098826408,0.5181706986851342,0.8760851496985731,0.6274720898476935,0.6163796778393673,0.686124546309608,1.0718521012336009,0.7929884554742409,1.2548579726041402,0.7181778625258015,1.1633210874190576,1.0730241813699934,0.9571918521557079,0.7205042353961072,1.2251140243461336,0.891713788555151,1.0004773994377423,0.9388027397678221,0.9259830782486593,1.4705998900237875,0.5704938828590372,0.9852807567834404,0.0,0.842013522205298,1.1056886094490608,0.0,0.0,0.6950705796623051,0.4647777279675253,0.6654908857229216,0.9678776598008388,1.7454164452002638,0.4313725127728511,1.1058272990347537,1.2820665418677535,1.3283805264626443,1.1657023199637622,0.983449477240871,0.06561227812773465,1.9386620070565583,0.49159608487740886,1.3961888432491136,1.2208930114440646,0.5951427144342502,1.3072335026818076,0.8848991104348022,1.0888832884714674,1.251635538492109,0.8530752391927615,0.7314559294622187,1.6246257702953555,0.8117618227398101,0.8496991756988499,1.1307186609304969,0.872463063589418,0.0,2.3317832645234775,1.3824431871639944,0.0,0.5840740461115856,0.47128397371946906,1.4491150142119036,1.3404831862184432,1.1812815380317863,1.1911252521063895,0.9997307475619811,1.5399808815963092,2.142088819613801,0.6221063120072966,1.2818295472170012,0.3646965934297845,0.6442585392371826,1.1367676641558162,0.0,0.6545136638766355,0.6662130475789805,1.318261883052262,0.8868868859283745,0.0,0.674345817555191,0.0,1.1361122154981613,0.5168476722554033,0.6715885749631271,0.0,0.0,1.6641769868431888,1.4794682888067472,0.9313040123189098,0.5068633759157293,0.0,0.9452988359514382,0.9599333132278658,0.9418467761850191,0.17440224760786513,0.7555291888719813,1.2258199443733238,1.070163935179341,3.0383491063132886,0.0,0.8035990256355072,1.143686256799637,1.2288851715246278,0.4269876470631484,0.638090679638692,0.8238301546195079,1.134049892720305,0.9828584290951884,0.7242380802459715,1.669087766121019,0.761683735361417,0.8076966299654595,1.1055361360962026,1.0861356530878827,0.0,0.0,0.4254650962404307,0.8970387721879114,1.2065788445697945,0.9570354385551187,1.1401858606327573,1.1371965168968137,0.2670291500740605,1.1463211807644993,0.0,1.5568838630136812,0.9439338488287543,0.0,0.46162549888036597,0.6408768545857698,2.331077059959718,1.1985351383696181,1.4189363256922038,0.0,1.56234167368733,1.3071604607485439,0.9394004396656301,0.9688363997931622,0.2718048778370791,0.21907429353129462,0.6311406649560134,0.8547372839613803,0.35824268758951966,1.2328814256146485,1.0054949789789505,1.0237921176725318,1.5275121194109327,0.748539370970315,0.8474770612606086,1.252124754349553,0.8938354855390959,0.0,0.9318658882202541,0.7971155564784151,1.157464292385768,0.9217649263450854,0.0,1.301945835972494,1.2050045833934762,0.9467676341355452,1.059820572917671,0.0,1.019486176523465,0.8669126697013302,0.7107433222164112,1.128986282394596,1.0901866984334685,0.8060056933262529,1.1681710923965445,0.8666844695363671,1.2995214118231284,1.4463202197636162,0.0,0.5936776294438515,0.9740448651508635,0.0,0.8382677162663135,1.1781263003344928,0.0,0.0,1.1239700498607264,0.46932343361940715,0.7228189125360989,1.499999250000375,0.8507271110439505,0.4184450531265407,0.9257209266849266,1.0128794867695734,1.2569040323037335,1.4070376699316316,0.0,0.0,0.9384392402634444,0.7991861473589188,1.096556511213773,1.0581932662747113,0.0,0.0,0.7304175634441497,1.032995339746168,1.1338754649251204,1.4527819918474736,0.41319442856061284,1.1724999119803377,0.9057461405287082,0.9326908338388672,0.0,0.0,0.8761856618520814,0.9090690422604835,1.426852188942692,1.6346433839228487,1.094935761084133,0.49046512345474025,1.2107420478747066,0.6847390047929021,0.0,0.7643558445276677,0.3403226965112437,1.2602171717512645,1.5924135979894396,1.1046473257832388,0.8073427904303784,1.1622399066464268,0.0,0.7472155523085077,1.4282691388900552,0.0,0.6210936257812748,1.0293503973176241,1.5114299652053,0.7203319484531349,1.118993660344914,0.7966431414160708,0.621918800934127,1.0000607070733072,0.7457780638883914,1.0632655651570566,0.7494507716454137,0.45437133277109953,0.8700655026739068,0.5209633339298532,1.3426631310928734,0.7889415021627968,0.0,1.0970493626408324,0.852299436745861,0.5195608032228973,0.5294786357107361,0.8965200762479173,0.9602577676144405,0.7227358852478742,1.1428064185157705,1.1650544197695265,1.4477517286420083,1.4766212250565904,0.5890845103361639,0.8233535061889703,1.1197159647829737,1.1258062753164433,0.9989388629534758,0.9877807229277811,0.796130483384357,1.1805616196616764,2.0920862346239657,0.09328703517619034,1.168995167138488,0.9335516605545694,1.2590496564460336,0.17224674467562254,1.120339033660141,1.7904535959858647,0.8243061496768018,0.671778021038396,1.021821678820709,1.2844673230724837,0.0,0.0,0.6121701453553978,1.269014934637494,0.0,0.6568857300626615,1.3175969575523376,0.9836893157127774,2.0087772180590977,0.6440536902016452,1.2495975552430192,1.5051327623702269,1.5655359313355186,0.5352154167857499,0.9336258840021828,0.9238570534260403,0.8748680830270892,1.194792480962611,0.7239859395690749,0.643019116150736,0.26448165067238266,1.0935291662378785,0.5720082863423445,0.9311547185488739,0.0,0.7411131547577627,1.1862327750210797,0.928218033669288,0.6593298979530654,1.2046725239855136,0.9643343666379443,0.4861558132946672,0.9580949137991871,0.0,0.30838506740417737,0.736937928501893,1.5155324988614858,0.8279139418411475,1.3170886597668299,0.0,1.0838065930573046,1.0912621497797077,0.0,0.0,0.7066570878269773,0.7358331821895399,0.6852377363628177,0.9802967851565451,1.0915276821756863,0.2924602635701298,0.901682368200303,0.9903869000380668,1.0499303530539197,1.2119926426912673,0.5093047872776427,1.1843748801603726,0.22354636668744435,1.8404059033915716,0.9029576526105535,1.0095237415268379,0.7878533713766652,0.2520527771489654,1.0398033832881952,0.8274505465966199,0.4999915772894593,0.0,1.1365882507214555,0.9325062542161776,1.410046945785822,0.5423320576636891,0.0,1.5235870912544365,0.29084153788846473,0.47678667641407413,1.031557015569209,1.337292410422358,0.40113071968747255,0.8989954072863703,0.47357903733671475,0.37848416955620034,0.8169012723402559,0.8191726672677395,0.0,0.988108481439704,1.128472016767359,0.9405140085793218,0.7204696399972481,1.2306889113954362,0.6687499616174394,0.8742154921703162,0.0,1.0864906685539304,1.0189726895236262,1.0777709922673848,1.2695959439041362,0.9973079906867679,0.35721381314207307,1.1143704803905818,1.3264398471779733,0.5255472625627292,0.878542798211486,0.8045554643600824,1.71035228108483,0.5232286259416159,1.1653145222203523,0.0,0.4729170490410702,1.3936344870949582,0.0,0.9305540977321142,0.42839490199481667,0.0,1.407263497582587,1.234031016651934,0.8850116940422522,0.693278609086786,0.6177817492260457,1.0339148139040344,0.7100288038002179,0.7287155833722606,1.537394567474273,2.104380968324644,1.468899362070849,0.8394794129001966,2.038580235150414,1.6610480308388083,1.1886807739213388,0.8362300405173926,0.48677468457538364,0.4441072988151483,0.8944107488297702,1.226788246975166,1.0408054118486485,0.4458344558254696,0.8322711394296849,0.0,0.0,0.0,1.2484512122844196,0.6355741727381528,0.0,1.4910721503760587,1.040937640866467,0.8706034360548185,0.0,1.1514964950082618,2.310481291954783,0.6568558063836407,0.7829666732601082,0.8555324505525438,1.2979290521260913,1.072032882382599,0.7650277102806592,1.0068937179821256,0.9783602515609565,0.9596584732193894,1.1358972250472599,0.871633920832819,0.47138092353983363,1.1180453130189258,1.1879506958166823,0.694497908660582,0.0,0.0,0.42856493418850267,1.62648112122564,0.9674034439642041,0.8103323540264864,0.2363751583011037,0.960995963848151,0.8721635486978175,0.694626272476939,0.44904181133989163,0.46943119880635814,0.0,1.3684798293624625,0.6097466623414087,0.0,0.5399843566485144,1.0080805583656085,0.9678795847124743,1.0054660199318857,1.1714210813493433,1.0273485133835933,1.678245652304802,0.9188604792409943,0.8982581432187913,1.1447813372800284,0.8950886508249964,1.1305417627324046,0.0,0.8384129555854585,1.4898105041009615,0.0,1.1261794150191768,0.9458840029013661,0.8700997526385377,0.8870605999091725,0.9294761190064673,1.2684601584360093,1.2662850099609932,0.0,0.5091307774223346,1.974800183526503,0.8519225422813523,1.2007771884017941,1.4074012524088058,0.7986322847357288,1.1949649788776666,1.3831118762829326,1.1732357166093523,0.0,1.079909746919588,0.8378679882074038,0.7370951289532319,0.0,1.435833773730074,1.16119386208744,0.7768890276781169,0.983493073760277,1.3636695114362598,0.9349689658144572,1.0356727494951221,0.89647413434166,1.4130036418518206,2.2733747323079783,2.127781705221712,0.22478277537457284,0.667691452641964,0.4014145352137197,0.0,0.0,0.23791233482372118,0.7603835568142819,0.8951567280317313,0.8888913842583417,0.4980910803925012
61,2.732982686775504,1.4943118990604103,1.6944640275730771,0.0,0.5571669681256743,0.391151888804592,0.0,0.6133762183870368,0.8163652302386203,1.4574295153656758,0.6556637599797639,0.0,0.0,1.1666324706586106,0.08435693053973584,0.8225568034252255,0.8150875388668475,1.3092858909020493,0.8722687356707787,0.8721431579818562,0.8015887751335252,0.0,1.1903277232855047,1.8714169678391812,0.9616550883562077,0.8110051574132462,0.9554083891559711,0.7053145609538656,0.0,0.906963743355921,0.7415520336277429,2.0296286925220794,0.6738292815497152,1.141751706606718,2.3145364354380416,1.1253777598920662,0.9700805949336389,0.0,0.651450460570985,0.5573351980141671,0.7784611133355906,1.4938792839940596,0.5187498226288285,1.8052760568988384,1.3808480551207323,0.455512770507777,1.3765130822544365,0.9263315314826374,0.6667084054293273,1.0812704612934367,0.905092660899816,1.7477152750170686,0.5882680641980409,0.0,0.6946202142119848,0.6427713543379717,2.7986999933634493,0.9184613536688742,1.0076389382756377,0.0,0.4389880297164137,0.7457621061940436,0.0,0.7506639746599231,1.0120522158007648,0.8632345424593094,0.6472770280203279,1.1073923822153593,1.8120045495426726,1.9757732426774686,1.1253535292643708,1.3294989507450878,0.0,1.3089582453591253,0.334883420453256,0.76867024189609,2.3833085993751757,0.8856192056194139,0.8766760097983763,1.0117445640464975,1.3329689646022014,1.1049075971624451,0.7897538161914491,0.8579516341249049,0.5073708021636323,0.0,0.5016027466811988,0.0,1.176265161189794,2.597568768768377,0.2339743813306704,1.1288416560849095,1.048931279717065,0.7074115933375918,0.9112588698962724,1.1530984859808115,0.6399983941151393,0.6714285035234899,1.318632723686864,2.2483969612956427,1.0301776062498844,0.0,0.8683694014962579,1.3142338006583112,0.3709690376384769,0.6005211421806634,0.0,1.8920072518496553,1.478545003059641,0.8652581651495769,1.0748451371381353,0.1305954129840813,0.778888928084519,0.6680827738131992,0.9571837643956147,1.5725165463308015,1.3703019305305961,0.9087696054192106,2.8837274893908926,0.19529733343080508,0.8172067420018786,0.5973678415301747,0.998876342483393,0.0,0.5776025206947447,0.3459998984643317,0.8966831536412697,0.3592680651776765,0.7239439435228424,0.7465302514472413,0.0,0.37647779906962553,0.7107226838378398,1.692187598143482,0.7319858720672335,1.165917146834607,0.3890922596048697,1.118324478218469,0.8289986928144646,1.029898549713316,1.4217972468301692,1.1930697595994617,1.2444435805380194,1.5247758913332803,0.8419749042425098,0.6647134632810088,1.2081714559876569,1.0023185669272174,0.9548232151616008,0.6230673088080948,0.7710521243878456,2.027829179986946,0.9854141177530709,1.5091723457064912,0.0,1.1547198110767152,0.0,1.516764953801705,1.2856575875933927,0.4434084119073556,1.071536694404744,0.0,0.9008668220145507,0.6272975803470455,0.7085760583974986,0.0,0.0,0.9414425160587715,1.0425743305058979,1.0276360929100856,1.076388551537544,0.8228690040310399,0.713944247653753,0.0,1.2546908805629697,1.653204951750803,0.36090226660909286,1.2420668301656002,0.0,0.07738093564990016,1.0903901495485544,0.5337748084007445,0.9928783859380235,0.0,0.841422829411695,1.7138272760071347,0.5348801210536165,1.4311529291067924,1.428314347587788,0.8196665950930306,0.7845037740028347,1.0349565428392924,0.8447750335840272,0.918384098946067,0.7169605428756194,0.8791077205807913,2.6532774839595272,0.9122445928495956,1.2615836909431053,0.8312207570004855,0.0,0.238516532450257,0.0,1.0304089001678443,0.9511903442006654,0.5609026986033142,1.2309556228014684,0.6567385414474733,0.0,2.1273221377565563,0.7470661603958164,0.7701356234104692,1.54568699596063,1.0733392701731237,0.0,0.8659149297760703,0.652288245652455,0.8314701051026409,1.0276937544785705,0.8143882621737056,0.5229819141409741,0.5770038129272357,1.4665173951433372,0.6091148562965422,0.8439779469265034,0.0,0.9485750065981888,1.409921780534685,0.0,0.4157670900761491,0.9905761594524849,0.6466717282228805,0.30859486640191264,0.34226181365847214,1.105479034942531,0.656687425102491,0.0,0.6905412342849512,0.0,0.9180986686732155,1.193289639829722,0.8473184457797938,1.0551981641659245,0.6383145642097846,0.0,0.6012168194377684,0.7326937889526816,0.650474181170499,0.6383411970057373,1.3780133245212243,0.7738309107288813,1.3281415287827434,0.083765353705988,1.0158888998947921,1.1635436934128665,0.9065968389560923,1.059972129236234,0.7395868477530474,0.6132960938789614,1.2196108806818553,0.304671246021157,1.2412475135615813,1.3044681852932503,1.0907371785461852,0.0,1.733016245011105,1.0035737707748014,0.41200981314199914,1.860035078078234,1.4166021313895505,1.2999017099410308,0.8908533600169473,1.022034696066766,1.489922135950497,1.1564646526720066,0.0,0.0,0.7072287805414356,0.4553033212219657,1.55028970510056,0.9360724835567755,1.1517301172256704,0.9263341452117242,1.1361962791406957,0.38764800073961375,0.0,0.0,0.8873963690044775,2.1248758453682717,0.0,0.9383176253277817,1.004730922373628,0.8458800461118939,1.268915412819046,0.6612204018723965,0.7800100829958236,1.1310299966841684,0.0,0.5275873688088183,0.9474091118862056,0.926312968758546,0.0,1.010406987684612,0.46135790979836155,1.5081607327278168,0.7566338998987505,1.0463788906807157,0.8326238800227278,1.0487117345783346,0.05172334392205648,0.9865588237502081,0.9638330047350117,0.657898503570549,0.6665628959109737,1.2595640625826117,0.6879423740738417,3.527152389570126,0.7864558677408604,0.0,0.7201633860599873,1.2268170059801187,1.1290117419705175,0.16857503199140778,0.0,0.970534437952872,0.0,0.5424369266957964,0.0,0.7692894011229365,0.8336754922085224,1.2826024683771713,0.9463853367787346,0.0,1.0368921843585541,1.1041959044452874,1.4544091593892012,0.8724204755534435,1.5404145918884897,0.8759711742353884,0.9301819658892485,0.0,0.0,0.775504595426086,0.7361110776683777,1.2088472965710804,0.9411684510110676,1.277677513942979,0.22231805462087897,0.7980609571103622,0.8129152109530831,0.9044114860731644,1.2777777075029557,0.8608178024704594,1.2963042828453453,1.020630564590113,0.7576397488355009,2.0111431498061725,1.1531442583670053,0.3779069308919743,0.9654821315875967,1.1040428572490315,0.66870553105424,0.0,0.4651544901795033,1.2344179510589108,0.6910452580500601,2.61458206577873,1.6004572702113855,1.0951031479867965,1.1336912432330732,0.8808189744183856,0.0,1.0097979720810881,1.1397325627011423,2.0883907513027586,1.2194154906072798,0.7214239444785887,3.117721027643336,0.7721497321672952,1.0873660355123094,0.16157530074409776,1.1214287662948512,0.9671740670534066,1.3020350895864632,0.0,0.0,0.9239361701025177,0.0,0.0,1.033013188852276,0.6710569756251762,0.6887272727532513,0.9342582496889381,0.0,1.045589658763762,1.5072848288750125,0.0,0.0,0.0,0.0,1.260484798348517,0.7892874716425332,1.0848241512156502,0.7518361086717267,1.047615920668815,1.0445430594697886,0.33195678145524576,1.005067735229646,1.5922770266281923,0.1021990333245366,1.265973036783345,3.1622988606324047,1.2455428397593646,0.6843171386407367,0.9966197341586961,0.8533366713753116,0.8164259980696758,0.7285675142396555,0.6124394855184546,0.0,0.0,0.4258068233362045,2.2679380243166647,0.8254725822810048,1.4398650841182021,0.4335726936490263,0.7538915565186317,1.362431917370876,1.5759198673816026,1.083755898135092,0.0,0.7453148940983633,0.7646863070377449,0.08736241394581308,0.17550498357444963,0.0557415688356536,0.0,0.0,0.7353407008276529,0.990807850865854,1.0402052594782076,1.44050419007936,0.20277206504315964,0.6838555234298287,1.3260582722722012,0.0,0.0,0.9433481295541413,0.7552549740722447,0.25582101723578227,0.3819712997936756,1.0264740235257819,1.5194310134296118,0.6020784147647016,0.548474837283099,0.9872902131315163,1.1108546256045273,1.7202646391808716,0.6337400236388295,0.9509978892367891,1.4359846622053454,0.510415789953881,0.5833096183949966,0.2591188437531789,1.5329668426758118,1.0785005830914907,0.2958709640629067,0.0,0.0,0.5032569235346299,0.9787976983904663,0.0,0.8916826339245678,1.361885764061541,0.7065790139270309,0.891731708980791,1.2484094650782218,1.605454944860659,0.9556322884284496,0.8640322300131711,1.0645797463410231,0.8877035667437673,1.2788458757607553,0.9210744158111872,0.0,1.2289440744341056,1.2042388216398259,0.6919721700225238,0.5037351733532323,0.9426836231566948,0.6600838572677142,0.8385279431014786,0.7754644813883975,1.069791008134834,0.7171152300612176,1.1313460685813383,0.7966659411923629,1.1945408257745735,1.2546562080834482,0.9987349158320624,0.7476172789074385,1.2936102910819047,0.7553884645387254,1.1377973609678247,1.0070465554809958,0.8714234143723192,1.0120578459760865,0.48202869211170857,1.0648580195141326,0.0,0.984834382081383,0.809967426022806,0.0,0.0,0.41966525267583615,0.4730618705212305,0.747287966563978,0.8512495100168584,0.841506314498548,0.28758167518190075,1.1278064795955773,1.2308532094774804,1.3815856098696733,1.1050530648149604,1.1524866014863089,0.1312245562554693,1.8482825274455978,0.5160405043640022,1.222019250201107,1.3371737829107055,0.525306624501334,1.222256553017072,0.8152509365174468,1.122780265730999,1.354131848031602,0.8045840821389774,0.7059359200888492,1.4851267507415984,0.7271923629368136,0.6376975941603102,1.0137391818308508,0.7537590581516276,0.0,1.983210701319686,1.6447432054233313,0.0,0.5568743325971515,0.34218179753226674,1.4912786377576532,1.182210790913459,1.4564479696618498,1.0392421104861613,0.9901814463738469,1.2365602378788216,2.4004637847155426,0.7118053549770104,1.110033118930708,0.24313106228652298,0.7665031361500882,1.145233744714433,0.0,0.96392014920007,0.5314667624105224,1.1785224061388222,1.1974459776427553,0.0,0.711003732292905,0.0,0.9020765950192831,0.40199263397642476,0.6335568015746325,0.0,0.0,1.497759282266943,1.408201127228327,1.054241400082407,0.5872078405324971,0.0,0.735654618740667,0.9165873242841499,0.8360493931624289,0.7848101142353932,0.7639861250714282,1.5588205354035694,1.0807835635113872,2.175181819542057,0.0,0.757947819016459,1.0975183973779494,1.4643996862445565,0.7002734562286139,0.8499054181979492,0.969655083377716,1.007893289035557,0.8698169071922813,0.771946628269734,1.5095311090787127,0.9030237960449989,0.6364683593542743,1.1454363253850093,1.2212445585702136,0.0,0.0,0.38092041630796664,0.586922902351772,0.9685337040018019,0.9991576267289177,1.1818011289861936,0.967743973077956,0.2684552009733964,1.231777726596036,0.0,1.438124696953329,0.9912907046763154,0.0,0.3545861390150958,0.7272465192383272,2.072531843941506,1.4813009295352517,1.5454550386285946,0.13506939610707114,1.9068927812705065,1.12545059986956,0.9884544021509343,1.1675798347423125,0.05641233294247326,0.28639092464242477,0.7873766286047664,0.9117890352115211,0.3923610385448191,0.49713429553050026,0.9205973757923954,0.9900558752362535,1.5891040671073673,0.568103856135104,0.861846749718199,1.6865353625495525,1.1043704274597639,0.0,0.8628931395834276,0.9441611361833204,1.2058919784082571,0.8190445660719609,0.0,1.6567247403959722,1.706671548630701,1.0346757241857958,0.7539192467748254,0.0,0.9362130604580203,0.7768496031135015,0.6786568119125043,0.994510607906538,0.9949813178545439,0.8534389249558447,1.1289820525690963,0.7222947296112784,1.0728488317942229,1.272894471972239,0.0,0.5774355037088549,1.2597724481668748,0.0,0.9639653327249511,1.3944803375546149,0.0,0.0,0.8357221873841569,0.377907884822068,0.8149937914734651,0.99999950000025,0.6479570527837409,0.4078942312914241,0.8375124781009583,1.2959941909497033,1.0553136474946014,1.4554283192042248,0.0,0.0,0.7897091189412714,0.8817305380139473,1.2266175384451603,1.2207292783420585,0.0,0.0,0.8310535292699737,1.1970226769497472,1.1564815066187142,1.5842855925527206,0.8263888571212256,1.1849783480700222,1.0150628743884882,1.1420376161869958,0.0,0.0,0.8493479981888059,1.5102748355246671,1.2748292505694174,1.7207183161792057,1.2535436735316103,0.42861213326268977,1.1105398276555107,0.7522252903099437,0.0,0.6758577350273997,0.3318773985967749,1.108502952076345,1.4254580415259812,1.1211763651607067,0.8023854781802728,1.151207068304135,0.0,0.7978031420331894,1.5998459615562073,0.0,0.4140624171875166,0.8622429350147366,1.4200514889209592,0.9308050193814422,1.2653592890838197,0.8416207229216074,0.6503963516593576,0.7383256215709303,0.5727121158906697,1.155786979058174,0.7907788700397332,0.4376957344291753,0.7932950182728339,0.5260251835282423,1.2377108985409884,0.7130166955816436,0.0,1.0697525743647995,1.1516594428575395,0.779341204834346,0.47468044067091186,0.903162293822292,0.8336573298169343,0.6227467499149312,0.545430342012724,1.1379242618134633,1.3816294783108485,1.6887170006028478,0.7898324160404857,0.7322898126056819,0.9623836041699264,0.9908521056793776,1.0244356524738025,1.2023412995933889,0.6432689148271222,1.1208658030100431,1.7490354695636825,0.0,1.0121901841676508,0.9443890204186931,1.2023550303594481,0.07021954410666986,1.4143287079762135,2.0139309459078123,0.8819325144901069,0.5622251333471412,1.0394159609463238,1.4877430730457504,0.0,0.0,0.7708935094348495,1.4021461546176726,0.0,0.7166490783854716,1.2455301407351733,0.896718451416779,1.5188283310582555,0.8071749794444824,1.2792517267615415,1.7783416780828993,1.5809975208552682,0.7829482106356279,1.165474239806618,0.6577819630765895,0.4267649177799747,1.258503503403612,1.1840558230521685,0.6421645535647291,0.0,1.1357784326200973,0.7528065469249272,0.8635594335066745,0.0,0.7083020884769222,1.0951401415867372,0.7629475721375125,0.830360756069917,1.3031421238607535,0.911495126500364,0.4907550268358376,1.177223683929137,0.0,0.18519420709591544,0.6363475785223696,1.6871170651574843,0.8851696367202659,1.205706912426189,0.0,1.0580016797046121,1.159176415004934,0.0,0.0,0.7669613750678519,1.3418897840210422,0.941933433623208,0.8883913959605745,1.1866190627528503,0.4386903953551947,0.8384506087616819,0.7808328191251439,1.0543337165770774,1.3565417134296862,0.5499443286546343,1.1289855931717212,0.3334294935654018,1.7517692387235708,0.8963567716198869,1.4285713548752872,0.8356185408105883,0.0,0.9987105661944998,0.8049613285810353,0.4198126724924936,0.0,0.9816896601135006,0.9323144230804568,1.2373040810566407,0.6035026099979606,0.0,1.5516587687046262,0.4362623068326971,0.41077131688490237,0.9335060366428238,1.0578706997064784,0.3103086726601498,0.5993302715242469,0.642565389131313,0.5283008134815598,0.8226126819181231,1.0969474840508036,0.0,1.0204021304893867,0.5995007611117061,0.9518672871857623,0.7335477010734399,1.1980337929350484,0.44583330774495955,0.8367853963693208,0.0,0.9105255283934365,0.9795089948989425,1.1702239520394966,1.3689250964681605,0.9825310616521209,0.38543221448138343,1.0873640272378182,1.5513250745008023,0.5009122294978043,0.6978727486005517,0.8544668413895146,1.668074268075004,0.41351939057305576,1.1820496379735919,0.0,1.2534338037878214,1.3914127887391365,0.0,1.2520738172181876,0.4080991315399698,0.0,1.5500377221837296,1.0716712106079636,0.9611864234363747,0.8111265932520798,0.811410827100573,0.9091683772255272,0.7610730577914392,0.5922502975382561,1.1651427506867977,2.0772700861489826,1.2750948738072405,0.689420556554204,2.1871804226502185,1.9027627214012055,1.0664405500765617,0.8137009125915846,0.3426495852168575,0.44148171047276163,0.8661138357191548,1.302509885946935,1.1536320274007312,0.33847861179741967,0.7363953555875008,0.0,0.0,0.0,1.2977321714638783,0.7306058798685586,0.0,1.3745434112219992,1.04579679901607,0.5479142159791112,0.0,1.121723282664681,1.598227659435633,0.7366868961095575,0.9200600868905071,0.6504263985337512,1.5260170018795498,1.030297724450027,0.8643699011498811,1.490106937057434,0.7971558555867149,0.9706352964027272,1.153645617986909,0.896379698159059,0.37799877613230787,1.201357853900393,0.9649837730030237,0.6175000327647033,0.0,0.0,0.6488663129768185,0.8501785279629344,0.9579663763546455,1.1518206827672182,0.20930001100315004,0.8329120254350496,0.8180377437081375,0.8297531300817045,0.6735627170098374,0.7638409848789364,0.0,1.246962922705188,0.5870480246178174,0.0,1.079968713297029,1.086027915032881,0.7718240457612491,1.0535479013733506,1.3350387474914043,0.9146036567451721,1.9971886191336465,0.8642709399761913,0.9311975685491758,1.0131880790928256,0.8091172005020948,1.3325141671370977,0.0,0.7077710279987138,1.355448605363318,0.0,1.2386666578588192,0.9323145906958561,0.8723496986117019,0.7995608241321426,0.9617605489904295,1.020635444010251,0.8662183227646406,0.0,0.5476819952955667,2.7475479694357823,0.7159844082594966,0.9951875917601574,1.5742643610127642,0.8632382150782529,1.2614698571697975,1.2623016087077528,1.1409095046794182,0.0,0.9369487742801055,0.8140577801184185,0.7585648736531904,0.0,1.4474333185653956,1.0811806897063512,0.7623476779142044,1.255948205700585,1.488180978597263,0.6637469199682723,0.985074013101344,1.675676937190798,1.2363781590226215,1.969209256580717,2.1914464656154813,0.8991311014982913,0.6756625678228101,0.4587594688156797,0.0,0.0,0.34932292766735806,0.851640050008859,0.893111577994046,0.9189610536369227,0.0
62,2.908495388077708,1.628697584807191,2.1045553953573095,0.0,0.5445495622361982,0.5078956801060681,0.0,0.616842677005519,0.9064943197762498,1.2036502115394532,1.0053753019117218,0.0,0.0,1.1215882229943144,0.27146962352550674,0.6554398287806251,1.0215763836766238,1.2171540658712958,0.6851999432306115,0.8921634332407884,0.7311618823930033,0.0,1.1799642887851762,1.920619522344845,0.7769961607551363,0.780481525430988,1.0169420940277412,0.5349573518831379,0.0,0.9451924063578593,0.6976502420408932,1.0148143462610397,0.9672026467802821,1.076964488550474,1.9032090346466797,1.0284032786948358,0.9599334961658759,0.0,0.5581251196248584,0.4203404305461311,0.7969821672971071,1.3535149737090486,0.216145766633536,1.8044913966647573,1.2780479123699284,0.4027061646394129,1.1831537683996816,0.856800475476345,0.7845722720325278,0.9978273672844888,0.7243684246808454,1.6071342201859142,0.4733899217789843,0.0,0.4630801428079898,0.8736074073962483,2.8854056100990313,1.7348714458189844,0.9292566287489197,0.0,0.3273809018778989,0.6242772928242744,0.0,0.7740156245117205,1.070982087609457,1.0264789816880793,0.5981167530117268,1.0249664248269488,1.9373942751040527,2.2399538443844262,0.9773878687885958,1.3944317730676024,0.0,1.0476154588911104,0.3345423986384597,0.6740504105698091,3.026975866290653,0.7025570660308535,1.0455066901013508,1.0818984367461593,1.3824971992329105,0.9542368913885202,0.8214333122900733,0.7668163374131478,0.7379405209657667,0.0,0.5681260873575935,0.0,1.0107709314852156,2.5091556314516974,0.46794876266134083,1.301653278529125,1.0630617985674153,0.7009138711274019,1.1388021260129555,1.1615245561426155,1.082734603179183,0.9260928804320872,1.2260301541740708,1.6618586478873723,1.0031426448520566,0.0,0.6851243761639001,1.1298203076228732,0.3668924517141165,0.7021441513213688,0.0,2.289182661845647,1.6023918294344175,0.6656930151767952,1.1876242406755835,0.0,1.2656945081373434,0.78016903730265,1.0926810861996776,1.6905843059854,1.1571647322724554,0.9016360845833535,2.88306967933287,0.23329435032025825,0.8515611946315623,0.6795386220661706,1.2681179684165391,0.0,0.4543131068945021,0.08649997461608293,0.7795396795190087,0.49150689446822127,0.6690722830361018,0.5693583618426417,0.0,0.32417884850663053,0.9978664756018069,1.3845171140995758,0.6570177398868208,1.1738661792402838,0.4445836061198038,1.0018692887151524,1.0649407971578913,1.2064370861152334,1.8095601323293062,1.2411600661995013,1.2973881237478229,1.2259750246473844,0.6512378265238096,0.6664655062058353,1.2209531623747032,0.962722736290811,0.9405495029960815,0.5770851955286733,0.7517808147501542,1.7406735857929934,1.1180834184580868,1.2109488861860567,0.0,1.0974669678571967,0.0,1.4082554962100489,1.0537016631538794,0.2140820874287399,1.0080004252182577,0.0,0.7241894293502074,0.7222047187821192,0.8568638115560565,0.0,0.0,0.7501262948278278,0.8433055302423335,1.4145379582228117,1.0707388706907837,0.7242914261184555,0.8007810858150326,0.0,1.343788543954247,1.5569682051469698,0.3609022666090928,1.0891457008685175,0.0,0.30952374259960064,1.0397217816409354,0.5257748052024086,0.8760371693523702,0.0,1.1682567281436744,1.746422294160692,0.9316197136570031,1.550049962822319,1.3983732072983681,0.6061466532573752,0.860984730222368,1.0722574986534017,0.9555989098098706,0.9422658663971921,0.9228730514149834,0.5740085163022243,1.6838108140046695,0.9987204781489731,1.2408128646698302,1.0402857439368902,0.0,0.5962913311256426,0.0,0.7616971439656571,0.8939587734789236,0.5005511874420794,1.093524323532825,0.6450725479176646,0.0,1.5133260409967029,0.749305681601531,0.8555755550317031,1.3786668633317363,1.3090940369067008,0.0,0.8811542281972664,1.4758248390667081,0.6478148155027112,1.038000053317673,0.8232325749028542,0.3486546094273161,0.6706959680679332,1.8269849251668897,0.4917986309003626,0.4155878346820044,0.0,0.9480873362756008,1.5592592791966005,0.0,0.5731956099801813,0.8201640880219055,0.6260416390551764,0.3552251534079407,0.7700890807315623,1.2992349185837182,0.6418549636156063,0.0,0.6692585955110842,0.0,0.90982021057824,1.087652793853501,1.0036546773977209,0.9365621508845986,0.8404070612145282,0.0,0.7264730752733229,0.7726638178388735,0.7211104704354045,0.7646924462552978,1.2606672404719017,0.8429108086939622,1.2887483109038178,0.335061414823952,1.1023232070315374,1.4418734221140048,0.8388737911694388,1.0500977277638919,0.9426110647235201,0.3653678886302949,1.065083332905966,0.20946148197546696,1.282310023408892,0.8977379355198866,0.9848278238122017,0.0,1.9070560257400526,1.0161728736118005,0.339817225079859,2.1278881159421568,1.3270891521172092,1.4084299870266341,0.7980203818221466,0.8632632605435315,1.45802849228698,1.1600828783123385,0.0,0.0,0.569271696577679,0.7572996396358231,1.5006185245579506,0.7798991237085777,1.640486446484869,0.8802649261279876,1.3957292223684363,0.35820638002654076,0.0,0.0,1.0225552205020665,2.092852471483332,0.0,0.7645911948525593,1.104519159288306,0.7246014160205786,1.4032394133112982,0.6635297688241454,0.626511004440957,1.1672112674966193,0.0,0.548476395040185,0.8119158740835093,1.0437312462724455,0.0,1.2138815911278984,0.49324173549165407,1.236919019529088,0.6969035411487043,1.444698877918181,0.7938662469149342,1.0773518691872694,0.2068933756882259,0.6577058825001387,0.9202657388461493,0.4008870931663304,0.733442451512275,0.9115266005705043,0.6605679742980455,1.511636918343823,0.7747918305289947,0.0,0.6610052190656097,1.0488167607416257,1.0019634330017613,0.8428751599570389,0.0,0.9337250005308116,0.0,0.4381382536696976,0.0,0.4668351349430993,0.8741509923381099,1.5819174296914347,1.1209112123781315,0.0,1.2702118982886486,1.1399629670531983,1.097190291809289,0.9111727034494511,1.346041831171418,0.7712430362875629,0.8910554706936131,0.0,0.0,0.7818576283061415,0.18402776941709442,1.0879625620785838,0.8423717594796301,1.1250106623308367,0.17907262397964918,0.8972665459123133,0.8218530734136341,0.9134364935124165,1.193908856070073,0.9070958881205724,1.1673773415030444,0.25515764114752826,0.8345405903426761,1.447023990679369,1.2839503576936437,0.25193795392798285,0.8297232554035308,0.7540353870036567,0.7609966076638279,0.0,0.6977317352692549,1.4417615899905236,0.6527447885864273,2.6145820657787304,1.894940161251525,0.7992965278626887,0.9499610770347241,0.4213276215971095,0.0,0.9637471153002464,1.1768000774734348,2.463694967863977,1.2059081604458992,0.6938402022188667,3.2622248679548482,0.6005609027967851,0.9029808767932118,0.4524108336318441,1.1070612129048893,0.8823162388437674,1.1515567662078734,0.0,0.0,0.8970226198529669,0.0,0.0,0.9287915809300022,0.5334241011324304,0.6156510714742749,1.0476485056763523,0.0,1.08083206059934,1.4310133535181846,0.0,0.0,0.0,0.0,1.4296137987459057,1.2386324021088133,0.9431492238687683,0.7380315006962749,0.9633044196125418,1.1673451090237006,0.5132443519400397,1.0014972597486314,1.608565671482885,0.4087961332981464,1.412957809912288,2.000955942777401,1.4673961930850647,0.7421467456398615,1.0080298060159458,0.9060279693527916,0.7528737317688419,0.6829606817538344,0.48478250310201587,0.0,0.0,0.5436048856840153,1.23128830306916,0.9257549964961287,1.3012883733703169,0.5270175386631405,0.731960114750948,1.2314130810321888,1.7081211541080328,1.147768347179674,0.0,0.5620759537381913,0.9055447823060848,0.3494496557832523,0.0,0.21500318725488088,0.0,0.0,0.6932817229140437,1.0058627888676703,0.8905518723642024,1.6252329977145554,0.5002177022494122,0.746186105433024,1.1625320951133151,0.0,0.0,0.769243235229483,0.8517711269722654,0.38373152585367337,0.07392992938979699,0.9267249145563916,1.6455871395704396,0.6202661706890679,0.6943136828718447,0.8665271133364202,0.9828114746124829,1.7238796514271657,0.753226505490387,0.8691992011320258,1.4152779782852292,0.5926071904471006,0.5639108407866139,0.3350124195367088,1.26662458162268,1.0290953995310337,0.3463855199589684,0.24297743807777875,0.0,0.5080681715179138,0.8988096347179546,0.0,1.0098669707635433,1.3892647994071803,0.6481954517554155,1.035711333956908,1.341407857537857,1.602456322200954,0.8897522393426444,0.7339854401814072,0.9513870158583784,1.243403602013579,0.6241985840289821,1.3103945064611984,0.0,1.057292966452433,3.096613621262425,0.6201671378908629,0.8837988377129956,0.8796235096033048,0.7164982673010636,0.899411157677451,0.7325461409851943,1.2112807832714456,0.6159039314526222,0.9865966212838471,0.9692187129220637,1.083445410819642,1.1161688564120646,1.0250840893781927,0.8357067076100919,1.1572770427655936,0.7862083440065404,1.2199469557865321,0.7524831175236396,0.8079619597231622,0.8674319475789533,0.6776841136209952,1.1492642528353847,0.0,1.098812419574918,0.7235252993719075,0.0,0.0,0.10491631316895904,0.6862682426978028,0.8309306438028363,0.8264128074560663,0.6529195359363542,0.07189541879547519,1.2326591825132553,1.2471220115862827,1.2500328966427403,1.1686015077233234,1.4069179469075603,0.5905105031496118,1.7191510032819886,0.5756302976221161,1.1979470328790305,1.3739868424617172,0.521421078863231,1.0525843078975818,0.6710568919805616,1.3199599408841551,1.3061875080242582,0.8382657751898179,0.6483657180464084,1.4224301538801476,0.7023371261400875,0.4414181982009279,0.9593439655255847,0.6037277417756324,0.0,2.1539392246916957,1.88433809251761,0.0,0.44199291341910263,0.2399542763012279,1.1111254769226653,1.098726704089183,1.376849172816443,1.1979426721360653,0.7310938567977766,1.2238985284717558,2.188613007040905,0.7132520887896683,0.9487082174986846,0.12966989934585438,0.8120328508866288,1.0391748292453464,0.0,1.713635833581871,0.6081378811275104,0.8974501079948167,1.5938688037106343,0.0,0.7847423894923476,0.0,0.7458955049584892,0.229710076557957,0.5389352363989908,0.0,0.0,1.3768169234281042,1.1090378037954893,1.1313019302460758,0.6615920157518262,0.0,0.5981829206564597,1.0354538115042986,0.8153584918208123,1.395217980862921,0.9686973525327045,1.6433361987074897,1.1453399991246598,2.3132887069593937,0.0,0.7887142955342324,1.0485871513646177,1.4054223950425437,1.0588967892674161,1.17979796972118,1.2475859717940914,0.91343538246066,0.8871320232858538,0.7891286478360968,1.1575678969471481,0.9551774425835792,0.5626221807551446,1.0504139330265174,1.2342878985457288,0.0,0.0,0.5621098056599468,0.37766150115033414,0.8425407556449458,0.9367461982700368,1.2244641585631997,0.9221662826183059,0.30155551642860434,1.2944421466402378,0.0,1.2366032295694744,1.063798001893546,0.0,0.27448323889186343,0.980875075247781,2.0716463514765895,1.709398905714352,1.5105015655782086,0.5402775844282846,2.0331725648949135,1.0879719420163245,1.214672009211175,1.275428602327159,0.3807831944751456,0.40842691999141856,0.9955626452944217,0.9969192411728461,0.3974787909322264,0.37964436647551225,0.9055071327292825,0.9069472795327244,1.4234247347992872,0.411193652004455,0.7022908352228057,1.3798925577434697,1.2656160751394179,0.0,0.9318658921336015,1.0927171260719786,0.9951007693396907,0.8171909857062651,0.0,1.8187843493356792,1.9285231740806317,1.2244896041203968,0.8152643705049996,0.0,0.7629096962608161,0.7713092849874471,0.7029375406000227,0.7327457596456366,0.8427652856760213,0.9442803079050669,1.0588411050027209,0.6882363505915281,1.0183049186914346,1.0858806871963418,0.0,0.4844633411161331,1.2312501029412348,0.0,0.9352139922396199,1.428490455335392,0.0,0.0,0.6513818261397918,0.44654073872949895,0.9747414803604966,0.2499998750000625,0.5616695569855201,0.4894964464518709,0.8069493741399062,1.5487650507724267,0.7986509522900036,1.3985417125762933,0.0,0.0,0.6968974410637713,0.8556982947384776,0.9555928209496268,1.3049805658412104,0.0,0.0,0.8772239884011777,0.9812144816570023,1.0524918687701985,1.5571521639896162,0.8263888571212256,1.1192776333241712,0.9675854625682848,1.5096390464204048,0.0,0.0,1.0596314354185354,1.8888391749342544,0.9891862685923646,1.7132101759675855,1.2526879981554322,0.3948635460819096,0.8954446867256571,0.8700746164317366,0.0,0.6988906993333102,0.34968100081785447,1.0675155104092693,1.247118663047524,1.267819347924501,0.9642393952311477,1.0449044744114249,0.0,1.0067112763574162,1.6708635755609198,0.0,0.10351560429687914,0.8798549314670749,1.1842104273909992,0.7675668239732931,1.4253307014262306,0.9978119659297671,0.6989451191392901,0.7129961409752827,0.524147265702847,1.2424366069431825,0.531225624983426,0.4786774359156776,0.5629835623179849,0.7420762695210658,0.9715450544436053,0.6849303242568477,0.0,0.8941353278397305,1.5402491270813004,0.5195608032228973,0.57360183548599,0.8455441093332409,0.8220228845325723,0.5275418716183812,0.10389149495351253,1.2225465492412022,1.3617557394332083,1.5160468371937097,0.7606378111263126,0.7517892643087886,0.807094534474296,0.716233579905158,1.0538934848464168,1.5223774514294752,0.5117395919044492,1.1601124131618321,1.271119466150773,0.0,0.7863518444369999,0.9054508224917599,0.8091769628107321,0.01388522059054738,1.473921208667778,1.9765438932442456,0.8401084768095789,0.5687038865336165,1.306652168804189,1.8126093690433986,0.0,0.0,0.8839096157121813,1.4448829267977326,0.0,0.7361932196099501,0.936462941347219,0.9462348124991615,1.3936103847146857,0.8661685547980955,1.0154984050388025,1.8370195031621062,1.5349929832693825,1.1744015241185584,1.3836281150605059,0.8001062357989734,0.08668662381986672,1.120224433303046,1.1555243598427214,0.7512935708945507,0.0,1.1346144035047676,0.9747280193941056,1.1153052712436007,0.0,0.7193571700340744,1.0308386683705484,0.5500574979090543,0.9660571141470248,1.1261689991525463,0.7791818862686153,0.5574822257136272,1.0834403138572364,0.0,0.37308693580798186,0.6232114338118636,2.174114438621122,1.0642865161156223,1.1332293336086154,0.0,1.2644410381359787,1.1631045531797926,0.0,0.25954847471413545,0.8635664030783048,1.6600277870967466,0.9764603224521909,0.8714384836604457,1.2485802025638484,0.37776117174711055,0.9854695774159701,0.7934879378847819,0.8631941843270154,1.4060544848189935,0.607348022716471,1.0499476035560882,0.5059151638130711,1.3963365160864876,0.9218942821022338,1.9025973094504145,0.8973995015948035,0.0,1.1128060409918146,0.7386984129454504,0.6842375227442444,0.0,0.9102267059409714,0.8293238700464832,1.0932825152034855,0.7509213028725469,0.0,1.4395587880518068,0.29084153788846473,0.5659153563614931,0.9014648301532381,0.9397408413121616,0.3632882032462978,0.14983256788106172,0.49444154861613976,1.0408314332748352,0.7497013239247192,1.1549947846587645,0.0,0.9579943843504389,0.41436082226895227,0.8873974083464546,0.8380521829062885,1.033440737506167,0.11145832693623989,0.6232811297974802,0.0,0.7643954801328638,0.668725783296568,1.0387806434308169,1.320234780539955,0.8949201500769222,0.517009608218997,1.0561548056576404,1.6241369613002503,0.2956203310856977,0.6291769998645762,0.9749153340723294,1.679923696525883,0.44896390130476377,1.100601717057215,0.0,2.3244422005388614,1.2416447969413162,0.0,1.5551709078185678,0.3946940125331094,0.0,1.8930026296890898,1.0111019149746456,0.846040985259101,0.8741546080694509,0.7757572519231397,0.8764166103731638,0.7984931725936677,0.5477089591716642,0.9341753927896022,1.9209797682184198,1.103845883141857,0.5726240176358894,1.922502238522144,1.7299095777029851,0.7170317298629203,0.8221041916311573,0.1525844109497021,0.34687960512366117,0.7765770693440822,1.4840784960413973,1.2389065085064712,0.22924233188106327,0.7356448160430871,0.0,0.0,0.0,1.00204635067918,0.7241916957880579,0.0,1.177727559950321,1.119316744467446,0.48230983172690534,0.0,1.1593055146090694,0.9988923050621837,0.8914471660432672,0.9557830166608619,0.3834733172692669,1.7595356168447254,0.8234906801524926,0.9228610981361134,1.7391442627132636,0.6019054152076597,0.9702547888028419,0.8430487208365874,0.7994574126988483,0.7534661516888677,1.5327668910468624,0.8653751734541517,0.6707773681963416,0.0,0.0,0.9579375262984342,0.6359570339589333,0.8484231602415524,1.4436360899046372,0.32611862094663346,0.8195115238283082,0.952532169247881,1.298767756449219,0.9383822465529679,0.8509167829309294,0.0,1.1175721340572704,0.4568855254267883,0.0,1.0799687132970288,1.1547720446232366,0.5775243296654835,1.149366193066009,1.3383132856222384,0.8814576040683739,2.1810362823238276,0.7670441877475631,0.9072363026381329,1.0192117714635975,0.8382640085153261,1.3132034896976321,0.0,0.7607792520619059,1.223755182816381,0.0,1.436934336359803,0.9233513507872007,0.8445474329694962,0.6910687938400082,0.9955137828107234,0.7785384534020106,0.737137379802304,0.0,0.558497643975967,2.404104365930264,0.8761459742108375,0.7955312531760099,1.24367694228044,1.0260104384448774,1.2107209344227254,1.1262617782380182,0.9502145037560283,0.0,0.9604948866604849,0.9389614300924216,0.7556114991821219,0.0,1.1926503237235409,0.9571887406478441,0.5465183851446802,1.424983099421285,1.4244751681207282,0.6105829528960343,1.0486375069793037,1.9552666579613593,0.6181890684722222,1.4585438029419426,2.014581756563981,1.5235276955983506,0.5716329287676307,0.4587594688156797,0.0,0.0,0.6813281455282885,0.8737941409144538,0.9402191764608936,0.8951082664024986,0.0
63,2.951478176317508,1.6720420392557074,2.3903412585926986,0.0,0.5779017745260628,0.6234359267454619,0.0,0.6620106962277367,0.8993438484283702,0.9359050763471912,1.0860383927062054,0.0,0.0,1.0638577408125534,0.6875263082663139,0.5455824788425279,0.9812101430022635,0.9330252345494827,0.5208956755972651,0.9812464121878035,0.7473942397448646,0.0,1.1969102785557744,1.8063944587195966,0.5018137727715185,0.9780467481774595,1.1597349629049256,0.5257818485761941,0.0,1.0950195102324658,0.6109195996127369,0.45666651670631647,1.2385115038083356,0.8530873246713857,1.459777659167572,0.7935176159801969,1.0346254005091993,0.0,0.41044880513709325,0.41719618667683733,0.7587287651896406,1.2907043619729017,0.43229155488164434,1.6030329852292786,1.0795411199342648,0.4651671140541126,1.0751264752378016,0.9872732698948419,0.8577287098324593,1.160268653234531,0.7374286307825918,1.3139323483861924,0.459841034942178,0.0,0.11577003570199745,1.1451454947412811,2.534043958834643,1.9219654281048086,1.0146029300857693,0.0,0.4017856512900841,0.5461038867127184,0.0,0.6620219613727201,1.0584782337392427,1.1641950480240897,0.7128240777518879,0.9202101578803576,1.5599957687143342,1.8362412425880599,1.0265045042836407,1.4932197116865815,0.0,1.0549904871668618,0.36616846449783513,0.8775879669543518,2.297569167697955,0.5335971632638934,1.0743780777660583,0.9833454216307556,1.196009766490118,0.8248812992338113,0.8028676260010359,0.7778470368163235,0.8548329737891364,0.0,0.6615616898087869,0.0,0.9551236896443831,2.0623714598601524,0.5108440662302615,1.5929415890415466,1.1170696268657712,0.8994795619379218,1.3570575338323576,1.1059223741965112,1.440790931912478,0.8956014931546796,1.1553624078720752,0.6889498117034364,0.8868695295933402,0.0,0.6675570841023755,1.1114691126098282,0.3709690323971565,0.8201911273218183,0.0,1.963947283919525,1.4915211218902518,0.4083829146169786,1.0639872569251954,0.0,1.1683333921267787,0.9238670622769631,1.0779221703097976,1.4942828146754077,0.8961722811671818,0.990456513179861,2.5316260963325505,0.21324561687547,0.9434833154728011,0.8558288410666786,1.3712993131609097,0.0,0.44376778906760783,0.0,0.7513158700957071,0.5413239632298696,0.6014010269443586,0.6500649689786941,0.0,0.6979349640212187,1.4303736688563737,0.6409801430424702,0.6172049413658871,1.0891539406965765,0.6683966035771478,1.0156914262244157,1.1004695319688502,1.2792804813492058,1.4217972468301692,1.3468526258402516,1.239679842020828,0.9457901620073634,0.46098857416032707,0.7544528459486377,1.1672119327372528,0.8044926327075144,0.9993094752918884,0.5795083164498349,0.5766483740825789,1.4384694507608884,0.9976738397082713,1.0544027785349723,0.0,0.9065667678133821,0.0,1.3526349755351466,0.7311747580199712,0.0847610075488638,0.9921238418624454,0.0,0.7539775445158432,0.8889577716448167,0.9753537719076957,0.0,0.0,0.6058354608171929,0.6152130257558094,1.549734538844627,0.9567512083995229,0.6828399159219235,0.8149185602157267,0.0,1.4750579377588497,1.604800617255766,0.18045113330454643,1.213018486743507,0.0,0.464285613899401,0.7856417777677013,0.5565828682978666,0.7706896097810377,0.0,1.3112263279991403,1.470195464940772,1.2854804834268436,1.3572387630438785,1.2187932426944004,0.6272307904165141,1.0218569126475103,0.9441070508234144,1.094309278016286,0.981667121174279,0.9697408616518314,0.44206388225162274,0.952458785030946,1.0858056862059329,1.062009736475587,1.1805494133818208,0.0,0.7950551081675233,0.0,0.6530943608670303,0.932864264031525,0.7724491843311929,1.0931150084683905,0.6213580110567054,0.0,1.7314026141477101,0.7101802661173144,0.9017596913182947,1.331427072928296,1.45859545679771,0.0,0.8277312803844348,2.0648550141410302,0.6074825982348219,1.0040765785326538,0.8806902124892304,0.08716365235682902,0.8826006143015019,2.0292986160512823,0.5616531903470283,0.28997967499410837,0.0,0.9609285645964385,1.6837071956022513,0.0,0.6636168391369497,0.7212498257909316,0.5566488427219942,0.37258112784968367,1.4717257953088128,1.3484109146321042,0.7213304766407121,0.0,0.5807043443413322,0.0,1.014143530749916,0.9840365017920898,1.062659562354197,0.893466078684069,0.932846121786077,0.0,0.9486398754415984,0.9929036664029827,0.6534901829592653,0.9638606671089082,0.9655816816677433,0.8553535988893318,1.0703137403866125,0.5025921222359281,1.0933385837266467,1.4592769717161995,0.7098905378798459,1.1645931799941693,1.182801784363296,0.2087816506458828,0.8830976318069297,0.30695277021104594,1.255862906626529,0.7462828288853902,0.8789098116430691,0.0,1.5783185963809778,0.9142705095041499,0.8790312972355843,1.9601285684145497,1.3637152555538825,1.3217202151599172,0.6553630705252111,0.7758358069698554,1.5958953356827985,1.1004296197107313,0.0,0.0,0.5950551702761051,1.0204054178538704,1.2570616835743762,0.6085945654366023,1.9880914599314043,0.8483149839154802,1.712748289400557,0.296051843411809,0.0,0.0,1.1506004457599301,2.401983302640579,0.0,0.6862576514876847,1.1698357252682485,0.7123200369727019,1.4616263938763259,0.9348186733003641,0.5680038394047505,1.0101736845435736,0.0,0.7153107647094544,0.6682287131376233,1.041898885976388,0.0,1.442426660578524,0.495021203184686,1.2716103715678695,0.6510197757738669,1.4973717224336438,0.6832167895648847,1.0670028957552669,0.31034006353233884,0.16442647062503468,0.7546917939085964,0.24157352029883478,0.7435481118462626,0.7830498864453586,0.7196037438249301,0.25193952838051653,0.9114917410048943,0.0,0.6657742922605026,0.9193211394416816,1.0960460432326746,1.6857503199140775,0.0,0.8555962922796209,0.0,0.61703633903008,0.0,0.42076581564752535,0.8361497734988692,1.5148331480435635,1.0977466604237027,0.0,1.3808817739578705,1.0945671343614038,0.6609686666840414,0.931354841204052,0.8026721368158963,0.5411890221444551,0.8742196384471017,0.0,0.0,0.8453781511440692,0.0,0.7736622669042583,0.6662276636185712,1.0070134322131903,0.3919497694847498,0.9953074201153939,0.9645429258971809,0.9001257813503634,1.0565634246488682,0.8264039525654263,1.1473121563855115,0.0,0.7870034193021032,1.178896413410461,1.4348579746645636,0.06298448848199571,0.9462283056173266,0.3531023912029725,0.616684819408166,0.0,0.4651544901795033,1.4686267081374282,0.6566730432748908,1.307291032889365,1.7787280421943565,0.6115811097167629,0.6975950154921018,0.25747799244602176,0.0,0.9160625118716653,1.3286453730528596,1.73387900816623,1.2439195904445182,1.1210701617332293,2.5519783202129824,0.9314822183336751,0.7470911154834312,0.9396224939275172,1.0237705143481843,1.04385494718042,0.9556705484565141,0.0,0.0,0.893415941439246,0.0,0.0,1.0070387736780322,0.31901254309910426,0.6402782995351967,1.0502067107610709,0.0,1.0984624726609304,1.3945566650350467,0.0,0.0,0.0,0.0,1.3154811442077923,2.0954452766146185,0.8395975935576585,0.7798841441954143,0.8821585652154231,1.322383264399831,0.621042721626976,1.0347228230379615,1.4475908451634156,0.6131941999472196,1.4123580033731897,1.6392687313009966,1.3702553594637346,0.9000979532681592,1.1471181779508557,0.6977872936455598,0.6522086872370499,0.7140258502152929,0.5840578439746865,0.0,0.0,0.7114869422114982,0.6562508156817813,0.9502227284904512,1.0320197900163603,0.5285456733706526,0.7278521977423891,1.1844549645639528,1.5170674179478032,1.2320760630360357,0.0,0.4180245704211162,0.9100621927014417,0.5241744836748785,0.0,0.8600127490195235,0.0,0.0,0.5986630253169798,1.4239753623098483,0.7383907351966696,1.494266061099529,0.9730262045732831,0.8957795013502559,1.0249181232688713,0.0,0.0,0.5261459204146968,1.0128343182806296,0.25582101723578227,0.051750952790755554,0.8757797868096513,1.533044249969611,0.5047940811896197,0.734549448090468,0.7967729319264027,0.8521933114775362,1.6130329880100747,0.8145738543489206,0.8605527848102765,1.7281219425510965,0.7270787961307831,0.4376657984319592,0.3890466804734205,1.1875370417572657,0.8616814038546393,0.3175200551514785,0.971909752311115,0.0,0.49309983008593733,0.9437886339788943,0.0,1.1282095195248072,1.3117547318568934,0.45660326224598297,1.1906358601842926,1.438907231171387,1.5426537735388257,0.824216474482674,0.6577699095661533,0.9483254925516729,1.1707170677036223,0.12179484603551734,1.1347256607523122,0.0,1.0098473471804557,3.784749599245198,0.6092953912799368,1.2962442098380942,0.818081128446003,0.8034479325479037,0.736686921600007,0.6867563004809423,1.4692875413370503,0.6794652001923316,0.906520215321343,1.020159902114773,0.9086122712417751,0.9465470085572978,0.919009292567451,0.9595003213992821,0.9898151777702173,0.9975707127086877,1.1703225348671304,0.42197091744550974,0.812645859193007,0.9900566190406925,0.8801514298996741,1.1507251643091403,0.0,1.0147828043938756,0.7720902763024429,0.0,0.0,0.0,0.8965954786425081,0.9288959580686684,0.8331473461463379,1.2743792967542067,0.0,1.3330821256963594,1.4030045930300252,0.9305018761237553,1.2415002252057983,1.4398433721758668,1.0497964500437544,1.596184987875807,0.6772524622675954,1.0518144852166575,1.1762544191284123,0.5693650219540571,0.9138323841521854,0.7871431783637888,1.4140272341593436,1.2190405202801116,0.9141302005305205,0.6189678106864851,1.4097600556842784,0.6501175662867238,0.3486520768334237,0.972953335684335,0.6085306058449531,0.0,1.9472778929653067,2.056699468093658,0.0,0.3862414228490761,0.30539634732822596,0.8056904409911617,1.013392287893724,1.1579792877402977,1.2169174793657576,0.47192919100704067,1.3935967088373904,1.8456815787792262,0.6828701347426256,0.9855966995660768,0.27554853509689453,0.8586335843313475,0.9781675556450738,0.0,1.7266179277296925,0.7878795559993385,0.7723515360310725,1.6594746435426002,0.0,0.7627659965329527,0.0,0.6683554305343586,0.05742751913948925,0.51541544036522,0.0,0.0,1.1229889884439597,1.1147546151633978,1.036815132490166,0.5881815563392147,0.0,0.6605770961780396,1.2960906852638332,0.7692044601587908,1.220815733255056,1.098621651060704,1.4810291325485077,1.2661466327321826,3.728883198133097,0.0,0.8493130976746168,0.9662378907328757,1.1600692220022317,1.322753038408151,1.2962748371190083,1.459568330083877,0.9040668884214437,0.8093018700093553,0.8010502264535926,0.9388814218404052,0.8779627131731078,0.48155443183368707,0.9107716762918965,1.146941054957439,0.0,0.0,0.8417377035439031,0.4581303001180809,1.0599670188238561,0.8446084363678212,1.2429583248318612,1.0578433321238585,0.41239948609538535,1.2900751428535222,0.0,1.0736697070057766,1.2228685116853732,0.0,0.33593636577732006,1.1241008026824115,1.9235929235110372,1.5858915295926415,1.3078952742652674,0.8104163766424268,2.0687213426188715,1.059388853492556,1.506291958021835,1.1549412273281978,1.6500605093922975,0.6298632004678785,1.2762123754515975,0.9095311406944002,0.2804528461376854,0.6833598636521782,0.9419873119507991,0.8802627870654042,1.0547877438485849,0.4172237240771309,0.563802890033059,0.8943748026323429,1.3712248091941652,0.0,0.8595388436655014,1.1908793786695853,0.8164789858658086,0.9649942185433524,0.0,1.7786471178383843,1.5106120177711815,1.239403450289488,0.9877219387344047,0.0,0.6876630756557138,0.7351805414513416,0.7802878393887955,0.5959376757542413,0.8003438036286912,0.9234250420707972,0.9678155090232112,0.6859872151395272,1.120008184583164,1.0222824943804851,0.0,0.7017717457341086,0.8730892809591498,0.0,1.0059422194898964,1.199717429583513,0.0,0.0,0.799410255050045,0.41863194160369355,1.2595640885332622,0.0,0.621432337682771,0.6042668240317527,0.8264781067572246,1.4215761274591712,0.7288047181380128,1.3205642743967676,0.0,0.0,0.9046199273982661,0.6054603954552618,0.6955651009332056,1.2883284496230072,0.0,0.0,0.996520944540336,0.5767338824848067,0.9696312849217015,1.4099842507089428,0.6611110030581361,1.028353474908054,0.793764156063709,1.9127798365877722,0.0,0.0,1.265869969025196,1.5966025798478498,0.9765876463981435,1.7001145985252157,1.0490743630776256,0.3519406537159534,0.6513341524504836,0.9718505539767588,0.0,0.7961758922295088,0.32560048799623653,1.0116782312485602,1.0889836147917624,1.3926900650410385,1.0762173001867512,1.0231694956442219,0.0,1.0973294507460958,1.6466596185867282,0.0,0.0,0.7317644438500484,1.0405066778362866,0.4862414264799387,1.4467153951153822,1.091300617650435,0.7474213905607624,0.8717533309436126,0.7345439817628409,1.2266639613900145,0.32298938310006003,0.5458651227134846,0.2790153139956961,1.0525826359174228,0.828179182252997,0.7671329175555001,0.0,0.7947538935659746,1.8225019644345601,0.12989020080572433,0.9436675214744092,0.7971327909522314,0.9369692872712687,0.616035931385301,0.0,1.3258892808238119,1.4216627261540473,1.1739183345410813,0.6324464430434872,0.7152397055876363,0.9051718548780145,0.5598128182947955,1.1224137494763766,1.5015229680788778,0.3641866375750631,1.2895750062034788,1.2786291966950503,0.0,0.8415780027716565,0.979527693980944,0.5350521130332697,0.042812762860757685,1.2967328357071715,1.6964251974825204,0.6708044983914804,0.6188989074127579,1.572411927871817,1.506490509669348,0.0,0.0,0.9204073800381608,1.3003671575769875,0.0,0.6995625979684174,0.7927546914420829,1.137206570217438,1.4441463218888375,0.8475457138357403,0.7572410276286934,1.8693078346504886,1.5589188980565911,1.5624760207023107,1.3507810183946751,1.07334752089538,0.0,1.0091645818814308,0.7204195102343269,0.918257176477016,0.0,1.1265134968980512,0.9024926423688371,1.4461373928284877,0.0,0.6833556771176332,1.0813775899830507,0.4376064306195905,1.1621784349406115,1.041930084279752,0.693059163171646,0.7509090506122641,0.7606793670398253,0.0,1.096668491574961,0.6727465516097542,2.4758612945372787,1.1469046154486278,1.1610998484839692,0.0,1.1870262722729878,0.8998132256409601,0.0,1.0381938988565418,0.9746241988099393,1.7436409763759508,0.7028484919887723,0.9330415519209373,1.1668926599818752,0.542270050203316,1.064179862392625,0.8153506875855034,0.6668169886353088,1.505181558063746,0.5919219586595371,1.026783494146096,0.6150964669283349,1.3611494475264136,0.9241720404900535,1.7506586785259175,0.9156732901694419,0.0,1.1814877418861238,0.7206893702966416,0.956226564952428,0.0,0.9308984858093831,0.6326046951246225,1.0307723835042606,0.7268713402596708,0.0,1.2800995370220474,0.07271038447211618,0.6787284703117101,0.8855457814612737,1.0887860339045794,0.24219213549753185,0.08740232918294513,0.2044526230558719,1.561247125130556,0.8145112760910594,0.9350800825690464,0.0,0.908727969138085,0.5321771522168726,0.8578829262414989,0.94778557806289,0.8197770374451941,0.07961309521806159,0.41149233201728946,0.5033650132975844,0.7227627907836878,0.4858489485183788,0.9614131161544397,1.2138067310206968,0.790181467625735,0.6117588959791538,1.0044685117592764,1.589620664663617,0.24635024305805553,0.6940745099187882,1.1257589571724569,1.8510129144076228,0.5114137602198194,1.0323696967323874,0.0,3.0445080334041053,1.0998894514587991,0.0,1.5942738910245664,0.5385444115326504,0.0,2.1719649563385386,1.202744384170256,0.6476711803324764,0.8572620260105722,0.825016771910035,0.9291723521017339,0.6784923636081552,0.7996578636825793,0.8974233483000267,1.7471652113339224,0.9535127995573653,0.9960161632199186,1.312277606020062,1.258624256207934,0.446505988099427,0.8072237136115379,0.0719248511876808,0.31614507571841866,0.6532827149327121,1.455942824633421,1.1772886989279845,0.21077986023747147,0.981865095900528,0.0,0.0,0.0,0.4763826875363673,0.8002455629188037,0.0,1.2057545432372105,1.1161453555128638,0.6829676206314048,0.0,1.1930586732024446,0.6514515278488673,0.999047690516712,0.9045205398827094,0.4034158509611875,1.861632129222335,0.9551329041051703,0.9626198216131605,1.5809130900490649,0.6884930080632163,0.9718736500485408,0.3993388677646993,0.8268047328931495,1.3294179208323265,2.0688210254047164,0.8657920025844242,0.8324032189545595,0.0,0.0,1.1292835200328468,0.8389993571532492,0.7547811354332893,1.5653765077256154,0.5110814206322458,0.8799807201746135,1.6689302351571718,1.671023532242516,0.8908874373608897,0.8326240727808285,0.0,1.0663858294875688,0.4155197772518126,0.0,0.5399843566485144,1.1407399356982018,0.48492178990875223,1.149496536415659,1.0866266957856099,0.8776880561240799,1.8450074946705177,0.6982637024541951,1.0999981758528667,1.106106273129585,0.9791621502175896,1.1007913037687178,0.0,1.0219216246642504,1.1951535434222096,0.0,1.441955435293983,0.8862165757045938,0.9465474493855867,0.846456117242383,1.055822179467418,0.7131081904165311,0.6374564666184994,0.0,0.5426199302668361,1.2020521400347137,1.0569571676092746,0.6487446906339696,0.8817014429572845,1.1601957370770375,0.8730868647126895,0.9637655614806311,0.7224335276574556,0.0,1.0541928048072444,1.098838104371394,0.7798128166872208,0.0,1.0858802423655494,0.8847403661814873,0.38949662295931686,1.3100553539275674,1.1820183922125636,0.6471789168718021,1.1469986840107007,1.7948841518165313,0.23844435744228243,1.1326756756443483,1.6668371862138567,1.7033538974158726,0.4517718604642464,0.5877855676280607,0.0,0.0,0.8747916906485174,0.8949975795743894,0.9584003967621456,0.9061786469872222,0.0
64,2.4750867453525007,1.5025465704963348,2.4435378672742973,0.0,0.6571554309451326,0.6655599718651781,0.0,0.6613147784302009,0.9166856798102057,0.9353169941613108,0.6447096320154722,0.0,0.0,1.1558043814545758,1.0976814402584807,0.4564488815175907,0.6916599957366424,0.7933367057380211,0.5252004484204086,0.9746144921025308,0.8560261733112997,0.0,1.2644468273805636,1.6953034237570046,0.42258816225767837,1.2807697187036045,1.1671623585204802,0.6328017364002685,0.0,1.4431140350529832,0.4684250461884782,0.8118517205642262,1.2807140287331866,0.6037378095332452,1.2642656094399511,0.6416547063882169,1.0729583606528943,0.0,0.382892707379099,0.5550059470712312,0.7890831253009953,1.2494080147069466,0.8645831097632887,1.2933115019642152,0.9716557562212995,0.443234030531644,1.1398150128004318,1.231193233530851,1.0867689939635643,1.2838562075923292,0.9245438425879384,1.0562580059976625,0.430045212739889,0.0,0.13024127207568356,1.1440331770666656,1.9216391097922818,1.7348714628275255,1.1417687915605006,0.0,0.26785710086005604,0.6124786063133407,0.0,0.6983315289063383,1.0565420846584985,1.23746731117918,0.7865644984581688,0.9599803445662626,1.2834007738364104,1.224160842500275,1.1369350448138964,1.5563000139716159,0.0,1.321885781693657,0.3806337186778561,1.100059247384226,1.4923638649015127,0.5004500458742007,0.9081616180467785,0.7890294248521799,0.8921723705919455,0.7888173984822282,0.7701223947297449,0.8930500406460016,0.8648546710150207,0.0,0.6295992078383359,0.0,1.1740160544866498,1.602487281746656,0.4055555956063529,1.3703008311240157,1.2071800387781635,1.11987179789076,1.3174405348105775,1.0387702151034404,1.400930755102038,0.7082949765684206,1.134170180407525,0.36076764878376033,0.8215849810070155,0.0,0.8580334723689702,1.0427737198418552,0.3220500379940747,0.7954218555196333,0.0,1.6071219492617443,1.258792887522707,0.3043115323116415,0.9458730903064393,0.0,0.778888928084519,0.9903665444395763,1.002175362556825,1.3080565041852004,0.7845999748827736,1.1976048182364507,2.108132187726719,0.17792560259425508,1.1431354690794189,1.0157126298842414,1.4381878113971052,0.0,0.4630663213672818,0.0,0.87402199120238,0.6190486091289247,0.6756013902310269,0.963536143442525,0.0,0.9858941429331913,1.745877528423211,0.3333096846377648,0.7452298658307535,1.0151216788793165,0.6871658162725374,1.1152644531907283,0.8969646958112025,1.3574594562768127,0.646271475831895,1.310079232727405,1.1392767159698058,0.9591202543900202,0.5042824785757074,0.824260809259598,1.06999529999204,0.6604697116531003,1.0861048734587349,0.6456078896499373,0.5212718801656977,1.3079169887201618,0.7760212953481749,1.0569697066772075,0.0,0.7742464626107042,0.0,1.311414751716872,0.6360483237795254,0.20681685882608047,1.035908374947112,0.0,0.7466131510722671,1.0183204356993982,0.9629845840686864,0.0,0.0,0.5255784545808765,0.5342176025161258,1.3916218497090982,0.8354129281174122,0.8094345940994914,0.712424958583487,0.0,1.4990887245864908,1.3982693298064,0.03609022666090928,1.683838965159253,0.0,0.30952374259960064,0.5044921963998414,0.5461649888783031,0.8366224538816673,0.0,1.2832061627960016,1.1386244615841945,1.2413860205258915,0.898612248167172,1.0515691245069407,0.7972303506889842,1.0419891493675508,0.733748489414058,1.1583469161600148,1.0103258622242186,0.8946264252754192,0.5278827071451971,0.7483605432005012,1.1053964583515363,0.931207762652092,0.9918618136388646,0.0,0.6393568158753226,0.0,1.0745176306968098,1.1122691818948507,1.206509417549141,1.1851246832583984,0.62303055768243,0.0,1.557107436087439,0.7457110574170976,0.8885570768612161,1.371882917957414,1.5029669125786715,0.0,0.7549276983518136,1.9150865656665816,0.608009625875919,0.9575914787778392,1.0176741012276724,0.1307454676397897,1.0157057825108444,1.6830033409312892,0.5988338428610899,0.5175901151209135,0.15811398321961465,0.8981059958102554,1.478734146912315,0.0,0.6008539758234482,0.7195527659481641,0.511538247099717,0.432555760116133,2.344493399602212,1.2548876289748567,0.7728091536597064,0.0,0.49935388543132786,0.0,1.1144432817141974,0.951052234606258,1.0652410039645823,0.8870186438593327,0.9107769449969108,0.0,1.1177711067900087,0.9520607113875061,0.5907084572256427,1.151899189321054,0.8919251499724785,0.9503256977904774,0.9185448459710255,0.4355798359205241,0.9936389212599721,1.2931727782430418,0.607137239471225,1.2327632093317236,1.248489886801584,0.12676028469650608,0.7931172425405668,0.5109122668681906,1.184930731729673,1.3179037220515535,0.8882765445783081,0.0,1.1991731859898769,0.6932998053413562,1.9836712475862017,1.7909394260903455,1.308731221573948,1.1975314415187253,0.6588619970799543,0.8118800568457187,1.7825453061902627,1.0796841681860023,0.0,0.0,0.7474651485918924,1.2689898675546858,0.9159552472915076,0.5010339777487735,2.180680760580544,0.8241184357959729,1.6725925517014315,0.5520303587240463,0.0,0.0,1.3944297006947237,2.262477217230026,0.0,0.613187584119981,1.123120774106632,0.8203961848344569,1.35736468761533,1.1840227092154045,0.5608036939365603,0.8491419259108253,0.0,0.8387799451409487,0.6444707975798949,1.0051800285467023,0.0,1.5261395527585022,0.4934496621504463,1.2672000870660842,0.6695891187983019,1.518252106307963,0.5471368978202038,1.1007697335592685,0.31034005318767216,0.0,0.5242603289293613,0.3248747326151342,0.7085061933423683,0.7988183434654645,0.8146253328450719,0.0,1.1697867843587493,0.0,0.7186486003886869,0.7738256621809846,1.2993102014804558,1.9386128257574526,0.0,0.6983790083593947,0.0,0.9160060250153472,0.0,0.4788018200329877,0.8304428871387417,1.0290361735779479,1.0332986877184538,0.0,1.300790332766077,1.1000607029883347,0.543404136482968,0.9991871614911774,0.5011238041485546,0.45861017112454094,0.9219989486172738,0.0,0.0,0.8771549152422723,0.18402776941709442,1.414351340372936,0.5589812583751228,0.9393936703791262,0.8111424934174041,1.0123906136440257,1.0600029882046025,0.8431107226963986,0.975143549227041,0.7345812922480258,1.2766199211722835,0.17010512244919176,0.8504966706444188,1.1008192858882597,1.4838984882966475,0.0,1.1765692456304573,0.33782638542100385,0.5011012318903153,0.0,0.2035050846081742,1.6835476859181977,0.44621388445561583,0.43576370668069053,1.4497855166419824,0.5753074589557652,0.48955658868741864,0.2992036763538161,0.0,0.9115513528274033,1.40931772788154,1.0695498660815306,1.2686962707143665,1.7568622721169707,1.529761773209504,1.299172575739299,0.7881583423488546,1.061425404651332,1.1122896194929257,1.102679460863972,0.8616575801957322,0.0,0.0,0.9026118148495165,0.0,0.0,1.0988979020869059,0.19699468158399094,0.7334323538262235,1.0227431370800648,0.0,1.06601761954027,1.2583763391835763,0.0,0.0,0.0,0.0,1.1346802490285346,2.4335981498994306,0.9066403759973322,0.7973387100207198,0.9379977385503726,1.4837717863806945,0.5834585367571744,1.0562345194437535,1.175069572508661,0.5365449185663791,1.4884342030989277,1.6825986049763295,1.3690252682924509,1.0401162910891295,1.3301049608950866,0.47916869103030596,0.5649085449190867,0.7381473171115956,0.6170288528152392,0.0,0.0,0.7966694987887248,0.648223849911418,1.1130825851139474,1.0035469203863336,0.5643554842888738,0.7303313196675618,1.0967135713292253,1.193731865747807,1.2990442609766084,0.0,0.4427391480028936,0.8757722715763834,0.3494496557832523,0.0,1.290019123529285,0.0,0.0,0.7447335498560246,2.3120085044243828,0.7077704817811996,1.461448872636287,1.1046881943017206,0.9224926074142328,1.1649278645058394,0.0,0.0,0.4075290093982124,1.1448080790467428,0.06395525430894557,0.3220059271980112,0.8758357727294339,1.2938878364348088,0.5589420354528267,0.5487615668711767,0.9507299792195798,0.9095376644247031,1.5332305538597033,0.7172382317366792,0.8577470763909911,2.09027781620053,0.7193351992167621,0.2633827734314451,0.25053885727848607,1.3310201189034558,1.0232078626330465,0.40411642070849296,1.4578646284666725,0.0,0.5117033355291558,0.8841058523024832,0.0,1.1742718021207132,1.2012845987048495,0.4806350126038275,1.230822691173196,1.3400022110834575,1.4367764163840837,0.6754264082158062,0.7731943907627468,1.2027208220198498,1.3099040284336745,0.0,0.693179677388817,0.0,0.739540619310901,2.236442788613986,0.6739512705305462,1.4435144416320331,0.8471410208298832,0.8787103302652741,0.6079873732877454,0.8341764386931974,1.5348620387849223,0.749034354876333,0.8371645310634672,0.8090029197779187,0.7085015664204173,0.9902591863954042,0.8178988052404574,1.1324265567219833,0.8540163644154228,1.219097811676182,1.0489119253683163,0.5779710719199821,0.8687103472131759,0.9822914705554513,0.9485656224672647,1.2112658429649383,0.0,0.9669603094977337,0.8170349681389006,0.0,0.0,0.0,0.7585354252087764,1.0578984357002612,0.7026886543618363,1.6317831180987128,0.0,1.293502065156707,1.4668287684558714,0.7476431462179333,1.3077337960476199,1.487512363122966,0.9185718937882851,1.3789562736030518,0.6593834690336137,0.9376838326271733,0.9532819036419613,0.6730451447641881,0.9118303299254893,1.1419563150992214,1.2742583517961514,1.1598660059735524,0.9092533479991682,0.6502796871530656,1.302871136241762,0.59788722367654,0.28093862042172313,1.0703394701438502,0.8296549626908736,0.0,1.4485907151746664,1.9250019976129906,0.0,0.47651085377866303,0.5815701265468616,0.8357036289197668,0.97723636487719,1.0936754073844663,0.9143930378751932,0.34204864446399574,1.6085094016068808,1.5938349853015046,0.41666651975507496,1.0858909784478759,0.6429465716872538,0.9923778008278324,1.0757407051866943,0.0,1.0158485218246056,0.9017218461574459,0.8628709843483005,1.4994558633452357,0.0,0.6480125014148002,0.0,0.5697160038099671,0.0,0.6378242730580801,0.0,0.0,0.9254062716965774,1.4353786907637152,0.8430331944998077,0.5367546632816781,0.0,0.8361701725079819,1.4813211534321835,0.6730122832520694,0.5232067428235954,1.0059866084747717,1.2117312074564244,1.3087688820057353,4.104360914729065,0.0,0.9585166874126516,0.8713979652696633,1.0095662183002174,1.2796770898608385,0.9956893650610226,1.393830543845196,0.9397542783202923,0.6813354901365523,0.781888805301342,0.9100986539809097,0.8041825509033538,0.355528672273698,0.8564058623762664,1.098803556281785,0.0,0.0,1.144007274772981,0.6201272628272754,1.4252898070811821,0.7109170314557143,1.1843629940941707,1.1783970323143893,0.5540798731739415,1.2528615181186153,0.0,0.8636316135522832,1.293207120824785,0.0,0.5347918226810211,1.11298198181263,1.4037829959701749,1.3102974744853437,1.0553863848575107,0.5402775844282846,2.2053975958536154,0.9794249801277546,1.512585584111688,1.0077000941234708,2.7924100928177342,0.7505869771439739,1.5414064917819759,0.6735022925948515,0.20061590363990595,1.0430229497849033,0.980523720935105,0.8484414200560407,0.7630361450031337,0.43934205170790513,0.6184909199511944,1.149910460527298,1.400448548126482,0.0,0.569182428159726,1.2100153904549087,0.7574928509769967,1.1460081436594274,0.0,1.7619301096143205,1.0421187478377512,1.2119852602033527,1.0459296892029433,0.0,0.6812363182996842,0.7457393656438709,0.8610837249237744,0.6922892239899947,0.8462836843393847,0.8820051670166601,0.8130838455044835,0.8771639812127888,1.174757790606169,1.0978993673635042,0.0,1.177896211672849,0.6542153355266597,0.0,1.5861917316419882,1.0392944576291447,0.0,0.0,0.9593709908911162,0.2644690666161673,1.6595928716924588,0.0,0.7375759230833918,0.6522099380524085,0.9159005245221876,1.0604276397473393,0.8652151724746695,1.296031191541996,0.0,0.0,1.2384072737971081,0.40516517101849037,0.7213788936971335,1.29499356930976,0.0,0.0,1.145684777740396,0.34115218551763593,1.05321031756002,1.2840705153094398,1.0743051837022157,0.9651827955566089,0.6148312226759658,1.9663703701441815,0.0,0.0,1.2659319764616037,1.1458807862979792,1.1418231789745337,1.7656387374598501,0.7374678991714229,0.3719046186674231,0.4938349352393136,1.0190073497600483,0.0,0.9564741301867545,0.335301168030813,0.9132542246527053,0.9750426029635664,1.369786024608738,0.8623278874068013,1.285061384001454,0.0,0.9980871039689012,1.5889142376143028,0.0,0.0,0.4798932370622282,1.0082576464646746,0.393855554962509,1.3423125388406851,0.9538741314370579,0.7245426810179486,1.0152804655223204,0.9877621405804031,1.1338358160493485,0.4662633119929567,0.47867743229144555,0.21984077903340304,1.0502049327564928,0.991140601765456,0.9149395001763608,0.0,0.8858158881475031,1.8980761981181278,0.0,1.036183942971514,0.8042986420734137,0.9317976537844939,0.8312629470721608,0.0,1.239512745577505,1.4192230951200946,1.3378860101523784,0.8006535807017576,0.6888413696085374,1.324043708983403,0.6753244591069529,1.211597528684339,1.1824493364236646,0.2567411711213683,1.3333917688697356,1.433437239861452,0.0,0.9853029840839362,1.0214170085258951,0.616143942946659,0.17125105144303074,1.091734626574374,1.4465418555634333,0.5825767236141964,0.614842711881666,2.01857457652121,0.9095185531056525,0.0,0.0,0.8395509270948165,1.1587381100338685,0.0,0.8176719459993624,0.8735963876890829,1.2027097959924848,1.650052871096828,0.9412598864487584,0.6424352985641014,1.6953441305179906,1.4362270947804874,1.5557988860679914,1.1921266357711953,1.0396252082979656,0.0,1.1634999564096842,0.404076883261128,0.9645976287413589,0.5289633013447653,1.0435682241802517,0.7361414604224172,1.539372945557807,0.0,0.6568384152225079,1.2318692832179479,0.4434800665341507,1.0944787176171051,1.1482306198034284,0.6956061524585588,0.8925111873233132,0.6912123264424268,0.0,1.6755964911653496,0.6940246720441581,2.3151107373972764,1.162878445689717,1.2117813493101732,0.0,0.7053344517028021,0.6743713761555283,0.0,1.5572908482848127,1.050250359997991,1.9873428446101304,0.4208527099117383,1.1252602479866174,1.0241303399388202,1.023610855473326,1.0292942068314135,0.8087610510313916,0.6969537382264763,1.7625186098905332,0.4517320909713029,1.0731021372793763,0.6652308923562523,1.8568336205137812,0.949935328417563,1.6128514238571534,0.8180512030167955,0.0,1.0523479037667864,0.6986805404302654,0.8748712616513883,0.0,0.8569786400084011,0.5082539689182108,1.0015653779774456,0.5028497287712463,0.0,1.1963012970579943,0.0,0.629713733648155,0.87356505327254,1.2454610313143728,0.06054803387438296,0.45449210825522224,0.10196552599703881,1.6355921892727134,0.9932629430508818,0.8541678192894948,0.0,1.0337725676102112,0.9473394507633872,0.9228297086939232,0.856523591589106,0.7246517350733791,0.31845238087224637,0.29680189494429166,2.0134600531903377,0.9029967444589847,0.7736871009869505,0.9677174244899206,1.170980002695269,0.7208544584801381,0.6722434302472426,0.9393492033744448,1.6389956072251297,0.6897806411465245,0.8116208934055016,1.2541467590706814,1.8019051881002333,0.788031028064334,0.985452916353494,0.0,2.9714578673650944,1.0989991263537573,0.0,1.507645266776739,0.7321341290129392,0.0,1.9439617703921241,1.431989354217412,0.5514453572317847,0.7447776335358471,1.101982529858909,0.999952958782522,0.5241325000150064,1.010636880937084,0.8310739942224997,1.4479530012743396,1.008129022894555,1.7724653385932507,0.9347747156886937,1.1245883028719657,0.48518273433984593,0.6810476457696185,0.2575373674939744,0.42734603661081166,0.5872092842363835,1.2803649577222345,0.9559027036688725,0.3230932152993803,1.226368495066964,0.0,0.0,0.0,0.26283180419309926,0.8643040772425228,0.0,1.4262575040706644,1.0402563437368717,0.9277578575981449,0.0,1.1897271638225104,0.43430102580426017,0.9886796450001308,0.8466232912409671,0.643567216009044,1.8605460015997957,1.23940763155806,1.0214933159926338,1.270272711632679,1.0086030991183592,1.096233292123279,0.17748394122875524,0.9832190796991935,1.5175808607559176,1.9594560330218358,0.8363709178557573,0.914196011717379,0.0,0.0,1.1467503987007652,1.0256920862294545,0.7746916105286439,1.5472757468295972,0.584093052151138,0.9667829982717556,3.0750222385849906,1.7538193533525184,1.036250325631808,0.8367904978910847,0.0,1.0355948549366147,0.5411318092244393,0.0,0.10799687132970288,1.1388663424325034,0.5179634774538939,1.0483942935713082,0.8267645938571706,0.8517937119103283,1.451456656467856,0.7088264125859124,1.5851372502380126,1.0875592692199636,1.1393860180171456,1.0159997498212543,0.0,1.339284774671364,1.2391932244767252,0.0,1.2352422605607738,0.905617613274318,1.130561883836686,1.0326875510083648,1.1729133873450819,0.7759140274835616,0.5980854969460611,0.0,0.5241759095413195,0.2575825953030932,1.1691478720990327,0.7272631230017836,0.773388338911282,1.0737514156201369,0.6436219931891227,0.8336840323435292,0.6369995718509476,0.0,1.114564147473739,1.0055671930317753,0.7811726350085836,0.0,1.1921754935713562,0.8574001496502074,0.4599790906324618,1.097716966271205,1.0943312831708076,0.6361001962112942,1.1076111876541679,1.7723978440064494,0.42390109167241835,1.1105852854507985,1.2449768267666503,1.6933635255357644,0.38832233286359397,0.9820319798694341,0.0,0.0,0.8705859563705652,0.9519268684805147,0.8751888444142745,0.939939602783118,0.0
65,1.8371121893698144,1.2299140238242308,2.2232698246648486,0.0,0.802344194960397,0.9428127990575044,0.0,0.594116922393985,0.9446129045490965,0.9175115077432299,0.19462460814662003,0.0,0.0,1.2129822262158758,1.085878374596407,0.3272776885996418,0.3927945632662507,0.9008044030028062,0.696081374264504,0.8458156512901603,1.1525827443120944,0.0,1.2099207103986571,1.7276880739630285,0.6376242292571381,1.2725100566558452,1.1025766839174547,0.8362787493663439,0.0,1.6852422250482189,0.5214698902792391,1.4714812308374798,1.177410414692201,0.5049074783946701,1.1521702842777581,0.5964011217135452,1.0023801110943225,0.0,0.48652711024350925,0.7330094080765621,0.9237810816334477,1.1881870582006748,0.8645831097632887,1.0365554422248269,0.9951097020938517,0.34606541309436245,1.173139409946966,1.3819520683355762,1.6298395723685748,1.239791146271924,0.891403898219554,0.8870894593811405,0.36693437519962474,0.0,0.5209650883027342,0.9264982108415931,1.3977939595604756,1.7008543983326585,1.2218097779218149,0.0,0.17410710752332498,0.7893135139959058,0.0,1.0550887020506985,1.2057386277903313,1.2726804154520965,0.8111446441558485,1.0820576834253945,1.5516979195133846,1.0298178087497654,0.9746260692004024,1.4682198796519905,0.0,1.4882949315686629,0.4451135277374341,1.1665371178992088,1.586180342258185,0.6157690877534088,0.7990358043326424,0.7112966873890112,0.846924518551929,0.8656354890829403,0.7711439491798548,1.144832092516885,0.8540448639999915,0.0,0.5935659856195127,0.0,1.431383197999251,1.3782018250225847,0.3685096503520826,0.7037038129386303,1.1483173091914716,1.2252571903641056,1.092381178974147,1.0086355148589543,1.0528071212001227,0.739655645816007,1.1280560155544983,0.48005372987616185,0.8861490260069879,0.25920628461957496,1.0317755013680654,0.9605803803464497,0.25682471348215985,0.7519998587837042,0.0,1.5845775830760926,1.1249592509256905,0.5040985253953266,1.0319590895880062,0.2611907606704888,0.3894444640422595,0.8948282638978715,1.060928491029617,1.414847338957544,0.742876569105574,1.2454161445195076,2.0004050945383747,0.2127623462027841,1.3482401251218203,1.218053936355017,1.5253192012992856,0.0,0.46122938522652823,0.0,0.9880901945674347,0.745767665596481,0.8267136084443958,1.2337529474485485,0.0,0.9037362906841027,1.711161448520735,0.8204546241170829,0.9874250783554672,0.9546975068333328,0.466370026545307,1.062479680292532,0.5811900447563189,1.4008247038602306,0.23265773388456787,1.2412391302120804,1.086059139732595,1.0376576770422083,0.8317307152422421,0.7875011297109835,1.0225662889275378,0.7159838379369335,1.1632257847618084,0.8554122563152183,0.532186686126918,1.270533108111822,0.6985568948179506,1.1470749351317953,0.0,0.8736893645538684,0.0,1.3526243216498293,0.7391802791755786,0.4204145977135996,1.1234843297537849,0.0,0.6386037416178703,0.9348068022475697,0.8297434837244918,0.0,0.0,0.4367397473587846,0.5924561429437661,1.3513107526720904,0.8644011945082178,0.9524939659266836,0.6814417583094121,0.0,1.4506026694374328,1.0212363075021171,0.0,1.7150019224301658,0.0,0.07738093564990016,0.26243557172295573,0.5477358097598178,0.991832921487919,0.0,1.2842973130645847,1.092809826603069,0.7870694543802951,0.552907146512494,1.1294057963977582,0.9474647456091285,1.138753819386391,0.6854106860842059,1.1289835222049784,1.0396238622484364,0.7709349880090485,0.6650878713464236,0.8674179147156289,1.0713584920161856,0.934438545630521,0.8809226722612983,0.0,0.45775899991089697,0.0,1.559372638357462,1.2535141884905592,1.258778179840123,1.2300114565051163,0.5320811702899038,0.0,0.8487549026795735,0.8767586147983393,0.8501052461731008,1.336531227518482,1.5041701617143393,0.0,0.7401863572582486,1.5066450473390363,0.5281843239657212,0.8764201858831424,1.1858884029804058,0.5229818705591588,0.9528692675207163,1.2915212572107824,0.508199599780668,0.7214218097037232,0.6324559328784586,0.8262652433862251,1.090749451963784,0.0,0.5458520906073424,1.039731115313078,0.5676447757777112,0.6973323475258869,2.874999173124052,1.1447691370322821,0.7328116499556473,0.0,0.470767295496341,0.0,1.05225737392577,0.9927809473454133,1.083513552072207,0.8757956829525112,0.8764099391256098,0.0,1.4416761379713001,0.7050267322237969,0.6986392653776503,1.2566183039191183,1.0204706018691072,1.0367588010455207,0.8592944251251322,0.48583903809227647,1.0111566879064087,1.223991514726431,0.5944132972073832,1.1446996828004663,1.1473129901727974,0.4473892322102122,0.795587789162518,0.6115245620554862,1.2729988495064268,1.6195925273294713,0.9971860559373271,0.0,1.0694680726470764,0.5191053696009219,2.458291963590497,1.8535762646855725,1.1296101271545018,1.14309116576215,0.7569604780454551,0.7718584349409043,1.6751463184550675,1.1868435539493445,0.0,0.0,0.8092472898562612,1.389997048806604,0.839810551637222,0.5593006603432007,2.305077748469272,0.8356714596064297,1.2985100699248853,0.9159614816819058,0.0,0.0,1.8279888114645289,1.7550672311603006,0.0,0.5117493271016061,1.023809815282796,0.8867156407812108,1.213057405514963,1.1934583930717415,0.5729016964209843,0.7524043673080354,0.0,0.7920149918295117,0.7577879202779958,1.0396107827125305,0.0,1.453425978399921,0.3916586771613414,1.234087630970238,0.7604769588508424,1.6102673814350474,0.4851665582009079,1.0710370181375446,0.46551005391984146,0.0,0.40059863544918894,0.39401473679678317,0.6867625252994218,0.8682193213961467,0.7810997163653504,0.0,1.266114498419682,0.0,0.7049997717588709,0.7217540317177147,1.5276764852322837,1.8543251833305376,0.0,0.5550250397414711,0.0,1.0316645198365268,0.0,0.6487575324341577,0.8436137162022943,0.6019123060688485,0.9778686739276778,0.0,1.0612281237037773,1.060139819104771,0.5526063799979145,1.039526482444551,0.6118372028072705,0.4823602766156781,0.9835135587885279,0.0,0.0,0.8903573420930619,0.7361110776683777,2.8238672642879976,0.5654810399202,0.8937205662619228,1.0352324373923603,0.9812704709110959,1.0736146012365095,0.806524669791655,1.130308273890766,0.6391638493658961,1.4022098945901122,0.8505256122459588,1.0112541336578504,0.9792588104983019,1.3233612391573868,0.10077517401305601,1.2337653947232392,0.5411864378272209,0.5749340942581844,0.0,0.34886584825319356,2.4916663213070107,0.3208256742966157,0.69722200041127,1.2909307865839996,0.6229801415828594,0.3381780593131172,0.5818547693876173,0.0,1.0076966098807012,1.3693629600181636,1.2050638301734995,1.2636575558552585,1.9138998935044351,0.7205399919575267,1.5228508878570381,0.9576076981014334,0.8526204098675312,1.3503927272294716,0.9675067601047809,0.8542235453450377,0.0,0.0,0.8505874654666936,0.0,0.0,1.1352414868824159,0.1716998053453343,0.7690175444977828,1.0783216271267648,0.0,1.0452135255807207,1.1042516962453597,0.0,0.0,0.0,0.0,1.1368594626165516,2.1892873783917057,1.181642444789411,0.7268799796444161,1.070561844849796,1.5822170176398798,0.5128317833762728,1.0377364928648851,0.9336759567784514,0.6131941743974676,1.6486840606272128,1.653131368073045,1.6537036504738707,1.0589283785508679,1.4174721458048198,0.4831420367028316,0.6148250315912536,0.8321189426905683,0.4199878330346578,0.0,0.0,0.8448023942464681,0.9207538828404447,1.4529186511311374,1.174039375217001,0.7009989873409992,0.8827344836348485,0.9576689133965663,1.018963857420099,1.2912486069138478,0.0,0.5814395094807746,1.2746388493687504,0.08736241394581308,0.0,0.8600127490195235,0.0,0.0,1.1670099824302749,3.2260167585230297,0.9042284976911025,1.6517600348843458,0.7136178018306871,0.9328439353788919,1.36800968052851,0.0,0.0,0.41856984246491374,1.0637550183939743,0.0,0.7705141808844891,0.7843069279844128,1.0813526899621608,0.6479772379449731,0.370732419463003,1.1199204000315908,0.9481751912622747,1.5404039497532607,0.5990245482095826,0.8767785758945386,2.1544648747899444,0.5415434718082743,0.13022270869140712,0.1657050665283643,1.514156465234191,1.6424098702221936,0.7793673549604077,0.971909752311115,0.0,0.5741426892884501,0.68265744290325,0.0,1.0084882643821147,1.1777948191913796,0.6602220000780262,1.1177423161372162,1.1374724834957406,1.428785451718089,0.7116755388138714,0.9206134324333737,1.5186845459341471,1.612094402070272,0.0,0.6836840407852681,0.0,0.43508726425999555,0.7741533623070861,0.7923318148336039,1.3560727372771553,1.0129925937882562,0.9417913924133219,0.6934569204001664,0.9950869725136746,1.389378266933059,0.7691501004256027,0.8273483850515606,0.587092359860397,0.5628720087973531,1.121431014064746,0.8274162105465631,1.2789296993439598,0.6921021204983829,1.4093015188797144,0.9101659009438164,1.0989055244752193,0.9336278869809116,0.8399303872215043,0.9007479046768565,1.3203915228977374,0.0,1.1241758099947552,0.8097465310315881,0.0,0.0,0.26229076980786176,0.7141611591522035,1.1672815785540167,0.4941277713405167,1.1588548229767501,0.1677559452359333,1.1981329416589714,1.3461071332197958,0.83382669726623,1.2572555340996983,1.663385850670478,0.5436445875231781,1.1142861807589766,0.47267460455787363,0.9542039862756808,0.9442219234535124,0.863251599123244,0.9848512947241821,1.0927992544076963,1.1860101085878265,1.1830987285227157,0.8953088537963206,0.7541550311653804,1.1042180021811343,0.6356127332087225,0.21311355196728368,1.132188562245155,1.0459550697982178,0.0,1.2172316142261859,1.5494638884045444,0.0,0.48166013313248385,0.7820121980546585,0.8432044165009263,1.051115579030106,1.0386923950275364,0.7731929484208628,0.3318064420615579,1.6571201867064227,1.268041464565636,0.10416662993876874,1.030815869014313,1.2514495535250205,1.0152616920663162,1.264957532029837,0.0,0.5717528702329879,0.8938614557868815,0.967032083619181,1.2414186130144318,0.0,0.669934035188506,0.0,0.49853388088289136,0.0,0.7919558919888393,0.0,0.0,0.8978771464568222,1.7134198456627698,0.7731815026481039,0.6272009982480669,0.0,0.9919693624224123,1.391773150258709,0.6516568517382691,0.3488044734154548,0.940733930703634,0.9227876248181439,1.2065072742049345,2.602449672867478,0.0,1.110218439853716,0.8844850923383616,1.0450273200324136,1.106858960183533,0.6650077744602974,1.1314961769700662,1.0358573977502146,0.5810502795664986,0.7589208202069637,1.1140808905268458,0.8257459684510129,0.3300809027369247,0.9303065164097619,1.026328468952819,0.0,0.0,1.2997295872019627,0.6012499311905936,1.5245456971873632,0.6319390903117205,1.0430627479900685,1.1980851225152005,0.5816200236726442,1.1884967928057573,0.0,0.6956857026565498,1.0403227472948926,0.0,0.6221458308886448,1.1106562904511423,1.0039021577524183,1.2399322492391573,0.9465953354906754,0.4052081207865491,2.4194129219885276,0.9545864421182547,1.1707883265397494,0.9964823411190505,2.2846991668508734,0.635440105011799,1.785243824291387,0.6054403112756332,0.24895898145092782,1.4290613295400962,1.0612685045000005,0.8123276750069719,0.5781059871730994,0.4961659014004802,0.6958653939678585,1.5332139473697306,1.389474163679358,0.0,0.3551040366465251,1.2007998750249438,0.719259844509529,1.204225140776319,0.0,1.740264462717147,0.9943458837921284,1.2408770713808779,0.8794019089983569,0.0,0.6266088775600538,1.0050043826419381,0.8886563437012213,0.8162734946623604,0.8794665797241744,0.9386719090860537,0.69433971048373,1.0041741509051192,1.08174508823322,1.1667146081283915,0.0,1.5516517386887356,0.7312442359258668,0.0,2.1171610914661008,1.1066973306840584,0.0,0.0,0.8600838756003549,0.2505146657496817,1.8577711036388507,0.49999950000050003,0.8362595179421284,0.5625069883398672,0.9828895956853554,0.910598991582688,1.0138694310520402,1.343675962911869,0.0,0.0,1.3619404267133008,0.3967954973112691,0.890776881117165,1.378984521530113,0.0,0.0,1.1234360080819827,0.38020594650074996,1.2149679123656378,1.1346033411437753,1.4874994469851397,0.9569883432770157,0.64771743632847,1.5960539383276715,0.0,0.0,1.1271382599310864,1.0660879838072326,1.179458731112197,1.7483575028661928,0.5131667753108051,0.4825625670743983,0.5186874086683143,0.9879474994431705,0.0,1.0108504479509033,0.3820224530936713,0.7919715799115056,0.9070061312861559,1.264006387208294,0.5180437526598507,1.5849045701208164,0.0,0.9213957653525342,1.4747756593489691,0.0,0.0,0.3979071395291037,0.9267943469731308,0.4619293527247349,1.3902742082586528,0.6774694037031448,0.7045038488775536,0.9547347178763469,1.0689407024437976,1.0621188973637805,0.7632185046533,0.2419871929026855,0.3923245519597587,0.8465874512615029,1.238505429136528,0.9935516852950983,0.0,1.0652603605998645,1.5823357221498477,0.0,0.5828534679214766,0.7561715455179238,0.7954802852899006,1.0505378136343255,0.0,1.0576170239133589,1.2604143475209548,1.9769461350711919,1.2561288648475744,0.7310308593995678,1.2872647166415145,0.9831240999066788,1.140262776955609,1.2575254820122532,0.2787434078860792,1.2479525616460654,1.1567613879666352,0.0,0.901335611609285,0.8866423569482833,0.8060791923629352,0.325376996029248,1.2442914251665123,1.4776947574684773,0.6840489296086469,0.54426433558941,2.332687850505509,0.511805060365554,0.0,0.0,0.6721131796449389,1.156550948081887,0.0,0.9735018400299184,0.853487390823914,1.0608717496439446,1.7697741235830855,1.2184576415838066,0.6466512959765588,1.1836983403011505,1.1122674095227851,1.2147776245376527,1.0386665008857445,0.7442318255683548,0.0,1.3012842903246742,0.36092303770299483,0.9029906610683784,2.1158532053790613,0.9455163582931697,0.7520871941475378,1.3496267839621598,0.0,0.695857129430234,1.4017381767597077,0.5330509812190689,0.583910036307473,1.2391763342598616,0.7065825492792227,0.7974941056854439,0.9093280091930007,0.0,1.341418537295102,0.6589212117452542,1.8151468066824816,1.220351608145776,1.2657625564181172,0.0,0.4730902014228381,0.6966718224557997,0.0,1.0381938988565418,1.097202235987165,2.12193969979122,0.3721387873418144,1.3736701135463552,1.1018003452419776,1.4501153181657553,1.3272328181761428,0.9362219649839977,0.7691878825669339,1.971249719178895,0.21387489714143476,1.0901273889235328,0.9107130169551336,2.0682942825294877,1.0015252348975778,1.941210784215882,0.6903454967193341,0.0,0.9192007598601522,0.7240578675996946,0.7703214002509381,0.0,0.6112125266301228,0.5481525471610839,0.9500470080162369,0.47784425521458107,0.0,1.1543870860928622,0.5089722550429427,0.5902011958055111,0.939421387236388,1.256232930977599,0.0,0.9439451411914376,0.26599701894306066,2.0197084901000064,1.08188682099189,1.1398915467711186,0.0,1.146580714629663,1.253501606319518,1.0347392851753971,0.6008097236350461,0.883264391073242,0.47767857130836955,0.29895286032338425,3.0201900797855066,1.3140840954724577,1.5842815277537137,0.8639153445917198,1.1920786750723158,0.7219435883929779,0.747372634470091,0.805026613977814,1.7084046019055905,1.0346709617197867,0.973860912193281,1.3299832849606403,1.5587763839862452,1.4347528359686559,0.9272638794025271,0.0,2.427763254978583,1.1675110127800044,0.0,1.6138124961317202,0.6475280857090038,0.0,1.4077034170832559,1.6358750259303025,0.5936473560017522,0.5989698786364266,1.1544689707805005,0.96733882022721,0.5068052758416026,0.847984247181768,0.666618977784746,1.0566344812490815,1.1083622458915519,1.9153527243265636,0.9726484891607168,1.1750637949480922,0.5335656709465794,0.4787345246678534,0.6577643563896693,0.5511013098513207,0.5463435464817759,1.2348247427775014,0.7882624610047458,0.3230932152993803,1.2596799795031668,0.0,0.0,0.0,0.6570794776287808,0.6948419422446114,0.0,1.525769222543458,1.2619226076588765,1.101261868982063,0.0,1.2272066353081614,0.4343010258042602,0.9185499664176205,0.8070323735938844,0.7079900115466995,1.6724036193370053,1.2486569369001321,0.9977910024948292,1.0951338499874455,1.1318931016955656,1.1877040272283002,0.3549678824575105,1.0244629619876635,1.3634766588255225,1.1483323797678588,0.7854302608568946,0.8623636274071922,0.0,0.0,0.9481416080961307,1.0955621198006524,0.8184974437756571,1.4822998896673152,0.5110814206322458,0.9867831565311316,3.913972177679891,1.9143820420301925,1.4829893522869093,0.7496639869667172,0.0,1.0238547855884523,0.7655410562202722,0.0,0.0,1.2331479692875085,0.6236784549234089,0.979126749790747,0.757049729832296,0.8491937552620977,1.3661117520372161,0.854520988465167,1.8272170942720902,0.9237878786317496,1.321957742559036,1.0513143929087967,0.0,1.3903901620505372,1.1914724389568208,0.0,1.10049324356283,1.0067435841573686,1.1380651717975412,0.886478865461453,1.3019460639651608,0.8406655038063419,0.7700903237073796,0.0,0.5690011969837818,0.0,1.4059977601343276,0.9397293746100503,0.8509108112180146,0.8888770166028213,0.7355420881839144,0.7866749230598262,0.6866368664697203,0.1733519453135524,1.1610710406985094,0.752950624798313,0.7872728619796896,0.0,1.3523112381688331,0.9018353032553837,0.6808806280827345,1.039634141389759,1.3028911786059498,0.689436344809056,0.9626125109741057,2.1134712646436467,0.8124770982596493,1.117498914282442,1.0682977735885748,1.3287159084872204,0.48750602336123505,1.2615885249068874,0.0,0.0,0.7570312609630729,1.055846484161293,0.7383838219100587,0.9993015024202988,0.0
66,1.3093802433783033,1.1195350430937474,2.0152801580419117,0.0,0.9655201560731341,1.3280563728786603,0.0,0.5280644455794739,0.8502811054234796,0.7994168560382195,0.16139601419625013,0.0,0.0,1.0940253821008306,0.5901512765895813,0.2916776810200504,0.6074897198067356,1.0334842251930563,0.7636201289648772,0.8124041850611955,1.3855748603345188,0.0,1.1700628659698973,1.7822992542627452,0.8669136632365595,0.8802587375577882,1.1585880575912453,0.9426559523808994,0.0,1.5870434983355732,0.8940514076484184,1.826666320528789,1.1068750383847132,0.5892634193743651,0.8794917145800755,0.612982392618196,0.8610976910858937,0.0,0.6330072162088914,0.8232632968243457,1.0616961453385858,1.0957313232051469,0.43229155488164434,0.8888717455980295,0.9682226047185368,0.30109447427474695,1.105402779319046,1.3596816852918048,2.0901086326141147,1.1577198108675424,0.6072483541295257,0.6757228776395093,0.36258337030632604,0.0,0.7814476324541014,0.8380686754862867,1.095737633928031,1.564786055310487,1.2583058927697817,0.0,0.5357141615415548,0.9879924721771178,0.0,1.5474837976425908,1.3279435190342628,1.2798840256509147,0.7619843691472474,1.0045124122506306,1.728821160882771,1.1660583056851799,0.6516597495171309,1.3134979636542177,0.0,1.405072654519712,0.5064707630063758,1.118880731513027,1.6402335053718424,0.6722823840278785,0.8654369458972079,0.7672434141246589,1.1452218534830032,0.9816705363794137,0.8081213133674052,1.4370880259254204,0.9187674989851924,0.0,0.6626317837139326,0.0,1.517064634359168,1.3418273680519381,0.4289530249653817,0.37451356163472527,0.9275962856305169,1.198003933579033,0.9177558509295134,0.9305059625383251,0.7491081624248228,0.960489736765805,1.095424353638783,0.5236949812206306,0.9094695961034659,1.5552377077174497,0.9174097946853441,0.902223490945754,0.2038291354194859,0.8192218224204227,0.0,1.4399019639304627,1.18445273442442,0.7560969451308515,1.172372329045805,1.0447630426819552,0.09736111601056488,0.7264176211453852,1.221519014333487,1.561525669767855,0.663297492189011,1.0517781752276494,1.97364281943611,0.21092592578343605,1.3152782005971044,1.3573529410515017,1.5230611001592191,0.0,0.4447563691189175,0.0,1.0000105922542284,0.8043215790797027,0.8711422088532195,1.5167330949613778,0.0,0.9501025814892975,1.4722915844796831,1.2306819361756245,1.071442381018297,0.870281643096227,0.5819505292149632,0.9306762511052662,0.34812974892993226,1.2647971650814533,0.4782409024559449,1.2884868319476066,1.0667659956755582,0.9989650457806099,0.8451457256965514,0.8206842374093646,1.081094294798802,0.9126408206997747,1.1308807085892079,1.1458434593624727,0.5744396863981819,1.2432056932761677,0.6366824039155741,1.2912748866525072,0.0,1.0711344308269357,0.0,1.4219409795779532,0.7189683207887778,0.4752780851814579,1.1742695960995573,0.0,0.5495116488556963,0.7042533714310498,0.7194625293727598,0.0,0.0,0.34772399556543143,0.7028515711811021,1.503410887826029,0.9784520468798645,1.0527923650300113,0.8305572481713133,0.0,1.3738082379092595,0.8541778933300912,0.0,1.2564668372380907,0.0,0.0,0.18703346407485927,0.5738154938735631,1.1383826388388236,0.0,1.3978840902721354,1.1492837620633496,0.4246992237407533,0.5779535382109646,1.4484676043600224,1.034407633812467,1.4480349770969978,0.8258882414425525,1.0535943534860013,1.0402290659586317,0.5849030671398181,0.6847941773683163,1.4335478215931983,1.0302055915893453,1.0114313932995795,0.9269275738102045,0.0,0.5330483062160551,0.0,1.5794997573507543,1.1520774208051696,0.8935627203627547,1.2121105226303512,0.4427019136374545,0.0,0.4189425268379554,0.9163178386160282,0.85755222372333,1.2016019306111974,1.4176459500705914,0.0,0.7643994461109285,1.3513230385793928,0.5021223808272895,0.8209001345552622,1.2252616674078372,0.7844728058387381,0.8049462324307481,1.122892302041027,0.5089549892530538,0.6654915236376546,0.9486838993176879,0.8147806185782778,0.8711354776735478,0.0,0.650192829201876,1.6773940738177566,0.631874249730529,1.0607547356291256,2.6867551619214227,1.1103013200083618,0.7747112487875274,0.0,0.49036867464415546,0.0,0.8481591507228319,1.067512513883511,1.1180595184296918,0.9246214954807087,0.7518506727730669,0.0,1.7412844277317228,0.7143052292536701,0.8817750871044765,1.2243961834653947,1.0081907063442814,0.9030291060572794,0.8300033292401912,0.6031105265794328,1.137393246064091,1.3080785499402643,0.6067574199803129,0.9728595359069041,1.0360886331211767,1.0439082084904951,0.837512050092927,0.5858003730579748,1.5164053382948688,1.1171559105032935,1.0706074426739942,0.0,1.031688415440401,0.49809606984453336,1.6794271770223395,1.8051505773136927,1.0160636074833975,1.3896218911684044,0.8182743148622453,0.6210582898933753,1.2261497460900512,1.3268045817412126,0.0,0.0,0.7863015410844664,1.3452815356380448,1.1397755684691866,0.8731294956636042,2.1040669656044217,0.922114935182262,0.8572195408965602,0.8529891303887506,0.0,0.0,1.9510325921303742,1.2712953186218867,0.0,0.4702283670379205,0.9966252455305369,0.6484568687484609,1.0603538128037373,1.1531300194806433,0.6573791200832444,0.661998706765599,0.0,0.6211692913896675,1.1342078511827705,0.9394761328346307,0.0,1.3268227115366773,0.1865161175854959,1.2421731702161658,0.7798943471219315,1.2652100847559997,0.5514422913978068,0.9613028608074106,0.8792966811603236,0.0,0.41809918019480674,0.3890166581434197,0.7763215466087475,0.8557093682988899,0.7246369565822879,0.0,1.1514385711328652,0.0,0.7595600171218457,0.8781795635301621,1.8346682946776849,1.938612572895031,0.0,0.5950747595965318,0.0,0.927297537188186,0.0,0.7006996564463639,0.8593595366850268,0.539514911940366,0.9338145416051089,0.0,0.7911181060525945,0.9354391546512151,0.40419074907359354,1.017524505852779,1.1377258491675863,0.49467293189179784,1.082877266438195,0.0,0.0,1.0098951761339963,1.1041666165025665,3.902158976526974,0.4419851808140582,0.8275716507123643,0.8900473955735864,0.9664598808324766,1.1034458061920782,0.8420509072996132,1.3971531142374047,0.6162882289110312,1.419517556955165,1.7010512244919178,1.2383944630700656,1.0116470935914221,1.2945689860627105,0.5710592970128417,1.164302296691619,0.6565177712233778,0.7216745951018565,0.0,0.5232987723797903,3.578449106046965,0.4273005665495425,1.045833000616905,1.224958263627236,0.8809583496307699,0.4256343575529884,1.0593653986912903,0.0,1.0925366775128231,1.300095703011289,1.3635125065088747,1.1240018046717992,1.5557551554699045,0.2549603121627605,1.7128242542483658,1.081813540401897,0.6264150017518159,1.4611208445192396,0.7354098197128984,0.8388757815112411,0.0,0.0,0.7728920103275645,0.0,0.0,1.207543840117292,0.1784258488488628,0.8767332843018139,1.1678646097239893,0.0,1.091482369825407,1.0827932359396393,0.0,0.0,0.0,0.0,1.2209021510932656,1.8338054408178328,1.5030543472022102,0.5854427420884116,1.095738474793156,1.536165237294193,0.42803704427515143,1.0841858212320599,0.9072411151214396,0.7664927116093965,1.6954694228712692,2.032256736714846,1.7711442792867194,1.0247796807435943,1.3795106576085496,0.7005705847590514,0.828491947953083,0.9996204588926527,0.2669081566739282,0.0,0.0,0.8853373512084661,1.09757686188184,1.6576414561296373,1.2516174050571611,0.743377497908397,1.1282167109820491,0.7172650176232971,0.8807670034031232,1.2130332935942818,0.0,0.6789562931159611,1.9365261500643869,0.0,0.0,0.2986155358632313,0.0,0.0,1.420502855620828,3.2563872995397896,1.2560960028880936,1.746560400909749,0.47085069576531896,1.074312093615922,1.3579950294894703,0.0,0.0,0.41107373335419106,0.8778158215824142,0.0,1.0263938861154107,0.7249665379319845,0.8892459860030777,0.5535583090807509,0.27598313174534456,0.9977983120252154,0.8121510703226613,1.4325927148403088,0.6880510026063964,0.9591019222468653,1.9089284526003314,0.4665480254623736,0.24125469713533695,0.1739903194405199,1.5677150661658996,2.2042213515926834,1.3855419162649727,0.24297743807777875,0.0,0.6549911512260157,0.4982242284840429,0.0,0.731956352135331,1.3168315641078734,0.7061559467268113,0.995372517190088,0.9726897880399538,1.5793780328283267,0.9602351786987335,0.9151542717064154,1.5976825926125133,1.4283676060193424,0.0,0.854605043859878,0.0,0.3449528641514612,1.0322048271440463,0.8415226235256277,1.15416391463163,1.2594235317850766,1.0042357876882693,0.8460590813467221,0.9375355289328069,1.1859086666673486,0.8998812003742455,0.9452301404106573,0.6559414868749733,0.5337174336025663,1.1109605698491147,0.8413826277655951,1.2899501470879609,0.5839561665184207,1.39338135799169,0.7437487395131543,1.163547025914938,0.9273966942775529,0.9726312547174925,0.7630718571116555,1.3312049739810359,0.0,1.3098604369187967,0.802400084514308,0.0,0.0,1.049163079231447,1.054251726729408,1.2467249173552806,0.4001346484432109,0.6101135978048086,0.9226576568586677,1.076001897170337,1.2399347470087778,1.01889739095986,0.9392239850122163,1.6595090703896427,0.6654959531548157,0.9076043419692055,0.3481663190196863,1.0927400410164023,0.9598769933908907,0.9977171698527826,1.0326301472600856,0.7011633367474308,1.3492158179338902,1.2101411857320523,0.9614820804810769,0.925697683988737,1.0197206841174835,0.6891731918699073,0.3373311892056047,1.0863837132458696,1.166921368241923,0.0,1.3081154641990955,1.3706897854106312,0.0,0.34523315437826385,0.6708841489260151,0.7348470262862292,1.0686941182427483,0.9458533706585819,0.8819757868299812,0.47493046833569963,1.348991120882123,0.9695077280895742,0.0,0.8890064472423219,1.6762535170676074,0.851076425867535,1.3756681345428983,0.0,0.8046190967185116,0.7558323476840246,0.9926437312570644,0.9828271897915695,0.0,0.8176110461483569,0.0,0.5347597329387546,0.0,0.8490179137824156,0.0,0.0,0.860500391982,1.7027845479078,0.8659528824605518,0.7165187318609304,0.0,1.0717215610818966,1.1076466231710764,0.7247499714177825,1.0464133984460888,1.034220039897325,0.8503583002993007,1.0243219594941595,1.165276065233101,0.0,1.1957738940391152,0.848915601677435,1.1802490365563891,1.1459487744948194,0.6550667017046399,0.9479795538662286,1.1957434141627958,0.5271902647708631,0.7593232623717421,1.258933305957998,0.955260949050136,0.3959715950021655,1.1261857806933162,0.90582118555477,0.0,0.0,1.1213233071108024,0.37491794958283214,1.3722584330265237,0.7871951047178585,0.9301995010932114,1.0954749801223556,0.5209738955661658,0.9699436100408618,0.0,0.6585386429569554,0.7114654128393276,0.0,0.5613934815034056,1.127122171884693,0.9412670887821424,1.322326988838209,0.9555066522634955,1.6208323480768678,2.6288882693125784,1.020102498919067,0.9818954624651354,1.0138638879326054,0.8884941204420063,0.5149623592372601,2.073021782190368,0.8090342722726875,0.3433224645512734,1.6940131377432082,1.2381943303775822,0.85172984729761,0.43214990345477194,0.7130459360403065,0.6404053861910409,1.0221426315798205,1.39966003621746,0.0,0.3541364484280277,1.2063523775463616,0.6944237799008032,1.1211601499485897,0.0,1.6485695674732768,1.1443827262543862,1.2221342394951122,0.6295993329412373,0.0,0.46103060548828007,1.2720559783447387,0.8964577909937854,0.8141414312322314,0.9573293051783215,1.0021523869426732,0.7323990594128367,1.0756173728454552,0.9542508965324954,1.1169746621023853,0.0,1.6564165454823443,0.912371037508293,0.0,1.926337827914898,1.1708740777936713,0.0,0.0,0.7067503041757368,0.3109837221059736,1.6309523324146102,1.9999980000020001,0.849942074656511,0.4108756338325862,0.9592154467026937,1.1288667234528678,1.0082268715002667,1.4467462836395046,0.0,0.0,1.3231261915669355,0.5825798592579607,1.0217279513106363,1.4225515669197608,0.0,0.0,0.8763028118063266,0.5983688189971615,1.3303124575460186,0.9648117635086311,0.9916662979900931,0.9934014216384256,0.90963256876615,1.060472037355842,0.0,0.0,1.0201202146504262,1.3190217624164045,1.0870067233457401,1.579789893854281,0.5151940571781423,0.6213715078065384,0.6981633355396425,0.8845984353908334,0.0,0.8723521155684886,0.4170765814702665,0.6985249887028349,0.8737576415779161,1.2670822013147502,0.3518818343256198,1.459875823297711,0.0,1.0570275650913468,1.2755010508597842,0.0,0.0,0.4420813589563636,0.7597913470720563,0.5834897069135128,1.6076833618844293,0.5039896410774747,0.7363951229386124,0.766162678711285,1.0930850018191955,1.0653831352147871,0.9300476799771726,0.05073925003032875,0.47652986999726155,0.7791928512530668,1.3237639486868313,0.9540120521755,0.0,1.1507957549634134,1.331996036307799,0.0,0.12952299287143926,0.6440287445277308,0.7158629591281745,1.371067616830869,0.0,0.9223715149239899,1.0376190064384212,2.3560477079421114,1.575268726230801,0.7499175325215739,0.6904419840258303,1.3567935863105407,0.9906042627493157,1.6438548277823468,0.32570087670846337,1.1445406572022792,0.7261134687353559,0.0,0.7314592907441457,0.7954794094547821,1.057291562346303,0.44525272690183837,1.895382068136777,1.6045118506261895,0.8376934281847611,0.46787718602337003,1.9150082509300805,0.3599508131689779,0.0,0.0,0.5760884599891946,1.168779539914008,0.0,0.9257313310800576,0.7488105330622065,0.9328864988109695,1.6452858088638473,1.3620237228361538,0.6621426150106491,0.740458267264908,0.8817116881407059,0.9706889170219297,1.022558474784281,0.5567696207966927,0.0,1.2791126032300486,0.34523072915738023,0.8151173915763423,3.1737798080685917,0.9160916886838331,0.9030321552958609,1.0710911059666024,0.0,0.7002994430490436,1.4938098576037397,0.698432655113273,0.21156160760051373,1.2255653996355584,0.6590274101399458,0.5676907571099911,1.0681524274098424,0.0,0.5403327993352921,0.58830935490352,1.3095030414861084,1.4305603395102122,1.296538429063534,0.0,0.5160984132816935,0.7671463716578943,0.0,0.25954847471413545,1.1628447520829335,2.0311887990973707,0.4914767792883564,1.387697934247383,1.2792594603581096,1.9619206179511024,1.8425183725599414,1.0766471547143088,0.735227562088354,1.9312058366073952,0.043443338429638385,1.0632720561039664,1.3472853505686455,1.5404553473919915,1.0465289991176672,2.132668630011447,0.6440185587539404,0.0,0.905163453360152,0.8845450580864803,1.0065623397449137,0.0,0.5429685838252223,0.686201755728397,0.9099480746471426,0.9556885076460193,0.0,1.1088472241536849,2.035889020171771,0.6760885752839283,1.1273339903769974,1.1807639278822348,0.0,0.9789060658724308,0.398995528414591,3.0162868328092216,1.2019600538350732,1.5337074446053511,0.0,0.9799380948275878,0.9385232593977575,1.2174833353176577,0.41858480136866577,1.1764566999540227,0.31845238087224637,0.35296392059394344,2.0134600531903377,1.620184315735163,2.318327403329975,0.7276076916967029,1.2121211477934695,0.7514837923581579,0.8079372678551094,0.6762858141570016,1.673838836330765,0.6897806411465245,1.1189207989473644,1.3564557664270551,1.4909932884367028,1.7410947515447002,0.8797332807167999,0.0,2.0563613351195142,1.2459700479731048,0.0,1.7830374643011693,0.4984443186242374,0.0,1.0876166558243818,1.775188037328924,0.7447725971981454,0.5728233497354146,0.9089874559963413,0.8328478949634994,0.546652052782132,0.6500144596337563,0.6388949816898013,0.9476112664817371,0.9959136505139732,1.3015944973081954,1.0195849805323345,0.9529954808736,0.3757102308575427,0.3685398753148603,0.9995233997573869,0.5378596116230925,0.47681418007991705,1.2854476993705086,0.7520076854317178,0.23047315995969733,1.3303182597452718,0.0,0.0,0.0,1.108821628765432,0.5271735596008568,0.0,1.33632978641959,1.6218060525715425,1.153980526365024,0.0,1.3524032157091723,0.5211612309651122,0.8260102803368259,0.8123144181808339,0.5815347654103254,1.2714812605203332,1.259837421926909,0.7826133038435724,1.1411993185419183,1.0338721820955374,1.0699234542854699,0.5808565345637694,1.0030780741439203,1.3267963475011615,0.7290999492192045,0.697342547709853,0.8371917511289131,0.0,0.0,0.5944212515050865,1.0452556968591025,0.8379074636210966,1.4467489159198341,0.292046526075569,0.9227466841964027,3.0432233088421077,2.1327229439446183,1.4991087998884165,0.5540994615419035,0.0,1.013717465232058,0.7840183672054334,0.0,0.0,1.3145131342206402,0.7537111954189606,0.941053315573631,0.837461545045132,0.9110447696203561,1.3729777465366944,1.0707244320342115,1.4692667721768196,0.8306981752871551,1.4198143582311218,1.0541813495409516,0.5176719018761329,1.0830485140542319,0.9927039321166121,0.0,1.0449637912984096,1.0946216215147202,0.9679583363380971,0.6673719172259949,1.3597380542379673,0.8441617049933265,1.029589541473327,0.0,0.551486403142398,0.0,1.6564065107729,0.9974049982531696,1.068385938113857,0.8048645161418255,0.8532205293248922,0.7843294026773296,0.8502870549611894,0.6934077812542097,1.130936033803709,0.6293259836553119,0.8125671719831108,0.0,1.343751282334342,1.1126285723227598,0.8956966564134926,1.1268699474712374,1.4921589743047239,0.8139646274346468,0.911337935366496,2.633355529357507,1.2187156650520166,1.0145832134853188,1.2336764011291041,0.5944255334066247,0.7634986437176917,1.0342568232933946,0.0,0.0,0.6224479199609576,1.1717259487356302,0.7215679807279166,1.0860598352399358,0.0
67,0.7641368062125152,1.1016663079591003,1.9679149594261576,0.0,0.9934703912464397,1.1580283964429365,0.0,0.538163795181655,0.7406771050302198,0.8705535342397327,0.2770631580622205,0.0,0.0,0.9643337343061129,0.23901126901054026,0.45227880495300843,1.2003411204138157,1.0477577564831786,0.6744784309868362,0.9517239994936768,0.9995347932413107,0.0,1.351874722955393,1.839155643632608,0.9049181197197957,0.4893829542797883,1.3058094198597434,0.7103022911010227,0.0,1.3711348125416885,1.2318712101297642,1.9281477602289572,1.0847469012526834,0.6868107487674417,0.7148172188176947,0.6905202410182405,0.7517927835122835,0.0,0.650732719815648,0.9651197356881981,1.1757644637930356,0.9682290397750356,0.08645831097632886,0.7599974236729907,0.7612049273901471,0.3131690986174852,0.9813571810131714,1.3238675604342744,2.046420826830954,1.0978597687172718,0.3482781450178697,0.5056849486269323,0.554752549926152,0.0,0.5209650883027342,0.915761028269862,1.016983726592662,1.258632253745655,1.209639883126208,0.0,1.0714283230831096,1.139370626744609,0.0,1.8302544706207582,1.225820560460054,1.2236450159013181,0.6136841890804715,1.0056417122837962,1.2942596954993242,1.353818313659665,0.5431556731769057,1.2465396732909428,0.0,1.1819481223724035,0.5724184478764325,1.1716316539502103,1.0624239793065375,0.5504961657316345,0.9454038568531612,0.8870109199189188,1.5326015650499096,1.0442901643330031,0.9235004113375425,1.4612259832958843,0.9516584070336239,0.0,0.6847112910854164,0.0,1.4115195721930833,1.215374247600029,0.5147436195920947,0.5486504454772154,0.708733210386098,1.1010084418645398,0.9297852198600411,0.8159173937272145,0.760277805581115,1.12031499384535,1.0628193324679773,0.43641248725994175,0.8406545122228171,3.628887984674049,0.696072178195908,0.8020793517102014,0.3291840448613819,0.831778870742743,0.0,1.3049457525889636,1.3090211609965055,0.8348236756552008,1.2130740081793985,1.7412717668244446,0.0,0.7083563352785345,1.3243930656980683,1.4900723612628068,0.598479666972008,0.9277166418270186,1.79424579788961,0.14886243241554115,1.11084916597054,1.2969584099448817,1.298862469937854,0.0,0.4678987093084364,0.0,0.9962889060452214,0.9384315341157751,0.7995354269853323,2.007440857631564,0.0,1.0542234033041264,1.3613736902231013,0.8204546241170829,0.9632603731734521,0.8605932787700856,1.1002269696600473,0.8752261405160691,0.3890746150869659,0.9862390075989251,0.8789292226418912,1.3515199010416692,1.047718148857217,0.9614525314512684,0.4815989119997651,1.0753096493527332,1.147208770824713,0.9935353314758788,1.0115870390115456,1.249578592224875,0.7549414879585127,1.0403641793142577,0.5122838057063138,1.3994391054297655,0.0,1.1957608550397723,0.0,1.4301045927202278,0.5008894960765774,0.46808623863120485,1.082708106929503,0.0,0.5538324846488529,0.706590926019703,0.7469478147133028,0.0,0.0,0.39366016493819783,0.7931354412641343,1.5339971833625592,1.0314511836728937,1.3464260681141376,1.0678593184516632,0.0,1.2107527740886521,0.8292868204063549,0.0,0.892359547225724,0.0,0.0,0.24945923678138804,0.5803081017019978,1.2981044067674397,0.0,1.545410077125558,1.077950626339759,0.5616241004230763,1.0329184993218896,1.6429297545849693,1.094541841725993,1.570291595372546,0.9456800061805107,1.0425426571418492,0.9763980091854025,0.3962880835431492,0.6108955214110385,1.9073475299730849,1.009552839078809,1.0910493719769263,0.9013066294365082,0.0,0.789720305399376,0.0,1.1299940598192637,0.9805473426632368,0.7113172889263963,1.250025650607072,0.5851900556792421,0.0,0.4188009951752333,0.7693025146582612,1.007262149731449,1.1604048194342629,1.2875367000488276,0.0,0.8018283845269767,1.3673534779555427,0.5752529588770156,0.8940259541669394,1.146150781724796,0.5229818705591588,0.6929515169553538,0.861772565960119,0.5764025343120036,0.5553163150497739,0.6324559328784586,0.8905768995996699,0.7320466277370936,0.0,0.8264797882711259,1.965894002958759,0.5894956943111371,1.3292671133212122,2.1660282940084854,1.3288151966441428,0.928790233041574,0.0,0.559277565510846,0.0,0.6971312996116135,1.1396129885850792,1.1008976070481824,1.0391037827509004,0.5822513337455034,0.0,1.4934709639520976,0.8933438511832302,0.8661355543720489,1.3083684717607023,0.820312748262549,0.6849333345797405,0.8855908188689472,0.4020736843862885,1.1497003361919076,1.3733621849100346,0.5852269568664152,0.879853233846485,1.101824602005605,1.1930379525605659,0.9174056576772264,0.726551405414881,1.7203215678876143,0.5523400308392367,1.0332846531942432,0.0,0.8970674391842095,0.6472153468668371,0.6602095980594586,1.4725034470174356,0.9456976057489016,1.9151456386672012,0.7881785132247131,0.5874387804572423,0.807726936286584,1.3242445277167616,0.0,0.0,0.7787096690171563,1.2943325715921503,1.470088767650466,1.1774776257840869,1.7363173466000137,0.9947001615307495,0.6280147607651569,0.5495768912990469,0.0,0.0,1.4613814646605603,0.9786801588884126,0.0,0.4776333419233393,1.0040279807010357,0.4200231970474193,0.9988000041819192,1.1374077121576904,0.6670307689186251,0.6351585000789359,0.0,0.4587087942777034,1.8343285211182925,0.6857744208060891,0.0,1.2892241624118115,0.17216872205500708,1.0565598999519499,0.666174283569434,0.641039777682162,0.7135493581650316,0.936641753303092,1.44825317465237,0.0,0.4512995719011029,0.3523641210589949,0.9348357131575886,0.7317636018903724,0.8130618229291953,0.0,1.01127642799759,0.0,0.958574860981959,1.0944882982483393,1.9325094578315618,2.0229000467469977,0.0,0.7278156448972102,0.0,0.8396554053509098,0.0,0.7070434341600353,0.933532559447565,0.6296549951441024,0.883072210831976,0.0,0.6404985235003333,0.8454377856799318,0.17389876437971452,0.9966267798346805,1.7539333069933742,0.4243682599339227,1.0996104155704838,0.0,0.0,1.1823803280780236,0.7361110776683777,4.013372861179863,0.19824335337431298,0.7652909089852,0.6643793467328625,0.9127557192837253,1.084291163181762,0.9326905056649158,1.334444867403962,0.7562140178719206,1.4158194975659055,1.7010512244919178,1.5300278728693621,1.0326628172836034,1.577836322599089,1.2764854479208068,1.1178401517240024,0.7811945527612654,0.829925784367135,0.0,0.34886584825319356,3.760856699404938,0.5288720148784274,0.69722200041127,1.1122673488425425,1.2827283479668559,0.7207522619944531,1.1616142734022166,0.0,1.0862231252956172,1.2465450857223237,1.0925650127895805,0.8952752407082244,1.347281910751507,0.09145315636341403,1.8200672898404178,1.0902134615173102,0.34800833623994365,1.3889188156766483,0.5246026212670561,0.8437611528366862,0.0,0.0,0.7810803996048385,0.0,0.0,1.2764976003939088,0.22465131779560343,0.9777396004749817,1.2121243466871228,0.0,1.143208316817681,1.116617306012182,0.0,0.0,0.0,0.0,1.1955352488786464,1.5145148770746824,1.719286782016511,0.4214471604057933,0.9940589334633244,1.4932430395173502,0.3582370502403267,1.2190927019985842,1.0089890707882787,0.510995141072931,1.4695401259667458,2.639222265299327,1.5568092247570955,1.0601980055775786,1.2947257874293066,1.0238697483443366,0.9898074271958615,1.0837564457530309,0.259057917464422,0.0,0.0,0.8177024924964079,1.0766169750576595,1.451572929382994,1.2390213296639074,0.6553565057880868,1.2523894567873395,0.4821107283914398,0.6171206408164537,1.1287516638984,0.0,0.7654587126469894,2.218334058867155,0.0,0.0,0.3344493944334017,0.0,0.0,1.3777525253813698,2.321876106195128,1.5155852261393525,1.722903002138085,0.636284718848123,1.268204723414118,1.2212932389779967,0.0,0.0,0.2484848686006443,0.8008835182930758,0.0,1.0292689319005304,0.8290166548158864,0.7524479297047462,0.5161815608315748,0.15584929807957623,0.6870838187837285,0.6552773498205227,1.2187114979804266,0.9599062544798977,1.006335264340385,1.5072139313073847,0.56485800882826,0.5949121485584656,0.18558967329659765,1.50765305499374,2.273218468606981,1.6453309985032947,0.0,0.0,0.7660289961800485,0.35562164857590184,0.0,0.5992580382951016,1.4746637689559037,0.6170154946246706,0.974138645455279,0.8539371868363412,1.6981673932310433,1.1165512886978697,0.911363995597495,1.5247566506831534,0.8945082547086919,0.06850959994345639,0.5697366959065853,0.0,0.4723620961729245,1.5483072407160692,0.813020354445534,1.1576016984905793,1.4067356306860428,1.090931532486581,0.9931863782232001,0.8117592542673728,0.9362245059184919,1.0406854693259742,1.121557277927932,0.812796176222278,0.5722275107597119,0.9879675950741333,0.8322198793062218,1.0663327488822223,0.6025286697763246,1.0908478466828746,0.6254808919074337,0.7081182631003285,0.8741343159884196,1.1463057944436224,0.5661195849858878,1.2193208419095005,0.0,1.328554778089216,0.8148320709671131,0.0,0.0,1.5737446188471707,1.1181457690647865,1.33534816037808,0.48922947368621106,0.6022916292540135,2.013071175075338,0.9315933796457676,1.173237719966704,1.1325585791740738,0.5906958584330525,1.462059615644646,1.1622746141161824,0.8680543100875764,0.38993044862497267,1.3522424811396374,0.8385295566784872,0.9618675299997754,1.0824802851982671,0.5717884354084697,1.470479577627465,1.123018838287106,1.0948474196401319,1.0089849400903046,1.099187424628521,0.6868795891077359,0.5538418910451877,1.0268028281936452,1.1987606924567729,0.0,1.3620116297675913,1.5283741968152784,0.0,0.38747845841500594,0.5655182970811761,0.8369342711155201,0.9131179103004794,0.9472974913543368,0.9032421523293532,0.7049813506136775,0.861437123950506,0.7945097657602108,0.0,0.9152780466763872,1.262930729730516,0.8673295473799818,1.3162478057825384,0.0,1.3651478515120574,0.6407641712721746,0.9808418949283697,1.0241283910966237,0.0,0.8791849606011124,0.0,0.6190086177955845,0.0,0.7894068518868435,0.0,0.0,0.6699329539321787,1.4592245797310912,0.9597221320953938,0.7035433976302921,0.0,1.1183299312667692,0.9031298581004207,0.8071986636376938,1.9184245347508004,1.0919703984563838,1.0733684026305426,0.813842325993209,0.6473756517383373,0.0,1.2250591422772956,0.6481003491034097,1.2697393697911261,1.3660861545851937,0.9133170804996373,0.9415035006656067,1.267466740751723,0.5144137751742172,0.7163660910754656,1.0233525945039752,1.141231488406282,0.5120171312400442,1.293194113968411,0.8338854469035515,0.0,0.0,0.929429270096479,0.1621762037207219,1.2587441061349085,1.0234365067284679,0.8842725867982466,0.9356741237581175,0.5495289083544077,0.6094776633259485,0.0,0.667892238661778,0.6473112720203313,0.0,0.5229367861749599,1.0396261542529561,1.037158397334834,1.2849128775467502,0.9588706011486396,3.7819421455126916,2.698788274489922,1.097007166051386,1.0699561733465601,0.9742366120201971,0.12692773149171518,0.5074991313757038,2.0224547770907755,1.0372248622745617,0.44973234896163056,1.5969041032685143,1.3671473163451666,0.9593758641743096,0.3891925804666171,0.9296092613115333,0.533111443366303,0.25553565789495514,1.4471901566050505,0.0,0.4441219385892765,1.1912332583787824,0.7271140836628842,1.0874890496600125,0.0,1.5089841565054665,1.2334721512905107,1.1236382304741572,0.5955878896649287,0.0,0.322587532758572,1.2256414601974188,0.9116874621931825,0.7255381500131548,1.1104225782350368,1.0267847999077735,0.8556182782008028,1.4030654679478614,0.9229109739774869,0.9668448854634885,0.0,1.5130406335836253,1.1533926641918941,0.0,1.397472050817747,1.127896691025495,0.0,0.0,0.7116094330149381,0.20732248140398235,1.115679694029663,3.4999965000035003,0.795514112507027,0.3634872366692478,1.0077852677074137,1.3455747224572359,0.9001762398025,1.5672207332148522,0.0,0.0,1.3313442710704448,0.9072854580422488,1.033860972380563,1.3512195292749944,0.0,0.0,0.7300714369479003,0.8398459233708988,1.383973930479838,0.960076077038688,0.24791657449752327,1.030026596137142,1.0611480228992347,0.666912875622619,0.0,0.0,0.9522832365360145,1.4409396389776352,0.9991347619645204,1.4110759190469113,0.6789631848741692,0.6425976850292694,0.9202920553356255,0.7317485567060709,0.0,0.6911852229663602,0.47183055150761566,0.7200909291721491,0.8574407583580214,1.4388268441042453,0.3248158496332492,1.0687277658010608,0.0,1.361929949539304,1.1575549396782379,0.0,0.0,0.4182881671562986,0.5435952748908144,0.6537245772260897,1.5744054097997924,0.5127905467522355,0.6955555386964722,0.6133617818212614,1.008921814705706,1.1012912559041366,0.8277839710714063,0.0,0.41038212465642765,0.7492916061785783,1.2855720093849052,0.8596538419202332,0.0,1.0278034118256594,1.5413996679489417,0.0,0.0,0.6571784681358894,0.7407696632552699,1.7822977185400775,0.0,0.8413526214870899,0.860800450860194,2.13963863862205,1.5251081095353987,0.807201430998509,0.40178262226054484,1.5923344633417087,0.9495137525097381,1.7351734165263757,0.3333012071907422,1.0547528353752962,0.6707121122931788,0.0,0.7206285711484741,0.9552945568029335,1.3623574139495715,0.4538152760489691,2.442270977468931,1.6664041055872976,0.9517277997297467,0.44287315990669807,1.2565580488922379,0.5849200713995891,0.0,0.0,0.6517919128851904,1.0838063646597205,0.0,0.8419508638889999,0.8993227812379043,0.9637819730123833,1.496666544129166,1.181547192046116,0.5950243897490526,0.6618072184615889,0.9888665568519757,0.8804189426262421,1.1722522385080092,0.6560851958885765,0.0,1.2898136643845906,0.20399997578530518,0.7858399010568222,2.1158532053790613,0.9109928723198941,0.9113946686870951,0.9729121902008329,0.0,0.6229862386107017,1.4132371554166645,0.8469517584805379,0.37755610045642773,1.1360427287943313,0.5704217913120407,0.384665835975244,1.0060781496322928,0.0,0.17132502639524438,0.5702540934656697,1.1324077523519445,1.5444741687342343,1.2212987386547443,0.0,0.3440656088544623,0.8179563071262148,0.0,0.0,1.1951072930311777,1.7558770662939636,0.7874109202423318,1.1260485945140943,1.206296335707586,2.1751728066468803,1.8851217077595033,1.008011921940022,0.780730071280858,1.6934771541551508,0.10426400006699979,1.0875624672506983,1.5158957044410215,0.9711081646971105,1.1431131233906664,1.7743675766160159,0.7232289281474811,0.0,0.8712986899987346,1.0371858662879692,1.5750078400653977,0.0,0.7813375210614092,0.8096362654574913,0.9575848625354721,1.7562995011731006,0.0,1.1135199638213755,3.0538335302576565,0.8048038621996406,1.3315185005619417,1.1557807810661382,0.0,0.5069334952767119,0.26599701894306066,3.242862407253245,1.3504046077799943,1.633793450495931,0.0,0.6818917935529912,0.35585339543377337,1.3717079686994595,0.44515164727255474,1.356626853110778,0.07961309521806159,0.3904554984187828,0.5033650132975844,1.494195513676762,2.0914156343530252,0.7463988802377036,1.21672665267797,0.8270348715322345,0.9053373089349827,0.7385210281723016,1.4946673654368992,0.17244516028663112,1.1428904757617249,1.239664589036178,1.5702004093253892,1.2814787488334594,0.8581288350743127,0.0,1.9518387007258367,1.258890432520131,0.0,1.6828552452913241,0.736401322032836,0.0,1.0824662481579161,1.5078930297660214,0.8662438813534006,0.7767410456178605,0.7422128346113253,0.7461620837391973,0.5031639866097685,0.8512377964079672,0.8095859814236039,1.22540637748437,0.8038744751514514,0.9828601437617119,0.9027164885244364,0.6411541382355417,0.36480698503149367,0.4231431318985639,1.109498809457131,0.43307388318083373,0.5606983898166058,1.2759806843930268,0.7486681592145517,0.38754616723504554,1.6239334833979195,0.0,0.0,0.0,1.1498891269178235,0.7826682430547053,0.0,1.1093650319791515,1.5377049802160547,1.0475627656276103,0.0,1.2976432637713458,0.4218924268396526,0.7219921090948274,0.8951298806816261,0.6579426139394707,0.9085364235333847,1.3058806984786127,0.5922666002046337,1.2123779809202135,1.1309715130423084,0.9727699941770666,0.5485867259675251,1.0577457052175125,1.412533713158002,0.8506166226119856,0.5854378885224194,0.9458262409036666,0.0,0.0,0.5263550290527255,0.8948445675485576,0.8107061648182663,1.5084105298501593,0.17522790250325038,0.8751987744826828,1.665479986347469,2.086958512437204,0.9663034231285912,0.2933467718401794,0.0,1.0174403156293905,0.5298710431509407,0.0,0.0,1.363693342591755,0.8540982205118177,0.8701658955574922,0.8769902507847543,0.9846543434121929,1.2546010060415256,1.135644555991422,0.9596655037778707,0.9174507775951862,1.2885297002308613,1.1115472803491082,2.0706876075045315,0.8042125001093436,0.8990650676689154,0.0,0.9570088631022227,1.1053864924595531,0.9115025835804069,0.679092262122927,1.385501256687804,0.7777456583043834,1.1568993199652688,0.0,0.3707383222296467,0.0,1.5692086664378955,0.9055394449715768,1.2637867020830589,0.7703175909886517,0.9053761380796419,0.7650772523291685,1.1046083687383481,1.0401116718813144,1.135491950586346,0.6973340944946582,0.8359947392487709,0.0,1.1859654873374574,1.3431805422689402,1.0610718459993718,1.1742916210023313,1.431563021771781,0.8788109142522512,1.032943203932537,2.7070748133366376,1.5189789589262792,1.0027333656340447,1.3261044134064228,0.17046026650225507,0.9827795135644426,0.9031826824705181,0.0,0.0,0.7052684296848675,1.1049051883804568,0.9017980640996257,1.1643232410748474,0.0
68,0.2945110637126493,1.1304031448612866,1.8774551485562205,0.0,0.8603959761414217,0.5192746391816383,0.0,0.6787376809980621,0.6707173767124565,1.1487387502747006,0.30127256126763136,0.0,0.0,0.9376110424020867,0.5311361681105349,0.5876910933174103,1.2881709477819208,0.9932300001103563,0.6836329338681414,1.0871789087611967,0.4422522673704691,0.0,1.6052644254757005,1.927750824881667,0.8846515919772902,0.35026132271607713,1.2801515911804118,0.4479240776498219,0.0,1.2018788611070104,1.2043870225041045,1.9281477855993172,0.9767097465263357,0.7126983422747077,0.763270508946216,0.6873249053814353,0.7458225499963467,0.0,0.553079309825873,1.1424616610687328,1.409943560980267,0.8724698576810157,0.0,0.7197896567637972,0.5510885019022232,0.3408792731497834,0.9092153543783771,1.303124076552472,1.674605210296999,1.021890631657458,0.30533505594381105,0.5119945548123943,0.766863815848291,0.0,0.13024127207568356,0.9421572849458997,0.9968231968104049,1.1225638937149425,1.0725891630605373,0.0,1.0714283230831096,1.1653428165882573,0.0,1.5701573376592535,1.088743977751741,1.116263870351011,0.8488342099596309,1.2823202294438039,0.9551747300225726,1.6319282840037297,0.6876288229670339,1.2913649026096565,0.0,0.9017637027399574,0.6408481778002784,1.4086740976729053,0.4494074161802981,0.5129910650206562,0.9201159013074605,1.0751149544967924,1.7401428157578342,1.0580223746349304,1.0219235644657074,1.2637800803856312,0.8810381832333919,0.0,0.5964872729011829,0.0,1.1687917991318804,0.949025712264557,0.6005342106442,0.8110484833739168,0.6851370327791859,1.126810357360076,1.1240092520478677,0.7201555307876638,0.9472715013458383,1.1917834318592595,1.09297805247172,0.24439099356382724,0.8068144924862497,4.147300553913199,0.555636281538164,0.7371367361957081,0.672636121769645,0.7838884435176304,0.0,1.594806694495345,1.390436259118336,0.7925586346400261,1.2015020673366394,2.002462614558491,0.0,0.8583011926118825,1.3010520123854747,1.4071593354697116,0.48616121359771564,0.9387033557706239,1.740640135269204,0.24623015180148627,1.0277186637218048,1.2841720852719565,0.9398505309297795,0.0,0.5721425917263259,0.0,1.0104831775411167,1.3028213658623164,0.7249503936170182,2.326759900258106,0.0,0.9668362677303206,1.3336249863640788,0.20511365602927073,0.8446095924989793,0.9892390174380025,1.3539167883950096,0.8859160142227964,0.7128392675172088,0.7906353024134286,0.9047800790900813,1.240035134263135,1.086524023478085,1.0836173610255324,0.344034063448726,1.348621497251215,1.1328182463007825,0.8856524296679673,0.9510759675718817,1.0710295953296562,0.939952661896615,1.003196181516806,0.45783554346686595,1.3931488378748358,0.0,1.1839894081723532,0.0,1.3440075723374032,0.2726328300930873,0.7439447690447221,0.9519666723177331,0.0,0.556221914037031,1.0121758926628726,0.8834988869236624,0.0,0.0,0.6296682322557647,0.8123707529701651,1.416134586310876,1.0386180179997486,1.7589332144122056,1.2129663275473161,0.0,1.0500204717362274,0.8286465873023354,0.0,0.7743597883677822,0.0,0.0,0.38089474678802415,0.6516400867518074,1.3648705214013988,0.0,1.6170685574570676,0.8036209654879993,0.893492885006047,1.5743923604414505,1.4360910949218806,1.0246417516864088,1.286164136733411,0.8688609771531545,1.0854747836357252,0.9015290629582717,0.3417818001485334,0.5237566911068483,1.457845250946401,1.0734976033787769,1.087380304705171,0.8549711045697816,0.0,1.1034830964947113,0.0,0.6720879709420875,0.9807562215998855,1.0539919770628408,1.3390935918805358,0.8399265974186677,0.0,0.4795193556631838,0.666840043033552,1.1943422029230208,1.206923189376572,1.2082498497119,0.0,0.7821213631974734,1.2502089234131066,0.6112767824420591,0.9690221606040048,1.1361784053561348,0.1307454676397897,0.5695786498360305,0.7702383958053172,0.44248048794124234,0.6299584484115535,0.15811398321961465,1.1015121404404868,0.4977917107654719,0.0,0.8855190751906095,1.7143963183749071,0.5105771231092758,1.4913957386653451,2.007121068084913,1.8006404567410108,1.0423308558609312,0.0,0.7894559148468596,0.0,0.6817186209726944,1.087727022487971,0.9768421462933878,1.1186729208361128,0.6087255844707311,0.0,0.9592531043498799,0.9046191153932478,0.7044752844551168,1.7588810008885265,0.8064683002279702,0.6967084626022259,1.0081858056321171,0.10051842109657212,1.017636976705829,1.2830910186283428,0.5126269700549467,0.9367062890989667,1.3236696733324482,0.6710838483153183,1.1013801066974507,1.0967779288019166,1.791279040533869,0.4874088923506917,1.030018861028653,0.0,0.7733372065014275,0.8530288023700874,0.34075335020844943,1.2176483842838859,0.8882696074575462,2.25976373352309,0.7274510462207107,0.7151585699484018,0.6060044610363999,1.185899915066933,0.0,0.0,0.7643464935578307,1.3386664399471588,1.4487174901304907,1.152450658949739,1.5460684814977375,0.9945645596115777,0.8745996480997089,0.3663845961076175,0.0,0.0,0.9217995295165968,0.9171586326295624,0.0,0.47352849915166945,0.9419628315087398,0.8628227637011312,1.2262960059859749,1.0990272047150262,0.6082487707639881,0.7526456469006253,0.0,0.35025007274712955,2.428328063774171,0.6100261916355496,0.0,1.318545746355391,0.5356360227541067,0.7252035624560054,0.5628849239073754,0.4386061683385687,0.7901718387242127,1.044120292637305,1.6551463744813237,0.0,0.3966449131755959,0.20991905020560475,1.0124012636747128,0.7016113699718924,0.9769019617847301,0.0,0.9411291117046546,0.0,1.1663309001732327,1.1333765096707689,1.7135804377578796,2.27576229972812,0.0,0.7877835229359729,0.0,0.9801429476673242,0.0,0.8943947343517864,0.977158339510057,0.7854117580601095,0.8338909025525172,0.0,0.5732065452122913,0.7677173112796208,0.08997746783405083,1.0115646425897165,2.062765379977335,0.29461360844808054,0.9235512022604656,0.0,0.0,1.246481009145142,0.36805553883418884,3.2155336522124944,0.23399215512212918,0.8104067697808919,0.7054098962591226,0.8311588471475971,1.0215972897625332,1.0313756035944446,0.9608863724138345,0.7727179951728611,1.522417748104495,0.8505256122459588,1.6975616411332808,0.9509260227308565,1.8351170616213432,1.4108523018159302,1.1227687536988686,0.8534093830665581,0.8660095141222278,0.0,0.08721646206329839,2.6273972256429268,0.6619656370681706,0.1743055001028175,1.094578842010918,1.4841188856393397,0.9187461467328225,0.6604271623655527,0.0,1.135594690676734,1.2110480374623018,0.6222421077598685,0.8313739491512191,1.4927779389623395,0.25697581291813976,1.5626840442526104,0.9983008355587868,0.08700208405998591,1.245659682643343,0.47508580680685114,0.9464146415545668,0.0,0.0,0.8102687047466756,0.0,0.2581749459666957,1.278955796400076,0.3840491655122914,0.8578747310319627,1.3049691270799655,0.0,1.1677274929867045,0.977596739112635,0.0,0.0,0.0,0.0,1.0600824710773211,1.3647850816947875,1.8186274979575914,0.2740421071387311,0.9314668244508468,1.578135144455663,0.39200998169435985,1.2426166342587481,0.981824736867562,0.12774878526823275,1.154777090375863,2.6363718969464403,1.2096348574670794,1.2073597372314662,1.1971154285038597,1.3592685415858554,0.9100627951524598,1.0645319679345349,0.17270527830961468,0.0,0.0,0.6869799135149703,1.0455741119098105,1.0370431514221736,1.2271741770804758,0.7650788870112312,1.2314332599504072,0.5657683559722676,0.4347306919528424,1.039124932020451,0.0,0.8496121177483491,2.136222187270353,0.0,0.0,0.5016740916501026,0.0,0.0,1.2706523421311757,1.3733943881204635,1.471768894418544,1.6882863776603645,0.6362847188481231,1.3244961319584194,1.1833302330089661,0.0,0.0,0.06212121715016108,0.7896372223708651,0.0,0.8912663884897174,1.0398353265130216,0.7378594912143088,0.7730446597595395,0.03896232451989406,0.5216291801652215,0.5708949141368456,1.1416428271509935,1.1609951168565862,0.8995215485531142,1.1895411213496265,0.570149076424649,0.7406049188080857,0.4278377285470143,1.4940033237039307,2.0162144093770844,1.039156415549641,0.0,0.0,0.8773973103943711,0.279524493559697,0.0,0.6302620580361964,1.4255402233150383,0.5511369363084406,0.955338906166063,0.8918197250279704,1.6418051330135728,1.070417001164924,0.9385874174089895,1.4486946377615348,0.4892649388035054,0.27403839977382555,0.14243417397664632,0.0,0.5061022458326172,1.0322048271440463,0.7933665502030829,1.4909336783010338,1.4036855934580132,1.1588645186282163,1.089883248540649,0.7438858491660916,0.8278320128316603,0.9554614971945505,1.314755190572094,0.804850467823084,0.6266183922258004,0.9166737241921994,0.8341823773558565,0.687452614184592,0.7205499927331636,0.9022025510869108,0.6499931973180522,0.5966375911747863,0.9259349894906912,1.0124684307942886,0.41125561462868737,1.0632368715344787,0.0,1.244307182397466,0.9582946476210898,0.0,0.0,1.049163079231447,0.6098976916010981,1.4278655755446994,0.697640038809866,0.8604166148961554,2.1808270364333406,0.9158979060241339,1.0420579236504701,1.2344003001351258,0.5211955795572119,1.31045249300775,1.7546597184602277,0.9369718145166207,0.39748868065306553,1.40681729251472,0.8156853956593398,0.864775447667554,1.0692330740515157,0.6013533090846543,1.3231902615983873,1.0766742738958035,1.31624011516225,0.9100567003177662,1.1901763194332744,0.6697530501475586,0.5883920693853746,0.9991667914231018,1.1123456356250405,0.0,1.142720052354952,1.9019454961394324,0.0,0.5570864657666934,0.659739687629386,0.9939285120426249,0.7775992525978143,0.9926591189679234,0.8165224603076895,0.8097663839113441,0.599553417887371,0.7597546127349721,0.0,1.070697051608801,0.5330551757899106,1.0985836083590048,1.1958520218603232,0.0,1.6139712269808077,0.6884461902620925,0.9369090829481777,1.2343214855171076,0.0,0.8701343975661053,0.0,0.7257926706197402,0.0,0.7639164049867815,0.0,0.0,0.37278527270901324,1.1893191085754662,0.9538726140576566,0.745452644204629,0.0,1.2183923484478405,0.8487703539967677,0.8550867477278647,2.616033365313591,1.0474607291752647,1.263128255057019,0.6057201671419541,0.38842539104300233,0.0,1.2683677883245443,0.5046925383980589,1.2427511031264746,1.6177697048560487,1.1023606193426747,1.0056351971682902,1.1792046940370717,0.5406848466499767,0.6837574483182195,0.8046092361779064,1.3268760852666721,0.6288065577800191,1.3017333319232636,0.8317692926283213,0.0,0.0,1.302181907528717,0.16865013753915997,1.1528806765406638,1.0011155076829499,0.8193663420498272,0.9411060078465702,0.6854749151407085,0.37103344590854676,0.0,0.7369751057284897,0.7263120853064882,0.0,0.5712010152985794,0.8908677227437662,1.106648067054858,1.142378939335718,0.8991136720719219,4.862496774092149,2.4037416967460903,1.100357424720391,1.0462991930464516,0.9819617384046374,0.0,0.462719794059253,1.4611213362512991,1.0625018884419695,0.5521267606823181,1.232445504045628,1.2755937449531625,1.0901264803279727,0.35934683589938105,0.9679272966481249,0.46857860652762795,0.0,1.4011852010394898,0.0,0.40638608740830806,1.174991077462086,0.8285768753889994,1.2282630763255296,0.0,1.3092628431466613,1.1286230414051206,0.9504302044392346,0.8751728121459021,0.0,0.36554244228731086,1.020570428701978,0.8265736618538667,0.6348632249485646,1.2275111522173712,1.069837900112111,0.9341875136745115,1.8734000029618723,1.0077997218939416,0.8226466170981016,0.0,1.186806475189264,1.3359221514580581,0.0,0.9591883093319405,1.0799037788873935,0.0,0.0,0.8220836073663622,0.20732248140398235,0.6472155221212168,3.9999960000040002,0.7040363532206586,0.4289193406984883,1.1966257338294515,1.104383676112702,0.7783673663705837,1.5611019428466386,0.0,0.0,1.3268856503457613,1.188577624692213,0.8148542453289225,1.2353570050544898,0.0,0.0,0.9807732828166555,0.9843756922223632,1.3919925917613325,1.121055984830659,0.0,1.0048174500715412,0.8684863365450989,0.5381509498315593,0.0,0.0,0.8928354277183802,1.1696504269233812,1.0186140048701298,1.2617788224904185,0.7862438622941934,0.4672231653411525,1.0759067764371775,0.6970111659576073,0.0,0.576295895993373,0.42586424940641887,0.8225851416168699,0.8582655886843025,1.5387791508061337,0.3075461651081164,0.8924719659812066,0.0,1.624713247037036,1.1592851640087407,0.0,0.0,0.33183920646149,0.41356961340528287,0.8765852216985132,1.1573331309120787,0.5077538095120621,0.6273507831375008,0.4732212719459562,0.8201781776572299,1.065212113132369,0.5705421092924421,0.0,0.3797792874069119,0.5940928756410685,1.3326657437105727,0.7816920957306943,0.0,0.8835298322646937,1.630469316989477,0.0,0.0,0.8142812438804551,0.7779147688680481,1.968509295550893,0.0,0.8365248399798905,0.8065422697370791,1.8347356004631363,1.17172939896026,0.9312088757165436,0.6241283453348425,1.5273904374926073,0.9213445782883853,1.4930726650587587,0.4142907327466182,0.9753609108733966,0.9151011719356865,0.0,0.7816294054415234,1.2590811651912686,1.4659584619618626,0.2740016754588076,2.232505391425399,1.9615010073591452,1.0739305614160641,0.47911227003193324,0.9014851099759542,0.8593825659909964,0.0,0.0,0.6922099847738371,0.9100787861591164,0.0,0.8082145163348132,1.2195671848761964,1.0605506692408317,1.36361511289452,0.9951852050341703,0.5279202406802914,0.7062036701972494,1.2805251292203175,0.8126323684796134,1.267404346302976,0.8747101096176133,0.0,1.294807013526126,0.050999993946326296,0.9689135771698525,1.0579263382081445,0.8931918996719378,0.9725699174359699,1.0978656716852857,0.0,0.5758478685792159,1.2260221954301465,0.8103933673199235,0.731677681859657,1.0206643802041082,0.520820680032082,0.283392231339378,0.8048190571505545,0.0,0.34265003851340503,0.6947760998599706,1.2623341003759319,1.3819713932308506,1.135631037031716,0.0,0.18923608142929887,0.9614799917160787,0.0,0.0,1.1309580202682659,1.2501976600478444,1.371825277440048,0.7699610213097974,0.963521388912567,1.36481430336268,1.2884318824288101,0.7955903360461982,0.9429796589272208,1.3362722580946729,0.7646026787428855,1.135571716103796,1.1875339306449664,0.8169728373638132,1.235304761210978,1.214047215054068,0.865487600538233,0.0,0.8256666588932622,1.0785449109031906,2.3221818292081564,0.0,0.9664625739213183,0.7991237023045433,1.0786619041774128,2.3822147392168946,0.0,1.2485223849003566,2.035889020171771,0.8900611850799035,1.3720784536515902,1.2467095743259908,0.0,0.3670897572217003,0.06649925473576516,2.1933771274882186,1.1625061478559962,1.4482980187502217,0.0,0.5265560897121496,0.05289712615331107,1.2683227085999813,0.5987686391819333,1.2884989634645694,0.0,0.37572912433653305,0.0,1.1097669680062996,1.4831280769522435,0.8857696935016506,1.1876546563471289,0.989577057272828,1.115310731544433,0.9354654635483132,1.258551565488954,0.0,1.0092000472681533,0.9619920163625928,1.5339596864695828,0.8800742711634983,0.8926228779371229,0.0,1.8814076769001238,1.097674795298657,0.0,1.5655236737479572,1.1277495496554348,0.0,1.2422763302493762,0.8948043084581451,0.8578777755442919,1.1211437274555331,0.772093898168337,0.769578852145463,0.4090576110158747,1.2366799126925576,1.045953795807768,1.4759577229417973,0.6833603279939767,1.2640986453591276,0.9183338254362887,0.5187578137858458,0.6494047504769449,0.5361341858703281,0.9229582266472753,0.3622478917076074,0.9096544219983129,1.2587930421438858,0.7537683403711802,0.7316818597203582,1.9531334159899463,0.0,0.0,0.0,0.9034843433407593,1.3914102151478858,0.0,1.1996848530719613,1.2360889331893967,1.0352279242433502,0.0,0.9380200607893069,0.514956926829585,0.7163182973482678,1.0936932565155157,0.8425722455116705,0.8197581938682728,1.0208799650818179,0.6195187992551572,1.0424638534228203,1.4123603944591958,1.0294322826063655,0.3791702358793995,1.111303695270554,1.2608436932429778,0.8506166226119856,0.618507400553116,0.9949053275472828,0.0,0.0,1.061708344872405,1.1143634985466613,0.6716289495507197,1.4929953946652461,0.4088650839374324,0.946898311139429,1.2409951758472,1.885692002223681,0.4801293147042437,0.1466733859200897,0.0,1.082292634986295,0.4960301531760193,0.0,0.0,1.4130842037717153,0.8515249000575953,0.7968291595756578,0.8689137206875285,0.9891407936166986,1.043798829997519,1.022126703921784,0.6783727601219187,1.026987070553069,1.0467194201225372,1.1781728221237837,3.1060314112567973,0.8029722705079517,1.0206936866315295,0.0,0.9458325377453815,1.0337302426820478,1.0062729746967518,0.7441685516561161,1.3963552942485231,0.7169786322417959,1.2694984982816773,0.0,0.20826706527751926,0.0,1.2319429864493774,0.858907126828535,1.3389770404941197,0.7268377902565109,1.060064320091172,0.7294281151237758,1.297006560179552,0.6934077812542097,1.1466298096725644,0.7639272989126631,0.9559948460723465,0.0,1.206634311897865,1.3700862148492021,1.2664333174995521,1.1653162954433771,1.3112297386796097,0.9261117309221237,1.160540781535312,2.0648476642186924,1.236378225257153,0.991480950341742,1.0278185890224867,0.2622465759533089,0.9194389611658991,1.3916386134920125,0.0,0.0,0.9705528900102889,0.9521760127969613,0.9899714398092594,1.206228583976639,0.0
69,0.055718309781298915,1.3509692058005147,1.644483257807345,0.0,0.6990132576600832,0.09190701602836165,0.0,0.8635629042073839,0.529291266166108,1.2644243963069282,0.2501638241561344,0.0,0.0,0.9653332074665103,1.0622723362210698,0.47010956574713914,0.6880003875750129,0.9658413798463953,0.7445055748127216,1.080241016415224,0.4428106692243847,0.0,1.664628006848432,1.9189181654934084,1.0081956236128518,0.3785475201217501,1.0536044551878412,0.4734707509005409,0.0,1.099073189236352,1.0001044613524606,2.181851486331178,0.7995192292459827,0.7371732490837155,0.7551468634093531,0.5076572206381771,0.7852427535295308,0.0,0.6943396318740759,1.1088402290140134,1.7062849023270608,0.872380540893726,0.0,0.9463085267445566,0.5038309257387825,0.4216579699499805,1.1184244963965224,1.14137941792906,1.2685719712015153,1.035019804996477,0.6367895469845812,0.6001370756464348,0.6954348912860653,0.0,0.0,0.9073321785362088,0.9204177070083088,0.9913551330704605,0.9863521198966564,0.0,0.5357141615415548,1.0729271022022735,0.0,1.0416228830076977,1.0949993809313152,1.0368940990404032,1.4453123020496879,1.41511885973278,1.2269549385871161,1.9199605325793634,0.8625448162450066,1.379891799573011,0.0,0.7149574061657741,0.6383928169997191,1.7025079581572196,0.3493780274467827,0.6396936760460233,0.8990418035562737,1.221834672118411,1.6024765297773211,1.1160221471351535,0.9646806400171397,1.3008631226517642,0.9623301186955937,0.0,0.560334524154133,0.0,0.9210989699122223,0.7330724790656968,0.5790865526041759,1.0124853616044334,0.8309219430354853,1.2721947064891246,1.2695624796595733,0.6478435794054644,0.9759943232566508,1.191840985535071,1.2310789852066262,0.06109774839095681,0.9125359881369686,2.5056607801232467,0.4309158690445348,0.7885365351344467,0.9070396120328804,0.8567768770837709,0.0,2.0062410674958393,1.3767771517909322,0.7588341792253285,1.1293862933119911,2.611907780832004,0.0,1.0033717169091974,1.2532867374311039,1.4155385674972412,0.358928309095758,1.0407554078817052,1.7325587918579048,0.5194444285340335,1.149265152849406,1.4878300378122822,0.7999453024339467,0.0,0.7178471964393791,0.0,1.0072819636074402,1.6809717407874634,0.7380059555053993,2.0317270314173275,0.0,1.3293998439582873,1.2150560491919729,0.0,0.821756159321929,1.233731038502878,1.2480996443597954,0.9191692142928527,1.0818122980402864,0.7750804177768802,0.7755257839237023,1.0672973261424294,1.1653533468069388,1.2751558985748017,0.6785556603862148,1.324102666494687,1.1156161991035118,0.7801273910874501,0.9330190135574333,0.8353373922898291,0.8912207420174019,1.381300645765874,0.5063211814848948,1.2720163395953756,0.0,1.0409612469293932,0.0,1.2565966739447432,0.19562303744616918,1.25014773201845,0.9816898212126621,0.0,0.45788061300397526,1.1058133097184006,1.0598836533337948,0.0,0.0,0.8662771463983793,0.8053915924096744,1.3245069585625644,1.0640949124918806,1.939440290654578,1.1809406743780722,0.0,0.9904220737607196,0.8517010424665727,0.0,0.7000880558483815,0.0,0.0,0.5981656920105187,0.8099662966541954,1.2209273324104883,0.0,1.5591133744253978,0.5926797944524836,1.0940729191131,1.6578700436941753,1.0732321952589585,0.8472436513909685,0.9227875534242163,0.6757985941825734,1.1492383030291502,0.848669073882254,0.45942483157887537,0.5530082389081363,0.7167739168709535,1.1871718956546746,1.0369382344744142,0.8648477386974867,0.0,1.1208211329983495,0.0,0.6558721141948491,1.0405996035699343,1.478389230220107,1.3394921102222477,0.8723064126494626,0.0,0.3705376843178481,0.7275753550957607,1.2183184404246985,1.1731925132091494,1.1628165742001502,0.0,0.646593097839102,1.2271827025986535,0.5725423335347912,0.8745911469333705,1.2826114177687724,0.0,0.4091054612742774,1.1459467895541466,0.2053114881748604,0.7300358798734374,0.0,1.375714512203969,0.21961399076128327,0.0,0.8411446071289151,1.5280811076838436,0.46008706040585234,1.3653444387682532,1.9068872684805753,2.1407539496736008,1.1132080176724428,0.0,1.1917715474391477,0.0,0.7743175189427141,0.9367634691554394,0.8602369798034561,1.0937364877342455,0.8766886359197847,0.0,0.9149150720022163,0.755637357554848,0.7765646182159436,2.13080456282436,0.8819271964158271,0.96057356804759,1.1331691960475774,0.0,0.9223137635579759,1.1204886902011015,0.43045159994736526,1.041792504452924,1.3569185144348381,0.3579113738377926,1.2875487838529271,1.2826416336014754,1.7064582355131128,0.6362685044945343,1.1327948078127175,0.0,0.7237005653759896,0.938616938554093,0.4401397493928164,1.2268616638066883,0.9262650050246043,2.15557095868043,0.750804722198969,0.8396812382858934,0.6054994204423728,1.0303113393041123,0.0,0.0,0.77421754637847,1.4153259053241363,1.1103915433462768,1.0194988354346974,1.3714060880069647,0.9961618698180406,1.2220898380590084,0.20609133566833227,0.0,0.0,0.9744737964730018,0.9840378169416502,0.0,0.4694960467253931,0.8420809726999926,1.5943464078341696,1.6013210326760234,1.1404446173933878,0.6680130373136837,0.8504595109277737,0.0,0.31476900120413054,2.4852257232220407,0.675172908628308,0.0,1.2936099257862907,0.8704085341856529,0.47937629224501543,0.6691171071688281,0.506084042337133,0.689442285400365,1.2053537318492518,1.034466464654585,0.0,0.3115531878742238,0.31487853594859505,1.0620219251772285,0.875858217511869,1.1176246455210905,0.0,0.9104943243704132,0.0,1.365912945614629,1.0604343764805444,1.5094108101225194,3.034349058671485,0.0,0.8768596999042755,0.0,1.2559796717639335,0.0,0.9697074918566011,0.914393813812702,1.17706318929753,0.8743890402542172,0.0,0.5246118465094282,0.5965870323710227,0.3261683165870143,1.0928999343315984,2.140635540923298,0.2577748995892148,0.7193691191766983,0.0,0.0,1.1759817504099659,0.9201388470854721,2.157792324981929,0.8813704486200985,0.9524921035749995,0.8805787944165229,0.7557473976100253,1.1030367696961323,1.0570515113857104,0.7735764151963549,0.5131078013354101,1.5951078447963638,0.17010512244919176,1.5884794107186344,0.9882023946103635,1.8895468201710184,0.7726095778555269,1.13521392148407,0.7063460033757741,0.7577583248569493,0.0,0.0,1.3687033606438177,0.7737526035930802,0.0,1.1268095962368134,1.417437609369268,0.9598313467792647,0.15085899643689754,0.0,1.2403104387918893,1.2481134325798968,0.3069193750747843,0.9398868681026326,1.649064483078901,0.6122070826052577,1.1453554606068037,0.981677718339543,0.0,1.1444208970975032,0.6157770391460307,1.105246761299803,0.0,0.0,0.7760815329631074,0.0,1.0326997838667828,1.1896643895153636,0.5661875601735011,0.6051355598963114,1.4906757405243838,0.0,1.2378105504747776,0.7183414006784088,0.0,0.0,0.0,0.0,0.9397393981775559,1.4971128159808376,1.7838272613044497,0.21991087531210385,0.9775268690747787,1.6193705036377875,0.5672103719783368,1.1712246687190346,0.828210358909086,0.0,1.0622214427410217,2.2090265553207273,0.8123890904516706,1.4525213019976053,1.1175551338536285,1.531253839018118,0.7122230567714694,1.0125993530898587,0.04317631957740367,0.0,0.0,0.7261547663122427,1.1268523431468274,0.7388813776380421,1.2415695924688013,1.201932578470558,1.1144424603231415,0.9191213362473383,0.4585342952550756,0.9439815133338219,0.0,0.8213776191079878,2.0408035133601223,0.0,0.0,0.3344493944334017,0.0,0.0,1.1462993759390405,0.9199220644212418,1.1596434133753803,1.4942545002934922,0.39086061170816405,1.2108792581390222,1.167409552250329,0.0,0.0,0.0,0.7488146172296485,0.0,0.517509514969819,1.2247130815908216,0.7491355510906041,1.0964643082020036,0.0,0.6134309229270758,0.5581701483376904,1.1534277373158763,1.1534347675295615,0.6567284351023202,1.2801494940969989,0.48819310473766636,0.536966156736978,0.8993960978652,1.5722756621697254,1.7661535154876686,0.5195782077748206,0.0,0.0,0.9844695202592879,0.3056829256899357,0.0,0.6708395665095261,1.2119173126200764,0.5151992516129306,0.8500106956812482,1.226965205467952,1.5182215779359174,0.9920547341690984,0.8564307305879972,1.3348613121809332,0.3703283101001207,0.5024037291125919,0.0,0.0,0.33843244515923127,0.25805120678601157,0.7647650195293736,1.6925763500402562,1.4415649457579245,1.0798722766664433,1.095126778862058,0.7171777204785679,1.1295099791757195,0.8091871250018731,1.383366952017556,0.8281385076508482,0.6577479270048057,0.8882789256761183,0.8067765618696932,0.5332812551090118,0.8421803282589941,1.0812369822681047,0.7556625485860606,0.9636538262422615,1.0766985467087564,0.7822382589526041,0.43245289965577355,0.8722915133568672,0.0,1.1886651344526693,1.2858768806977463,0.0,0.0,0.3934361547117926,0.22824958972149945,1.5241015671052418,0.8833950694637952,0.9386363082260744,1.425925324810606,1.0268191240537694,0.9216106825963962,1.4051468448353315,0.6215285876565679,1.2862147861197113,2.2320671105922694,0.9718004883253807,0.2753179073770567,1.2006457936557269,1.0014999531057591,0.8043152802682706,0.9565059014375485,0.48234585334500535,1.0961480340340382,1.2557778874916958,1.5421895783853534,0.8852942859904409,1.270250806632232,0.7250355317296723,0.6851123346384109,0.9497454160677277,1.1518421572556188,0.0,0.7710104586863342,2.218971196773741,0.0,0.49641368144161485,0.7065654376914026,0.8329374163119265,0.8745952657717526,1.1006859457955747,0.7988355410456591,0.8077567614705801,0.7024552481541615,0.895224327364658,0.0,1.0611519178854925,0.4817998613769645,1.098562521101111,1.1579725629087143,0.0,1.3239026616794551,0.7317101900010985,0.8840691756161856,1.324618419976944,0.0,0.9177054304512593,0.0,0.9014133434282341,0.0,0.8678659889838496,0.0,0.0,0.314436274957195,1.1139332448768287,0.9162649797397404,0.9700948353029353,0.0,1.2802667304683708,0.798936695376844,0.9601684029391195,3.0520388462648596,1.0049587599673446,1.206257503448408,0.4851937791382738,0.3236878258691686,0.0,1.2286624840673435,0.6142623483676473,1.1099481889627478,1.6342285790026745,1.0492944268697633,1.049041615511223,1.0462917629843873,0.6795585940744908,0.6765589924761093,1.0440864328542496,1.3959996260595293,0.5898905442069472,1.2314773209106722,0.9506290625484949,0.0,0.0,1.9867564598364023,0.3345140227765416,0.9233079170796618,0.8007302051561043,0.7609908775546085,1.0764309407446029,0.8446030156084345,0.4462479981141107,0.0,0.7474498003527196,0.7249148428042375,0.0,0.6534408192701429,0.9176720251961439,1.0297248326773294,1.1159770974318004,0.8180487173884843,4.592357238997307,1.783530969934839,1.0760493356314607,0.9014669590734706,1.0893877495750048,0.07253014005206461,0.2686760089722616,1.0377051542490539,0.9173553571142156,0.8107419598630571,0.8685863462193939,1.091018072757418,1.1548654513858003,0.2406808326807559,0.982318229065636,0.45165261350837993,0.12776782894747757,1.122121534326694,0.0,0.24721820289117485,1.0903922666595742,0.9598919712266232,1.3420082473362263,0.0,1.1128201532831863,0.8852670689877032,0.6900109716564722,1.3162773987636596,0.0,0.5525238835192059,0.9593541227823542,0.6414033234723097,0.6454954785713956,1.2405283592380836,1.0855403391461984,0.9591604207057676,2.1556448246963873,1.0982982525992127,0.8231839115458466,0.0,0.9607631923703238,1.2389254293545007,0.0,0.6727694909787151,1.0338370888780621,0.0,0.0,0.911974305905195,0.7515439918500226,0.4775237877434869,3.4999965000035003,0.6146674101123867,0.528702281910476,1.3396798346546632,0.666997447733646,0.6965803805177824,1.297525059548936,0.0,0.0,1.2398599715575438,1.4836444552367445,0.5172152570412185,1.2042619964403851,0.0,0.0,1.1879270371279518,0.9796945365694736,1.2895800109079563,1.1607340656341925,0.1239583182383257,0.9376314368868203,0.6754985551767031,0.5526102906279802,0.0,0.0,0.9543964205636054,0.8340850237650843,1.0767168061569699,0.9708255846292162,0.8402863510641938,0.23570057596349914,1.1573464217777576,0.9159698791205102,0.0,0.49696988452028235,0.21631199943025448,0.91282354366021,0.958467635476649,1.3717205946547284,0.2609288933964029,1.0076516624109093,0.0,1.65561455692267,1.1061977585268323,0.0,0.0,0.28507047491754556,0.5038220928048043,1.3015061850838583,0.7324212805313939,0.38501367150769417,0.7132920224697785,0.4353014512818692,0.8081701341875223,0.9497365812134474,0.5740778359297936,0.0,0.36837450257441684,0.46326212443789494,1.440055826960041,0.7987642814765246,0.0,0.9874257469699501,1.3434671414251094,0.0,0.0,0.9072560480771067,0.8116404723174279,1.7705840677041826,0.0,0.8756240091643889,0.9159613810069821,1.8204128881855277,0.7517547042241315,0.9451542346676993,0.8308708611410497,1.3518602264673336,0.7864412052243809,1.5023722753686723,0.508278279742864,1.010012527010217,1.1613794663018577,0.0,0.825228946948473,1.4590667216357018,1.3585814450489666,0.0685004188647019,1.4908341524097262,2.388820053345375,1.1488021475447003,0.6431802178183426,0.7261144258000662,0.7828930168427731,0.0,0.0,0.4739883102803545,0.7610576364676772,0.0,0.7440033069701564,1.2793817253499844,1.0627221800931381,1.1581535832483905,1.011317853496699,0.5453292167824919,0.6609302934473413,1.4024739476527783,0.8025997626749255,1.1969927536519855,1.0212013855213204,0.0,1.1253169868399395,0.0,1.2915739988456434,2.115852147453517,0.865713928090816,1.5744514195090868,1.2337358852886506,0.0,0.6508540988856464,1.1299923847641395,0.6240309033056991,0.8774924477115273,0.9033307530517676,0.5280161867436609,0.29720226788252907,0.7759222041927714,0.0,0.6281917436199462,0.818302624458991,1.4004832290343212,1.305209522675657,1.1690663958877616,0.0,0.6709279019994848,1.093328961232606,0.0,0.0,1.0987636260847293,1.1366930951985026,1.6668743656210272,0.4986606923920134,0.7517580809634782,0.5971062790463907,0.6195412539618027,0.7110007178573662,1.0885603374594863,1.0376065927774085,2.2242987144355433,1.0842842207373025,0.6789435163889413,0.7443395593986804,1.2027022894627217,0.9185903109876092,0.9348473446217251,0.0,0.8615678682957261,1.0828360252245604,2.8539437972698316,0.0,0.8782122010961142,0.6938807137538888,1.2504456165179794,2.7444774426658993,0.0,1.4580522781595064,0.5089722550429427,0.8820195552222176,1.2529101308041417,1.364387781303812,0.0,1.1799313456421636,0.0,1.0345376530762291,0.9244668077072782,1.146365583813857,0.0,0.49343671318027593,0.0,1.0153133927243991,0.6673604821465406,0.969771004264723,0.0,0.36725519380103966,0.5033650132975844,0.8400473914919108,2.011263342332396,1.0192972874322688,1.0691635565165882,1.0134606348847317,1.3492892186066412,1.0176455474400987,1.1318288245605976,0.0,0.8349735049094548,0.7343189709663158,1.3426596708710685,0.9210323883225504,0.9856295508812227,0.0,1.8073595063980026,0.8802606534478299,0.0,1.6976464774421118,1.0434923984005162,0.0,1.3941843087368107,0.5084665136371872,0.7428380135223005,1.2784005394321063,0.9481957686697987,0.859459520365651,0.4161878555925942,1.321112718396122,1.2117603620528357,1.4598309270344711,0.5964207590412707,1.4121167962937404,1.033615298150108,0.6727145183101849,0.8388144686614045,0.610708603836863,0.479576331857163,0.3607305943651906,1.2400821982175758,1.2622971590925052,0.7218297176156074,0.8821273114578103,2.026767715249205,0.0,0.0,0.0,0.49280964928904275,1.66632594264782,0.0,1.4056623386080944,1.2870019097793335,1.2405648347180365,0.0,0.5987056587265221,0.9678708247124872,0.9459672688409039,1.2640796957075742,0.7684603464524565,1.0912079241154664,0.5825758971970421,0.9739248419985519,0.8530088254432326,1.4299979737923658,1.03747499264828,0.1936188435100146,1.1718374184360596,0.8921292308716917,0.6889994634650918,0.7949399492437744,0.8581056164338671,0.0,0.0,1.5812032990260714,1.6696820469961828,0.5281924166052034,1.177009267104312,0.7410679582480809,1.0695824461547774,1.517004591718716,1.8184881556973507,0.3096517478653393,0.2933467718401794,0.0,1.1717465341591624,1.0861229380285722,0.0,0.0,1.41160990767988,0.7614871487664843,0.8104544325846393,0.8190059299298756,0.9634855070518158,0.8346029180744402,0.9333161125257503,0.5167157629092022,1.1041504293776754,0.9179385127916139,1.102835066574335,2.0706876075045315,0.8505408691213993,1.1689867064555965,0.0,1.0556890815543771,0.9433289168924834,1.0617074425488964,0.7523541376054292,1.2974080457643389,0.7115526500941061,1.4556617164142276,0.0,0.18070276127644752,0.0,1.0374862137779042,0.9082639823995626,1.4914864731664137,0.7816113195631156,1.2218674993459406,0.7834888217969834,1.44644373686934,0.1733519453135524,0.9524662116913983,0.6864739028688888,1.1318348580481403,0.0,1.4580438268971572,1.2952862522406965,1.4478850014521898,1.219201037223573,1.29183564797759,1.1728283970595306,1.1181445225616056,1.4288356042832517,0.5298763822530655,0.802727309329211,0.6294557391390612,0.3933698639299633,0.7555994442850644,1.6220423561048936,0.0,0.0,1.035256422071538,0.9139833381893183,0.7476253220841712,1.1898859342379042,0.0
70,0.11143661956259783,1.5622353564503157,1.3789722861421725,0.0,0.7732776661673844,0.0,0.0,0.9678489253456042,0.3965383760218882,1.1202470600180092,0.19233025047469254,0.0,0.0,1.028109447147525,1.06227233622107,0.24129385667105552,0.1463830602518131,0.9863184656444429,0.7109674261842823,1.0391669239489982,0.6097720693338803,0.0,1.419943997002428,1.7517819503631635,1.170200296220739,0.4553340843832372,0.8934295207720098,0.5330718401108593,0.0,1.1181576214013675,0.926723892125398,2.8414810219747917,0.6507183688645072,0.781862591850869,0.6581403035306441,0.3904599944812788,0.7335625179294876,0.0,1.2750402781240133,1.1468225221049995,1.7452538895956449,0.9342873972994907,0.0,1.2502580596862352,0.5075620882559815,0.5850292456307524,1.4297878867793674,0.9260634479248349,0.9111422510373172,1.1581603092042414,1.2832320587269779,0.782712109285951,0.5692558734529704,0.0,0.0,0.8638641294169799,0.8641574606664094,0.8066909565522309,1.0351736222176535,0.0,0.10714283230831098,0.972515203074449,0.0,0.8082643966896127,1.1150459657244178,1.0437055222357938,1.610818579106878,1.23418381438758,1.659365127192228,1.8053455216630405,0.9306355585997712,1.4367329204044026,0.0,0.7730726510646793,0.5622767470794386,1.9334896535749235,0.5566853245801806,0.6518171896989235,0.947493157873601,1.1293204689429552,1.2293499625151665,1.19330686593344,0.9057874456950492,1.6122443408566112,1.1490090483250819,0.0,0.603767070591236,0.0,0.8739523604083246,0.6460480371247158,0.3431623999545007,1.0681455508187676,0.8812084399563426,1.3127157128870748,1.1632367477288472,0.6349708294047842,0.8363450209320482,1.1111234693900143,1.3971013699399544,0.0,1.0778468926779665,1.5552378805215819,0.3915804953872854,0.8643815342313526,0.7541677619605865,0.9018542094350064,0.0,2.0953333022941143,1.2413851512243976,0.8939927973348888,0.9622756863372178,3.3084164179109354,0.0,1.0429796727021996,1.2864369154805222,1.2726279183549456,0.4178172848548716,1.2577719333036033,1.4329119375532113,0.5936507754674669,1.2693593522836193,1.6563672507434086,0.9247326716755002,0.0,0.797176147230704,0.0,1.0037334634461952,1.8446411394518507,0.79682739172768,1.3855495575502457,0.0,1.8418230534476268,1.1136417563128178,0.0,0.9157583949645364,1.4942322349239112,1.1347325594318447,0.9040588847097667,1.225076438400326,0.8288433537350184,0.6850477798923227,1.0332253428735227,1.1999637482010783,1.3161480018533942,1.4538213452313176,1.0938862813515455,1.1727589988504272,0.862560181791088,0.9111401326089329,0.7922670742083852,0.7223046688384747,1.5875318895190889,0.5273617193002318,1.0573966763616442,0.0,0.9029355516460222,0.0,1.3825259372443433,0.24699930682571694,1.4467521353134363,1.142924641530565,0.0,0.3223668212276106,0.8513361123246067,1.195960730123726,0.0,0.0,0.8812949698463244,0.8519089454488732,1.2986629445042792,1.097148185143195,1.953276656053177,1.0324327852016573,0.0,0.9499219909697385,0.7981192195377038,0.0,0.6302110936714916,0.0,0.0,0.6437657668012963,0.9637394953276612,0.9726048670810581,0.0,1.3887140624842815,0.6553091752536766,1.3311220453574686,1.3196763417113924,0.9402564759629701,0.7529976993965964,0.8013470848956975,0.5515434083424579,1.2372117536364646,0.8267902025048006,0.5651598752907381,0.9403603318174163,0.8382610150421326,1.3031577308828024,1.1157653873953686,0.807854712966699,0.0,0.6375928555877537,0.0,0.9918949641971126,1.0017444008841208,1.4345153278396596,1.19464865681265,0.6779307602208265,0.0,0.2092448093245205,0.8279437940976435,1.1272585091613099,1.13692876832497,1.103103128973948,0.0,0.5020531015265743,1.4763299579013958,0.5262509991697177,0.7550319031860502,1.4224447984851294,0.0,0.29888536430632434,1.3725300733935324,0.26468846140677005,0.6116823413946875,0.0,1.4924693150211066,0.1250110414146807,0.0,0.7908213147252852,1.6370476940993461,0.3839847680828993,0.8657387433723025,1.27125817898705,1.9695656758040312,1.157066269828755,0.0,1.4907001798533495,0.0,0.8880043589453208,0.9731370023439015,0.8968794325211211,1.0213292054397358,1.0635830425134025,0.0,1.2183879826758874,0.5828918143209476,1.1399774828332467,1.899434517411432,0.6964607587613523,1.1757628784393586,1.1832425254698937,0.0,1.0364507635020792,1.001936635851604,0.4141160533465394,1.047153768080021,1.161608366568498,0.9395173339547485,1.2438504594755322,1.117728804594178,1.4044366464929545,0.5801271672386767,1.1637137276386136,0.0,0.6624594138523289,0.9418879013178479,0.7382989362973764,1.238103411888669,1.03712527061599,1.8545062750542938,0.8162823280427851,0.8446675456791917,0.826529700396822,0.9296180221001129,0.0,0.0,0.7958725134487553,1.4534664967309552,0.8324404819008635,1.025164325850103,1.2006774295359306,1.0091428506381133,1.1635221217690506,0.1373942180541298,0.0,0.0,1.4282876288355224,0.9641794393199002,0.0,0.4434326089938204,0.8094402255060795,1.5318230169929994,1.7264831917172934,1.1532582526927282,0.7398104427343493,0.7916530336499413,0.0,0.4586862917947785,2.105813160123872,0.5871682113770968,0.0,1.1949060925302148,0.8927266859917073,0.3707360324541555,0.9003879012817843,0.40064986421437626,0.5362603902618677,1.2450916885078906,0.25861661616364623,0.0,0.31830190657985946,1.0495950935887755,1.1662132298370498,1.0161693784385524,1.2035780028567182,0.0,0.8808672564660027,0.0,1.6371686101011922,0.9798367421049108,1.4171478647611493,3.287211058790354,0.0,1.0736695964094505,0.0,1.3715928623835587,0.0,0.7268844926687488,0.9056381880730955,1.506954200489282,1.0341055183153598,0.0,0.632280376787696,0.45624835103634,0.7423141017578914,1.1955552574908748,1.9328492930502317,0.4110373742505281,0.6204081148406717,0.0,0.0,1.078303221834334,1.8402776941709442,1.5600723582671503,1.575547168462651,1.0074511582094754,0.7290813670637871,0.6828866741856001,1.2482824734404794,0.9964059916378168,0.9156580329707449,0.3024396461006762,1.4323242593016297,0.0,1.3433742075788677,1.0167354793447936,1.9794910278842126,0.1679586009606177,1.1220557372233981,0.7657745593906402,0.5845564177024567,0.0,0.0,0.9582260360155207,0.6292759755135512,0.1743055001028175,1.0764779822339907,1.2030720452054722,0.8811204200144959,0.0,0.0,1.2039746286065103,1.3615850956607387,0.24869999568637216,0.973889678360902,1.659177495381553,0.7104625393742359,1.4284769713714107,1.0570141885932316,0.0,1.1614576892989188,0.7841061564788412,1.1618859995514057,0.0,0.0,0.7962231926146974,0.0,1.5490496758001744,1.0816379105046428,0.5588368871168372,0.38627340580104147,1.5446929825550075,0.0,1.297391652470008,0.7077434212235141,0.0,0.0,0.0,0.0,0.983224054798002,1.715300959623745,1.6349308916851721,0.2941379398991681,0.9747085709430467,1.5432388641518902,0.9000368278214362,1.2285335096767815,0.7773383557789151,0.0,1.1693981640452733,1.8202956622672717,0.5053970427801272,1.5851765396392294,1.1643533531134382,1.469436328313264,0.6394789048215681,0.8625415620789468,0.0,0.0,0.0,0.9959935853353911,1.1277386857429335,0.6185752855786628,1.314772764955386,1.4684385483693634,0.9733039098767835,1.151595281831387,0.5598675256336775,0.8994718989257342,0.0,0.7999491110469484,1.9331478474258699,0.0,0.0,0.2090308610693351,0.0,0.0,0.9837340475020255,0.7915955914160377,0.7953923959294686,1.1770356027968982,0.35450148102122253,1.010028294202868,1.0669969990338317,0.0,0.0,0.032354799871059256,0.72816089374604,0.0,0.12937737874245475,1.2630865033881613,0.710839877404961,1.1967083569063666,0.12662753277335362,0.8649043089263524,0.6821481670605906,1.058296822600146,1.0237567653038409,0.4080716756139787,1.6742961909331993,0.5155340672980329,0.5931338962566877,1.0756807850335934,1.549621482784997,1.6445834668868449,1.1690509674933462,0.0,0.0,1.0171860268049966,0.3671118955855337,0.0,0.7135579985913809,1.0705130769378002,0.4255015249002926,0.7440870004135813,1.5016899846186724,1.428309671783231,1.1042190986757607,0.780895940496166,1.1813677807882663,0.4803315034175615,0.6394229175812398,0.0,0.0,0.36683039872178436,0.0,0.7031748920255763,1.4365057969888353,1.590474828676841,0.89005370151658,1.1991176298533799,0.7120495163873504,1.4766123223276635,0.9394449490388834,1.1768541082112862,1.017747168962004,0.5809461397796198,0.9048540473045217,0.7841864998002217,0.6758686996780177,0.8444965654877842,1.3686479905862028,0.8078519818305503,1.0615494104755634,1.187848049514413,0.5980959931526606,0.6433072628092742,0.6998449564628126,0.0,1.127589752760233,1.4992411354548576,0.0,0.0,0.6557269245196544,0.43247290494392493,1.6745922927392605,0.9723841806186684,0.719621169248892,1.258169379574673,1.0375280756785024,0.888224683568766,1.478407977688451,0.7003590311199673,1.30079962092174,2.1345860016526492,1.0007256172052816,0.15055240825380206,1.0170453562338913,0.9829703970538459,0.8205496559195312,0.9654402014627401,0.31081555578337605,0.9793276778830415,1.5305351141779036,1.5752884891911667,1.0815060422869824,1.3433916897476965,0.874556906623157,1.0836716225984622,0.8745621255851509,1.4042695980209796,0.0,0.5962484948146116,2.0923896857198763,0.0,0.31715318348605004,0.6717418583234114,0.5777129762997852,1.048291917601844,1.3012300242875239,0.8152403286143917,0.9766865470878896,0.9137733430652133,0.9048345593087217,0.0,0.8126365367198602,1.3469894042815,0.8540229583842294,1.16520219800109,0.0,0.8032667824880755,0.650791803496805,0.8584399059130357,1.3009252132584157,0.0,1.0168598690821904,0.0,1.1001366294540778,0.0,0.9619532420791257,0.0,0.0,0.7023490667197538,1.154925614119229,0.970004156480368,1.2957361571779706,0.0,1.21660512619069,0.7434921207456131,1.1279202415109641,2.572432734377431,0.963891798619466,1.0241997178363689,0.5123923108395392,0.6761479069228533,0.0,1.0422925363101412,0.8555654482356623,0.9780284137621091,1.1634363356435244,0.9043868692619323,1.1972561201695409,0.9681161895100188,0.8922697121931449,0.6078648847746417,1.2861233605919296,1.2889273527996175,0.4253060568674,1.1469905911885918,1.201651665777659,0.0,0.0,2.017622677283813,0.5276940922003346,0.7767568199001448,0.758098115553272,0.792525477021142,1.0688451494425397,0.9081302949503338,0.7458868788490416,0.0,0.5577895154290082,0.7135209639300526,0.0,0.7073253931657432,1.1208738946103796,0.8531582313105948,1.2421906422044928,0.8973306431365918,3.781940524681964,1.2547400592378282,1.1854343853388356,0.8789446676398263,1.1708495762832454,0.29012056020825844,0.0671690022430654,1.1087858956331051,0.769956283413255,1.2118106345799455,0.6824133805949683,1.027176498533239,1.0575814360858613,0.1919336656998994,1.1499946615746222,0.44428811618579983,0.5110713157899103,0.8370351802270277,0.0,0.27543945610771403,0.8699010763762269,1.0333276058003862,1.1857896291896883,0.0,1.1000341991480664,0.7707915398797074,0.44348410742167754,1.667365603743769,0.0,0.7678857964112684,1.105183058746406,0.524474828982187,0.8246696829951317,1.1707526371065866,1.070885605916465,1.0089303967262557,1.922792847515125,1.0649505303744364,0.9849594544959495,0.0,1.011017038980781,1.028489700240838,0.0,0.6568611392231003,0.955567076920174,0.0,0.0,0.9265351089746765,1.5376417183629254,0.5345780391555983,1.9999980000020001,0.6395379589547365,0.7698560199435409,1.3366628797761053,0.6153845480531923,0.7794880007502537,0.9711795005001471,0.0,0.0,1.1769055710175909,1.9223851733389323,0.5350399833179986,1.3534017250876156,0.0,0.0,0.9199849424255631,0.928474949696104,1.101778430980396,1.0081139036510947,0.4958332729533028,0.8923067791474606,0.8401067598521353,0.5934778527930945,0.0,0.0,1.152903388190802,0.7238199051582715,1.0047009471721855,0.5942886987000622,0.9573486633934076,0.2979606571628818,1.117695750856642,1.2123136944526307,0.0,0.4709056957855209,0.09666442375044437,1.0191017516194343,1.1431188189462973,1.1444528155891702,0.21877575298257237,1.2616923615538873,0.0,1.4040128929645308,1.0118048954096863,0.0,0.0,0.2925561396364248,0.7141631795185016,1.2777343781831054,0.58644793788886,0.30992652462097686,0.966097596468537,0.6939919796714196,0.9844200963062717,0.8848698891243576,0.9416668562986525,0.0,0.3878766775114201,0.4323015082145609,1.3481198618371808,0.8797914815086956,0.0,1.1766084206223564,1.2720076895945343,0.0,0.0,0.8678531134225824,0.9040189689085506,1.3880818251614513,0.0,0.8780702857508556,1.0635412224959784,1.8193661992598396,0.7263312397146593,0.8294248966658826,1.0238105396100714,1.308391789884858,0.6806158463320469,2.069703072450552,0.5225672229818403,1.1822023450065884,1.3260005250912483,0.0,0.9371515318409136,1.424950750960539,1.1825036616105713,0.0,0.8222062775593886,2.3952607601525004,1.0904504792986263,0.9109448934987973,0.7917394292004427,0.666908863921933,0.0,0.0,0.23013926922694777,0.7237404992527942,0.0,0.6962699703917616,1.0862604597398016,0.99210947070239,0.974365314120991,1.134141133159888,0.5470647079909591,0.6868132427024685,1.2583518655528134,0.970987531980255,1.1641265946061292,1.102356248229825,0.0,0.845420897523806,0.0,1.3720566952547966,3.173778221180275,0.840724021743618,2.143082688662268,1.165731235375878,0.0,0.8020741048258837,1.1458945962023241,0.5218307345130948,0.891255573836386,0.8880850648818983,0.570563287566042,0.514231244593057,1.0420193910669087,0.0,0.8637636668109765,0.8050707371411299,1.26402645869628,1.4283995408284267,1.1769229260241856,0.0,1.7805394084094819,1.045330290739339,0.0,0.0,1.157126605177883,1.7391060030716274,1.228828916128752,0.44518977914010016,0.5491710963749254,1.0236108128228827,0.4524583807380477,0.8359039209045409,1.1215777903511779,1.0045838134528773,3.3364480716533147,0.9551830181595382,0.33329954491411595,0.5834019603251902,1.1337807956126187,0.8923780004054984,0.8854665983249403,0.0,0.9100808717755897,1.1083401717965098,2.764680639261348,0.0,0.6826165591922475,0.6709653043773468,1.4087738856714407,3.091481505050416,0.0,1.599055351856184,0.0,0.8268819492624251,1.1621902227157266,1.378099749283987,0.0,2.0976557255860686,0.1773313090180223,0.472032399227354,1.2060375650307387,0.7898035880362829,0.0,0.5188918006514284,0.0,0.8464316456335295,0.6134574765103626,0.6451883421300928,0.0,0.5486391583920844,2.516825066487922,0.766810177707643,3.3345839284245593,1.0293217300262767,0.8607014918118615,0.8797625164301708,1.3692150117349282,0.9504778467989257,1.1385077944519764,0.0,0.8038765379565548,0.6904590932844443,1.1656427174118476,0.8848002170894667,1.0312506316036685,0.0,1.7723442359547883,0.8125206875740576,0.0,1.7097067960256231,0.6157253276180645,0.0,1.3143996245676244,0.48819071349828297,0.5628670543171961,1.121289294313071,1.1515480140416694,0.9694465256406197,0.5849077689014583,1.1509347842815605,1.1812448560495672,1.2825455193394943,0.5604087568100097,1.356160746125573,1.1210158423952943,0.994791657658199,0.8733140937833659,0.7240734327553602,0.10858332024976125,0.4637754964389251,1.3446737493496503,1.2226399625502955,0.6305021189511775,0.9979889827510042,1.7523228793400163,0.0,0.0,0.0,0.12320241232226069,1.188028680379838,0.0,1.344886831527585,1.5726928028044043,1.2775739567104871,0.0,0.4278256212827011,1.2098385029712637,1.2121936792227113,1.2093186304405665,0.4831779009946362,1.3948967821792415,0.4205140361164666,1.6099005515453706,1.0423408747346325,1.2252595198522713,0.9382127594028755,0.13714667409671827,1.2940801013065233,0.6605651245549296,0.6294562973304032,0.9376442522704277,0.7597108489847815,0.0,0.0,1.2891600021346068,1.8056110253738011,0.5672734651583586,0.781912081612559,1.0221626842895197,1.0923760210960163,1.7247446064129337,1.9316566313950587,0.3422843238254506,0.504189765246194,0.0,1.2553227642063003,1.7553233761415294,0.0,0.0,1.3964942403157703,0.6790095024193591,0.9328469611368955,0.666909080317865,0.9793546769228182,0.7335845515430186,0.9205032043223895,0.4885074393920719,1.2467334979027522,0.9498660049478516,1.0347103249826064,0.5176719018761329,0.7565826476252029,1.2507901420552625,0.0,1.1744005519151057,0.910060251276551,1.0392746935913686,0.8457210009203197,1.0793908887586288,0.7293357003847694,1.4136761290809206,0.0,0.17493565115823176,0.0,1.0395544229243512,1.0530043302801166,1.6024814719244915,1.0033875931590162,1.156429798691566,0.9552471665410478,1.5554075595630779,0.0,0.68060074594702,0.6751272263738513,1.2217994830175722,0.0,1.6822475803254244,1.2762535468421667,1.498617345132112,1.2607607636958886,1.2675538982332621,1.5776575505242922,0.9825962115003909,1.302059997406349,0.08831273037551092,0.6401868843119564,0.4482705931117209,0.36714519846723676,0.8343691341234395,0.9584795740619825,0.0,0.0,0.9032612293225984,0.8755083089226676,0.4938041072966134,1.1678224643374997,0.0
71,0.4457464782503913,1.4643083640942902,1.216358491656917,0.0,1.4087282428962522,0.0,0.0,1.0801158538218154,0.3691061264806362,1.0410054580241395,0.34969135718771316,0.0,0.0,1.0439965441655823,0.5311361681105349,0.30344714071154877,0.0,0.9589150362865183,0.7876427973287298,1.089802001480857,0.40651471288925356,0.0,1.0068624457556177,1.5330455938236551,1.1645018357155406,0.5367166832109087,0.8774905285973644,0.47242634852552723,0.0,1.1817548942312188,0.9993921148183998,3.537353941883957,0.5631115781384726,0.8019516695006964,0.7011740373192838,0.5010260505307458,0.6250154187651085,0.0,1.9502407104612969,1.5852939229824732,1.5305931242093234,0.9558832650979558,0.0,1.3193446751067677,0.5308857095139786,0.745974555191468,1.508645215756561,0.9050300514089672,0.6497086384533374,1.1185054777967014,1.7860191760385622,1.0995669739049758,0.7516352858241403,0.0,0.17365501496299712,0.7701748003765103,0.9357167998010189,0.8990230654645746,1.1693877932241492,0.0,0.13392853368896337,0.9084970799168485,0.0,0.8635846016042765,1.0537410212368528,1.1581059688437625,1.2527678461260785,0.9952164466901526,1.7730407734192037,1.3073572347385622,0.88590769019834,1.3942517495873523,0.0,0.8405614659670158,0.5426338904666269,1.7983575023349938,0.6755608354522267,0.5321271969414796,1.0659298022788106,0.8684991640493506,0.9430484508212588,1.1312140410138112,0.9822045682270931,1.719463618153275,1.0268753461019737,0.0,0.6092449411532588,0.0,1.041364410791233,0.6420950122408291,0.08579059998862518,0.8317222655916685,0.725382546763958,1.271272715422192,0.9841419134257243,0.6621726924266217,0.6815286865919294,0.9974294865360951,1.352660068054505,0.0,1.1106600894795924,2.419259059659008,0.4468742900280645,0.9624197680170679,0.4861324460412771,0.7737061997688585,0.0,1.986185172873287,1.1442604361400597,1.057149288749738,0.8940078230722066,2.7860348095064,0.0,0.9429120908911938,1.2768151059157256,1.0107247059805358,0.5931864740469932,1.3265668852174732,1.0563105003346058,0.3339285612004501,1.1944105366662199,1.592510369961971,1.0031868077844857,0.0,0.7312096853152814,0.0,0.9494722786352544,1.8695805515636963,0.7673903330036753,0.9035932607693513,0.0,1.7354710894841667,1.097744986413636,0.0,1.032948202876422,1.606147490970384,0.955202036802359,0.799146843727173,1.2076994640997678,0.876236560975914,0.5170171832506024,1.0628965615527775,1.226823069356886,1.2218010894211566,2.33530951547559,0.9796352849166238,1.2193141071829956,1.039541751279819,0.9322110299793037,0.8444847317567172,0.7378664966509113,1.3932657140970626,0.4482512418395035,0.874844305283375,0.0,0.8644429770183754,0.0,1.6811085518501998,0.29507786670767644,1.1871060509735296,1.256145037550995,0.0,0.30067591018079953,0.6720236448770875,1.2029466779141713,0.0,0.0,0.7785732105515281,0.9253685785865788,1.305315075113988,1.1305119472547567,2.0184926861080825,0.8429455628676993,0.0,0.8994133815073903,0.5859776210044227,0.0,0.6339337282475597,0.0,0.0,0.36211824382572916,1.1093947831569895,0.7784746432577998,0.0,1.222112343750406,0.7357857391229898,1.5317020703472486,1.116418945274689,0.9614035172397467,0.8036906506018726,0.8907617954431486,0.4769909757567431,1.2975675422438577,0.8195744080072356,0.5905441727747265,1.4040743607704704,1.4627047212666946,1.4732741983666977,1.349903931631829,0.6830675743180749,0.0,0.2510102331223573,0.0,1.2816099253765991,0.8813604500820058,1.1028727629937705,0.9924866765033861,0.5281199086481829,0.0,0.2070651733038502,1.0166727838692156,1.0216035809753914,1.1832423819627607,1.0178782338900725,0.0,0.5240794480787045,1.4591016918973891,0.5464432702771913,0.7987573796604849,1.374362689704582,0.0,0.2617286486416062,0.9548350000904274,0.6851502370064542,0.38918651245881875,0.0,1.417044291139156,0.38291670229260155,0.0,0.697503128417557,1.6200781489692768,0.30282116775715423,0.38804236409021825,0.5356175206106434,1.386859006809334,1.1073176043097057,0.0,1.482282016639039,0.0,0.9032699250809006,1.2031401864795985,1.0511081761546728,1.0309548781447875,0.9707559073449757,0.0,1.2081442963714262,0.47672244607086656,1.426281735260859,1.377780843873765,0.5096497126880499,1.1643940056451414,1.0347395201314047,0.0,1.2657893721625473,0.9616184167649244,0.4773585895177289,0.9704768389469101,1.0341012786629058,1.670253038141775,1.012044272339165,0.971023430986323,0.9829615853896944,0.29942047394172205,1.0273287050055784,0.0,0.6024646982937805,1.0202175446234958,1.426904673594155,1.0771363125120055,1.1913749055848124,1.7099349526044407,0.7876866631152374,0.717350696602799,1.1620490595709954,0.8987290373380903,0.0,0.0,0.8875990000909809,1.3750217047928568,0.7245567812580571,1.0089606303711922,1.1293871647511025,1.0188128731681234,0.9635825522060049,0.3434855365481869,0.0,0.0,1.5600890464600203,0.8144547502546587,0.0,0.37246403681826507,0.8839513227541012,0.7743281177037206,1.5062002802140209,0.9670843774825637,0.7775634836840336,0.7641050012439845,0.0,0.7335398197498715,1.6722982156652033,0.38475378952605505,0.0,1.1152306170338233,0.8927266580940023,0.5103420543478863,0.9306349181919894,0.3373893510146725,0.4244240850575492,1.0757064286782378,0.0,0.0,0.4633273709810309,1.5743926403831634,1.3591324826911686,0.9857329218450487,1.1775711179370258,0.0,0.8081589254592312,0.0,1.8732880870353565,0.7921247133997067,1.2534457200990619,2.0228990352979865,0.0,1.2665709686925943,0.0,1.3130118235558008,0.0,0.4903994496805625,1.0031539284258337,1.3557164920960272,1.2103231844912883,0.0,0.9252763601148142,0.5387283208916309,0.8322915703417544,1.2400201837767453,1.2713500203155192,0.6399784989897552,0.6146146886206816,0.0,0.0,1.081481978174621,1.8402776941709442,1.5575871051415706,1.5833469022868794,0.8719005059425368,0.4166179240364498,0.7053570706849375,1.275398151424512,0.9487924867749873,1.0325504633914688,0.3243070710541043,1.1942050734022598,0.0,1.147691975001537,0.8943743254610359,2.068183675482749,0.0,1.1027717123724832,1.1744680206732578,0.7649750520444303,0.0,0.0,1.0379931582424078,0.4494828382765689,0.69722200041127,1.0883970354454284,0.9432618357813296,0.673012805030587,0.0,0.0,1.0673049947097282,1.4340944268749032,0.2845194747353385,0.8942983072539078,1.5443339654559614,0.40435899807160713,2.0247481248000523,1.0271166049173144,0.0,1.2298806339932358,0.9315480924667624,1.0726148371785464,0.0,0.0,0.8846851452395229,0.0,1.0326997838667828,1.127212876084272,0.5022026156169547,0.2811620535270529,1.3833106533240138,0.0,1.2108230972909706,0.9514338328789249,0.0,0.0,0.0,0.0,1.1008569103497683,1.7748744366688376,1.4989971012208574,0.37271836888380555,0.8162863262072995,1.4793188746838686,1.220162209535262,1.3417642162292522,0.922976013819758,0.0,1.1539260842830563,1.4993082851216615,0.5329934272585557,1.370023142027788,1.2560527455148525,1.4232277997209333,0.6769162676570656,0.6254879519431451,0.0,0.0,0.0,1.2393504106058464,0.9271869638371085,0.6093967791360495,1.3772165172506692,1.2129686215378581,0.7994050382556853,1.1392093171734468,0.6618800383973246,0.8926295474379604,0.0,0.9182976258398033,1.911564189164793,0.0,0.0,0.7525110747659081,0.0,0.0,0.8733094593654862,0.8407272132666828,0.5204871545995298,1.0265201283930758,0.49993798558942765,0.8003022388590307,1.0338083501366129,0.0,0.0,0.12941919948423702,0.8378946180673241,0.0,0.06468868937122738,1.2757484269212536,0.7345069049332407,1.0615000206523866,0.5065101310934145,1.022198179404036,0.9497107889341033,0.9393399938002631,0.918791713960905,0.33872646623329317,1.8700680133284588,0.5358113838275451,1.0731658004679505,0.9076813257769363,1.362404383508672,1.5660993991098981,2.078312831099282,0.0,0.0,1.0072719227377231,0.39660901774817175,0.0,0.8583503879019295,1.0390278398620167,0.33401999863166426,0.74022632898251,1.3772195332105304,1.327792319190248,1.3822699952902884,0.7510740397885205,1.158835176948171,0.544466675809747,0.6165863766545778,0.0,0.0,0.7419577128432517,0.1720341665296878,0.6520528429220019,0.9893720764723175,1.6280660794117872,0.7280764273037491,1.5120926182246675,0.6524101267891722,1.3643628812402395,1.2881024837834572,0.937964935478696,1.1721979779172065,0.4671769224930571,0.9894565023017393,0.8145638718698633,0.6946518722199623,0.7770237179695876,1.4916775162546108,0.7831917858489206,0.7090054989769521,1.2357017409254385,0.3806065409625625,0.8502115625387168,0.768417534829947,0.0,1.0345816195312225,1.3909780767297226,0.0,0.0,1.3114538490393088,0.9009852196342716,1.8545694207610302,1.0101358837731775,0.46149618360675004,1.5098032554896075,0.8928437305525712,0.8643763966016289,1.3865679419032286,0.7052158596169126,1.2254444524065737,1.7771553205306811,0.9503124209868453,0.14722882562510853,0.8507221298537992,0.6765200324810264,0.9621068474206649,1.1796947158587199,0.15823337364785722,0.9629459763619008,1.6790803463125095,1.4226944749755954,1.323215175437396,1.3227242518762847,0.9329048851060167,1.353481943878187,0.8359213139296425,1.4234516195212883,0.0,0.7258315627220548,1.6099004497229776,0.0,0.22614400764193132,0.699643310754539,0.47601475750959,1.031826923830539,1.372508253180217,0.7590189136952874,1.3345499319615262,0.9621757577166061,0.7304907418884061,0.0,0.5618875934180994,2.684752864228937,0.7988913142572035,1.1278580442706443,0.0,0.4536969806507067,0.539268624259847,0.8525744510985278,1.2275132814520608,0.0,1.1174363895664527,0.0,1.2443629534877734,0.0,0.9644486686792584,0.0,0.0,1.1783856473606136,1.061837304655331,1.1221249113306146,1.5423034287738928,0.0,1.149591612967781,0.7713476577072745,1.1893363366726377,1.5696200104680458,0.9400274258678676,0.9651019929617495,0.5965612770519062,1.5393154545624061,0.0,0.9311751679775142,0.9548357615856728,0.998087361288765,0.7319426252107263,0.8005475017753432,1.4305004036995426,0.9872832984277473,0.8806241298599121,0.5582441685791347,1.1861515854701992,1.1720517583421477,0.3581917355032189,1.0805892992648882,1.386521726114291,0.0,0.0,1.39496504344875,0.8313134979573831,0.9186856186201141,0.8458840367970613,0.9427221703428597,0.9278394271343424,0.8714084174456507,0.894472718752277,0.0,0.4414394484256622,0.7326758877187141,0.0,0.7892606150973451,1.2611381423684795,0.703168879036346,1.3387462355823612,1.1125409425090327,2.161108716882006,1.1791148154142874,1.3612551449680228,1.0112711760349973,1.1323115760818165,0.5197993350250706,0.0,1.2632835186716331,0.8133570930226413,1.5262599290607917,0.6735795580188131,1.092515062024871,0.9420428211233394,0.28902951893380024,1.2262439610868303,0.3736111132770663,0.9369640647517481,0.800254429491769,0.0,0.4989517975973244,0.6629587820421392,0.999384627984309,0.8917230448498907,0.0,1.308227482149786,0.876298840802722,0.372357160510455,1.6714532009217882,0.0,0.7995929387840861,1.1547489018605908,0.5097200285547215,1.0774580821019892,1.0511990169588974,1.1722027542818152,1.0777360966274117,1.2211498630213824,0.9662504172504657,1.1610639927245592,0.0,1.1476409624850563,1.021705954947056,0.0,0.8251662583460773,0.8811645513889422,0.0,0.0,0.9644116920631015,1.8745407236492861,0.6519139559072288,0.49999950000050003,0.7327930019235667,1.07811268812444,1.2473340563249897,0.8866831135294027,0.987675125508402,0.8450126733102515,0.0,0.0,1.1732610180179102,2.204608787345494,0.9646011931214995,1.5409084488561071,0.0,0.0,0.7077826114014247,0.816595102752758,1.0239793058846383,1.0023597703943268,0.7437499094299542,0.8477482747082041,1.0488455656665048,0.5745994546937494,0.0,0.0,1.3393141929881622,0.666648834402882,0.8622853633727363,0.410331669252119,0.9447690043993436,0.8791954941387736,1.01451904032144,1.2385975300352787,0.0,0.5330753812615117,0.3866576901197364,1.1754769202062993,1.2106692976647082,1.118149726215958,0.18585694488067378,1.3727114851369204,0.0,1.0586854937614252,0.9723515544007164,0.0,0.0,0.3500073321273107,0.8458825387787836,0.8065432899523699,0.6964285744249625,0.387654608763458,1.1793262497261279,1.1572462373578698,1.0944857838266842,0.9108579252309301,1.153107995480398,0.06342405778110685,0.5005559297421823,0.45089843755463693,1.0799329612432784,0.9384928850188434,0.0,1.183436598145191,1.6467390566481508,0.0,0.0,0.8142332286198826,1.0107121450963596,1.1471279011653184,0.0,0.8650992548686314,1.0785819601070745,1.6382023115455837,1.0740752909534999,0.7231742194357961,1.4270934737471106,1.2810285596212665,0.8278486181341644,2.651314111732252,0.6621906432593698,1.2728384314395993,1.517899839648122,0.0,1.0410340033158476,1.183471575440321,0.9671997174812829,0.10275061459697181,0.5169223989532619,2.0282429121507444,0.9646878360737682,1.146011637569849,1.0493314050614635,0.7978909607257254,0.0,0.0,0.3617464457235835,0.7399125771756043,0.0,0.6419751545385085,1.0038541271079469,1.0037103537375625,1.0135131939723256,1.2962145801767724,0.4721405208479424,0.7837435843061608,1.0440726998714045,1.2153557467749099,1.350754326439182,1.1676199749997258,0.0,0.6561938503002568,0.0,1.0944106446142066,2.3803337981258994,0.8533466033119708,1.9444903830629925,0.9563022549664646,0.0,0.9054497570544174,1.1918183635686814,0.7478338897320673,0.9481679694456964,1.0729182928985632,0.6770720708390262,0.8066622313493125,1.2563942536563217,0.0,1.02795016432025,0.8226900280637848,0.8853000287044634,1.4081827789017067,1.0329361670593498,0.0,2.4772721979567462,0.9297028298504773,0.0,0.0,1.151278422383237,2.3494552341097554,0.9272271058272099,0.6317123804668325,0.4231154417227294,1.6085312851268565,0.6386750551097492,0.9211395893770646,1.0603572957218994,1.1259370190561564,2.7456187147705426,0.8714473555936375,0.14813313107294043,0.4290784507637738,1.1473321245663066,0.8042974546481915,0.75829469027445,0.0,0.9523720416021539,1.167457853840114,2.0828389543527996,0.0,0.6106004972068557,0.785010104827153,1.438135784671431,3.033457169784292,0.0,1.5775889888115278,0.0,0.8755321868812842,1.116533980002592,1.280254218064024,0.0,1.8354487598878102,0.7093252360720892,0.22028178840402005,1.6067279820771387,0.6996724580839824,0.0,0.6366744744217441,0.0,0.7500103613241182,0.5912276537240199,0.5840897087111722,0.0,0.8172100818365332,5.033650132975844,0.7115230413428708,3.8233798049557794,0.9053322357820289,0.711685128276025,0.9935735203147307,1.0735647866315736,0.9587259426067841,1.1306069913276489,0.0,0.8545370674934094,0.7852463093366627,1.0877329929579838,0.6380013436622478,0.9797397447254172,0.0,1.6450400209780267,0.8684777649872837,0.0,1.3633928571214935,0.7036860873615961,0.0,1.0113106500805704,0.5944981435949389,0.42307406320698837,0.8866898320381371,1.0324584440684905,1.0303476007974275,0.7540087962143979,1.166936564668803,1.0218852980783528,1.0435880501838046,0.6820640620884999,1.500995554468315,1.3161803252947781,1.161338593395901,1.261773127117988,0.9588840902263316,0.0,0.6046908918542654,1.4352149013876296,1.1544517416617492,0.6028609228582972,1.2309173405147176,1.4123413121864459,0.0,0.0,0.0,0.09856193478590405,0.5263992630788952,0.0,1.161022032337065,1.7223177986088047,0.9369770295950205,0.0,0.4036816985652013,1.2470642781500407,1.1286224053605753,1.0705316642982856,0.20325824244464552,1.3481327559919143,0.5809380347511265,1.936708506787231,1.3879840841433384,1.1616715904900126,0.8001132782996768,0.567948557503618,1.3970127439116573,0.7311356766568655,0.7315302903426083,0.9689240684139353,0.8441152148110731,0.0,0.0,0.7851342187215516,1.5474306756804674,0.6909336720956694,0.6960548059466786,1.2777033489733842,0.9957869821276274,1.5203552591315876,1.9163661133545293,0.5153341818164545,0.6641045055655136,0.0,1.3455373890197198,1.6318399573977338,0.0,0.0,1.3819890141305673,0.6283467847560761,1.0583144363785617,0.5454856396947392,1.0043796518292134,0.7755554407089171,0.906508222144432,0.6172131215909451,1.3967872582747818,1.0351638309904057,1.122193805531135,0.0,0.6276194425320476,1.28593426318824,0.0,1.2490110158036734,0.8725225086367386,0.9816530976232584,1.0657732003188538,0.8638964359231136,0.7348515843335168,1.0609271969655873,0.0,0.2403974007740815,0.17172175882234098,0.9844973386181151,1.2534645455878906,1.3581727607004535,1.3195710525469007,0.8827311674406777,1.0437476713425233,1.3632194428575393,0.0,0.518163412584563,0.89089417623,1.2390069517713855,0.0,1.8982799883652826,1.2764980485484567,1.5953178965764296,1.1919610472694646,1.1913445772058955,1.7328909294597081,0.8966059755099987,1.3296289324014121,0.10597527291810459,0.66893724403507,0.4293315826927739,0.7474026990704086,1.0381358807763776,0.36864599002383946,0.0,0.0,0.8734976024327374,0.9069335220469263,0.5530651330963869,1.2547765511597655,0.0
72,0.668619717375587,1.1629502651311086,1.3130798755906068,0.0,2.233941644917545,0.08424809164356757,0.0,1.2996695123927786,0.5015504374246926,1.1176142977507186,0.7926337396691276,0.0,0.0,0.9355838681655161,0.19474993125795215,0.7939615253531138,0.0,0.8610541017104395,0.9952180823150354,1.1916205501224009,0.10162867822231339,0.0,0.7720343660268557,1.3047093932536207,1.0861952991307358,0.5350840459480201,0.9610748438614293,0.5313855631356841,0.0,1.1185448265429174,1.0733093378884877,3.7813927556491187,0.6551964412021822,0.794590987364835,0.9327013529465444,0.5975825549339024,0.609137519720095,0.0,2.1420676600167714,1.7711105615482876,1.3670235960655266,0.9605363687684344,0.0,1.1802561917668117,0.6389472284633373,0.8077049529354463,1.538426070215087,1.067578517933078,0.4962304129121562,0.8476777917713058,1.7421080843413086,1.3434396585339803,1.190143560243566,0.0,0.6946200598519885,0.7741827028397262,1.0547967783857113,1.0691085069986945,1.3073365262547543,0.0,0.5357141347558535,0.8335685583683637,0.0,0.9094582677600418,0.9884030687323198,1.3590158652453717,0.7865644984581689,0.8872894057070666,1.5800686201649548,0.9628499550448341,0.7985595323112932,1.308616119303164,0.0,0.6762519827866953,0.7218749494196465,1.3316801975635624,0.8538740952366402,0.48684230245087023,1.175128388045101,0.7720624008909002,0.8916195929156518,0.9290230407227367,0.9985119812270267,1.493189538107965,0.6917165008654946,0.0,0.5295515320213727,0.0,1.1612897646774518,0.6987254738469657,0.0,0.5672038399383045,0.5389971309443495,1.342568591399997,1.056698616515972,0.6867048480997278,0.5586630655159778,0.9057805597508415,1.1185981755998275,0.0,1.0407476385616623,2.937671715300224,0.4351820345973902,1.1117474411098804,0.6897576917509805,0.6825371547209277,0.0,1.8894917242257618,1.2036966359110717,0.967546271281115,1.0372227721971117,1.3059538033524438,0.4868051906087499,0.7574064844802768,1.07369006465805,0.8639697209122521,0.6432257453399662,1.1483902790040392,0.9546310345464348,0.07420634693343336,1.071534666596147,1.3633637094672961,1.006007115823111,0.0,0.5751357852661519,0.0,0.7737756976948693,1.9880986044015696,0.7185978038099499,0.7740096511596287,0.0,1.61824223605991,1.0676621327523284,0.0,0.9937567519554236,1.5369934549365645,0.7649340819406503,0.726013104108044,1.2784485579605005,0.9137650165057993,0.620420580607424,1.054399362286206,1.3008189317110905,1.1129956634891096,2.538921490983669,0.9643982972212835,1.2307909727583102,1.0574473528887878,0.922703196569981,0.7228426009520093,1.0419102712988586,1.4710802045650377,0.3808180067342065,0.8220004541883459,0.0,0.8462485749771962,0.0,1.8820895779878284,0.32741851956780743,0.8109932289930583,1.2388092109836828,0.0,0.41857021427439794,0.5637779411803175,1.1486377404703996,0.0,0.0,0.8310094839358227,0.9509237386811651,1.2577405634508791,1.1599187157368207,2.011702898612601,0.6716889768734093,0.0,0.8793403705334242,0.35863355061213265,0.0,0.7136601666653375,0.0,0.0,0.08047072085016203,1.2774301485370476,0.6936457492836073,0.0,1.123845551541083,0.5988710625457528,1.2946529349856069,1.2903954701987326,0.8846003241983742,0.9362007829021209,1.078491701131825,0.3691661229471252,1.3895986023166462,0.7902914405180568,0.7375815280758556,1.4240885742234124,1.5987702668448807,1.5808413376653312,1.507266051940447,0.7867548016220961,0.0,0.4134286053635953,0.0,1.3664736382992395,0.7675172449278839,0.8608449771952822,0.9174871290528961,0.47437120000126587,0.0,0.3091116448946919,1.3870810284273523,0.8710454969440662,1.178895233408517,0.9331349871870331,0.0,0.7525511943374792,1.2179059520487199,0.7071051540670475,0.907145902509789,1.220571090755541,0.0,0.22390989335305514,0.34819987367946337,0.9735258743241315,0.30977548226501106,0.0,1.3534537879059967,0.7207843765461659,0.0,0.5981120225121905,1.3241536718585087,0.31400013077963784,0.14960669402572163,0.32359300502458577,1.038290580842562,0.9651234060173584,0.0,1.341842666243884,0.0,0.7976181821352591,1.3116600300419132,1.2477184498337697,1.1244131179271903,0.8375390359025172,0.0,0.9797036280193117,0.46187099211616484,1.3594679559231437,1.0754707414102078,0.6085207122526496,0.9970502502753671,0.8082598247642926,0.0,1.3353073416695007,1.0142974701701815,0.5202652128948275,0.8927396211534293,0.9233122434276051,1.4614714083740534,0.8356177066942871,1.0800467341354012,0.7351198169165301,0.10580483047287792,0.8713796382081418,0.0,0.6290384543516235,1.117700736672016,1.7605589975712654,0.8516997368382906,1.3109390137386923,1.67010014574303,0.7064460181931485,0.5923879506583168,1.374491159855545,0.8999195388388982,0.0,0.0,1.2753737790689592,1.1151089620000403,0.6569564628761242,0.8633027784543051,0.977972553419822,1.0632626616885366,0.9092355403087167,0.5152283048222804,0.0,0.0,1.3534028753538738,0.6729391550918784,0.0,0.30046882253538454,0.9495796426370274,0.2993908420422899,1.2323616290629937,0.7846813023335428,0.829778440488469,0.8929554232643246,0.0,0.9347591929815156,1.3824744021397917,0.23236423264264996,0.0,1.0718285686542388,0.8034539783357498,0.8173675192005262,0.8722144910981822,0.37956301593772546,0.40986109824677386,0.9051458929178681,0.0,0.0,0.688297410771055,1.0495950935887755,1.5665613705138035,1.0326786989197896,1.1799095550241958,0.0,0.6328217162887895,0.0,1.8212727848584669,0.6395784456609677,1.0219657660779768,0.5057247588244966,0.0,1.351604933789253,0.0,1.360086858674526,0.0,0.43720021597721803,1.0282370799316205,0.9634625202957424,1.1689894313323994,0.0,1.1907130780721271,0.7235043717755831,0.46113451946280865,1.2133355347574004,0.6078642388737763,0.776449082056162,0.7634762441243673,0.0,0.0,1.105608269035361,0.9201388470854721,1.4947439814393302,1.3805537058608768,0.6408718894512271,0.6422859642940737,0.8619972305866901,1.2396562451088537,0.9335218418303586,0.9319102998049427,0.3559132684239225,1.189807539727226,0.0,0.9823673901716501,0.8913305866060227,2.002966096914661,0.0,0.9975202599267026,1.2701557056868717,1.2629305053445228,0.0,0.0,1.0338899721059576,0.5008523046825961,1.045833000616905,1.232089443147034,0.8626693481795329,0.5083550165738914,0.0,0.0,0.9855350301586454,1.405307151078202,0.4237149828408613,0.8168146662248335,1.3621847830947567,0.14612349962724414,1.978991127402809,0.9926256582716958,0.0,1.2550094340597617,1.1183978931338854,0.9715401435785276,0.0,0.0,0.8898160953318516,0.0,0.2581749459666957,1.34471773191983,0.6408883163873056,0.2798643825487061,1.242618156735797,0.0,1.0456435241977313,1.046149034530442,0.0,0.0,0.0,0.0,1.0913528653750137,1.6273440973475397,1.394255398600144,0.30754981909186585,0.6863399601249236,1.41580905897301,1.1462824357410077,1.31135250851821,1.1205270252031407,0.0,0.9887367511942611,1.3473429913179888,0.720041908407087,0.9572322141140478,1.2060042901393535,1.4580478910297778,0.5478638840294935,0.5604385853167847,0.0,0.0,0.0,1.2481204707864944,0.8022155943957257,0.6487847086567526,1.384934969588662,0.7280327643359482,0.5941165977720909,0.9779466012505151,0.7758366299525522,0.8940690066395303,0.0,0.9825361723903271,2.057254115409478,0.0,0.0,1.9230838437997126,0.0,0.0,0.9419703734811307,0.8231813232664805,0.3509728801397023,1.1130594639231313,0.5453868966756594,0.7725514448212175,1.0989199981791042,0.0,0.0,0.24589647707876258,1.0181520825045847,0.0,0.43125792195388485,1.4456023516648295,0.802009158309802,0.8705098205148539,0.7597651966401217,0.8659290408837415,1.2014019368860234,0.9500926460694517,0.8650645712961057,0.4900894781899725,1.6145800354294795,0.41451470138577695,1.321260464020138,0.7998455531634041,1.2239657742277452,1.3487838482790746,1.818523727211872,0.0,0.0,1.3496386129799811,0.369940407302646,0.0,0.9889775541810725,0.9778865131969716,0.33371338972930764,0.7999192217988391,1.15437013688278,1.2328518726596653,1.579887054934196,0.6149975982549244,1.3280320161279244,0.49452311511512226,0.3653845178074143,0.0,0.0,1.0585133126926811,0.6881366661187512,0.5957678402813326,0.7151832916852714,1.4699869490720212,0.6621611245509295,1.723852742390529,0.5884602316203555,1.0683903711594618,1.4444601073506738,0.9063222031587777,1.1463396398869765,0.5167090658734922,1.0276130401371963,0.8325083100431745,0.4555062857846248,0.7606198097347486,1.5053836106382903,0.7465821186520661,0.4015377933482126,1.2730325875131978,0.16015621763849458,0.7957322923823396,1.0928950594447573,0.0,0.9888610043370396,1.2277359015551106,0.0,0.0,1.3114538490393086,1.2453617954266012,1.894409725619668,1.0025094735235751,0.32852270651028154,1.0065355036597383,0.7486095963678303,0.8326697700899993,1.3367768441871264,0.6176447786536207,1.0803201750596911,1.6846732703774872,0.718818949143283,0.21619678363629907,0.6303534793134578,0.5694952353791674,1.0561391071090764,1.3118872745588377,0.039558343411964306,0.9753791952155776,1.6570547835706155,1.303563403869961,1.417039526420296,1.238090282655154,0.8120418831944223,1.264147190707815,0.8492749216156141,1.0605524237978725,0.0,0.9476767935809642,1.2455243995859546,0.0,0.17750549468594912,0.7261171653305568,0.441539731598093,0.9233117114139966,1.178026420301421,0.6748781578166514,1.5466066495912245,0.882052530634756,0.8261305542058648,0.0,0.48125864999419576,3.3028918450095874,1.0532057130005898,1.090818060058957,0.0,0.5429488503300404,0.4841895419838948,0.8608753296765246,1.2282715769837236,0.0,1.202280760233035,0.0,1.3339559423291272,0.0,0.9465289891250479,0.0,0.0,1.2915418708123274,0.8801248347431689,1.1868613763094265,1.5182425963672104,0.0,1.1588470613847037,0.8239789512686801,1.1889128562639466,0.9592122673754002,0.9943535490043668,1.1778887131962748,0.592833687396597,2.3089731818436094,0.0,1.0875347462585891,0.8822057754016203,1.1262579533966983,0.8948429496453725,0.7695157185102885,1.5045777033525658,1.0796130358093303,0.7077122250097877,0.6304548559989969,1.3949058058101345,1.1644657483616825,0.4066271008480149,1.0873161157381968,1.3458234986496826,0.0,0.0,1.2519398714608652,1.2350094750993441,1.2104369576614085,0.8541027295226056,1.2010460010827284,0.9151448448990398,0.8655205176077947,0.7273686932621781,0.0,0.5726972609547722,0.6408611732906893,0.0,0.8886658422168067,1.2771607268248053,0.6884044303439185,1.3171056082612844,1.1404533021170207,0.9454853675417149,1.4105706899045696,1.3720170373777374,1.1719505636882648,1.0811340422994067,0.6285945390589902,0.0,1.1640744715519442,1.0465712697531773,1.8730241498060198,0.5994013685533484,1.191947038062419,1.0917768818515967,0.5228033905944455,0.9964024092330244,0.2948671317498594,1.1924996800574412,0.9153783750807533,0.0,0.5283019004608824,0.5828028159271086,0.9452286257848319,0.8288979702370636,0.0,1.4700891047512872,0.9907450171409035,0.45549056069755045,1.4428993643192887,0.0,0.6335796045882517,0.8966303307447065,0.5511949788472025,1.2445100529763393,0.971926256054006,1.3411414567425515,1.0938742515367363,0.6931034822707098,0.921218809123844,1.2760074057806965,0.0,1.1131879724597864,1.2328430103237138,0.0,1.0007957519711699,0.8524681422385199,0.0,0.0,1.0306198748263289,1.7844541512990684,0.800034143181602,0.0,0.7141789785638537,1.0666881740323408,1.12451983303194,0.9561620151299544,1.046959963569932,0.8758539239440399,0.0,0.0,1.1264989091400428,2.103441528327378,1.4040427710244834,1.5188039126806272,0.0,0.0,0.9651581066064742,0.5238274252993786,1.1154259936230089,1.2435705713923189,0.4958332729533028,0.8558621572479868,0.943720517178099,0.43606661376915595,0.0,0.0,1.3945629723820288,0.5339902293658001,0.8156827332345872,0.5076582341741004,0.811069077077364,1.6483190810152808,1.0858086111988872,1.0105780025780713,0.0,0.6061841240610402,1.195123755968818,1.2352306183079547,1.1158614550535266,1.2433611245638065,0.1089098019750392,1.1393035380966519,0.0,0.9115942153362839,0.9518788028547126,0.0,0.0,0.5114804279645186,0.8031371293013994,0.8118494859768766,0.87299453246535,0.6233438239166533,1.157430732255678,1.5541761051635437,1.174569835444042,0.9028961639386335,0.9932127582506112,0.2536962311244274,0.4853875657396154,0.5586084624860232,0.9715634540268437,1.0019961131531514,0.0,1.1267199996836832,2.0027316821866608,0.0,0.0,0.8360035472513964,1.0772008357640188,1.2570794396021965,0.0,0.9096281826902791,1.025495415989041,1.4490851874442785,1.2381354070744068,0.6728379328851499,1.705310684776091,1.1763223001462502,1.1120764045342506,2.524506983880639,1.02880419838256,1.1566673881440455,1.7570870619346612,0.0,1.0851779548984952,0.8738017950226109,0.9433340810673506,0.5394407202121903,0.49246443536859985,1.728698264673986,0.8897034213255675,1.3296430361586864,1.1212256089849812,1.0700680425678717,0.0,0.0,0.7743433695479416,0.7511669725377595,0.0,0.6115717313891287,1.0734238211781149,1.1025757561137448,1.3026945801637384,1.326578566270037,0.37791827642192877,0.7508613249698209,0.9769647241435641,1.2367340052306093,1.44779854367187,1.2426669636124807,0.0,0.6157906175629098,0.0,0.7768981969080737,1.58688963955291,0.9415617584148189,1.5315898150267375,0.874738001873842,0.0,0.9253781190343046,1.2412834235729697,1.1734779147899936,0.9284532165965966,1.2320752795132945,0.787072202458498,0.8527154428765895,1.2746389250978623,0.0,0.915773062789741,0.9386083331131964,0.6570881132529419,1.1189129796008508,0.9377256982974382,0.0,1.9095639751729443,0.8755738187251783,0.0,0.0,1.043485046453972,2.353947496598229,1.194926546295178,0.8396285517466302,0.5675089731852514,1.4013719845699932,0.6435387262033936,0.8219230005951752,1.0383589498223278,1.2419809672110689,1.2468236839401339,0.8777227999918494,0.03703328276823511,0.2879576549612372,1.1297849390703572,0.5983067904505782,0.7081486630328359,0.0,1.0200094456857882,1.1607694465071463,1.210546319783614,0.0,0.6797667445612943,1.0486479091162144,1.394600212917359,2.118562166050897,0.0,1.4042376970320463,0.0,0.9322532829606714,1.0127661159457315,1.134735642484024,0.0,0.7866208970947757,1.0639878541081338,0.09319614255129707,1.4260853991375129,0.9359311299518336,0.0,0.8252421723978833,0.0,0.6762613974265324,0.6030117309747554,0.6843585241663829,0.0,0.9947381831546481,5.033650132975843,0.6033908877851603,3.240449034130207,0.8860845496693088,0.7514522815729613,1.2412049277870378,0.8424619259979645,1.0773490818803033,1.0277999003413636,0.0,0.8401191384716961,0.9059061463713325,1.0791558084728399,0.40643048426198347,0.9051299529339438,0.0,1.3119200975053262,0.9351897286965054,0.0,0.9609248035136367,1.5110732799952522,0.0,0.7872030592302319,0.7071422151389998,0.41107236324860597,0.8730825921832557,0.5556815671458064,1.0014861788184166,0.6975846165473021,1.6813957926625114,0.9348209031606923,0.8772596952509946,1.0677847419657056,1.6724908204351652,1.469671965197104,1.0848951853737274,1.857326562313486,1.1593222979197888,0.0,0.63031425648803,1.5652664890269903,1.04886500798795,0.667667099904054,1.2101309223652224,1.3407644494777462,0.0,0.0,0.0,0.3942477391436162,0.4084132239362377,0.0,1.1540744997717256,1.7182871550483199,0.5508102741684788,0.0,0.6063208909737319,1.6069136470896184,0.7723835498058009,0.9971505810053027,0.07532511377626286,1.1899137189719609,0.7175955143525699,1.553266217840087,1.4020436551006754,1.094573961186696,0.7372842279954972,1.3843745978223256,1.4346745560883785,0.9826093094639711,0.7995796218528003,0.8773783741538688,0.9623631253755841,0.0,0.0,1.0776135987438717,1.4563243963269814,0.7171254421520248,0.871082021690576,1.1243789552738779,0.9251403190206483,1.1643492128075632,1.5117046202387163,0.640471570415227,1.043010767973982,0.0,1.442364916112381,1.2522849419991688,0.0,0.0,1.288974378482886,0.6165941946374225,1.0907121250314589,0.5612535243274349,1.014505558545241,0.8485973594491526,0.8783046139562516,0.6057300864802346,1.4024935647055168,1.0670431088819736,1.205805444416749,0.0,0.647944508694059,1.2569556072800223,0.0,1.3575542468580197,0.79851973251135,0.9807239655428446,1.2115942410221756,0.7608124617093117,0.6649420455616462,0.7976445843188551,0.0,0.6047497103832464,0.6868870352893639,0.8258100780105366,1.3315592673893888,0.9225741056377236,1.5845236260413222,0.6035467836258376,0.9226197711409528,0.9645706986545178,0.0,0.5242112770475517,0.9500589865641982,1.21794045161228,0.0,2.0614421469243243,1.2372649264650206,1.7573413588653237,1.1032371448550995,1.1138824750442304,1.6476259658292955,0.8842302069749168,1.2671771182015341,0.5563701761965962,0.825437182954622,0.47139621826890754,1.9406245383615421,1.0209883055286546,0.5898335840381431,0.0,0.0,0.9132440450971779,1.1061141273650057,0.7207861340287898,1.42922864311028,0.0
73,0.4457464782503913,0.9200690816729107,1.6368141330098598,0.0,2.3144384186155946,0.589736641504973,0.0,1.447455980718288,0.7778983203500058,1.2155941077621653,1.130668714566828,0.0,0.0,0.8476966371369826,0.3540907905433806,1.3244981765493091,0.0,0.8473463176863805,1.0012222946590679,1.2294249602411553,0.05081433741734556,0.0,0.8459499635670781,1.1075095360169287,1.0983238032816838,0.46422228629527373,1.0946215225804805,0.6656200213134198,0.0,0.9557537352084429,1.071632530304603,3.339223564862462,0.9878361705149148,0.7910068451664249,1.2201148084159164,0.5227694308115542,0.6369951101245215,0.0,1.6602166131039096,1.2097432511811705,1.3263674447708471,1.028824613616698,0.0,1.0632185467691433,0.7524223355979789,0.676773588293571,1.5518714347444913,1.2078314883320542,0.5323636960617196,0.5927185499821711,1.2589825760347457,1.4616738244072565,1.6496091316429733,0.0,1.3024125688087465,0.949917979391411,1.0916433646290802,0.8747251365675871,1.3607046819856135,0.0,0.8035712021337803,0.8371489997596813,0.0,0.8053074115833428,0.9160449701179463,1.5280987964201462,0.35231534519520424,0.8592748757878558,1.2351755865976806,0.8654754568948749,0.7037711687160134,1.228612728229011,0.0,0.4931226873201309,0.8004463720514496,1.225617179210766,1.1705302818623053,0.534702445836067,1.1525605668103935,0.9107047584095411,0.8792606864065894,0.7298357937379236,0.8994653577245892,1.2407557047075208,0.6139446701097194,0.0,0.39176386196434376,0.0,1.1115153206974266,0.762520665585165,0.12868588925911545,0.5353980204077828,0.583030831655845,1.4816669418143729,1.356541191510053,0.7126873904794263,0.5894857962730033,0.8532491360874399,1.0336590545859372,0.0,1.0362535169128027,2.350137386064514,0.44142977670873895,1.0794206964727364,1.1813934916007998,0.7389085969035658,0.0,1.911624904935292,1.2942933391658462,0.8091298001161158,1.187575461784561,0.39178617365457014,2.4340259530437494,0.7287274220304906,0.8224005975373871,0.8568401676880381,0.5344828886545439,0.9951459712357731,1.036646126762641,0.11543209064914706,1.0534057933189027,1.207744535430479,1.100821018915517,0.0,0.49810411928747467,0.0,0.6666873957446183,2.2884549569969987,0.8741989543533764,0.9853389321509254,0.0,1.6412046180779143,1.0220189419561414,0.08546402619432977,0.8693211559015734,1.3963046570698627,0.7381934066566652,0.8135225919950781,1.2818031874569233,0.9203236897257365,1.0340342837784702,1.0138266311085034,1.3401882372870688,0.958617868467603,2.183053461053668,0.8866232849482547,1.312882382144992,0.9206392824641053,0.786165867725378,0.4847608658173013,1.3619298301619696,2.1070286730223478,0.5064536839570758,0.8073743552528038,0.0,0.7976748056118764,0.0,1.8074779441610112,0.4359350360453163,0.4231268990171983,1.161699601813072,0.0,0.5307879634148507,0.3441440521174543,1.1226306589054738,0.0,0.0,0.9885719200955687,0.9294158329190398,1.106968864949342,1.1333125785166913,1.896776387869939,0.6552604983615242,0.0,0.8575095394162635,0.4395586905867719,0.0,0.9188704277623887,0.0,0.0,0.0,1.3232785077072873,0.7186023902189017,0.0,1.0337425627153123,0.41933748418569133,0.6564437405271324,1.6280774825137463,0.7477286875358405,1.056039259195545,1.3847927609753796,0.34343534254824915,1.5758376562973393,0.8444304817535382,0.8716872601484982,1.2464239006403164,1.1225408148007516,1.5142160717145257,1.4385672289623757,1.0746745493654029,0.0,0.620142908045393,0.0,1.2654927102216382,0.79004042524663,0.7464503582498629,1.015276375775518,0.43954272137499995,0.0,0.6261492243314997,1.6069701931112181,0.7231946736485058,1.0970295239182037,0.914973650902174,0.0,1.0393071292717244,1.3933622502219314,0.8965785184297055,0.9025867321845407,1.110565911073092,0.0,0.2969495104337949,0.0517594404913228,0.7742782652395543,0.3737598545164473,0.0,1.4229405018707717,0.6757353485071287,0.0,0.7644565708275841,1.064463775499652,0.4202184565923628,0.06649186447318087,0.4853895160934232,1.2352819182466153,0.7698394539226765,0.0,1.3500115318540373,0.0,0.5910939100417443,1.2229870175150679,1.377432832386965,1.1727751831916655,0.7690500771753982,0.0,0.8808120214619239,0.5445903887110962,1.039020223545002,0.9580660575039059,0.8045788575444766,0.8548718284375104,0.8265031476697147,0.0,1.2423494459483577,1.022819986413324,0.49595899299593765,0.8471234184203422,0.6669593074220588,0.6263448893031657,0.8614961965544095,1.2400444504928751,0.8416898659061549,0.16122640690010212,0.7956384115221253,0.0,0.7311585600156543,1.0979436221474477,1.079052287688997,0.7148244107421912,1.323581937465011,1.5670347249370271,0.6642280257021065,0.5881095438783069,1.3263363937026869,0.9114329335542651,0.0,0.0,1.7818748602280778,0.7931971823308115,0.7281165143071475,0.6544143312801837,0.7366516914763663,1.1075892693273235,0.872535919857144,0.3434855365481869,0.0,0.0,1.20441539878898,0.6292057597976132,0.0,0.3385682055370255,0.8922636956624463,0.277748132394642,1.1100882401901642,0.8407144450173051,0.8612114757175644,1.0240997901065965,0.0,1.2230522720805672,1.1656703460935622,0.11777365211773941,0.0,1.0068579426431983,0.42404515213301197,0.8054011100948937,1.1342907956237285,0.3163025132814379,0.5935024007737252,0.8743256350997718,0.0,0.0,0.8242181910201034,0.26239877339719386,1.4108436478228399,1.2292682761951816,1.3546234248213622,0.0,0.5071775461807768,0.0,1.670153611948277,0.7948348759330258,0.9004769953453018,0.0,0.0,1.2998352808277303,0.0,1.5506135258030205,0.0,0.4871512424223007,0.9131398191479638,0.8224680059902345,0.9227919395891429,0.0,1.247776546287126,0.7539482537031792,0.10122465075094803,1.0846296104642184,0.638119931920458,0.7403061828970401,1.035766193246003,0.0,0.0,1.0340627104104905,0.18402776941709442,1.0601929569222346,1.2713573738236472,0.5073834128939243,1.3192900850669453,1.034238281267367,1.2238371351460904,0.9247059324086995,0.8292276884728162,0.3002060218467776,1.4106487387685924,0.0,0.8166736385494152,1.2086294551100896,1.9851492836570441,0.0,0.7902005791103847,1.0185386020069753,1.5660338266272082,0.0,0.0,1.0131327097653542,0.542589996739479,0.958680206989143,1.2746440456516022,0.9409293196316282,0.4316882078999529,0.04274338127615581,0.0,0.9432432326256617,1.3281026199897288,0.6200719356549903,0.8251459533547043,1.3071833956848358,0.2217046173440996,1.5671779773322796,1.065445631730054,0.0,1.2486788570175456,1.2492834663937653,1.0269924951748297,0.0,0.0,0.7612164888825648,0.0,0.0,1.5374480022507062,0.7655860414518343,0.2500179491816161,1.216295780596349,0.0,0.9634023299782453,0.9191066624319062,0.0,0.0,0.0,0.0,1.0497529471939617,1.347884670556419,1.243008580914974,0.14291348458060965,0.7305209914857546,1.2719734264469365,0.6945701238451484,1.229475558196935,1.1868137834653911,0.0,1.0790264461340127,1.383525875359331,0.6101407750535419,0.7137110992111209,1.1445654850844238,1.3767445577144681,0.28998047870808946,0.7511529373139019,0.17270523513330946,0.0,0.0,1.1068945893216804,0.9251503493412487,0.6611929415548076,1.4439286432360863,0.3148919915624655,0.6570945975961713,0.6732100589905569,0.8838946697371345,0.9128946567222043,0.0,0.9437860998607386,1.9216398954459133,0.0,0.0,2.675594876759464,0.0,0.0,1.232141616555153,0.5556396180473739,0.2940348549579764,1.3069863197681024,0.45448908359297635,0.9456661948876348,1.135351550554657,0.0,0.0,0.4659091022894032,0.9875472043309919,0.0,1.0781447941032658,1.642259865675671,0.8189049823548,0.9761017314208906,0.6331376638667681,0.6406611916053602,1.2777857907146797,1.0228425671989878,0.8111710945246126,0.648681181578123,1.1691360511751863,0.35807326307619824,1.1153835867398283,0.776742443068707,1.2843483607776052,1.1093939119900935,0.9525600331544478,0.0,0.0,1.8393948373129674,0.29523646167374923,0.0,0.9782653758177142,0.8527517130241249,0.5168228330944139,0.8134439532033351,1.1005046014600013,1.2129001467810392,1.5908996946079628,0.47457913468276186,1.3976798218094384,0.5567478759126732,0.09134612945185358,0.0,0.0,1.1019352537254705,1.0322049991781268,0.49064819645400803,0.7378492215772674,1.3194264027065106,0.6925462055115417,1.525509887278572,0.6159641230984158,0.9820609024351175,1.311725769245989,0.8926555129217242,1.0295239615393081,0.6730911344153419,1.0360290242299723,0.8145581619313602,0.21168883969093444,0.8028622289658283,1.502248970950637,0.7211402590440268,0.34005346737445286,1.2858614869837313,0.06863837866107686,0.53054086140717,1.4047602281302631,0.0,0.9731392427503703,1.1838244929154471,0.0,0.0,0.6557269245196544,1.2980347810109554,1.7737673885417395,0.8587369277691961,0.23074809180337502,0.2516338759149346,0.6744640695093566,0.8563749596937866,1.398824891174897,0.5657901236006836,1.0808178132723816,1.5384516511782258,0.593987753755545,0.3268917221901876,0.4263957712167692,0.6916005675682037,0.8879268929527677,1.217453483957358,0.0,0.9861925542779475,1.5073353268083636,1.264017950618681,1.308383050240683,1.1452196976100235,0.6757447776800943,1.1174625484228504,0.8815379038365194,0.7617984544037725,0.0,1.0119184043828697,1.1752127470645408,0.0,0.26876537661334066,0.5775290894622669,0.4598482437944622,0.9242719531141571,0.8940704277361511,0.5633114665615259,1.4399796576185386,0.8197730930107694,1.236220494725262,0.0,0.485045269503075,2.7308826412549734,1.2981178776096167,1.1021467430277043,0.0,0.7140149276840511,0.5439904349672805,0.878977241915286,1.230413943894174,0.0,1.2882137443340418,0.0,1.4195311982967596,0.0,0.9757653591668022,0.0,0.0,1.0379158119785121,0.826945711794495,1.0876393326762654,1.1914416497908384,0.0,1.1691180906921224,0.853219872943566,1.2968003738560805,0.6278480442997192,1.0736332296026054,1.378674102316795,0.4944718834838396,2.273007845479732,0.0,1.3844343485056205,0.8571141025299497,1.1324648589030002,1.1783186554951204,0.8473706139174686,1.474315978933085,1.1153874213483062,0.9075930795328189,0.8346712489931616,1.9103889383697241,1.189075719978993,0.4545972476412999,1.1093517387291756,1.1828726326592176,0.0,0.0,2.043087722432883,1.3756762402143234,1.3589691000279547,0.8374731967544767,1.3107144130496335,1.062168420930773,0.7507065703731464,0.6298046469788962,0.0,0.6860599470397348,0.5342198105546948,0.0,0.7533726777986609,1.236774689974549,0.8272728912164435,1.2249268846919716,0.9553874209194474,1.755902149391925,1.5632591369837439,1.2697595272008386,1.2524877516245678,1.1345271386035956,0.5802411083281622,0.0,0.9144517883898042,1.1584534905110953,2.023412926699404,0.5822533443791291,1.2331794873436288,1.4226768519794906,0.8267094218810693,0.6918053346061838,0.40796748655447224,1.1499103753487738,0.9667273109513361,0.0,0.2788260016622202,0.5669691494512548,0.9434682222139481,1.071902734461544,0.0,1.4421909571558649,0.8813040965567033,0.602725894085678,1.3355970025904245,0.0,0.5268237108497791,0.6809486805775351,0.6677443516770978,1.3003977831884725,1.057406429551583,1.3159611977293033,1.0930619896171652,0.6333739835004848,0.8743012180131869,1.3353450238614761,0.0,0.9321824888285872,1.4598828725173574,0.0,1.125626627930966,0.8714745784601078,0.0,0.0,0.9716211813519311,1.6227919803636506,0.8830927745471209,0.0,0.5995537673398623,0.7705329189468246,1.059042505231231,0.7146401222409117,0.8901903107757095,0.9035595395546838,0.0,0.0,1.042457507964368,1.9406124771892115,1.4711586171203392,1.3525575579645832,0.0,0.0,1.182434029732548,0.2435278208178737,1.2016079288767392,1.4224085433838158,0.1239583182383257,1.008720598000139,0.7923913315841846,0.3400059713987963,0.0,0.0,1.3219591085212015,0.5259799029183085,0.8881510808737562,0.6948954854911311,0.8610012345025861,1.9907990625452712,1.1962340623564434,0.9750440442460306,0.0,0.5495314348218271,2.1793432756431197,1.0962346908237757,1.040261678822696,1.3313779614601755,0.0272274504937598,0.8566653908184705,0.0,0.9841031138429347,0.9343098727988455,0.0,0.0,0.7218557947988753,0.6567756094614676,1.303204144995018,0.915172105360384,0.9702175850304369,1.1080727400035533,1.647585071179496,1.5063276630935238,0.8069299587234615,1.1228930592749675,0.38054434668664106,0.42471410665956144,0.6676509082505969,1.1370100669472931,1.1089552971692274,0.0,1.133693555921064,2.11400746803832,0.0,0.0,0.962771434979479,1.106957283396813,1.633267477601003,0.0,0.9451267906269046,1.0270632324328033,1.3492363271585002,1.0637648008027139,0.6679214081230592,1.6348761907557086,1.13789650350131,1.131274382946471,1.77287769760383,1.300294194556124,1.0585596649388278,1.8609726431532925,0.0,1.1828127390962195,0.7068270615564826,1.118605347558348,1.1302567348790427,0.6588226671640915,1.5292282232737875,0.9621967603970366,1.3991678969336234,0.9652266259963745,1.262684564998717,0.0,0.0,0.9655154230442137,0.7990170519568051,0.0,0.7068330024690803,1.093127637090602,1.1408623086132605,1.586492576199308,1.1979394698152641,0.3587803692214506,0.6620840567205408,1.1366524355359071,0.9835952028742488,1.185806494537542,1.3461073902900864,0.0,0.6136313349578773,0.0,0.6807299260396811,1.5868899040342959,1.1026149827733798,1.5430196115590793,0.9214585688200596,0.0,0.9411189680894487,1.2647232321908306,1.2931769371103752,0.9623030735776104,1.162626395494111,0.7835685919200566,0.6140428380425291,1.1454422262504949,0.0,0.664904265447052,0.9796848559067779,0.7276620200530701,0.7279925226488047,1.0036344758084674,0.0,0.9461803598374858,0.7430330726295588,0.0,0.0,0.9252158147814352,1.690664392338647,1.187143699043835,0.8763293944204317,0.9604289672285253,1.0357967312688385,0.48849479234037885,0.7080101546189177,1.0401240189906003,1.432190106074037,0.5213200250976961,0.9143132881405605,0.04713326805957329,0.24619123290771922,1.0138043625809996,0.4723018459108139,0.8653925381404524,0.0,1.0489343648953762,1.1526638292872526,0.7258998561460296,0.0,0.7320982990774204,1.3547783337204864,1.4143906454307613,1.1097956962433144,0.0,1.2454951961393048,0.0,0.7755479047326341,0.9151772232200588,0.9836436952767018,0.0,0.1311034828491293,0.7093252360720892,0.15250278180116825,0.8719200523034616,1.1129109730769557,0.0,1.1030263151137676,0.0,0.6233267372909983,0.5991923348965357,0.7641708099740907,0.0,1.2154390454944293,2.516825066487922,0.5652710440352646,2.4783083562245407,1.09870753066043,0.8818511032710601,1.2401909464009244,1.0153731281404206,1.1064349199754873,0.9959591288490691,0.0,0.8489236186389587,0.9350381358422697,1.1899842111584988,0.2657026151227768,0.8726956043472662,0.0,0.969423465730544,0.9654767240360695,0.0,0.8189084378282809,2.161674272771055,0.0,0.7770460932985378,0.7638569475239286,0.49334045477058264,1.0430247081304553,0.20720329627707093,0.9320735946369154,0.4248105930573255,2.319606322012002,0.950285874710449,0.8539767162715582,1.481407903919203,1.6225096301262596,1.3739774788195134,0.8991327577764876,1.9590859665083187,1.1659559758434823,0.0,0.5907944360028236,1.4736807761576005,0.8838875509025415,0.762152226340412,1.0652285150980993,1.4835489795104606,0.0,0.0,0.0,0.714574021037685,0.6897645553761449,0.0,1.2522643881907067,1.690876364091619,0.5365279962008087,0.0,0.9055429889362208,2.171504875679111,0.6023136893824785,0.9178701341223932,0.1697804165794788,1.2484987217921635,0.5406882866828979,0.8869617416511137,1.119447522114548,0.8730406126784538,0.9604553654035468,1.6328520806374154,1.4029865628981355,1.2714156939721797,0.7882380678612744,0.7708844754241927,1.038993792546881,0.0,0.0,1.7048441235982426,1.4245335384353104,0.6187908922558724,0.9674571129348624,0.7069958735986424,0.960357443815729,1.1348216575550325,1.058761162036368,0.4888282409335869,1.4545111125209056,0.0,1.5097345252210268,1.7242154078732903,0.0,0.0,1.1998680019625443,0.7934481311664168,1.0213499951372156,0.5832974721646964,1.0688919961866379,0.886254697565349,0.7803327716276871,0.42293764590851574,1.182540241344543,1.021083723621869,1.1599678797099708,0.0,0.8551062975376326,1.1652104220029624,0.0,1.5722459867337446,0.7988946853165049,1.0962625337208893,1.0792466796769293,0.7928889850097628,0.5369337918207435,0.8362978437361546,0.0,1.0358031895096929,1.0303305529340459,0.6886579517305272,1.2870660177582518,0.6702283145718233,1.650443515485323,0.5199154745015391,0.7596383689612715,0.9451383135532587,0.0,0.7440590782256828,0.5977266844881476,1.1551206191672967,0.0,1.8708076287940585,1.1723691810536612,1.638381718042957,1.0849718766990089,1.0144549304670656,1.6552977948585554,0.885305520867542,1.3570264207766383,1.2981970601295167,1.0369204039119837,0.5636709096297077,3.2518572979317675,0.8172146365398569,0.8847503760572147,0.0,0.0,0.8771949246777538,1.168832797590393,0.7789081145789748,1.5433338865440729,0.0
74,0.11143661956259783,0.8776212891244053,1.7904892678821653,0.0,1.7670778426291738,1.5164656495842164,0.0,1.3288127771699425,0.8374116892991269,1.330460796397374,1.1860365060874178,0.0,0.0,0.8795365502099438,0.5311361858150709,1.7302512827128194,0.0,0.9777374492541104,0.8348405512659043,1.1201428230260897,0.25971772395020654,0.0,0.9483805726978837,1.0051280077201439,1.147667914832421,0.4748470910791774,1.106400549087475,0.6205485953688019,0.0,0.8453647549084201,0.9532318072035041,2.5007933677789236,1.3361522714065721,0.7969968208648404,1.3651815366296538,0.5106379419600655,0.6395899995481293,0.0,0.8860578317770356,0.5904937348897779,1.2465714426164993,1.134505508185138,0.0,1.0936843643978644,0.7819371817263641,0.4185969927964183,1.306399301603568,1.2470182467039141,0.7773320458020645,0.573110847620453,0.8778903581189237,1.5803062624981,1.6129156763410069,0.0,1.7365499759750431,1.0526694201937068,1.077040988036121,0.4130646454612853,1.3005001350604042,0.0,0.5357141347558535,1.0240172705170028,0.0,0.6620470513481902,0.8551527086766528,1.5110932378780575,0.12535871741288998,0.7959074406222159,0.7982950440699568,0.6777150566272812,0.6129369759376169,1.101420073758393,0.0,0.5276974904751519,0.5160027103411702,1.7243490962751449,1.2115361144640675,0.7263965902260529,1.1134541710583452,1.0449875681849816,0.7534319920176376,0.5636691835594152,0.9341896682485485,1.121457241612334,0.7329605659559473,0.0,0.2741921434747639,0.0,0.9831282966193289,0.7846447434878265,0.5147435570364618,0.4770873459675234,0.9446141914977619,1.4201022170063438,1.5095061029638295,0.6845136992863299,0.8475409948741621,0.7901452181254498,1.1183475544866186,0.0,1.1111019663463246,1.7971639281868876,0.6738902106758478,0.7730592295292261,1.1300285683496614,0.8053931097721464,0.0,2.0644730948029686,1.3054054209917119,0.8805474217204972,1.1462170373461968,0.5223816519363252,4.8680519060875,0.8619415769877401,0.73601850496041,0.8875856420360281,0.4198107841666008,1.0171478550220903,1.0564346914373162,0.4617283625965882,1.0105413109622214,1.2510017521489813,1.221647372619044,0.0,0.5545770162007075,0.0,0.8174614078424951,2.5028703688071805,1.0879596418174593,1.3204210143286113,0.0,1.2351333730220244,1.016695337579152,0.3418561047773191,0.9182003865887791,1.2638733321521172,0.6763867491284755,0.9793846288656736,1.0250959068751162,0.9160134699811261,1.10789387969748,0.9532851696252259,1.2598739851787273,0.7376723237961755,1.9087643898489763,0.86750727557598,1.393762454326823,0.8435154233906743,0.642224090157363,0.31362808361676797,1.201041323900084,2.6382213140236526,0.8161071870768496,0.7633662863480091,0.0,0.8019761387330553,0.0,1.5578344835910183,0.5044733195938171,0.19393316498792998,1.0813373827163382,0.0,0.5421836289557246,0.17955452634101512,1.0052918921589362,0.0,0.0,0.967834418974844,0.9392063599026845,0.9757086864313201,1.0846046688029245,1.8392221914877758,0.7763727595040362,0.0,0.8002660428144475,0.7730258114575543,0.0,1.2443295490495805,0.0,0.0,0.0,1.0495287461338054,0.7080715428712637,0.0,0.9958581060432234,0.4943751682990043,0.14587638678380718,1.8678756895065622,0.6863975742252596,1.1656773549577926,1.7166805518846853,0.4647058153808865,1.661315282923539,1.0221286086343664,0.7924429630509593,1.130649347471492,0.49323762610718724,1.3948939228766328,1.253809213673158,1.0737348813039103,0.0,0.4134286053635953,0.0,1.0105491828461501,0.9366820332169202,0.6839915745332951,1.0895160556127375,0.4975620867529479,0.0,1.375150504804799,1.460301914274128,0.6506844882518307,1.0413034151330163,0.9434384518995514,0.0,1.1512978850849898,1.684830354148501,0.9128550435096396,0.799715285569069,1.0590996950715885,0.0,0.6367071725300543,0.0,0.47970839970631235,0.35408828229974587,0.0,1.527389492513742,0.4471115492004666,0.0,1.2299479218065879,0.8925078738028973,0.5475987073405953,0.11636076386700182,0.49472392896691086,1.432259614350009,0.6474185877895335,0.0,1.585140327787349,0.0,0.4438895677315555,1.0663161428348507,1.2883079982378345,1.1172427815555772,0.615153513391738,0.0,0.8264650292933846,0.7161851824016999,0.8244470813234078,0.8443590125151211,0.9114119394526474,0.8590507819105657,1.0385603875660907,0.0,1.2199939734508107,0.9333946725155554,0.5171766434349692,0.842766393687452,0.43970521685664704,0.23487932696426284,1.0178302651161388,1.1949246644120217,1.110555231141835,0.2418396103501532,0.7192585029463654,0.0,0.7874690580392458,1.0935656669039908,0.25556501531847226,0.7177510535993765,1.3231309347450424,1.4413262201217645,0.6397667050354392,0.6265570549086967,1.1660027212602222,1.00333312134735,0.0,0.0,1.860611340275471,0.6284822429681982,1.07673965783732,0.47126457326979826,0.5669018778962085,1.0966763308043754,0.8412907261040397,0.08587138413704673,0.0,0.0,0.9992906817402947,0.6627196667941493,0.0,0.6702887616139335,0.8154740440246271,0.31742643702244805,1.1250712482185077,1.009265445881166,1.165587468548719,1.0716462878486426,0.0,1.6573910373617884,1.0153288210436981,0.029443413029434852,0.0,0.9494427512117561,0.08927266301962981,0.435919648839948,1.4335289059776966,0.3163025132814379,0.7988913223582135,0.8429405096588597,0.12930834040889205,0.0,0.8910767849866499,0.0,0.9152591157590723,1.283831813760039,1.4806224439409528,0.0,0.675509231150552,0.0,1.8321267484123593,1.0399829066769462,0.9350987823952291,0.0,0.0,1.1640169000332072,0.0,1.5863523878258652,0.0,0.5891131310298228,0.7790665236508417,0.99479463589136,0.8263764346036986,0.0,1.0596520349785974,0.654845525869391,0.25306152565276985,0.9112260305606023,1.2550215955610156,0.5535159606909887,1.091283723434341,0.0,0.0,1.0530391559035481,0.18402776941709442,0.8749349962067792,0.7799738504070972,0.5513444465436703,1.4581627225548557,1.116281941129536,1.2364628165873228,0.9515810155504243,0.8941356464447838,0.413613824080147,1.5222918632059148,0.0,0.729707394537086,1.524560845282204,1.9911538903679022,0.0,0.6777140613773526,1.095602141882077,1.4649993861996464,0.0,0.0,1.0823768145498456,0.3839867660885699,1.2201383264143095,1.1238386766068587,0.9379544510152065,0.2999867201239716,0.17097352510462324,0.0,0.9535376246743843,1.2558588168462514,0.6541147642782312,0.9899655751454717,1.4009562817929626,0.3325569260161494,1.0295329952884837,1.0866584933902632,0.0,1.2156489668114148,1.2905498127921948,1.2380850020007304,0.0,0.0,0.6201504527549987,0.0,0.0,1.4902093809763306,0.5973891085419536,0.132362443684385,1.1785539688312425,0.0,0.9760469328071499,0.8472272102524602,0.0,0.0,0.0,0.0,1.0683051357018936,1.0940556540506838,1.0679941967867277,0.07383863231054513,0.8157265068503825,1.1058391523440503,0.3368101062117748,1.2767044838976591,1.1251606681237143,0.0,1.3687511690335432,1.3844353591925844,0.2876377937359052,0.8241114417100113,1.1800974783670364,1.2947654069072518,0.36800957386457167,0.8737902474140316,0.6908209405332378,0.0,0.0,0.9591161767761321,1.0572764221788957,0.684251718681476,1.5378190583909646,0.12727917840632486,1.0583923434372025,0.40710974401640115,0.8836944251293187,0.8825148588665818,0.0,1.0161022964146116,1.3966140953964605,0.0,0.0,2.132114628224426,0.0,0.0,1.5258249314491632,0.23493403776085797,0.3140805139434044,1.438544928266943,0.2545138875392492,1.0016358746980651,1.035930181471144,0.0,0.0,0.9253472282654228,0.7274113598875128,0.0,1.423151106869048,1.6042817319973035,0.8925462430137084,1.318058842237503,0.6331376638667681,0.6814944809239417,1.2075819009004987,1.018834979545029,0.771294678909928,0.6448389876348294,0.9446304575639985,0.4953765801200091,0.8182954383635281,0.9590180055415477,1.4132189583630246,1.0965154299974116,0.8226654379125732,0.0,0.0,1.7230694718200392,0.2765572496800569,0.0,0.993943393473493,0.7278111819796376,0.9444415567699606,0.7935544848540707,1.1259516972556163,1.2189026977656745,1.4489920707402604,0.5564380459531679,1.2245342665449555,0.5753061372058782,0.0,0.0,0.0,1.096271813505148,0.6881366661187512,0.3826112135545691,1.012727468351029,1.2865732889764478,0.7282107991306785,1.251266088011965,0.6293264748468812,0.9585355860721974,1.384356749440301,0.7881111391747802,0.9587410181060522,0.6749472840642122,1.092969160380145,0.795431569751339,0.10904196282295528,0.9000733113378303,1.3524498327081886,0.7272408515119655,0.3604253324273897,1.2308469933957404,0.14642854053351176,0.4213453184716896,1.507125389989422,0.0,0.8750687017624095,1.0961304187267222,0.0,0.0,0.13114538490393088,1.135703428462005,1.6347671599150218,0.5885501156682009,0.21901513897718244,0.0,0.6543411081881719,0.8810519467223226,1.4184811268604172,0.6561084156829956,1.2745406945201632,1.2297615371798618,0.8631127195410879,0.5578296065475236,0.2971776395630278,0.7649701775391724,0.6383749224734622,1.1136924338465504,0.0,1.0307668463345963,1.3425510214678025,1.1932154266018415,1.1654415341833309,1.0483547826241022,0.589393763571638,0.9518107896336434,0.8911054412145296,0.7717831653194572,0.0,0.8997168479980582,1.2218136834715314,0.0,0.4913993787272539,0.3352549796819893,0.47944870795045424,0.98916406024084,0.7637681974354679,0.4584084219277742,1.2135221452473206,0.7555916991730338,1.4526572321251976,0.34722205349963126,0.48952417851049956,2.1260700373831893,1.26161443987348,1.0627982171821053,0.0,0.4760099517893674,0.6795402364059832,0.8988015131640673,1.0170138374180173,0.0,1.3821337334816497,0.0,1.481929109724566,0.0,1.0278485853652788,0.0,0.0,0.6446003420509848,0.8904185222648293,1.0298823984926866,0.7860071072032989,0.0,1.152835752968996,0.9335793714622411,1.4630201427631642,0.5493670551124604,1.1234636163760645,1.2909870575371476,0.38568535074871135,2.186691036767814,0.0,1.5820427182978278,0.9169164437023752,0.9289374270979938,1.084953807516523,0.9307296295483217,1.539589478220797,1.0287433269658717,1.3551876037411612,1.301570760681959,1.8028564348464498,1.1401804268621856,0.45696722565319,1.0874370740897028,1.113386758274093,0.0,0.0,2.871494966302884,1.2203638500687197,1.2190076145148347,0.8602168246701705,1.0657192109222071,1.1281208745811133,0.39743289019754807,0.8972944745829408,0.0,0.6206889832753311,0.6774212933865917,0.0,0.39453770033722735,1.1453617564094682,0.9397530790992104,1.0909033549503029,0.9596445135937071,3.106596110462636,1.5847136040695413,1.2233696096129583,1.2500666082489524,1.2201374706083534,0.3384739788507317,0.0,0.7255945402317189,1.0263932615566311,1.7574360396628184,1.1202855692892166,1.1500194959737569,1.4579996696177253,0.8245842024187531,0.5321579498432616,0.710185544545169,0.6814283642675308,0.8664041998095618,0.0,0.05870021061879985,0.5186607038155403,0.9062926328689678,1.2653864220048248,0.0,1.4159500106754725,0.6295596004200098,0.8983206241280444,1.417636075819814,0.0,0.43246722591123954,0.773121510653791,0.8447691490812242,1.3242170125646122,1.1734590093692032,1.1002449418501188,1.1276435306634658,0.7437269696130728,0.7798472129054498,1.305345957851074,0.0,0.8191071002664279,1.488100184896977,0.0,1.1169036023164918,0.9137758782281287,0.0,0.0,0.8524375463360419,1.4603071089534052,0.8089019282835218,0.0,0.525159112785305,0.6406103051281629,1.1370246784756903,0.6021504728182372,0.7622223977680164,0.8831721752665962,0.0,0.0,1.0647325903095555,2.039871209214337,1.214344660212264,1.2334502219523358,0.0,0.0,1.014139883417569,0.18347760908345914,1.2331417371976934,1.4097830737189048,0.0,1.14347625134912,0.888031536010831,0.4236221647484306,0.0,0.0,1.2489060733305535,0.6048668444480867,1.0061284877879197,0.7692903436517491,1.072462048618605,1.8233916509107677,1.0368816856238952,1.2226737333171103,0.0,0.393660192679675,2.6538776331145706,0.9290752352921021,1.108907578670852,1.3323680026957605,0.0,0.8297338622308786,0.0,1.012770784088244,0.9869039081876234,0.0,0.0,0.7581774783434981,0.5686448039720287,1.725578145325507,0.8278785766321233,1.2759330067683026,1.2638904690341026,1.4978977913526337,1.8502716052505046,0.727100415067972,1.6723042906673677,0.2536962311244274,0.7454165681500267,0.7333174613973819,1.3111429491254247,1.2474193100557294,0.0,1.1195711066465268,1.9544107542973181,0.0,0.0,1.1054004930648067,1.0482719043524356,1.982441049884205,0.0,0.8769272868615599,1.0529849965196074,1.3574403256649528,0.738646054291747,0.7137445959539326,1.433654801263937,1.077619116817664,0.8943672373486908,1.1360813804535814,1.200271563985823,1.1594474437748552,1.701817182477307,0.0,1.2064849890820182,0.7952383617625384,1.1454221104859175,1.181632029333705,1.1049785489655706,1.4106366707764013,1.1282931010237067,1.3575168127455135,0.8995704536343214,1.1391300171001255,0.0,0.0,0.7839985231797642,0.8933780355432842,0.0,0.6789704877062763,0.9896988837213443,1.1224320119846058,1.622817184377966,1.1046806536393607,0.5182198523499021,0.6879992153283717,1.3681432271700373,0.6751881892099154,0.9674852665180196,1.4552771192442011,0.0,0.6350429868055266,0.0,0.7394045785697918,1.0579266026895306,1.2740500045871912,1.7760111848841624,0.892725328196337,0.0,0.9788795844867055,1.2758539870576213,0.9832419672281488,1.4345271773476063,1.058382173008597,0.6711615510520749,0.5114481004382618,0.9431259890608427,0.0,0.5047969449047369,0.9554736686875129,0.9829386390091601,0.49884054675555045,1.056352502741431,0.0,0.9461804028456762,0.5404643825296971,0.0,0.0,0.8416777474980186,0.9434757423972405,0.7056448569458149,0.8978828750775281,1.2339976601480998,0.9748675289859762,0.4897553949208695,0.7021647964680049,1.0054595998593288,1.6718314483242,0.5995180505622932,0.9031406272376714,0.23566634029786643,0.3253012120711095,0.9528442923819771,0.4267898999122125,1.0728218367404985,0.0,1.0232821968102785,1.3633510366719788,0.9108821834360783,0.0,0.6801882618804269,1.374171060405109,1.4180438392204193,0.7418194799310242,0.0,1.210343182381604,0.0,0.5275070069119161,0.8822870191272612,0.9646963423879606,0.0,0.1048827915234417,0.1773313090180223,0.22875417270175238,0.5906686465206266,1.0689916286317218,0.0,1.429312053455988,0.0,0.6242338815901429,0.6810789437400087,0.7606937951145717,0.0,1.279567688043215,0.5033650132975844,0.6349807030392665,2.010846787210377,1.2936550009355297,0.9129643582569249,1.1769257066563281,1.3001573040708103,1.028290266857303,1.1507816117328569,0.0,0.9835569611564237,0.8523248572187697,1.4240828541499062,0.34801266102166273,0.9238452798978609,0.0,0.9406151309448266,0.9405424697737246,0.0,0.9138610557273295,2.047535710638308,0.0,0.8903975541525126,0.8626818180289161,0.6252430080553713,1.050473429798192,0.1593163123222646,0.8759327414939989,0.22163424923617736,2.3136113744815754,0.8825750085443635,0.9059821275310511,1.4583338299920836,1.41297842231573,1.1920635895593221,0.7630642531383357,1.8712967359645765,1.0469467150955765,0.0,0.5458288376606047,1.2448366362716352,0.7746868535976539,0.8509218997143941,1.0417308293383785,1.6218711026420711,0.0,0.0,0.0,0.8870573884326589,0.716992101823391,0.0,1.188496302409673,1.6141960799800963,0.8320747712274273,0.0,0.9872889245769751,2.5189455949856505,0.7765332743656312,0.8629517973027148,0.42803795001061384,1.5151394378297827,0.219265295775324,0.4778328457194662,0.880446618751155,0.8453008545410472,1.3576792370533945,0.9406647817262526,1.2996959268525263,1.5035448157368407,0.8222627288907229,0.8123275051433162,1.1963223790772524,0.0,0.0,1.775292382228573,1.0899725294400295,0.41756692309114185,0.9713968960424022,0.8858743712458267,1.0075934088981582,1.4113831586241892,0.9522468334122096,0.2537232979213669,1.290522112443562,0.0,1.47041882282182,2.611550910166246,0.0,0.0,1.2090689066475406,1.1438479849516603,0.913439265146022,0.5635427504885273,1.1446823273421307,0.9204370898410603,0.6208947369521663,0.4496689848679766,0.866700905944688,0.9444668154029798,1.1258324629150187,0.0,1.029267936940133,1.0791002472018496,0.0,1.8080135429098343,0.8808676655973157,1.172329609705577,0.8144135570929818,0.9022750956360734,0.5437071030885677,0.8963590550070399,0.0,1.2467287808271295,0.6868870352893639,0.5714752000622183,1.26005075099866,0.7334285577280479,1.4990172870090788,0.6578942098764521,0.7603383225491429,1.412309405377397,0.0,1.029138711877163,0.2408917334000698,1.0165565187864862,0.0,1.4834801022444843,1.1394385828662035,1.176266932034904,1.1003847339650905,0.8810166261530467,1.6060818400947494,0.832485961993601,1.5412585236956038,1.7485919369141967,1.2247061610081236,0.6465629357626685,3.566553121765801,0.7234298626164526,0.6414440248533564,0.0,0.0,0.9877455117240385,0.9906487932568959,0.8490013807440993,1.49644308333407,0.0
75,0.2005858973828205,0.883603221460389,1.5981809236892235,0.0,1.4432242939874595,1.8534580161584866,0.0,1.0485814184760989,0.5743175107871081,1.3385519451570334,1.287197206747285,0.0,0.0,0.9451280490986389,0.44261348817922574,2.1483365485804375,0.0,1.0718170161341625,0.9093059604258403,0.9692698614814128,0.5307275216273706,0.0,0.8636691283008582,0.987339336923412,1.105959943108684,0.4838373108880115,1.0267280988109904,0.47117505408847765,0.0,0.7704680380264898,0.7336986225141918,1.9909698307939228,1.3720046679739977,0.8004505354968108,1.2330671913386722,0.7341058024796772,0.6992145753300976,0.0,0.3014423545756132,0.497991455062419,1.0945577930431147,1.1921468623537366,0.0,1.2243795146177638,0.716077281563392,0.3988229379139475,1.1177707030019728,1.2510156978197793,0.9076221768156352,0.8560456556313242,0.9482631562527327,1.6589144844714647,0.8878215313636532,0.0,1.9970323681783428,1.04205680273063,1.0922943561024465,0.08504272076705996,1.1889129169820734,0.0,0.26785706737792675,1.250584600232946,0.0,0.7045342526690385,0.8990527149152944,1.3810122674804965,0.20647318682643623,0.7255026394154248,0.6012340978587633,0.4498280347931589,0.6294531186377919,1.059828812927066,0.0,0.7257859426135003,0.2691448974860577,2.2396021529543964,0.8387557672507356,1.0847541202131938,1.0897948111892717,1.0606443602018105,0.6891161355458256,0.4423938266123211,1.1184716739330456,1.1157430323815212,0.688423224239453,0.0,0.3612271354708856,0.0,0.8314260174201331,0.8040541693127967,0.7721153355546926,0.23854367298376167,1.2734502256777382,1.140369520917928,1.4503172779909685,0.5603597071006399,1.114134574816466,0.8382273086321017,1.0983728034269464,0.0,1.184181306697497,1.5206772338089114,1.0114690685831502,0.5249157011659611,0.6420616947339999,0.823065339526173,0.0,1.976265200422346,1.246624285650208,1.130201942157652,0.9960830558009014,0.7835724779044878,5.354857096696249,0.8508366421825506,0.7774105357268573,0.8477037920862469,0.3652468755915499,1.1792347669908914,1.024413252755805,0.7575230939832145,0.9524691458688357,1.2441501295173236,1.2960402037450738,0.0,0.5341032018184929,0.0,0.9895365449953841,2.413642697245856,1.0737615145467314,1.4344091612359824,0.0,0.7154588605955418,1.0013883482651338,0.5127841571659787,1.0619811865769788,1.1368797885536914,0.49377614855150875,1.092089927843661,0.7479012670005173,0.9386635102190837,0.8124555255652738,0.9112037971626343,1.107440707763673,0.6049526510549563,1.6371104423940994,1.031873529612548,1.3394630001722865,0.8959804853371258,0.6595740756219822,0.1970767184906692,0.697760173191917,2.5493153291746813,1.0162113599757037,0.7713228523509661,0.0,0.8802087478677774,0.0,1.4376359407527686,0.4190559825942778,0.3526057609345216,0.9492983497891344,0.0,0.4875360299494337,0.17327381198578246,0.7579489523527395,0.0,0.0,0.7598843330426247,1.0443255257659967,0.941896627134523,1.1106009856839818,1.7957975950261986,0.8230587913069264,0.0,0.7571413570144397,0.9897411401216438,0.0,1.3999434417051526,0.0,0.0,0.10461192422989786,0.700497799738064,0.6245538376427722,0.0,1.0233456149489975,0.7563471852918888,0.2552836814302991,1.9443206281327614,0.7316943924632082,1.3079735380529658,1.7370667570486313,0.5911529755859265,1.546056073309692,1.1448788006234252,0.7726318867954675,0.8439001877280141,0.10204916343568733,1.2864419127337685,1.1352527064531754,0.7836661104854707,0.0,0.16795537577382647,0.0,0.8017303118119952,0.9927011132933581,0.561789606067493,1.0411698417103081,0.6374549305921949,0.0,1.759558568470028,1.3487723857502512,0.6578323566111275,0.9908004102550179,0.9348769322462048,0.0,1.048924787198831,1.426458664439451,0.848420217253186,0.7694713410626899,1.070654802080429,0.5229814783231482,0.8945658307859619,0.0,0.4742483044734177,0.27657852425773505,0.0,1.5058269887904676,0.5856372851085889,0.0,1.456360912773825,0.6968069904339717,0.6086772372736771,0.17454114580050273,0.30907280969903517,1.3531338641985884,0.7594759655753404,0.0,1.8593099434889848,0.0,0.6115120364768671,0.9500892402164827,1.0857095905716592,1.0038795082509708,0.46785545895493386,0.0,0.7761679906949002,0.9140019879566406,1.0022191250540757,0.787014550733567,0.8464832498575471,0.8510187660312476,1.1204831963541702,0.0,1.2796538597435023,0.9299468869718952,0.6198619515739137,0.8135576425918716,0.4447129905209554,0.6263448632054684,1.1034479449009909,0.9748967308712237,1.1377058580204067,0.16122640690010212,0.6659632192990201,0.0,0.8133914611264694,1.263759759627136,0.0,0.7827048542377595,1.3118608409074062,1.2677799938641159,0.5731777650533048,0.6706927577031856,1.1555836088675562,1.1876432949136615,0.0,0.0,1.4441323106759407,0.6546509650373802,1.5219774373504205,0.4173310689694668,0.5062492408562813,1.0171374299265767,0.8364075183182156,0.12880706547164977,0.0,0.0,0.7536330324628628,0.6460261446944073,0.0,1.2029225918011708,0.8051422976992735,0.2777481323946421,1.2410524061397128,1.0233026633804392,1.667309339256056,1.143157297107142,0.0,1.737647749239644,0.9579972756083593,0.0,0.0,0.9091755378394013,0.0,0.23404309146213684,1.2324028295612874,0.45186073196816645,0.7973304864539019,0.7317592859521536,0.5172333616355682,0.0,1.0177347655332971,0.0,0.6678921737010244,1.14537132505638,1.4614870221963057,0.0,0.9486834089152444,0.0,1.9771638288726945,1.0001134509472114,1.026976018090087,0.0,0.0,0.9909704863611518,0.0,1.3840824126461242,0.0,0.8496824012863182,0.7546475234944945,1.1013238233550098,0.930979520685267,0.0,0.745514770150787,0.547813720837757,1.0122461026110794,0.8268869493346681,1.611802944437399,0.43489871527316937,0.8738641195761787,0.0,0.0,1.2189653568910956,1.2881942939058222,0.9094251908429598,0.1949934626017743,0.6898993700338506,0.8505949205259391,1.0756331115888524,1.2843797278961162,0.9941511620294724,1.017022076391972,0.6685171212818928,1.3476025137360583,0.0,0.7891724303919591,1.4082370405399132,1.7729066212179971,0.0,0.7059767844874782,1.4762774644123227,1.0861202367011735,0.0,0.0,1.056937048665622,0.2838163026477894,1.568749239467238,0.9920164746979283,0.8532795192790597,0.13048202840412285,0.25646028765693485,0.0,1.0289852529874544,1.223514759075956,0.7237340599604465,1.2464165392053494,1.4242797771488767,0.2217046173440996,0.486168369742928,1.0863700068964635,0.0,1.1803604283874602,1.3544253802906774,1.315928612376371,0.0,0.0,0.6363863330477011,0.0,0.0,1.2018691882097219,0.2667951363604748,0.07059330282771666,1.1150882139491065,0.0,1.0088900500354692,0.9196655871902804,0.0,0.0,0.0,0.0,1.0239878632201116,1.0516630983717574,0.9105404840252926,0.23039385254304756,0.812844318236816,0.9898275804168273,0.24495280451765442,1.4070185502871397,1.0902834521518516,0.0,1.250839349621724,1.2355954917880236,0.3116076058401975,1.1206441203139605,1.1475174531353713,1.3851803070013649,0.8367375566844144,0.7483791241661797,1.0362314107998567,0.0,0.0,0.9280559762735372,1.1220745432069112,0.8292131054586296,1.5655747343203676,0.32904560458258836,1.290877994678792,0.3338769391191024,0.694113046337219,0.7834373762487791,0.0,1.1281950646459622,0.946160538011444,0.0,0.0,0.9197357023056785,0.0,0.0,1.611765339752065,0.09774234135851267,0.3376931589642748,1.3259409573630339,0.0636284718848123,0.8635904988263619,0.767520744989481,0.0,0.0,1.242424242573933,0.550342341596227,0.0,1.2722107975282746,1.3595259719072184,0.9859300156901373,1.3888309031172048,0.7597651966401217,0.8006132297012898,1.0711547958991092,0.9348809036152432,0.7612467183053282,0.5241960215188534,0.9390470704643273,0.5894777768991867,0.6684483427397736,1.3629240751087501,1.375976475911532,1.1117382999334549,1.1430719757040473,0.0,0.0,1.2337199835332886,0.39505037553333855,0.0,1.1047559506494369,0.6823137935595749,1.30085805947947,0.8955877496026622,1.167052761357246,1.1886541499221683,1.1208096746761618,0.6996139435723059,1.0082826277992316,0.32940915883243305,0.13701918275951705,0.0,0.0,1.1619957785606538,0.1720341665296878,0.3773093336799039,1.1902667954336268,1.3129891386917103,0.705706065370899,1.4006458464641793,0.5671679134976597,0.8711523751076673,1.7708340419143649,0.7601742359077442,0.9394642183314827,0.5082476309129627,1.0595583088474165,0.7309493807542261,0.14452128791042496,1.0117769674359325,1.1114441801036687,0.7533879327999522,0.3898078290639735,1.1507006638897148,0.21964281080026762,0.6258226975115999,1.3475700576310294,0.0,0.760746849792048,0.9064453109207329,0.0,0.0,0.0,1.0808742429775173,1.4886985456521034,0.4478387982950299,0.2581249856421419,0.0,0.7420754024678419,0.8950552444920575,1.2943779349641384,0.8035089574806421,1.3698899310688104,0.9373182562895861,1.1793071113404203,0.7149344224310261,0.27600223016893,0.8305763804630668,0.5805231754416825,1.0886150404912172,0.0,1.1119364982316846,1.2906366604396484,1.131566443184849,1.0920769609519245,1.049556626956917,0.5435266577041049,0.7432079209140678,0.8601526303769524,0.9359511398918059,0.0,0.8780317085853968,1.218763791746388,0.0,0.5114564941796811,0.28810974734571604,0.4439050991472638,0.9743239195227299,0.7528835257733363,0.534617669038878,1.054221729649933,0.6968521510336034,1.183147725815903,1.388888213998525,0.5401595087369975,2.0639486154199407,1.0112535669642446,0.9955387647466405,0.0,0.11900248794734185,0.7843059526656553,0.908471718505255,0.7754924127098417,0.0,1.455224676234952,0.0,1.4071160142886794,0.0,0.9886382991963815,0.0,0.0,0.2731357376942551,0.9277117469599575,1.1060431159342532,0.552211809546785,0.0,1.2102029645859709,1.0681940941700527,1.57633020397153,0.6278480704600489,1.087712435397179,1.1710581625465326,0.32945145817795396,2.201077129593607,0.0,1.5511149387133152,0.9186711940334242,0.7148464277562667,1.0639410992860003,0.846051682918954,1.6230255410510694,0.9389161638029115,1.3439770443118497,2.057131894104149,1.270893822909375,1.0116374403185662,0.443625113426356,1.0330534273034688,1.215701261215049,0.0,0.0,2.6976583175779663,1.3123664189631448,0.9510707607435636,0.8261586450598123,0.8200334702652158,1.020985975904067,0.08831842004389957,1.401095407771928,0.0,0.4687210747512819,0.9262427654398869,0.0,0.25074590241642414,1.0078661149335832,0.9200530254863812,1.001859881605611,1.418169466580611,2.971526714355565,1.581919649407786,1.180073203384757,1.190355158777963,1.2639316891255303,0.08461849471268293,0.0,0.6729388878633149,0.862214912438161,1.9587830233160342,1.9069901160746596,0.9701447973637465,1.0854632203966599,0.46820165483426995,0.4582471241507249,0.9864708773034396,0.4258926850779553,0.7968596310480628,0.0,0.08805031103651635,0.45841874305102115,0.827696371538508,1.1990332406220827,0.0,1.4821952394983242,0.49772821312927873,1.2423987289052665,1.6603596973676478,0.0,0.33155820332848973,1.0292105903351172,0.9692236075768065,1.2946035047668125,1.1009724419235005,1.000044315417937,1.1348046519303752,0.8149348709069901,0.7478005848715414,1.183817839084865,0.0,0.8214407416434462,1.2577637472247027,0.0,1.067580011867245,0.9165561888036993,0.0,0.0,0.8569044861232674,1.4902094052433061,0.7194256665810208,0.0,0.4745989976463559,0.8506425100149969,1.191244857686646,0.7411082727108217,0.8096992255102485,0.7909984192919259,0.0,0.0,1.1482973965530525,2.256373028843083,0.8988145395886998,1.1720683167624113,0.0,0.0,0.820954128165198,0.30762051222020487,1.3258423571546971,1.353932766979931,0.0,1.0445769995114524,1.108028323769927,0.6510258917780993,0.0,0.0,1.189882810084776,0.5186014830592408,1.0145920475921113,0.7420716793197928,1.3484498515355452,1.6542979047966266,0.6976379934977914,1.337779138380944,0.0,0.43690225669099136,2.2760075832009994,0.90927567233429,1.2802547880966337,1.3174264338656119,0.0,0.9379670132995148,0.0,0.824760093838682,1.1577847683436646,0.0,0.0,0.6002856616201547,0.5573954690237264,2.181525968288838,0.8279019544858103,1.5852809721271763,1.301892653789805,1.4336022888498778,1.849531410775416,0.7162720283906079,1.6428178188304066,0.06342405778110685,1.0401161367669394,0.8526007816310359,1.2927329353003372,1.3117428759091816,0.0,1.0761032447355174,1.3979080768423435,0.0,0.0,1.113090885691366,0.963773868851681,2.092409304463168,0.0,0.8281446955862618,1.065445502797735,1.4913358103572045,0.41929807158855026,0.7736244494825368,1.2232915410797152,0.8704633504128607,0.8728070090803037,0.8704089718644955,1.018412233070322,1.2954413873177175,1.313112649233993,0.0,1.037901798666553,1.0311375527730262,0.9479532397721367,0.6165036618941837,1.556569534004165,1.5208197525671179,1.2220569711695282,1.4051180519218307,1.053143396049519,0.7777508394781841,0.0,0.0,0.5679805390560732,0.9383101660682609,0.0,0.472511606283355,0.8134017027113054,1.1302019037281748,1.4832661247783117,1.03646659974298,0.7161789848802113,0.7774797147971151,1.47919013492044,0.6492055555933143,1.0699899829870412,1.5752776773714094,0.0,0.7468213799739304,0.0,0.7544997783293601,0.7934450401776689,1.3309342417351018,1.8001895653556745,0.8286300230352167,0.0,0.9811619436940845,1.2196984608301489,0.6743757386070978,1.8993117500526524,1.0807297200285115,0.5587630052386919,0.8504331886102778,1.0502883423853007,0.0,0.29370004000434696,1.0917381122716332,1.3639149545752511,0.5222095016221652,1.0519637172514673,0.0,1.9353689745420175,0.47867191406467924,0.0,0.0,0.7687299984086418,0.8050587872090912,0.41508521175869006,0.9791603154950503,1.14303214824362,1.2246773156191624,0.560187629747293,0.784179572875873,0.9936179096942814,1.7927897878687573,0.5734520511971934,0.824664963363374,0.5750258693841288,0.3361765953928615,0.9287252837831044,0.3475769859747173,1.1177606169272098,0.0,0.989021349279602,1.5966381829144507,1.3939848865341777,0.0,0.6030319495945656,1.143035236995257,1.2762927093695418,0.6632021112313451,0.0,1.1597731271951919,0.0,0.46115671488246074,0.8296016800708533,1.1555363427009255,0.0,0.4195311660937668,0.0,0.15250278180116825,0.6430322334782127,0.8056619522944837,0.0,1.552767575019697,0.0,0.8160650138768022,0.7858434685740996,0.6029554503371202,0.0,0.9583099475167829,0.0,0.7828891031742127,1.6734082947539617,1.2432347846337723,0.9261689771751438,1.2381386524964775,1.4324520333981083,0.9702789202430417,1.2924987085866755,0.0,1.161200672425526,0.7439149969497436,1.5768953104256176,0.6064950908528141,1.0232511367913746,0.0,1.2406061886478252,0.9361245694497604,0.0,1.0834098936700844,1.8186974323949996,0.0,1.0575852073539802,1.1233740783750008,0.896280369499264,0.907225225411128,0.20202869562910702,0.8703691793847367,0.3671825972742167,1.7079435402837984,0.6401735195342331,0.9846951553681692,1.0914860498055377,1.242719418229155,1.1195255982189571,0.838385171702855,2.069053527289587,0.8971309591174566,0.0,0.4171749919405269,1.1445233357196534,0.8740630476049447,0.8403027743623502,0.8328624916026911,1.6391203857006682,0.0,0.0,0.0,1.0020462781266635,0.44411156265185303,0.0,1.015441670096379,1.4706719428400659,1.004454070463528,0.0,0.7790138865674958,2.5623756794702075,0.9980313661747868,0.8855368364277934,0.7341209486559663,1.78987208112112,0.12458255319084845,0.4363629004453178,0.8090029370197709,1.1341259626046296,1.5497650490685184,0.21298070462675947,1.1470709965577197,1.4532000549653834,0.8080857767137383,0.8938835064572868,1.4427255695092946,0.0,0.0,1.5473537353333007,0.6021563929580928,0.2670681203830759,0.9980460188478847,1.4310278278530983,1.02065161517354,1.6184758827429453,1.029116682191685,0.24447831368636253,0.7007728566290787,0.0,1.3771957721715122,2.7731605438729945,0.0,0.0,1.1841438058168137,1.266788109401865,0.8947735917727014,0.5846842647591881,1.114064075291132,0.9818288710379723,0.577219368010966,0.8319167438566273,0.7330523179018837,0.9218113204473093,1.1559105673703984,0.0,1.0074295153782984,1.044777992328545,0.0,1.881987916307371,0.9231882508923606,1.096625730528527,0.790371739147065,1.0017340331833067,0.8061017365382559,0.8730636823218438,0.0,1.4983560163845717,0.17172175882234098,0.4800376096815627,1.1047183621236851,0.9549238945869938,1.3533608496624505,0.9388624888931567,0.8945435398427402,1.8406775135917273,0.0,1.151444263477755,0.23987863736673543,0.8377734645911028,0.0,1.2526243452496717,1.1329443979695186,0.6953674430058414,1.1112543685868466,0.7775034439877251,1.338174701725295,0.7781165583597741,1.5026204384075905,1.4306661181598828,1.304660732825314,0.6153012325720649,2.8697265750495813,0.7788942731438806,0.5259349600762686,0.0,0.0,1.5501115862291324,0.9055067407365784,1.001678158594887,1.333159374640379,0.0
76,0.9694984817296513,0.840089555039505,1.3089930995762704,0.0,1.3607598120689848,1.0952251913663784,0.0,0.8713944871869592,0.38968107598519475,1.1713873079106794,1.4528842854597783,0.0,0.0,0.9868629980700541,0.44261348817922574,2.5900054696875987,0.0,0.9632131688459817,1.2026452575320317,0.922224078360409,0.5420195953543281,0.0,0.6764126928961223,0.9626587188305118,0.9645145211927615,0.3763905559154815,1.0869899769788514,0.34965895870974456,0.0,0.6349386633509859,0.5952190810296704,2.245788769207919,1.0420923222332876,0.8356930378879951,1.0503090104108135,1.0684343223041053,0.780677861956061,0.0,0.09210738681810943,0.7096091767523747,1.018052335334838,1.0773989697284625,0.0,1.3654232333824154,0.6641360988143361,0.6748797055405371,1.2664338164420768,1.2536936092442534,0.6835273114491262,1.2659804944048867,1.307280808354371,1.6624023366548157,0.28477294591868274,0.0,2.604824529825418,1.0593078537764387,1.1053780046745276,0.0,1.0777711475422886,0.0,0.5357141347558535,1.338339632322926,0.0,0.8893428070909044,0.9762335901467308,1.433422707283666,0.30970978023965434,0.6184163451764044,0.8886763678325258,0.511028908825271,0.7299454117305265,1.1843716535226605,0.0,0.847215955171468,0.36688698481127846,2.259939322249827,0.4504429073823082,1.3912751733366437,0.9280388862903013,0.9019744903464922,0.7779007898073584,0.46055466762353964,1.195682656483866,1.1523660881635087,0.5370073914245038,0.0,0.7504374043496234,0.0,0.729586564422773,0.8336915606189144,0.5147435570364618,0.10601940903701187,1.235124807693477,0.9794233112140833,1.4068908038343875,0.4284428584908102,1.1164939146714368,1.2175420575539055,1.0449201777962132,0.0,1.1967422527700682,1.624359847883163,1.14179163844172,0.5588836094822046,0.5136493609236923,0.8948374408275421,0.0,1.5737884428026767,1.1226649968555649,1.3543540798978384,0.9100273888467156,0.5223816519363252,4.381246715478749,0.7529264096283044,0.8196899124558614,0.7900133887276795,0.3218530770142486,1.2383410438728968,1.0299783962387488,0.7214505629499168,0.9840825176068247,1.0527352234003047,1.4287949756274783,0.0,0.3926665594591961,0.0,0.9676227373799506,2.2073503300674924,1.011503854514268,1.451618627711893,0.0,0.6078983269433151,0.9347014370542251,0.5127841286779794,1.0138633296328992,1.0140406600109129,0.4185006517766607,1.1228471275022267,0.6639408247972327,0.9441089822891278,0.649964432269752,0.8859991010661723,0.9374753410446215,0.6962075321876207,1.5551831040122117,1.1784185684470005,1.1998471856627875,0.9771031264304382,0.7703848151835785,0.1322054101403108,0.6494304667473383,2.0990621336941446,0.9621499207679339,0.9073269696150917,0.0,0.9487749706850137,0.0,1.4858590801748455,0.34264275010476253,0.5289086414017824,0.7998715611935705,0.0,0.43311584990926905,0.227583513664555,0.6244982053354138,0.0,0.0,0.6771825196973318,1.1121656561867486,0.9433931754475253,1.1325332001147128,1.615165501340524,0.8821196731441929,0.0,0.8088456008168339,1.0292116286999664,0.0,1.1298972844718695,0.0,0.0,0.41844769691959144,0.6921193433106196,0.7131738408072279,0.0,0.9447348219425171,0.9731960373484063,1.0211347257211965,1.906541588951794,0.8184866932967862,1.353907728499324,1.3254262047324468,0.6558228639532193,1.4286119961955444,1.1513353651341427,0.7448963816226646,0.5797684958468455,0.0,1.1822416247589773,1.1649044831004294,0.5708450025928091,0.0,0.33221943862243974,0.0,0.7000094264873389,0.8722785637295811,0.3784866533687897,1.0068772828800698,0.6950842691104095,0.0,1.224557648340546,1.4138854166533088,0.7446130589247452,0.8819569016645319,0.9240542207296168,0.0,0.9426458808728111,0.7932675382196598,0.9019699400454746,0.8603959110359702,1.122549884391661,2.091925913292593,0.7047041037809385,0.0,0.5339193507208616,0.46895518833231087,0.0,1.4071712526653906,0.8784559227825733,0.0,1.2190025403080404,0.6551621757057455,0.59233167474122,0.11636076386700182,0.34368792332161574,1.4239030599207192,0.8900610190962533,0.0,1.7877725822189865,0.0,0.9508414253760546,0.9391996932790476,0.9612204336081512,0.9157311872886071,0.5321137456684895,0.0,0.9628176640658215,1.1082134831308381,1.3064001070863773,0.9000690826834805,0.617350326979017,0.7614191180173474,1.0094843098303163,0.0,1.302996078537815,1.0003463172971963,0.7389265670808938,0.7319351470936386,0.6445265076974341,1.200494332017855,1.0572923819433526,0.6919403984614774,0.9024103490027682,0.04030660172502553,0.7800523846710816,0.0,0.919470191946349,1.5780378918333882,0.0,0.8760959482346186,1.1367564111195132,1.1006428410956643,0.4705759986300147,0.8091780688384462,1.2124542905342974,1.2650873188259624,0.0,0.0,0.9802024362348476,0.6368842779880962,1.6838632643540443,0.46172575754588663,0.47579171866084596,0.90831537084476,0.7743274014046441,0.5152282618865991,0.0,0.0,0.7041242934803122,0.5323229494324132,0.0,1.4726663300713398,0.8080967759028379,0.15871321851122402,1.3129351612539737,0.8317011066484643,1.6464914085204705,1.2634084484170858,0.0,1.6138475319460674,0.8989917421577868,0.0,0.0,0.8387799849936834,0.0,0.3423309351172381,0.8558429894149697,0.5422328747469144,0.8027350283412729,0.7084762986539461,0.7758500424533523,0.0,0.9525412107538191,0.0,0.7431970657261522,1.0328414596207827,1.5276427388474796,0.0,0.9804522551617303,0.0,1.7564450216837315,0.7752830403482335,1.0935205689964367,0.0,0.0,0.8152544641531511,0.0,1.179079930311274,0.0,1.7560103012786366,0.8519754267357492,0.9195975557986484,0.9488961890589622,0.0,0.5350060443125513,0.44157654798560686,1.5183691539166193,0.8166005798116581,1.455416414028429,0.6006574961984469,0.7915700036348159,0.0,0.0,1.2307322772063292,3.3124994814523454,0.6165121693979083,0.16899433317157414,0.7905786329227943,0.486054242780405,0.9023757386914155,1.369905015623322,0.9805502835816843,1.00923621014677,0.8367549441797328,1.10312259934801,0.0,0.927676308697812,1.025872715219691,1.441100397548889,0.0,0.7081346334423144,1.5784098675084686,0.9149229961121209,0.0,0.0,0.9528628686055594,0.3005113778010351,1.045832826311492,0.9823354201770745,0.8297707980584543,0.02682808057226475,0.17097352510462324,0.0,1.0460236767935274,1.1883179144512188,1.049661243018494,1.3557727536625457,1.3079515169075973,0.0554261543360249,0.44327117789095766,1.2566747895687496,0.0,1.2919843975787924,1.3791503226926842,1.154829823633084,0.0,0.0,0.823289812317061,0.0,0.0,0.972446703140978,0.05219904854443841,0.1647177058136355,1.0914648962668598,0.0,1.0217593975136567,1.0003853791893782,0.0,0.0,0.0,0.0,1.0375618256426422,1.1959635224273364,0.7664745000954174,0.55952791947415,0.7409561220625935,0.881084716003358,0.2143337039529476,1.493197834255772,1.1752487657925752,0.0,0.6720973762436931,1.1903313362841934,0.8433016984842416,1.2261929524430764,1.020021972644281,1.4854070362827607,1.0226792359476176,0.6925564550607898,0.6908209405332378,0.0,0.0,1.0672416757343215,1.3342686918457296,0.9835750680260489,1.5520160041993978,0.8177464701884838,1.0599830753281012,0.27859155901874827,0.5078313053897257,0.7648460356255342,0.0,1.0603308192062826,0.6802651337149943,0.0,0.0,0.16722466934592728,0.0,0.0,1.5039401204152736,0.11342250513609617,0.34764592063190586,1.0083313868488264,0.0,0.7706449266534443,0.609859551999605,0.0,0.0,0.9577020176211737,0.5839718042571462,0.0,0.9487673398906938,1.1746688938436303,0.8998859129864867,1.168688396434231,0.5065101310934145,0.7873163007500279,1.0491573775630783,0.9124662796604679,0.7227599029998834,0.44951989507716406,0.9746735566798026,0.5132617738684349,0.9487275450483068,1.3629240751087501,1.20045218472184,0.9256879609375174,1.420180413224084,0.48595463317836246,0.0,1.1833869151620575,0.5100260798663203,0.0,1.1800430213676227,0.7413296080509637,1.221456195506364,1.1715189046443406,1.1979801052215366,1.15224529036371,0.7533927082041092,0.6875710503651508,0.8704943618929412,0.07423304981238539,0.5480767310380682,0.0,0.0,1.0747274965301004,0.0,0.5160594210559171,0.9571340508363664,1.3857535697263548,0.6824336476864031,1.7872332141438432,0.5579352422550655,0.8614546298687857,1.8951364763708054,0.8127311013020723,0.8797513181317689,0.4333210754700965,0.8963056023062204,0.6179780687849852,0.1933460473198287,1.0081551890014164,1.0304910189426215,0.7246803495501946,0.5112554858441278,1.0930794591372786,0.14642854053351176,0.8444704294952673,1.1070534953731619,0.0,0.8126800487497987,0.6764191058989211,0.0,0.0,0.0,0.9995545503122617,1.3260228159696448,0.6148554884159965,0.17208332376142796,0.0,0.943414085040974,1.008918527945458,1.0934395644008128,0.8612956252846196,1.235764903194111,0.5248982250218772,1.1348267431072776,0.5900996840492668,0.3806761372484746,0.8918018894785262,0.6677539300555283,1.01950613111481,0.0,1.1342767670853913,1.3005819505699516,1.1093365765855276,1.0055415194422617,1.2377562354201883,0.5683685750448825,0.7392386868684288,0.8423980523368558,1.081695358917795,0.0,1.025768637516658,1.183948193986422,0.0,0.2657568048160541,0.34573169681485927,0.4103756164358761,0.9090696451488872,0.7146078409342499,0.7364241078637779,0.9267965367184897,0.6958249703179211,0.8258422108444519,2.0833323209977874,0.6461356394040926,1.9964966687493884,0.8414954166902131,1.0495985051619607,0.0,0.0,0.8268779922909212,0.8841573519408068,0.7431802294365886,0.0,1.4718904816684524,0.0,1.2232083718108737,0.0,0.8454784973707687,0.0,0.0,0.17753822779416764,0.9390023556596343,1.1567964940441784,0.5020332066765556,0.0,1.3292021689785072,1.1626430721412542,1.5650953769243485,0.4185653803066993,0.9519933553666821,1.1774528896820677,0.40947530976388835,1.6112460122011738,0.0,1.4358865324042045,0.8588968293843036,0.6762973362869328,1.4773004439258655,0.9067694510621205,1.3937058901621198,0.9778066564434229,0.9553348390550352,2.4860324244608796,1.147191970645118,0.8957954048199276,0.5195083508096797,0.9534803441433958,1.3821607449898217,0.0,0.0,1.6596828667547086,1.7023430595403664,0.8610891499586779,0.764703009273633,1.0040103870853492,0.8989782713495638,0.0,1.73016754256962,0.0,0.39474605189558787,0.9290941373629135,0.0,0.47181341541163163,0.8923605992063883,0.8615565674934516,0.9854752159867175,2.078175501496791,1.755902149391925,1.5737197386321067,1.0922673637422677,1.114982827978991,1.2556434974738848,0.0,0.0,0.7703951886825733,0.7848557667611932,2.620825185589532,2.092439927361056,0.8509115762255111,0.8537619808093948,0.2837982061888926,0.3581507482110748,1.1426594768101908,1.0221423760442905,0.9447661553925613,0.0,0.3522012441460654,0.5344977360925502,0.8659923441458801,1.0660657822002366,0.0,1.4835745627940522,0.48252623560789476,1.3451893988664612,1.8717809161019625,0.0,0.5045450840826038,1.3012575529879826,0.8575159001777592,1.1315133750690607,1.0299701325751875,1.1627718882974558,1.0875751591851182,0.812890199672454,0.8485368717874087,1.036441375417508,0.0,1.0468702187668462,0.9255179875475444,0.0,1.2761097301318924,0.853158318400958,0.0,0.0,0.9439486787536813,1.8188181000260901,0.711248834478335,0.0,0.37304723614227636,1.1985362321925468,1.0112464884553498,0.7543423479457767,0.9840282774487465,0.5992119708703036,0.0,0.0,1.1200814342972703,2.2297277296148312,0.8009428317676348,1.1489280830015205,0.0,0.0,0.8809683510956481,0.47958179831462266,1.4312852633149398,1.3247711964181876,0.0,0.8662444260429307,1.3455440944459736,0.8821362301378801,0.0,0.0,1.0120682546111917,0.42042335836332545,0.8509546502804537,0.8052468147045666,1.5816621263955095,1.6072337374163976,0.4381378604569762,1.1946988388485749,0.0,0.6970902018380569,1.546630593122598,0.9812232771033682,1.360488178624392,1.3112392772212853,0.0,0.9596670427603274,0.0,0.6080330940466447,1.319275688262258,0.0,0.0,0.5911581823619599,0.5784166578199695,2.48102606009372,1.0335988580189077,1.9140210293437496,1.0295902417373892,1.4695990876280927,1.7477078972864875,0.717992201717212,0.8635324442214506,0.16913078551404234,1.1094571986831896,0.9956766270110988,1.1723818320329102,1.1782552974096152,0.0,1.065063543296084,0.7749967792178941,0.0,0.0,1.0438707375126215,0.9757700959224156,1.9043289133214716,0.0,0.8732267314809191,1.0769618374553955,1.6202005578375087,0.29245793577749024,0.8134905981378642,0.8935437384552527,0.7629514770420621,1.1115158586443412,0.7546628373165991,1.027245399173471,1.2669268187578742,0.9271772035975732,0.0,0.9016229001622471,1.1493750036330135,0.5966408455518324,0.12843826182430296,1.6601728118764016,1.7138697815770658,1.304922454263574,1.4731494532830471,1.1692199536564574,0.5106444942167788,0.0,0.0,0.4818565628156292,0.9059024744582018,0.0,0.5435617630173304,0.6940981801810848,1.0686648320370173,1.4323712766408678,0.9531503495939526,0.7121284539381743,0.826770562879501,1.517840657545792,1.0301754201751927,1.2236685751739185,1.787175599152223,0.0,0.819023672497877,0.0,0.7720322858258017,2.29217468785624,1.1845404083693842,1.4683414455505917,0.7764935273975898,0.0,0.8459749591503172,1.0392758931212764,0.8704486530305333,1.7832550933748699,1.1021676188410545,0.5649797904063737,1.3359744310982684,1.4121642398154806,0.0,0.07342501000108674,1.3960366254627141,1.6150510929057091,0.5723314800843432,1.080183570786058,0.0,3.1826066596947955,0.47733108118422124,0.0,0.0,0.6840363217446929,0.9218918686071715,0.5165103823230484,1.0112158616998266,0.9734929773138694,1.6207172127121918,0.4789605513492522,0.8668881518695046,0.9834280874872849,1.7989000852134258,0.3895419251770578,0.7186939376919195,0.8861054357493168,0.2915977715902204,0.8079598503769535,0.28468268172272193,0.9868182107467626,0.0,0.9792896360130834,1.4821020490692263,1.8319328467726723,0.0,0.5974567257369359,1.0301880371614764,1.1294768733019533,0.6518389672742624,0.0,0.9938633468856939,0.0,0.6055495048725281,0.7569081080677492,1.3033769878631114,0.0,0.6292967491406501,0.0,0.03812569545029206,0.653822625891238,0.44209355628941177,0.0,1.3857727155124777,0.0,1.1728115334444278,0.817758799663103,0.3389749547678761,0.0,0.5641093522181028,0.5033652649799651,0.9669118701444923,1.177787831366222,0.9520346158527542,1.1513969123029277,1.2929816434079215,1.404924651139503,0.991982355175004,1.2276589477704818,0.0,1.2013308139189902,0.710997852939383,1.4797663444333,0.6209354484397431,1.0168120457375704,0.0,1.454698421265956,0.9967617401565763,0.0,1.400457735572994,2.241021302757113,0.0,1.1282458113523985,1.2907863000042266,1.3222071988404558,0.780964745640006,0.25096814067913675,0.9641513670183806,0.7896003951426515,1.1854702064248968,0.5236935674686973,1.0623687006838323,0.8230608445117085,1.2381222897158617,1.1869186611132303,1.0559007205078723,2.2377526008261706,0.8183658683377013,0.0,0.30686546399050907,1.0676689423054164,1.175132410117396,0.7477035755796712,0.5313088254857382,1.4433616485296823,0.0,0.0,0.0,1.1498891269178235,0.36515167353792627,0.0,0.9860624294750251,1.2862711263173392,0.9528589497066249,0.0,0.5827227947351081,2.3452252136173386,1.0333949405059895,0.8968656663305093,0.879988623182807,1.72156536451949,0.40115581896975494,0.5772564843237312,0.8000250200905,1.3537728701621696,1.5057474155573793,0.08874196321921463,1.0271283010742611,1.0889630419155683,0.8647935387559094,0.8875279134858347,1.6265217772103053,0.0,0.0,1.4219884205966737,0.36129383678468313,0.3454255665311181,0.9169710750052376,1.3969557261676173,0.9742811957201539,1.6003138612586238,1.113547626203527,0.3143292589570888,0.4216859868120293,0.0,1.3602923671027718,2.1668357958572546,0.0,0.0,1.0807161100471916,0.9501925886539527,0.9710486803731424,0.5729417454710184,0.9974833920874322,1.0638957352501746,0.7205272029641386,1.411776053369863,0.810277088957498,1.0184031475231632,1.0738087277499646,0.0,0.9989011796926864,1.0661459151176427,0.0,1.6990182032895396,0.8509006718203551,0.97210417897831,1.1168507305955648,1.031893133069921,1.1335655939165725,0.9291776938420275,0.0,1.7929926705639259,0.0,0.4643531057382393,0.7256668394929491,1.1187434311171067,1.4016879314120438,1.2391546833206102,0.9882723379754241,1.999507853239782,0.0,1.119367887181346,0.41244266861542306,0.815020505566444,0.0,1.1729943869791728,1.0953406997570154,0.4776872029134103,1.1666604565531562,0.6805310058612909,1.1025850772246164,0.7843628343573014,1.3801557632723362,0.6623454226208891,1.1931914102165784,0.5154142798191654,2.3585540096362223,0.75420270773721,1.1010227194231395,0.0,0.0,1.9394419504933038,1.0451591693981659,1.1317376840691145,1.245142565984406,0.0
77,1.8721349530904,1.0880063541685614,1.0734774475419255,0.0,1.1947449449566823,0.25274427493070273,0.0,0.9043496084609338,0.381660758935689,1.061660691924249,1.3321575008752549,0.0,0.0,0.9758423231493939,0.5311361858150709,3.6152992296099113,0.1707802044308905,0.7707961992441225,1.3079715463465025,0.9654366343466121,0.2766558345406428,0.0,0.5335506077152729,0.8829500338720375,0.798505882329485,0.3356348886443587,1.2620355885032821,0.2958652724957757,0.0,0.4890270294410907,0.6306459134971308,2.6405629099807095,0.7609932227713895,0.8619685265756003,0.8983775123078036,1.3154550179068312,0.7755371610743257,0.0,0.29306896072188393,0.9272272296059908,1.0081281455553575,0.8510288391919894,0.0,1.3684871846133813,0.7903005425407459,0.8168072018321355,1.3731186980162688,1.2451739072036803,0.362024920975945,1.5718758901734096,1.8299818604596139,1.6364680657215562,0.33502700308143696,0.0,3.9072361435325806,0.9976517360079962,1.0175819411322216,0.08504272076705996,0.9701994909723801,0.0,0.8035712021337803,1.2392229807745656,0.0,0.9568655790435857,1.074626101829124,1.5681192727396078,0.20647318682643623,0.4204085236355232,1.2586254678251882,0.7906962754580458,0.7744398204289343,1.2102286051366342,0.0,0.7195087092871171,0.6742787694965883,1.948041080276123,0.42248437466232824,1.3802624475141614,0.7326518402879016,0.6158215662112352,0.8190984661485591,0.599823923641634,1.0755321523622956,1.1077376756280923,0.45878190523016876,0.0,1.1449260248208382,0.0,0.7194623565605437,0.8039977409320616,0.2573717785182309,0.30821356251848747,1.0790754280726578,1.0445448861027062,1.3800842076599678,0.42508116909277477,0.8816757218183652,1.602986886432126,1.21120978204277,0.0,1.1115742647178994,2.1773334440041365,0.9743328149361208,0.7156158226963982,0.7191091052931692,1.0332282981833898,0.0,1.3510648711994673,0.9683883396430404,1.4877699344742272,0.8777226862328344,0.1305954129840813,3.4076363342612495,0.8310447180396203,0.898469586533482,0.8504609083774664,0.4012821393366416,1.017706757494015,0.984796762707531,0.5050153911791398,1.073680543431109,0.9423378596238617,1.536072198708496,0.0,0.45478542548813883,0.0,0.9115283755047907,2.0787933231779503,1.1629948947905473,1.6884457346542976,0.0,0.7758861415818477,0.9048233971363235,0.769176121796971,0.8335277308054905,0.9354657881725054,0.6017819465600625,1.0760981894316957,0.7883492478897404,0.9166940635512708,0.7090520971874268,0.8584442672434259,0.8044080454529019,0.8365676813556246,1.8936726199344949,1.1394421061892914,1.0491507338353294,0.965529117127329,0.7960803895772577,0.2025785220903991,1.1104505857301978,1.730226350671337,0.9013901804455857,1.080315743868681,0.0,1.0328111388285386,0.0,1.4447616889436183,0.3806060018502816,0.3526057609345216,0.7655626990736848,0.0,0.424988063800245,0.21206645572596036,0.7197734405127234,0.0,0.0,0.7078530493740387,0.9762498706941394,0.9595387777728912,1.0519786176708648,1.3693029555791676,1.2119245508034233,0.0,0.9026689591367636,0.9447750833869838,0.0,0.7409594728032836,0.0,0.0,0.6276715453793872,0.8533890043132851,0.848920998960553,0.0,0.8252134437232512,1.121044872425352,1.6046402819736985,1.7419191039675985,0.886763249272388,1.2461328908606282,0.8747626117510621,0.6217422763595052,1.394875017473157,1.0969752574977234,0.4239569827360682,0.7156972277396323,0.17008194472887592,1.1511976796548615,1.2021539777496733,0.48731819946697275,0.0,0.6828955101604828,0.0,0.5504964910580246,0.7205260695194617,0.28853242648717153,1.0322741891023568,0.6718982025214988,0.0,1.070001820642266,1.4153654848763553,0.7972252853319446,0.7791953028483358,0.968827473732501,0.0,0.8934940527227783,0.2828016564264606,1.1172404455610265,0.9080699816501574,1.0910398837108097,3.1378888699388896,0.47535189276695533,0.0,0.4947236642130681,0.8254153435969616,0.0,1.3171126193683118,1.0541470897699723,0.0,1.0853551904098229,0.8083556017912142,0.6785180325344067,0.07272547620478495,0.5989582036125498,1.5818820211295554,0.7808393470089547,0.0,1.357753042252661,0.0,1.0701146743169132,0.9258040214575325,0.9598926125681675,0.8994196527636236,0.7052105623639988,0.0,1.5782622195920468,1.1439152886369095,1.2758161123590712,1.0746166362600136,0.4126738933950777,0.7719199278620381,0.7927377311008332,0.0,1.4044531094798858,0.9847269241285891,0.8580862079446286,0.6385305423788572,0.8956246003209938,1.252689752508634,0.9588814008896501,0.442184833100203,0.7515093713642715,0.0,0.9472261952107014,0.0,0.9651224664544156,1.7926948038068533,0.07301857450137482,1.0362149588387515,0.8037382306734862,1.0794036483456806,0.45207325906706586,0.8827962793686621,1.0906858875667438,1.1057409516312948,0.0,0.0,0.7406551489405856,0.4658114468696234,1.562268448560751,0.49186571657452033,0.4455484351349401,0.9315204268821395,0.6542272340149982,0.7728423928298986,0.0,0.0,0.7351654875471885,0.503960834916817,0.0,1.3429936311141262,0.8571851839903083,0.039678304627806006,1.2770440027615824,0.592283666215148,1.144755454599756,1.2792673565904273,0.0,1.9035695228503489,0.8460418251352131,0.0,0.0,0.7655875585223089,0.0,0.4483382443778792,0.8328706821520178,0.49704679883893366,0.9687951028951415,0.8726681078371008,0.5172333616355682,0.0,0.6306449514184815,0.0,0.7531662615628695,0.9407960038058651,1.6254095198465657,0.0,0.9228255343497888,0.0,1.6117837135394864,0.6607373873781013,1.2116329344781365,0.0,0.0,0.7009737587812517,0.0,0.989411683581255,0.0,2.9115783740520698,0.9782446992420046,0.6783402722138064,0.8082949493917562,0.0,0.5177457469764583,0.4221182954479847,1.0122461026110794,0.8252341250922453,1.1468346068022472,1.023818258781946,0.8734432727358228,0.0,0.0,1.0608484502708535,4.324651983211767,0.3263887955635985,0.7149760252066515,0.7826008749526505,0.7811586075683433,0.6617044555000835,1.3934959620934801,0.8695139195521784,0.8469716220967154,1.022990296715244,1.0853793579002,0.0,1.083501991030058,0.9768089510192103,1.261092520586211,0.0,0.6345995617043532,1.3849772828788103,1.0327965122830363,0.0,0.0,0.8632194511843942,0.25042614816752923,0.261458206577873,1.0516986035053553,0.9497088120427164,0.0,0.04274338127615581,0.0,1.0198611817078538,1.0980784252955087,1.3468379631265537,1.1782936153788746,1.1705682360271843,0.0,0.7893086791641704,1.5185120283368558,0.0,1.483144860462976,1.295879310689784,1.066020005896595,0.0,0.0,1.012639256402764,0.0,0.0,1.0409883367475774,0.20879617329813838,0.24707655872045328,1.0491370064455716,0.0,0.9899927198391938,0.9988704659062586,0.0,0.0,0.0,0.0,1.2179063531810268,1.3368246151689531,0.7002860240179644,0.975059643909896,0.7532799724500135,0.7682193274852008,0.12247640225882721,1.5100347259432285,1.2671193925177513,0.0,0.23432667361812173,1.416115297526945,1.2159233776895526,1.089674516501746,0.8972664116448077,1.3739718025125205,0.6043104576054104,0.9329362778466979,0.17270523513330946,0.0,0.0,1.1376137279670158,1.5183146955752786,0.9659380273187035,1.4679389316373068,1.232283742502434,0.744987972997478,0.22629007739364487,0.5960414898845974,0.9173514327672596,0.0,0.9281395920019514,0.5018091534634082,0.0,0.0,0.0,0.0,0.0,1.2496588857564868,0.1754495488379077,0.3512618901862965,0.7249371090726812,0.0,0.7593643871864644,0.837718041311214,0.0,0.0,0.3882575741866143,0.7433669456870591,0.0,0.5175094502811457,1.0670119686221302,0.7473302991379895,0.9339851393263664,0.12662753277335362,0.8205900222969422,1.38452131718276,1.0350314580327948,0.673472543208463,0.5079007837368039,1.023081406951105,0.5135925920794668,1.6980932972566616,0.9424475022159632,1.0987615179398276,0.7622072362090168,2.25150565650712,1.9438185327134498,0.0,1.2734272385987928,0.42428893570880005,0.0,1.1911417255248367,0.8652959189237794,0.8591576703314324,1.4119201484482646,1.1917521336577177,1.0989229991282778,0.6557024108150048,0.7511939002422628,0.8509801321359087,0.0,0.8221150965571024,0.0,0.0,0.6853969755588459,0.0,0.6895573095929262,0.5631382424855469,1.3669127309569356,0.7628099259442784,1.8620397447646067,0.5618129947035301,1.0135260223658689,1.6545585190300853,0.8030786490753636,0.7729302779705073,0.5903388202327169,0.8356476275483058,0.5938762702769284,0.21030622516863745,0.8551334738457244,1.0419362425762173,0.7377610529492244,0.767302969416684,1.0227266086566218,0.03660713513337794,0.8123632173293507,1.1108120990288342,0.0,0.9290675772835928,0.5348327122969604,0.0,0.0,0.0,0.6220956442810911,1.1936284723022397,0.9341504625719605,0.11677082244823173,0.0,1.1372631003196836,1.1551681764966029,0.979370232142382,0.7212735995678575,1.1388887404348758,0.1312245562554693,0.9776571201423399,0.4863288648660827,0.5274301569404115,0.888671675981761,0.6714208968577052,0.9199438680058688,0.0,1.074931989615553,1.2432817050718397,1.0675252330692457,0.8794634584565117,1.361441282459705,0.5814178860671826,0.931563707913476,0.8784603419116188,1.0676558347642273,0.0,1.0492435464853351,1.1731285786801924,0.0,0.05515707250845354,0.23048779787657284,0.3826687255072006,0.9545319418821259,0.7304240300857628,0.8880758199190256,0.7126525668664956,0.683571849459405,0.9260704457343636,1.388888213998525,0.744287059137873,1.691835169209892,0.9851447546949748,1.1197986730686331,0.0,0.0,0.7730031708959932,0.8107061638165156,0.7521207438186654,0.0,1.4210715408217407,0.0,1.1509540550031852,0.0,0.7795842630211756,0.0,0.0,0.49164432102126654,0.868570457969708,1.1252275795435414,0.5598922074664132,0.0,1.3701340930165786,1.189261465863312,1.3824445632577411,0.10464134507667483,0.8933200975053054,1.1953083506778635,0.5941066628943183,1.3130609178758799,0.0,1.4401054806249483,0.8443455429251782,0.7499064514124618,1.7149721302220802,1.3453078272088619,0.8960028849819579,1.0728682998968124,0.7911589260735812,2.0424932569912695,1.2584471912367359,0.8627470971148232,0.6187402782026605,0.9008713629735001,1.513123553362011,0.0,0.0,0.9169125211118261,1.684021354530517,0.9901970003142706,0.7815828247144218,1.3351812343175742,0.8656123094752701,0.0,1.5426686628614377,0.0,0.615360850444461,0.7488282447249561,0.0,0.6508568148313172,0.8893512004580871,0.7936000200284237,0.9479500833361152,2.3875608066610217,0.9068945415275673,1.478627346174809,1.0890901043822208,1.089365419650611,1.180752503408818,0.0,0.0,0.9573733956299215,0.7829228545029043,2.379705987651271,1.682952923721277,0.9161394659302585,1.074502198165437,0.5058016387960391,0.2762153168239101,1.1638950435042603,1.5332135640664357,1.1151189540904514,0.0,0.5283018662190981,0.7865806551089011,1.0313045623701615,0.9745497235474311,0.0,1.3304650791425816,0.5188897422206492,1.3169514464989007,1.8381377335659193,0.0,0.6919475422372197,1.443262641715065,0.561208932412631,0.94036980238356,1.1534405756821315,1.4699761263848696,1.036131391281597,0.7527946420502911,1.0032205866746347,0.9440755783236336,0.0,1.3973827142175907,0.7571054761473262,0.0,1.660516378311689,0.7820285975798669,0.0,0.0,0.9416295847769616,2.0896790068209743,0.688369352154743,0.0,0.31996504634298617,1.3810442688492297,0.7665629258386317,0.5942100241702342,1.1642486070545304,0.47503552118941716,0.0,0.0,1.057561449693123,1.8593278335690782,0.9639072047389103,1.1463946588889347,0.0,0.0,0.9899204494902616,0.5415872968043134,1.4322208059936776,1.22621288688941,0.0,0.9193772677429595,1.4987889532568885,0.9144094796311036,0.0,0.0,0.7659252147285247,0.5377905286323568,0.6911555470847288,1.166741910574558,1.515985381802531,1.5228730276027802,0.3901766253045825,1.0934871081302027,0.0,0.772312452413209,1.1336099087387925,1.1040060616646934,1.232205510246631,1.2941619533264064,0.0,0.8208904627966912,0.0,0.636937902049138,1.2728252242178208,0.0,0.0,0.9179560906454552,0.7394622747350023,2.1469428991366666,1.2478183921171873,1.7884953010044962,0.8326180631900026,1.496601281688368,1.596873924687744,0.7331311786364402,0.35433325491634016,0.6765231420561694,1.9415500630250508,1.1473565384706452,1.098162952916553,0.9889542591775785,0.0,1.0285778489781063,0.5000519042342992,0.0,0.0,1.0274394388473458,1.016157631142817,1.5050296486418082,0.0,0.8741300920742492,1.1234076281649452,1.5896813719853697,0.39202304850655345,0.8171120972890291,0.5052467539192133,0.8657384237418222,1.155507251077628,0.8339480724920385,0.9435901116079388,1.1764224021693406,0.7661592876097999,0.0,0.954442650171012,0.9876117489248695,0.28484788741719014,0.12843826182430296,1.5053488452201456,1.769370672377705,1.4878230972949265,1.3312282209897224,1.1092394487245627,0.38494738964010944,0.0,0.0,0.4171026591530845,0.8948208870907849,0.0,0.7941589741270305,0.7462075310925714,0.9999256682372808,1.4379030158713675,0.9388626792821937,0.6301242646456533,0.8202636037826568,1.5589550926183982,1.3366538335859293,1.218398034775011,2.0062169917479356,0.0,0.760303381078529,0.0,0.9504043424971609,4.0553859862071935,0.9801503919359604,0.9706863850114356,0.679023192543853,0.0,0.6391826793552915,0.9497710720879304,1.4618736215538857,1.4529400022123267,1.0602438052596799,0.7552169751356389,1.5728444600852858,1.5890074058274763,0.0,0.0,1.5318478758425462,1.637383184325681,0.5302753566468932,1.1088585949590373,0.0,3.698704943951925,0.4077223773579328,0.0,0.0,0.6653741281004872,0.6782704851757007,0.8008618007911448,0.893971165890117,0.9998622878771215,1.4501153750330082,0.3086480178472876,0.8482650269485223,0.9506388361749054,1.7601674517263817,0.5806926072199926,0.66347765277022,0.9154327994928254,0.35331811479640196,0.7004819132120659,0.3540744140115142,0.8069020023939578,0.0,0.97444145053008,1.1369190666144262,2.120531769742497,0.0,0.6972094044626835,1.018945024412152,1.0926060228894312,0.7360276178853911,0.0,0.8414094004188764,0.0,0.7157279585672297,0.7939989275577736,1.2345668680920105,0.0,0.4195311660937668,0.0,0.0,0.5915723915409858,0.23664514866486486,0.0,1.2501062956718518,0.0,1.4180326019980982,0.9302131245625276,0.1214910235418103,0.0,0.30798430642912533,2.2651436924098434,1.0323850693583188,0.6743798505918307,0.6108639301421432,1.3932593255395693,1.2550985594456399,1.1680403847644758,1.0692825346307586,1.040866062547798,0.0,1.0973345770238403,0.7746249064865608,1.3030233030140193,0.31768790301333616,0.8904368305183405,0.0,1.3138331218854375,1.055257239960882,0.0,1.9516721274227402,2.826224851545331,0.0,0.941245330721168,1.1634668519521172,1.550760758744195,0.6212743081122237,0.23601442095144018,1.096426111700406,1.099443584093099,1.1634434352869623,0.7404798677158958,1.0721119100236964,0.7270864826820123,1.2896764872047524,1.302830147074141,1.270214504017748,2.194887468991155,0.8700383911031434,0.0,0.3946051880166465,0.9031261244706724,1.476829027152748,0.7195904849490619,0.43470721614451885,1.110161902829495,0.0,0.0,0.0,1.1088216287654318,0.5091551505709953,0.0,1.0725451599531095,1.0232101685825485,0.8313503670376681,0.0,0.6370477761755874,1.7372038571132045,0.9273514086324237,0.8573230990856738,0.6719478307812773,1.3416295831031009,0.7325454066576443,0.7303279473616677,0.7824501834071738,1.2036224884157365,1.4406590033952225,0.3549678528768585,1.1375888090539048,0.7826032189911593,0.9923860262406481,0.9141084010459608,1.630179631453549,0.0,0.0,1.2499035734197232,0.4910753729828154,0.5064137216469142,0.754161308563759,1.1925231671628587,0.8688081295917982,1.4709522991735948,1.211699876321162,0.27503809995032136,0.5255796308431914,0.0,1.3186028163386285,1.567995270598639,0.0,0.0,1.0099263055422347,0.5611052021672777,1.0252521221872828,0.4732924456233779,0.9429567400212313,1.0351293760663223,0.9319021999633739,1.9027507796922751,0.8943015207291221,1.10463851284705,0.9122608909137233,0.0,1.1747604055502427,1.1109766094580258,0.0,1.4264404644684827,0.7578259689248799,0.9012499667899034,1.4161742094686525,1.0498893290331504,1.2272718368436695,0.9678137116627485,0.0,2.044961617417103,0.0,0.5105298546370527,0.4438773126659011,1.1493794055151358,1.434846225274609,1.3106168224030763,1.0006301858307562,2.0449858121228672,0.0,1.1010425505994497,0.559754340909198,0.9487938525523179,0.0,1.0937357017655245,1.0544950982721502,0.523793089309507,1.219524639890401,0.5057095961437613,1.052832578613788,0.8295833192746898,1.416469905518461,0.13246908452417783,0.8928246754242662,0.5131302445465877,2.3460661517798913,0.5946249357482416,1.651534053329494,0.0,0.0,1.4131249922019051,1.1742163663857337,1.2334950695661988,1.2883265865356572,0.0
78,1.9306391223174526,1.7832748239484715,0.9295853952693879,0.0,1.0061889251368894,0.0,0.0,1.0690133709636533,0.31097429368065377,1.105584478613666,0.9554067019559984,0.0,0.0,0.9588561803187046,0.3540907905433806,4.914236202788654,0.683120817723562,0.6962517764205582,1.162899152193656,1.0971544969835252,0.18349621464829252,0.0,0.46847435603100474,0.8762418502638208,0.6514535677930051,0.391937276795621,1.3628874432636815,0.3496589587097445,0.0,0.5078050216091587,0.6815171273136974,2.352846202680271,0.8580228587858025,0.7744793052604182,0.56148594477952,1.3486544869124564,0.7306678915499175,0.0,0.7922523556057935,1.0704569561680095,0.9407179685651492,0.799962391714758,0.0,1.1845176862441285,0.9404298738504768,0.6676385143534072,1.1844891514847455,1.2286371233036582,0.25720754602363893,1.8047459770905807,2.291561499693461,1.5510988849687035,0.5025405046221555,0.0,4.167718101598908,0.7776373277896081,0.8953239945452947,0.34017088306823984,0.8987819628386778,0.0,0.5357141347558535,1.035800512025229,0.0,0.7995867257707953,1.2507393457891027,1.3555442420225945,0.05161829670660906,0.31646475406250674,1.403278758232728,0.8642706707853592,0.7743535957999055,1.0458471614311,0.0,0.530301803004633,0.8131008618077511,1.6672555203989272,0.6958566141671267,1.0595821683886748,0.7470719602759175,0.528434165431841,0.7172186397223128,0.7304264511908827,0.8908377950266175,0.9892278948151395,0.42450957253164995,0.0,1.2631442349600388,0.0,0.7926840538998178,0.7385623062628695,0.6434294462955772,0.6497475056713546,1.0171969910065235,1.1694747922274131,1.2597424622651596,0.5477771468193184,0.6364830702753305,1.4109919725569804,1.4845323024040773,0.0,0.984247894930574,2.1600530227254437,0.7758118853181615,0.7501677192602649,0.8218389774779076,1.0737332127972474,0.0,1.389500833001568,0.8742585486061694,1.6280010097749846,0.7918639818862658,0.0,1.9472207624349995,0.9652521936508657,1.015806828370902,0.9060948687657138,0.727509023192833,0.7782920385466154,0.8476075476054369,0.2597222003533285,1.1898025791365545,1.0304335495028973,1.46766351130373,0.0,0.6339283616693187,0.0,0.9190260684983813,2.003503662095052,1.392607999835528,1.859371710586515,0.0,0.8032178615164569,0.9874845958739478,1.538351873250237,0.7509186106488157,0.9238812750746562,0.8726656780488555,0.9538864327756064,0.9672634532806753,0.8899180939953941,0.6942801661860919,0.8545604771619502,0.79721550726639,0.8275166042031021,2.2795937618168907,1.0720108165800202,0.9274880551723267,0.8814587000206939,0.7478615333156342,0.45059414962178296,1.3350440324622923,1.5406940493593186,1.0178292127709208,1.1981223537223387,0.0,1.1332884153476066,0.0,1.2591538987368505,0.4368694930489787,0.0881514402336304,0.8609992510058673,0.0,0.47647864789556976,0.18856401056899985,0.8273921272827423,0.0,0.0,0.5978942905370648,0.8044305547841146,0.9836439019330268,0.9664025568875512,1.1936114929126576,1.6156404173828247,0.0,0.911026534031591,0.8396659671601672,0.0,0.8935980780519516,0.0,0.0,0.41844769691959144,0.8143609262858711,0.679558735256159,0.0,0.8195211524586405,1.2592558793500417,1.4405293400039603,1.4847034088048328,0.9536028572215782,1.1649065036982431,0.7726109854248722,0.4450483400064293,1.383287278663023,0.974804154425021,0.16046969671927586,1.1355242471565437,0.8078892268320417,1.178988673368042,1.0865994986759322,0.4526462057030395,0.0,0.7874831053978665,0.0,0.42236368696665133,0.676924721764056,0.34793616125233917,1.0012764811247385,0.6453849339301796,0.0,1.9260032867860941,1.4337209358344842,0.7394347064657252,0.8035907535381568,0.9977720693980137,0.0,0.8385267872075182,0.050690862982119445,1.381626070591071,0.8719961656168519,0.939980811890089,2.091925913292593,0.7758460747899943,0.0,0.6946021569958247,0.8823405388892062,0.0,1.1556648955343432,1.361606634743095,0.0,1.2617037305772087,0.8481412730556925,0.9095568527649986,0.34908227705591155,0.6132191115246453,1.3004493086039353,0.6075308426255523,0.0,1.0392828299151842,0.0,0.9082878501955332,0.8174741344223744,1.1484215180490969,0.966185552395049,0.7677816044089623,0.0,2.180394115575388,0.9447188804384613,1.0760043808763193,1.1355766100902769,0.33135809150721707,0.8602350502989696,0.5883114270743455,0.0,1.5648146817490403,0.894964320421672,0.9290159766345354,0.5590040375642198,1.0549955830088384,0.9656150311512894,0.9169884540367984,0.33938909778680354,0.7430789603720124,0.0,0.9522964397568295,0.0,0.8969889663033423,1.5423052489008282,0.37726263289547646,1.1486584994624423,0.526948424592096,1.0648850892859583,0.5066034034708902,0.7582452025534605,0.9104083608146236,0.9440119637121966,0.0,0.0,0.7466170818552824,0.4647818095651739,1.4811157154940031,0.5287640179195057,0.5629339025126844,1.1449520500705515,0.5606231843763718,0.5152282618865991,0.0,0.0,0.66796421648073,0.7293794845323816,0.0,1.174682380080764,1.0004848788363516,0.0,1.2594313855998724,0.4399839341692977,0.8249941863029774,1.1773175894731085,0.0,2.18021477350973,0.9006253377456861,0.0,0.0,0.7521343351145994,0.0,0.40498300738039145,0.9871577950395619,0.2891908641217641,1.0458062150542276,0.9580376156377395,0.30171944658649286,0.0,0.4436208149328727,0.0,0.594773328558594,0.7826974246176188,1.5346178240161283,0.0,0.9802416046094479,0.0,1.6077075707425543,0.6777506806526881,1.4514112817528169,0.0,0.0,0.6601638984835991,0.0,0.6996148646750652,0.0,2.7993173058278455,1.0263530595240087,0.6695431794296003,0.6898712539482923,0.0,0.5663698443966801,0.5562755761388023,0.25306152565276985,0.833041187467121,0.7639801057552696,1.4669057679532944,0.8763891255147855,0.0,0.0,0.9339494538809798,3.496527066841762,0.44076435597294794,1.2479581541515739,0.8130595668842497,1.1066413590944062,0.5510743353370846,1.2416905620072114,0.7298473967705283,0.7365800253291326,1.1454256916568089,1.287430431190126,0.0,1.1879426299014433,1.4557017428492207,1.2313627008548444,0.0,0.5961507725555782,1.5056792126992613,1.06647465114044,0.0,0.0,0.8385218601129181,0.25042614816752923,0.0,1.197841029240813,1.0884608620626164,0.0,0.0,0.0,1.0850114011966498,1.0442300052785098,1.4443020166477747,0.9274568766087096,1.0859433588014316,0.0,1.1410657981769896,1.6046530787257,0.0,1.425084839208216,1.293542817795356,1.1930597888631036,0.0,0.0,1.0064725239521173,0.0,0.0,1.259485243234449,1.2701767353967404,0.19688913200650415,0.9295179748831155,0.0,0.9416146686792524,0.9280910271064544,0.0,0.0,0.0,0.0,1.2284065803595965,1.3577780056299096,0.7745365258039059,1.8719498543290043,0.9701990211591692,0.742262234499728,0.06779943649604825,1.4639835639113001,1.20339894861848,0.0,0.21953130394708076,1.4638917414156276,0.9086739213866086,1.0709003940045725,0.8406562996866789,1.0840223645325187,0.1394562594474024,1.2332436222753982,0.0,0.0,0.0,1.0086545735737542,1.2707065706566267,0.8109901112827795,1.3243484979951758,1.515961338619901,0.7538608592345033,0.29342779532470864,0.8397468907647005,1.101860105930173,0.0,0.8570922093869714,0.4392060503522227,0.0,0.0,0.25083702492196935,0.0,0.0,0.9573843147799822,0.2988498219727279,0.3338010698460739,0.592035848006863,0.0,0.6675905824152363,1.1920738559301156,0.0,0.0,0.06470959569776905,0.9176854398352206,0.0,0.12937736257028642,0.8908631985661861,0.7180877032797891,0.6945714450462953,0.0,1.0253978996547342,1.7626835660686193,1.2006295483851166,0.7374412385525806,0.49945652749370906,0.9678550145495695,0.6389823077358475,2.3477781747402915,0.7626575232786543,1.1135176705663334,0.8373187360713321,3.117469402522355,2.915727799070175,0.0,0.8053294809452083,0.1978549438281466,0.0,1.3422784774460434,0.9887402170767097,0.51239461653189,1.4248232252872561,1.1989754236469035,1.0421283416175244,0.7520559065986487,0.9535226945143948,0.9734573280600456,0.0,0.5480767310380682,0.0,0.0,0.2863644889522782,0.0,0.7137953556280419,0.29764602566912346,1.133816274801741,0.9297921449008785,1.4646905392542824,0.41106807147743796,1.2713740737886976,1.5143959685258115,0.7519108091601905,0.7487589294960451,0.8898558923795707,0.9299510363596613,0.6609236159275464,0.3922324117922503,0.7034383971437094,1.0139385573369843,0.9393458976262326,1.0568371760273922,0.9252694160061901,0.0,0.6109791762754795,1.3189374692295104,0.0,0.9084369241073453,0.6402097543411562,0.0,0.0,0.0,0.34357569578444447,1.128186439611708,1.2218009032682025,0.294999966031499,0.0,1.2170265177562491,1.2219130601538972,0.9977080709325342,0.548337474704913,1.2117214523239708,0.15746947144329945,0.9246093068294883,0.7372373711358539,0.5913955358742006,0.8459068034185552,0.5287719724866741,0.8948366094671035,0.0,1.0374380434254304,1.0997517225808908,1.048359351842479,0.8295357958642913,1.1685615720615,0.5224297806742868,1.0595308272421498,0.867194208875713,0.8623686548268693,0.0,0.9241717478703868,1.1387279970021373,0.0,0.0,0.05762194946914321,0.4455973374658122,1.0656821017367502,0.8386904774411054,1.0064120587083172,0.39462845756938875,0.6648671661074945,1.3149015743961086,0.34722205349963126,0.7656830030911579,1.427050273790926,1.308227404093656,1.0796943137467436,0.0,0.0,0.6335266127436963,0.729820318690573,0.717372774304169,0.0,1.3083370880169225,0.0,1.2345080361663032,0.0,0.9979002815532876,0.0,0.0,0.7989220216595581,0.7116749750769871,1.119267730862855,0.6887110273674927,0.0,1.3642051016936823,1.219851859227238,1.1905704795035001,0.0,0.9459745362694689,1.218869410107322,0.6497811495370232,1.609234048528167,0.0,1.5161151911608486,0.9786351840345338,0.8265941965676562,1.3879445956719412,1.4841783151623211,0.6593843871165852,1.0367572908742342,0.8049319444002241,1.3753231932153596,1.1819033141639634,0.9209406521307206,0.6362517892160495,0.9283915849983968,1.576756625035773,0.0,0.0,1.1140737905711118,1.0697515155457704,1.0874009179791395,0.8247048285041612,1.2112279462948166,0.8473194358945428,0.0,1.1631584817560456,0.0,0.9681295707708273,0.5712351171617889,0.0,0.48519301657427405,0.9858098599815702,0.7358926387427064,0.9043859305142895,2.1130746155952513,1.4471722417296033,1.2749121934872476,1.1986275052964301,1.0494471644554302,1.1122960009492266,0.0,0.5373515477619777,1.0426794251048397,0.8587460006703305,1.3527083191617655,1.3817858416786333,1.0635868011715897,1.3772155492140987,0.8981221404125174,0.28719635054846027,1.0321012909890885,1.0221423760442905,1.0880901365743645,0.0,0.3522012441460654,1.0480494373969491,1.1639530785068968,0.8506234160369476,0.0,1.1680819652109649,0.7675294035529737,1.3959912628835376,1.7594938457199845,0.0,0.5910385238590121,1.3966201805200131,0.40578735379199515,0.824579241530133,1.2954613400608648,1.7481472380685954,0.9561208036058704,0.6537239990792519,1.0601873214912718,0.9351666125915497,0.0,1.4103662256971823,0.897334410656083,0.0,1.6459362323806133,0.7619039936757029,0.0,0.0,0.8364434913242155,1.9890554725273746,0.6163288985412438,0.0,0.4118658620677318,1.3383734561119978,0.7723144220620148,0.5306864558298791,1.1920003177015643,0.5732295845784416,0.0,0.0,1.1191577982703085,1.4328847547282613,1.255853988502738,1.1609552057417236,0.0,0.0,1.0308943611662973,0.5713392021711103,1.3845989877107747,1.087645098215226,0.0,1.1204765241879233,1.3471931252610856,0.7999156504170666,0.0,0.0,0.6385322205085515,0.7327934548942505,0.6404835928284789,1.6932911349643311,1.4026055910637454,1.7686842300450496,0.456494665966813,1.1312560391545412,0.0,0.6102427059253664,1.0545208861091253,1.3254073860762199,1.0556803337073222,1.2488173008982137,0.0,0.6753700740236557,0.0,0.8073252054193499,1.07319621708622,0.0,0.0,1.1355110219411135,1.1146291934334127,1.4386096841244123,1.273331713263964,1.1114898601924303,0.8534003676444827,1.6827213298378947,1.2781190712748804,0.8051274462941973,0.4571642336820614,1.014784713084254,2.999001430600522,1.1761845922166643,1.0902006682349035,0.9788042762916346,0.0,0.9021921930611752,0.4998167131770959,0.0,0.0,1.0368763830236887,1.0091429490912138,1.2495600886651466,0.0,0.8279330812321256,1.1949335885180061,1.4097941590608043,0.5136321656913592,0.7310685193959521,0.38785119014525327,0.9673414152440309,1.1103210303429707,1.0650934260245384,0.6495775401001168,1.1995928374283882,0.6701399427566397,0.0,1.0601516860979308,0.7224614169680044,0.36632464879087634,0.5137530472972118,1.199152089270118,1.7462822414606793,1.5797128737440462,1.092878365094007,1.0508584228282214,0.21996993693720537,0.0,0.0,0.3810567440690855,0.9373613256497224,0.0,0.7900441609956808,0.9019298299142002,1.1495320223488905,1.284377037548424,0.9858097666149321,0.6637267294615827,0.6944856030330174,1.518513798317192,1.18621619464436,1.0887342957126238,1.9718021729909703,0.0,0.7394311337321084,0.0,1.1678128369071512,3.879064856372098,0.8880132629594344,0.6051823091991729,0.6819163858105963,0.0,0.6379566025369978,1.1231956897075852,1.6467961442866317,1.1470578961371996,1.017981142593524,0.9976377375311805,1.5901729034622107,1.7516497814397163,0.0,0.0,1.3390237332610575,1.6239166452101566,0.5225789334865526,1.1171196879609746,0.0,2.709516357919525,0.42860753383077765,0.0,0.0,0.7638804975821991,0.4076760631789093,1.1099739533130413,0.5941149829355594,1.122246919598639,0.8103585743682633,0.23673373766823347,0.8215219108632545,0.926727548658352,1.639673818656666,0.9557534152830629,0.6886742926000564,0.7664018893174915,0.3781199254258284,0.7028322407810985,0.5167317332061587,0.7127797621688969,0.0,0.9167339582999214,0.9643842101488651,1.9729948683181695,0.0,0.8390428325543793,0.9162722388652293,1.0327802836663307,0.7392802649855325,0.0,0.8787647579246896,0.0,0.5529198361988199,0.9150815616695704,1.1111192193142603,0.0,0.1048827915234417,0.0,0.0,0.7080024815323468,0.21921557008293957,0.0,1.3333964203187447,0.0,1.4614685946275179,1.0470243326115998,0.0666472493825486,0.0,0.24735747390113122,4.026922119839721,0.9056682085650242,0.5165825566581848,0.47175036155551614,1.339508437329332,1.1327667596740505,0.9581233461003655,1.201753379048875,0.9396394788757375,0.0,1.0523621470171447,0.918629790937294,1.2942964671115043,0.06498161636136016,0.802371501798828,0.0,1.0465533330697336,1.1517392615545285,0.0,2.392985135865377,2.665385167733043,0.0,0.6450233335477114,0.9677863210843123,1.412849144272554,0.597756067413187,0.12204164484948682,1.1439747411971153,1.0616055881364646,1.4580630183224974,1.0154820439648407,0.9788022164405878,0.7350349425252631,1.3736405877682123,1.2703463023668755,1.2875176497998455,1.8501560017327596,0.9121843493094122,0.0,0.6494004024788804,0.7321051048745806,1.5666580438266176,0.7471555627128882,0.5587227922054128,0.8809574412381578,0.0,0.0,0.0,1.1498891269178235,0.6796647601587396,0.0,1.1400754259234684,0.9123163800254591,0.6624163762307345,0.0,0.7130718173198537,0.825171822357003,0.7889498014354065,0.8188686516778425,0.28456153547690294,1.0954262255015876,0.8122782297721192,0.8609263791148168,0.8452242957372272,0.8279332399215737,1.382121194809594,0.5324517793152878,1.3621012298171633,0.8183545653673012,0.8293511831230966,1.0137479679298806,1.4909065447486336,0.0,0.0,1.1590165107268295,0.778511107405776,0.4811606774419184,0.6356553843414108,1.5332440647653716,0.8929120177352666,1.2610610271195628,1.2217285729293959,0.3143292524085634,0.6355846641718685,0.0,1.1632034666427984,1.409032966175876,0.0,0.0,0.9430913835906958,0.5200724434883036,1.0426346794192407,0.45250110046470104,0.9435128717301184,0.9065214197593744,1.0502274977133177,1.9304189958764946,0.8974967297004293,0.9681056030923977,0.8658900131463358,0.0,1.327467301149193,1.0992606591420484,0.0,1.3099483986521951,0.8285828322125186,0.9035135801778775,1.3378994190621476,1.156571705437662,1.1106675714727459,0.9463425513458862,0.0,2.5065319924766913,0.0,0.5513856817417377,0.5020342992572939,1.056170873145408,1.267587787361213,1.1924992285359302,1.033474962742635,1.9544760835208146,0.0,1.0974511716604398,0.7621484202647498,1.0065582936345059,0.0,0.9252248906950604,1.0852263422869735,0.5813876545604033,1.1981559263153891,0.3262910452705184,1.1109213526211643,0.8993969869351695,1.4817952639548873,0.0,0.6069196989946746,0.6432176109823728,2.1254460563127244,0.48864465162402027,1.4450922675129716,0.0,0.0,0.7317968678074044,1.1727583222079434,1.3781287648306975,1.3255195602410308,0.0
79,1.4709631332515283,2.439337208847164,0.8872843657998156,0.0,0.8384184824940554,0.0,0.0,1.296871356529064,0.18486933242712236,1.1921117033451427,0.849250395494178,0.0,0.0,0.9850186865498426,0.08852269763584515,4.582503643545614,1.024681226585343,0.6920135400570708,0.9508360580116524,1.2421448206467431,0.5807352689549994,0.0,0.3834127902466788,0.9413252031025787,0.5649629556852499,0.39598482171433774,1.3084875907136022,0.407487171092775,0.0,0.6933555863334613,0.6151536194884538,1.7517733874877686,1.0853525306749907,0.6846631593494575,0.29725726795946683,1.240384452404578,0.7020235924984496,0.0,1.075659702981146,1.1253503243122287,0.8757704214795835,1.0118134263092347,0.0,1.0204819254296609,0.9601943978672387,0.6024677277743373,0.9885777079417448,1.1675185005309276,0.3085850226814103,2.0386548150183,2.1467175147514936,1.3844318918470533,0.5360431982297604,0.0,2.344341269347999,0.6007846656687765,0.8239119460071087,0.5102563246023598,0.9245741931243711,0.0,0.26785706737792675,0.9513811286454661,0.0,0.5473774731845844,1.3498131645662836,0.9006639512025916,0.07374042070628092,0.4365097647590801,1.4098166076463485,0.7348656639677003,0.7479732168477395,0.935854133358275,0.0,0.5010832866681081,0.5156249355468832,1.4257859046375965,1.19289705640822,1.024184086869949,0.9856879474896298,0.6905676707399856,0.6151039799806681,0.8530524210732596,0.760941567782919,0.9334276888854405,0.4252585308182193,0.0,1.1968861037563037,0.0,0.9601247920700189,0.7582491602222431,1.2868588925911546,1.0329318551997513,0.899262830609434,1.2545649654757172,1.017207041300007,0.650466615142023,0.48106244166329215,0.9041130566004161,1.6349752014887258,0.0,0.9415206311527167,1.3824339442213198,0.9156446394033225,0.6432687204765517,0.8218389774779076,0.9579915856658983,0.0,1.301927627913969,0.8739451632527746,1.8066474417900806,0.6680094817433486,0.0,0.9736107463213013,1.0095632466363371,0.925251573723687,0.8061745866911163,1.0595677804579888,0.6916382035252532,0.7435072810208334,0.06493055008833212,1.2865548450459898,1.1030097549162032,1.3807638956307189,0.0,0.5584931579659957,0.0,0.975094990866086,1.9373894754273733,1.3390929057815515,1.6857523510445498,0.0,0.7836952038625175,1.0763728648767923,2.7348470149877415,0.7384962302439365,0.9896061024839116,0.8992205043745081,0.7762628752165837,0.9023804680688003,0.875987390474191,0.41361371351138815,0.8645452382830191,0.8433436624747934,0.782929651813304,2.5180202331267116,1.1251476899449184,0.8876123890956527,0.8963710810019869,0.7345398231316954,0.7510842581460855,1.0639785519798726,1.3006431463276413,1.2167236250037161,1.3084925400808998,0.0,1.112283588598983,0.0,1.1126499349633654,0.4401791106650222,0.0,0.9984592711736017,0.0,0.5979191132764121,0.3827087146156806,0.8185743119118268,0.0,0.0,0.5730682311470785,0.8261751074890992,0.9700152242434149,0.9740087096313659,1.039233200466375,1.6077238982890463,0.0,0.8425834385019273,0.9539675748620351,0.0,1.69682355583017,0.0,0.0,0.23537682297902657,0.7282517796235739,0.3478943917697326,0.0,0.8205022410503022,1.6604085212187105,1.2885747686646916,1.2301256220824923,1.0088518819887093,1.1373560166130046,0.9107194488200014,0.4146259894493876,1.3747882145261552,0.8874664363176126,0.2615061671484601,1.5396844063010047,1.632786623475095,1.2017409343998595,0.9405890235715741,0.5209810498215244,0.0,0.9111425399647644,0.0,0.3673396894421399,0.7288154201675161,0.4453582857467244,0.9319090710893212,0.5789993712737653,0.0,2.2351149386159825,1.5522539277937866,0.6889859008711958,0.9585957114730069,0.9347980596488337,0.0,0.9153434663737458,0.06611851736440698,1.394790658272589,0.8789114493606138,0.8607718998172675,0.5229814783231482,1.494584655791099,0.0,1.2510443855647404,0.6534538110619739,0.0,0.9442995823332532,1.4055294237447704,0.0,1.3059827676258813,0.6820877021844394,1.0094221767106986,0.9599762558433012,0.31374000971837035,0.7481634959946812,0.49789857248246683,0.0,0.9673974852693188,0.0,0.6697442134359703,0.7928384243273782,1.3730526538883037,1.054010467640405,0.8045827396118345,0.0,2.1038176750293633,0.8077875076178804,1.0452130906764303,1.1168258625453975,0.3122383714431588,0.8959390058989882,0.585061414272118,0.0,1.4707903709831949,0.8212724485015027,0.8990396227753956,0.5846049838307494,1.0472665541924426,0.805300576222062,0.9910381683287337,0.3526756205163013,0.7517922557762771,0.0,0.8784515441585019,0.0,0.9582821496051468,1.0117175416093591,0.7788647865681577,1.1127660167126094,0.39255792072418105,0.9551037435477617,0.5302002777632447,0.7381787858573738,0.9142376846900435,0.9950180932834259,0.0,0.0,0.942028621569139,0.8564960154193931,1.4732518728898523,0.6306204490451852,0.8742919497018716,1.308750988665531,0.5015241566279578,0.12880706547164977,0.0,0.0,0.5851813769900982,1.064425125613714,0.0,1.0897471226962914,1.2125955486248423,0.0,1.2405727774054194,0.4206676997829796,0.8437985014428124,1.0763034267801401,0.0,1.828231234749685,1.0124645492261095,0.0,0.0,0.7708740705481336,0.0,0.38517355676983267,1.0055586890612258,0.19881870552789446,0.9126122484874963,0.792543922054619,0.6896444247104033,0.0,0.48273482650290833,0.0,0.36731196253674575,0.6821046426602377,1.3708502371256714,0.0,1.0018809974369598,0.0,1.3475976441872775,0.7089337937162459,1.5673476243813007,0.0,0.0,0.6368445607252211,0.0,0.5295479481596567,0.0,1.6285381413204245,0.96142265026398,0.817828439119049,0.7497759948435814,0.0,0.5941993917444033,0.7542234073484526,0.0,0.8056213995452037,0.5119214206786549,1.562405431664537,0.8967434222856903,0.0,0.0,0.8469143449314442,2.346353703514332,0.7385592606060325,1.2726573270777652,0.9749018153716241,1.0415448035814703,0.7098575369630957,1.0215490534662406,0.6910168474955252,0.8168547640518877,1.111743344414763,1.464780139891226,0.0,1.067015146023099,1.9811119651309266,1.198578053847098,0.0,0.5855639630303442,1.9738315767252392,1.4383375048712155,0.0,0.0,1.0357084174065156,0.3005113778010351,0.0,1.3778373651002487,1.1080985265754144,0.0,0.0,0.0,1.1966314822775836,1.0828458416961766,1.3495267851896047,0.9010485382124207,1.0248239221403495,0.0,1.518561229369682,1.4354372500584225,0.0,1.1212823070225744,1.4762898911026556,1.3520847999952754,0.0,0.0,0.8186662326316404,0.0,0.0,1.3741177316913467,3.1667420254872525,0.21665993163056738,0.8424293715774731,0.0,0.9129142840251006,0.8615022623949553,0.0,0.0,0.0,0.0,0.9451395746108853,1.2293340205006118,0.8313912030780373,3.941380072155874,1.1748937697026045,0.808063106932146,0.1487213437253658,1.4047681180091456,1.0181666647865377,0.0,0.34106250486503753,1.0428148502785102,0.5787364589636925,1.2363251632423164,0.9064792343102972,0.8964252553797483,0.0,1.4039718496566767,0.0,0.0,0.0,0.9741896280878839,0.843358891901786,0.6759016774412584,1.2729162344290592,1.9348831629094718,1.0027805178946578,0.37421074892919115,0.9268107929616918,1.1701573878355613,0.0,0.7242727577389216,0.44176529660785635,0.0,0.0,1.0033480996878774,0.0,0.0,0.7551726755012287,0.37216226245960277,0.3449832437292847,0.5880139426298858,0.0,0.5430977415021255,1.2609845129891553,0.0,0.0,0.0,1.0380876113502908,0.0,0.0,0.769169244358958,0.7328388880737748,0.4864226307134254,0.0,1.3342167759624861,1.675833188331407,1.2711217488113316,0.8512704946943738,0.2790974486990634,0.8250594525240784,0.6487887304686548,2.863773406543933,0.7887560732971148,1.2238549801311218,1.050503011257032,2.597891168768629,1.9438185327134498,0.0,0.20133237023630207,0.039570988765629325,0.0,1.8502796836609565,0.9859681657754524,0.3528107065725006,1.2687212605835998,1.2044065100797547,1.0625518705762425,0.8269802206657152,0.994371769778139,1.0879747004673217,0.07423304451002545,0.13701918275951705,0.0,0.0,0.22533599061407966,0.0,0.5584491167524887,0.19108070897915558,0.9620425667192107,1.0199347944126558,0.951419475383842,0.22303346083423461,1.453805887982547,1.6542981021480143,0.808906096810208,0.8532844630240484,1.1287852800358937,0.9499633583227296,0.6092368902141039,0.6259436794015991,0.6454808006710401,1.0188440341667937,1.1486561256809653,1.420060830232261,0.8231130418927238,0.0,0.4366389717277984,1.4074996687515993,0.0,0.9088458451827044,0.9425152347540224,0.0,0.0,0.0,0.40524312723169964,1.1326091350379242,1.4536281915993037,0.4424999490472485,0.0,1.1635742619272,1.3172358780959552,0.9809255175111967,0.5694038252341992,1.2463077051847105,0.6298778857731978,0.913937601679514,1.1839164736542889,0.5780044876239614,0.7538080228869963,0.43791079154849,0.9677562579067498,0.0,1.0613253796381694,0.9388554295897937,1.0783536723162235,0.9749717309386121,0.9387966084738509,0.4929300372682045,1.0982989364136422,0.7202493007527768,0.6914138263211151,0.0,0.853907884499753,1.0706444050684893,0.0,0.0,0.0,0.5992921484773309,1.131387517326846,0.8860013714051743,1.100538119181463,0.1470184450906225,0.7153225304613885,1.4566419402680215,0.0,0.6677412111151135,1.5818790796659554,1.4165191851773828,1.0384875458233014,0.0,0.10710222963241052,0.5827364590011979,0.7321628936950211,0.8299363294563259,0.0,1.0962151197980614,0.0,1.300226933084348,0.0,1.3954777242041976,0.0,0.0,0.8603775617872165,0.8506814397308609,1.0814795181540748,0.6682476225688785,0.0,1.408259558560224,1.2942278850695352,1.1573769109022118,0.2616032842107175,0.9343544914925898,1.15426709429816,0.5246011489432313,1.39708397161482,0.0,1.6317161729028808,1.1971032069698702,0.880904318598253,1.0169389879430626,1.052377901395508,0.7173426962936718,0.8820008589628772,0.7293962870866371,1.3000874843928623,0.915295288640624,1.019986827667378,0.647926128237777,0.9630688082354733,1.499119279737094,0.0,0.0,1.7278228071025135,0.5601715372268035,1.0252196610020166,0.7605800520842273,0.7187015241199558,0.8029895133655349,0.0,1.0146827374647254,0.0,1.0380965206692672,0.48121492147687783,0.0,0.21855123436449958,1.0690810567803428,0.733491635127816,0.9176671650311203,1.5920300892203523,3.0680051855587567,1.205173140481645,1.2770159282823086,0.8756772632456298,1.0660327734775543,0.0,2.1494061910479108,0.9448904409582565,0.977044438322262,0.7607948841377852,1.3106695726606232,1.1502310816447323,1.486844445150372,1.0634803676698739,0.3610468383548016,0.937394308165264,0.2555355940110726,0.9422480921183845,0.0,0.08805031103651635,1.1679331295612112,1.133976708601578,0.7553315836628784,0.0,1.1238347720059954,1.0834815690082331,1.4073262090687544,1.6695516133599904,0.0,0.6342852398429988,1.3217159186035485,0.4931058146153571,0.6760643643759068,1.2996470724959783,1.8326252907194982,0.84471855382355,0.5609043416824254,0.9758243874439493,0.9923164066867693,0.0,1.2257542030684143,1.203746544978669,0.0,1.1822066599012309,0.7874426689864615,0.0,0.0,0.7036541040119443,1.5150489375302276,0.5518491749892186,0.0,0.5063043515543825,1.3856570165803155,0.9891859313600047,0.46848629521153046,1.118197593707244,0.720892809077294,0.0,0.0,1.1722050305658636,1.1744255234213894,1.58153315855838,1.2241073374401386,0.0,0.0,1.1983112298563485,0.6182241024480325,1.3276564925119247,1.1072149490915697,0.0,1.196383708068332,1.0471957626274542,0.8305812707539498,0.0,0.0,0.6516220254206457,0.7758205335776971,0.6583961442029195,1.9071890334252903,1.5804185124782626,2.1794280797386305,0.4699097359622563,1.0590322980224385,0.0,0.5613383066279269,1.0281579143756678,1.5297377705857218,0.9998077942141843,1.2140540864111808,0.0,0.6877764414114643,0.0,0.8993948293660677,0.9374162456128013,0.0,0.0,0.8453584662689073,1.5506921210548366,0.9076946813416891,1.1653057138376242,0.5753658840926955,0.8470504450057004,1.9660889478931705,1.1159729954662225,0.8998655424801927,0.6273928677516458,0.6765231420561694,2.634960803534412,0.9424816916327771,1.0568848363482812,1.0783309872269353,0.0,0.8061133722782019,0.5155857904290796,0.0,0.0,1.0224529792535155,1.0047327239022432,1.4431263503563547,0.0,0.8335169172059307,1.1748419014657328,1.2206229635572285,0.509866674187773,0.6342426204989278,0.4413479081026606,0.9990845214381757,1.4652935534768152,1.1823319046527254,0.4108022403157086,1.2141296800541155,0.5226362293943912,0.0,1.0329922231615538,0.6101186599436652,0.7493295801163771,0.7706295709458177,0.7931682886679556,1.7675688660460334,1.3848178328596346,1.0529609996484064,1.0266993182036592,0.05499248423430134,0.0,0.0,0.35016024701462023,0.9454004694507796,0.0,0.7324367744135754,0.9411683615479828,1.371379813297288,1.0976353572947088,0.9256355513384062,0.7565113380345192,0.5285860173039119,1.374875830197467,0.875436971215185,0.9132281185470925,1.6890168304112003,0.0,0.7642654567402349,0.0,1.2102295716564977,2.3979673798629846,0.8509336106178881,0.4993653639661517,0.7968734978190678,0.0,0.803933771234998,1.3498215819804955,1.306643642633035,0.7605939497996757,0.9337549571539323,1.0102993932807025,1.5845172828328136,1.9993107871696014,0.0,0.0,1.098004921379952,1.4716627313372324,0.5778756149113407,1.1581762476169717,0.0,1.7633359837459803,0.6178911363623676,0.0,0.0,0.9063072002099104,0.5262372191988575,1.240852122681828,0.3772805127720654,1.1773122472138602,0.8956594612200224,0.31296489372828307,0.8546745277305438,0.8869307276972558,1.442545671369106,0.8543856266195395,0.718335820020428,0.7456033885599025,0.26069596239408727,0.7882101258035381,0.6109056679744553,0.7103040835443792,0.0,0.9853558514586731,1.0919020903733005,1.5661399098595767,0.0,0.8681052308758374,0.7617321524211005,0.9505838155386784,0.7897221101674878,0.0,1.1389961695422495,0.0,0.2697793954235452,0.9255217585557387,1.0248614303256578,0.0,0.0,0.0,0.0,0.9283024895416312,0.22327511750774515,0.0,1.380983934209529,0.0,1.4355596297594728,0.9767092373400603,0.23785427785185803,0.0,0.3880117238140308,3.6913453044844724,0.7591028227723526,0.6202796089480694,0.4705998029821838,1.177558156763234,0.9809530496290021,0.9471635575704007,1.4059229654750907,0.9727122850639074,0.0,1.0478971550907743,1.1091242118730622,1.3406854981667877,0.0,0.8381605355964256,0.0,0.9191676396947882,1.2603830881653237,0.0,2.514424325469684,1.9218110117130234,0.0,0.5929750965767074,0.9426211724717821,1.282658404080986,0.8434369871054235,0.07816716634474376,1.1398028467523384,0.8826701702553043,1.6073179535696744,1.1476043168240582,0.9198487588040882,0.8478304171329497,1.4872105973806744,1.0817023121818565,0.9449094950322658,1.1895480094416517,0.8553152946994562,0.0,0.8867000957927009,0.5899107792665451,1.5747507313858917,0.7518021173662502,1.1101351989192214,0.8772661908035049,0.0,0.0,0.0,2.5051157035301483,1.0021890256375057,0.0,1.1844364748204332,1.1975248306784874,0.5402672567375486,0.0,0.6012110200721229,0.26058058652916405,0.7103902472945265,0.7830506342017306,0.0502167413085871,1.073286144067309,0.8945026896323183,1.0008474505923362,1.057780584408819,0.5662180226531397,1.3395817821365195,0.3549678528768585,1.3255120884693437,1.0597456777503407,0.6258107806327353,1.1707485056400464,1.347702435670217,0.0,0.0,1.4304527568891507,0.9527642343365617,0.2836457976241519,0.49162349411721007,1.6354603357497297,1.0879880948213723,1.103885306276811,1.1385009218590685,0.39291156387357284,0.5866935314575786,0.0,1.0566663662631635,1.5654820038285082,0.0,0.0,0.8451659233173321,0.7019332185377478,1.029855562805304,0.6659314693322869,0.912501771020385,0.9736860524151133,1.02869508529181,1.54360188768475,0.8015608129729418,0.6997318014420255,0.8783493781901395,0.0,1.308819602194191,1.0231245021953745,0.0,1.3301978305250377,0.9858311156281934,1.0092080126153535,1.0158305226794768,1.2737916905111413,1.0567490336731873,1.1334495762025107,0.0,2.7793894233362555,0.0,0.5687901758263536,0.6372398351866223,1.0212060227713025,1.0845984075051445,1.15298701903599,1.0532699697641772,1.6489516107607112,0.0,0.9988120317899751,0.9384819717888129,0.9858988168637663,0.0,0.7723311146930638,1.1757250232183782,0.5579783910509301,1.1729727779065717,0.23693748203975915,1.2904925618685648,0.9223104512683817,1.378172510243497,0.26493816904835565,0.5561814652445276,0.7719319227142185,1.8965006669670188,0.6030600247464929,0.9289878685360264,0.0,0.0,0.7065624834837668,1.1018296224051523,1.5203039381236865,1.3581056179615345,0.0
80,1.4458899441356958,2.5941625126554304,0.8273541383476075,0.0,0.6772266564740346,0.0,0.0,1.4648572496660832,0.17975436896747973,1.2362033221942834,1.3113425101489324,0.0,0.0,0.98777994872691,0.13278403538843328,2.811373904848712,0.683120817723562,0.6486945916211064,0.7553525029830155,1.237932216517239,1.052582672145315,0.0,0.2856571472906285,0.9308683702459513,0.5289561595610398,0.4199327962274336,1.1126821406955116,0.4053664565812525,0.0,0.8051813309676625,0.44879471602709914,1.4077862784370296,1.2005794367986362,0.6673883623261474,0.3924573118873522,1.1748589752167216,0.712672628503081,0.0,0.7761496666949078,1.0299532635357724,0.884926639962047,1.298767306356308,0.0,1.0152514087633184,1.0042580952495912,0.8747367972240752,1.0548765782864646,1.0356106536045944,0.37349117157064216,2.1722755231316784,1.59151331505856,1.2337411925523822,0.8878215313636532,0.0,0.5209646975793089,0.6331662414752297,0.7341612134793954,0.34017088306823984,0.9795601450243928,0.0,0.5357141347558535,0.9965583030097928,0.0,0.3971225648936919,1.3295708123403087,0.7056492616930392,0.2949616828251237,0.670543629222784,1.2234743452384715,0.8102322378922643,0.6824758549485146,0.9344405764392985,0.0,0.5400668146497618,0.1289062338867208,1.093826648712806,1.801771606230465,1.5952729095324076,1.2539088379259633,0.7873379957967787,0.6269664988376222,1.0589691300940112,0.697253043949082,0.9235322945256141,0.4675133970521238,0.0,1.0783664031301425,0.0,1.168487164176447,0.8313433006605531,1.2868588925911544,1.7576500090461256,0.8296230832743815,1.2687293282984236,0.8050394435254244,0.6846549656503113,0.4105108909079513,0.7395042018452859,1.6557295441780782,0.0,0.9140850446688629,0.7257778319484668,1.3684075056127067,0.5645468648259866,0.9502513112882152,0.8410734759639154,0.0,1.0365524701701518,0.9263781806071933,1.872279931891619,0.6656242439700324,0.0,2.2717592329471628,1.034238412705696,0.6102179441072393,0.6973930899258376,1.0849210769118391,0.7163432132843602,0.7652707258360847,0.0,1.3331161212826657,1.013120811998864,1.3651217245068556,0.0,0.41398475520915123,0.0,1.1166936709002142,1.8693987225307813,0.9679355354833181,1.488395633423172,0.0,0.976132815762161,1.0298391819510693,3.2476304029783107,0.6575520230749958,1.0883868991109646,0.7736330239698239,0.6675733746973354,0.6083505250327429,0.9014493419235047,0.10340342837784704,0.8716385358673908,0.814296335838983,0.8811491397584491,2.7210378442113403,1.1914628189303234,0.9258055138721247,1.0334185754915994,0.7309627067897815,0.8829073209757156,0.7346246264684703,0.9455593906376856,1.3127817433468676,1.3502462192521758,0.0,0.9969741570322933,0.0,1.075999664728174,0.3706771473473423,0.1763028804672608,1.1145717251944862,0.0,0.81260248972741,0.6648871168663547,0.7698166853288224,0.0,0.0,0.7820209080236535,0.9406948337398235,0.8874401529922875,1.0443543743664714,0.9087807899564402,1.1886080594067794,0.0,0.7596137562445843,1.1078916973357373,0.0,2.301904501565053,0.0,0.0,0.5230595949965148,0.9335007881019823,0.19066755809077907,0.0,0.8724619157382065,2.4150633540355493,1.3979820739480027,1.04729623405247,1.007441849370586,1.0120490177529102,0.9421994492408053,0.7549469501315509,1.3045012906769435,0.9385819096428496,0.45037173311835454,1.5859787236852838,2.057991447028856,1.266921807252527,0.941515242221781,0.6384961056698286,0.0,1.4174695255486032,0.0,0.3098787318611971,0.7655669090324956,0.46606472911729185,0.9372986425977966,0.5429717633738005,0.0,1.2721132952229353,1.5570856499721777,0.6400839014971293,1.1179484478186903,0.8981150246187695,0.0,1.170976086830876,0.3127510819364965,1.115211572541654,0.9181635287115145,0.9843977340556783,0.0,1.975686141139902,0.0,1.4906060724280148,0.589808267317282,0.0,0.8030578516886795,0.7906103008564334,0.0,1.1263790447891666,0.5486909490999028,0.9101933221903712,1.2217879575747794,0.06417409273488361,0.48435784669055887,0.4014100524951779,0.0,0.9177229429448382,0.0,0.5683647030213981,0.9689620997680335,1.3274586904563739,1.0455799416894436,0.9936405230610954,0.0,1.8499013601400471,0.8082390968196141,1.1854840012976573,1.0483661830860762,0.3286790027949808,0.9986506350898039,0.8013133548900181,0.0,1.1760331252542993,0.8173907383561635,0.8071360777613896,0.7655117369976917,0.9298296529702557,0.7903876197106205,1.1166658796174844,0.43985385989413284,0.8440473768124276,0.0,0.8802725856352552,0.0,1.1475497904752663,0.7324397534053295,0.8032043073453626,1.0533948109965672,0.37847777616214984,0.9179886277084208,0.5762875535401306,0.9289975459149746,1.0775936003156807,1.0817274829366532,0.0,0.0,1.0783578320465652,1.256166441273955,1.435925998793652,0.7034308644869487,1.1227601298453238,1.2148538113211882,0.408320551827548,0.0,0.0,0.0,0.7042478609133838,1.1228202874927482,0.0,0.9122321152990911,1.4119244432978024,0.0,1.254752856271276,0.4884467585936983,1.125708550293461,1.0070496573902126,0.0,1.3121781507443147,1.0127754874119643,0.0,0.0,0.7555247787380528,0.0,0.47560897305412214,1.0081072679744811,0.5060839579898138,0.7275605630130113,0.6560754507394742,1.034466637065605,0.0,0.6597339437904203,0.5247971531966212,0.24401605519184308,0.732415399327418,1.2562478547633953,0.0,0.9888213004517244,0.0,1.0388251992196693,0.7813721673153663,1.5160489859010045,0.0,0.0,0.6282946777610757,0.0,0.697110720786261,0.0,1.1212242806855037,0.916759893674458,0.829999763327308,0.9532091561923236,0.0,0.6202161308203028,0.8951748375720341,0.0,0.7562929336614387,0.7668333568135006,1.2202305167234497,1.0156404897950648,0.0,0.0,0.7999072983195648,1.6562497867331034,0.9401113168277064,0.9957666099232545,1.0354940209012917,0.755119977551584,0.9529788003805445,0.878465452318012,0.7660446762218499,0.96699857410361,1.1646404448566228,1.503244030438632,0.0,0.8984454838344118,2.055653938988469,1.145764182545088,0.0,0.5042783547479482,1.9773481012768044,2.377516748786599,0.0,0.0,1.4222059742410003,0.2003409185340234,0.0,1.4541812455398466,1.1189138734130553,0.0,0.0,0.0,1.2070681196548576,1.1173456342975028,1.0558550766236094,1.063209574252506,0.9689119290380487,0.0,1.7416267027611565,1.1921410343565868,0.0,0.8717230182321242,1.688473239150484,1.4054625276669945,0.0,0.0,0.7147424213462377,0.0,0.0,1.3188612121849883,4.27162183204303,0.42310299281012187,0.8415692750872323,0.0,0.8549221623482648,0.8984557876264418,0.0,0.0,0.0,0.0,0.7202142311636706,1.027283213566407,0.740091234809584,6.200062394770543,1.1231755867458255,0.8315229310790171,0.22308201558804872,1.4330288317462379,0.8869357746765707,0.0,0.40694957827090616,0.6887260298586819,0.9363609834648314,1.2892283098869108,1.0306814331734333,0.981310366033908,0.0,1.4951031039362586,0.0,0.0,0.0,1.1553774983856333,0.7423654588207129,0.6590604012427286,1.2530618450707087,2.2186062680731715,1.1459429541332675,0.40310762377051135,0.8588872831150862,1.1418082060309755,0.0,0.5898947492903619,0.480480608617785,0.0,0.0,1.5050221495318161,0.0,0.0,0.6363294743007111,0.24014870093715768,0.531114830804102,0.6757826806130145,0.0,0.6477295294052223,1.1011819793958197,0.0,0.0,0.0,1.116898366542119,0.0,0.0,0.8200547626786653,0.733530006789052,0.517523821668248,0.0,1.5462301244257328,1.4031796019180591,1.2520460192526102,0.8599702121223828,0.13746849179850054,0.8271126627016105,0.6380141707711308,3.507334118539889,0.7989055064752915,1.4063394017980397,1.2817008946883943,1.1430721142581968,0.48595463317836246,0.0,0.03739029753504013,0.046765713341677874,0.0,2.290956106373613,0.8660265400210772,0.5306944645298233,1.1000524065045083,1.1687551460011356,1.0630708480118507,0.9008856279862171,0.8252266209562258,1.024861684678432,0.40085843441549507,0.0,0.0,0.0,0.3755599843567995,0.0,0.42338524442289405,0.4310619977484493,1.022856886352103,0.9728918231528556,0.7436539033174573,0.18411608132544643,1.4510759026295996,1.7967448439940201,0.9836913873943967,0.9486386029499221,1.1146537853103125,0.8394900644942828,0.44318784136391576,0.5318712176586403,0.6117528949137374,1.0071793029986924,1.1175623971250221,1.82535276420337,0.7343922796456479,0.0,0.5019991030377694,1.272023947138021,0.0,1.1519378643924214,1.3671532997411413,0.0,0.0,0.0,0.5638165286743788,1.124813973141879,1.543680842075717,0.294999966031499,0.0,1.1168146385360536,1.4381876583192166,0.839310943624682,0.7382407294714439,1.1179589830944803,0.9448168286597968,1.0047664202645912,1.353047393815591,0.46843376360898925,0.7232994751743982,0.5216558566036988,1.0582616595914665,0.0,1.096326986569129,0.7799137248960664,1.0962815149237284,1.089075780990966,0.9646161606885477,0.5407254052260777,1.1210699298558908,0.5975397203972068,0.8142276140740053,0.0,0.7634232204544283,1.0408177723431975,0.0,0.0,0.0,0.6965276430254619,1.1667871316815297,0.8458813797805866,1.1021447415506573,0.09478820791714064,0.7920499578194087,1.1744201596538704,0.0,0.517254440363986,2.0942918941151256,1.3079933276446463,1.0461577867912082,0.0,0.606912610783172,0.7987752033367193,0.7756770298363926,1.004628178053148,0.0,0.838749005037549,0.0,1.2605557828830662,0.0,1.6231716085804315,0.0,0.0,0.9832886420425331,1.503912565814192,0.9454936479103897,0.4579106430392767,0.0,1.4235398201817357,1.320939673242718,1.1655335484672753,1.04641313684287,0.858119635127786,0.9601566649797599,0.4518527479781498,0.7956433165729142,0.0,1.7573594830926131,1.2553343779402641,0.8459777797689416,0.8852392816609165,0.7169943594879997,0.6873241103576595,0.8235548997576532,0.7548980873039277,1.5435245102161104,0.5977799445989928,1.0724711170175647,0.5486941981532112,0.9398414371962758,1.3368057840297403,0.0,0.0,2.058791508730563,0.6868868507587391,0.9331650271033733,0.6989026594085775,0.4359014245302651,0.8214119005228206,0.0,0.9213285249607603,0.0,1.0313060502226294,0.6525202234246212,0.0,0.16155869041512294,1.0846271790066362,0.8119440248525281,0.9643819929062952,1.1973451543384586,3.984547625340052,1.3016860918465318,1.2325862424765635,0.657699492489918,0.9705490922586831,0.0,3.224109286571866,0.8247316875143959,1.0533407648080186,0.6676221470143389,0.9999360529551324,1.1751698095463234,1.4558020654919004,0.7587024565728997,0.5538786734202275,1.0893551371121566,0.2555355940110726,0.7597376606362856,0.0,0.0,1.1728066634224177,1.036046330985258,0.7687649219806792,0.0,1.1065006109950566,1.1136992729061626,1.2177096886513257,1.4521448133402575,0.0,0.7784409742051934,1.2609439965570932,0.6082619901679741,0.5380431420037707,1.125733736187758,1.7303925720000097,0.7991317782428355,0.6349242481530053,0.8936939484395583,1.0524558448738182,0.0,1.1313054874205595,1.404089747611899,0.0,1.083272293119161,0.7772386095852664,0.0,0.0,0.5792808319212932,0.8660586768935173,0.6095344510023845,0.0,0.4926416788121701,1.4998251963425275,1.0483590270730367,0.24615381511871365,1.1519602936317914,0.7462064845695421,0.0,0.0,1.086340725738673,1.0050233105808037,1.6598004822366281,1.273263976693891,0.0,0.0,1.4622367204558373,0.5042874893588354,1.2254993986812153,1.2564601404670976,0.0,1.2142348248998516,0.9283478794530176,1.0818045860567445,0.0,0.0,0.6834363293378377,0.6821233675279114,0.7619860877487461,1.6961909464929203,1.6526887467925184,1.9557144936294537,0.48697038139554616,0.8098481761939935,0.0,0.695940611753237,0.9490688673602099,1.5612848128735548,0.9875157697225423,1.2393032247716032,0.0,0.7669814712354044,0.0,0.9353072920637883,0.9664758876355345,0.0,0.0,0.43487932707028987,1.7871252535662168,0.7128314150130941,1.0138243888646616,0.5728558962111343,0.7862723378744265,1.9659609833049032,1.2841624576521333,0.9642622563410352,0.5489687602699604,0.16913078551404234,1.4099351830912168,0.6498443345232001,0.9864724236488752,1.0855645131814904,0.0,0.8420840479638932,0.5227125483729815,0.0,0.0,0.9863959691617699,1.0088007788755091,1.7844915910989905,0.0,0.8653396798038773,1.0782891907983074,1.0962041410284549,0.46995629069839,0.6242628619657573,0.29423193873510706,1.0244932034516774,2.0340751079626287,1.1612071051617772,0.2888565691383247,1.1366961391796564,0.6178013292820989,0.0,0.8782849571712841,0.6439791918069524,0.9512037596875759,0.5137530472972118,0.4522003392776894,1.704292169247752,1.0356566114488577,1.231387548623881,0.9244716776932668,0.0,0.0,0.0,0.2851304880481654,0.8712107328622825,0.0,0.8799604520124701,0.8083561973071063,1.3869341008604457,1.1267219556498373,0.6633984936158029,0.850763274984941,0.6412506810571224,1.2401865648369539,0.7677723951089357,0.7463303938420377,1.4391242315752726,0.0,0.6968712370530119,0.0,1.092502722538839,1.304776417202456,0.815601031838884,0.5791830809113331,0.8584739051617662,0.0,0.8446691605939629,1.4230075737911496,1.1076717247244328,0.5055551547280288,0.9035638677767421,0.8011231562417678,1.6757026473377974,2.075493366967306,0.0,0.0,0.9994774637074654,1.1289176610679181,0.5484444685942844,1.2238874999716405,0.0,3.1826063729735647,0.8329799492901209,0.0,0.0,0.9851548975003678,0.7534418655449033,1.0926486519161553,0.4223581165557393,1.0607554527324883,1.7913189224400448,0.3987203294025835,0.7465969877289843,0.8534043045722361,1.272070842989621,0.3765089189780081,0.7207793736428076,0.6748286673343443,0.26855107476266793,1.0410202519738643,0.5930490160472968,0.7406617348232357,0.0,1.3023782031956137,1.3038718039057664,1.4584255549979073,0.0,0.7606087094051579,0.650726398093215,0.938186526202169,1.030972340764349,0.0,1.4519259795753383,0.0,0.21139474634293157,0.7902232705269882,0.9778851325146902,0.0,0.0,0.0,0.0,0.9233035389051758,0.23261155636011965,0.0,1.3175163633180613,0.0,1.3673567208625326,0.8381177622991839,0.5324263306983114,0.0,0.5633631759348505,2.1812495934387592,0.8109155176817862,0.668247631912136,0.4123749595155249,1.1676429785891587,0.8849246200174553,0.9576767024420073,1.5373359992751081,1.0132197667195362,0.0,0.9382403923302869,1.2132155116089567,1.2284097149215039,0.0,1.000975406547506,0.0,0.9751436581095546,1.1790140073841526,0.0,2.5577962893745485,1.4117689943563505,0.0,0.8497843686797175,1.0800192863782303,1.2793300325538992,1.091297934492945,0.2647597525004652,1.1550256323695218,0.8839249426438293,1.5899612905762686,1.285116723071726,1.026147123959275,0.8907830212432142,1.4597413514710302,0.944253040146432,0.625106201872984,0.6518876999234663,0.7799622134145985,0.0,0.9725026190912427,0.4740323253312404,1.8140297791098627,0.7710359996032004,1.9902541377778002,0.9893398496712676,0.0,0.0,0.0,4.533848778387289,1.3961575702466156,0.0,1.1952133120488506,1.4713189175786618,0.6190291098977398,0.0,0.45104251876025464,0.34744082064340814,0.7227676265332935,0.7676221473464949,0.16738912653601634,1.123497684081848,0.9493189976592474,1.086437541539254,1.3581640501736054,0.5098070090644196,1.4111058696899013,0.08874196321921463,1.1415759679960409,1.110194900199347,0.7169482628929507,1.386666719110397,1.2252958285366482,0.0,0.0,1.9703294053363412,1.0451625559419488,0.10011028151440654,0.37699660782793465,0.9199464388592229,1.1479220597317552,1.2783092372385179,1.002867250939575,0.26194104258238193,0.34223789233168916,0.0,1.01842348292382,1.6542374139003533,0.0,0.0,0.7977135944583553,0.8008916599552456,0.9790962438283337,0.988340226901663,0.9150422997110123,1.2003811240167592,1.0207053791714942,1.2264485283137248,0.599230817474954,0.541708203855771,0.8157466940306095,0.0,1.2491168979784077,0.9419599174238165,0.0,1.3419549847867989,1.0179491865476304,1.2848139282308024,0.7515641169943246,1.3221548335502173,1.1387124349934985,1.636770294386428,0.0,2.291581123046138,0.0,0.663110444152585,0.5365468431253586,1.1881817252658786,0.9561546154327912,1.27237969947883,0.9577969942788047,1.315292612835974,0.0,0.8710887184805596,1.041381927535089,1.0125229316558269,0.0,0.7674725780877631,1.1911639180370648,0.5222166370214033,1.1461385171940268,0.2890477133981968,1.5904515344680172,0.8828938351132302,1.1828768009688115,1.1922217607176004,0.7497578696243787,0.7903036940266708,1.8852615432323714,0.8295285688618363,0.6709356858687312,0.0,0.0,0.8916145608892377,0.9741711461008142,1.5820537470580587,1.3918923431091659,0.0
81,1.7300533085120575,2.3580223859941847,0.8029412334067787,0.0,0.6711505070451785,0.12637212693434252,0.0,1.3996027666841848,0.22359689750273976,1.1926789877299635,1.773434624803687,0.0,0.0,1.0009887340000696,0.5311361415537331,1.7320497760542908,0.1707802044308905,0.6311442535766503,0.7409844046697003,1.1200922335498773,1.0162867138657583,0.0,0.36102937946696867,0.9337005320369773,0.5074555223036222,0.6570514721946139,0.9296884730670871,0.42119421089898035,0.0,0.7398171886394355,0.39608094250042747,1.164932931208015,1.2138513872321508,0.5938629449003301,0.578971678509913,1.2147092470735552,0.8230846923532851,0.0,0.2801868095931754,0.8019878609372331,0.910870530884671,1.476245494960048,0.0,1.1577142924480681,0.9653295427054337,1.147005866673813,1.1738146664256215,0.9649131190761095,0.44056845476168094,2.141178805865587,1.335646786054742,1.1579703148290754,1.2060971708899406,0.0,0.13024127207568356,0.7286544733995256,0.6618302348536613,0.34017086180756495,0.989169012565584,0.0,0.9821425655047882,0.9450269740909902,0.0,0.4082179214947139,1.2932948987751052,0.797647938858056,0.4424425242376856,0.8633341029010704,0.9424682409269514,1.0197650104878955,0.6245906963006997,0.9499185374222194,0.0,0.54473136506786,0.0,0.7390204815524758,1.8887536954273654,2.0672471592814077,1.4312458170762907,0.7171053332997346,0.7631833954103666,1.2840802484377285,0.6835681726543399,0.8941566511334752,0.48933395611963076,0.0,1.0181065666829223,0.0,1.3691276240342427,0.8799174120128543,0.9865917890563636,2.1741546781215524,0.9577003478369218,1.24009737574443,0.7888603256125969,0.8298042913353811,0.44177711262848773,0.8414256607891255,1.589715425076085,0.0,0.8119934860112068,0.4320106183694258,1.5986633615452182,0.563581661308721,1.3611707743447075,0.8446452306114589,0.0,0.9164676767530335,0.9357679128554554,1.7432197984686455,0.8386557402605517,0.0,4.543518384760093,1.0365269553303875,0.46434643988293633,0.6695659508766265,0.8780027624106487,0.9545218002934317,0.8953303168905264,0.3895832518320923,1.309803379145242,0.884833619918189,1.328056860365287,0.0,0.36842825340378316,0.0,1.1816924241884852,1.8050656556231426,0.7029753237975636,1.4812122604512723,0.0,0.9649770129821674,0.914560063786499,2.0511349193851003,0.5494879872455202,1.1326070238994177,0.8169757887886109,0.7201460528826769,0.42276955196827787,0.9266950023259592,0.0,0.8932600552382862,0.7529586558793587,1.1336137345667252,2.8946664335411114,1.1312857996049883,0.957765350994687,1.1357346092311928,0.7081869500175787,0.8273319835760499,0.792055287713701,0.7011198707462932,1.2123446204986543,1.2435113969428406,0.0,0.9556794967217864,0.0,1.05792376714367,0.2085058957448694,0.7052115218690432,1.1323058453929502,0.0,1.1127686237878305,0.6813504915058364,0.6880847018643088,0.0,0.0,0.8952081444705917,0.967437300185965,0.7990974613127249,1.0952146852736364,0.8714564768005277,0.867635237689882,0.0,0.6717293634717596,1.0541299483290623,0.0,2.0985661370448443,0.0,0.0,0.7845893924947721,1.223279191799929,0.36107920848191405,0.0,1.0235162591596592,3.0647884266434815,1.1404881567745844,1.007306248936865,0.9232031928793555,0.8261783460286052,0.8148275495663782,1.0868687422235481,1.1391425282230503,1.0083771171881217,0.5462573314683404,1.1406919851374067,2.236577472411189,1.3389468990783926,1.0640034544563348,0.6143359454067747,0.0,1.5848096653779082,0.0,0.28158800523428873,0.7950338453417767,0.3987491986908319,0.9638623335474796,0.5761883120181146,0.0,0.28533382422757586,1.3711907086331883,0.5248056930378018,1.1766004645904315,1.0109282056433038,0.0,1.3944889545149073,0.589819154101916,0.8451095209025165,0.9127202408176799,1.1769071276805863,0.0,2.0614639203698877,0.0,1.0905299840281781,0.9026332779863859,0.0,0.7551955554629215,0.3513823559361926,0.0,0.9698269524877422,0.5341255218291212,0.963848433033197,0.7417998296531286,0.0,0.537164311249446,0.3291620378793666,0.0,0.8795492827641932,0.0,0.6580086195324681,1.159187789390861,1.1195559104485129,0.9962620850407529,1.1422399130511962,0.0,2.117650121398365,0.7223008677140734,1.334670427106974,0.9074296063510728,0.4214415985249195,1.2681039850134472,1.0390280963429372,0.0,1.0097234104657857,0.8567887396138285,0.7456578820880738,1.0241285729785918,0.8275557242294099,0.8500395352342146,1.187599967784897,0.5321835398593906,0.9705918529245787,0.0,0.9323851041915745,0.0,1.2971007645858288,0.7379254618382155,0.41377191406128366,1.1444352088868044,0.5493440248736768,1.0655579887962163,0.6288702822448321,1.1640823143938448,1.1780858107415915,1.049916800926475,0.0,0.0,0.9701412873469523,1.352664559101172,1.327347886734786,0.6403622221133611,1.160758663549654,1.021493229318804,0.32802826761521514,0.0,0.0,0.0,0.9585086995562813,0.9045397306400575,0.0,0.7171459474684664,1.4247375854706443,0.25790887096545584,1.458617117765272,0.5658282871645124,1.529480592357404,1.020995650053026,0.0,1.1958528580705576,0.8773341106682013,0.0,0.0,0.7395556831990092,0.0,0.4492723185043452,1.0866584962555526,0.7591259369847208,0.577031019441967,0.6948079856549325,0.6896444247104033,0.0,0.8348704891871007,2.099188612786485,0.3368932228434088,0.7747210748336368,1.129840867525983,0.0,1.0240864591097918,0.0,0.9257834486686554,0.829243082109633,1.6750242824248271,0.0,0.0,0.7692746468078976,0.0,0.8902215832407043,0.0,1.4403008347511637,0.9902392134705654,0.735581642044888,1.0759014782018108,0.0,0.670792305182534,0.9642018253104812,0.0,0.6916811584842636,1.3159641942217195,0.7899020649930877,1.0582986550916524,0.0,0.0,0.8281643689137896,1.1041666395060437,0.916864253104585,0.756574625535199,0.9353497791087289,0.5207723985359081,1.0759435924946836,0.7901628014182318,0.8750701102059478,1.0546136603105114,1.2247713407654635,1.4227084733981346,0.0,0.9591430968962429,1.7264040964791723,1.1005940879524196,0.0,0.503541432360879,1.3777248273657132,3.1252517598247413,0.0,0.0,1.6429821857068192,0.05008522963350585,0.0,1.292076768156076,1.1272612836603413,0.0,0.0,0.0,1.089546411609418,1.115734051659369,0.8025195084366508,1.1722383978121709,0.943754268501667,0.0,1.4542153920812027,1.0657186317848362,0.0,0.8307117991041595,1.6715041065413492,1.3394101281169148,0.0,0.0,0.7576582333785813,0.0,0.0,1.2364778576384712,3.5799845248488857,0.6325097233045796,0.8113164323082537,0.0,0.776900254445639,0.998090654305742,0.0,0.0,0.0,0.0,0.7479296863782348,0.947722090426813,0.6926344335223936,6.109550531524352,0.9155881451066231,0.7578390503138873,0.2137869281195573,1.5046712329265457,0.9104416246657544,0.0,0.5159539261961681,0.735241188592567,1.4576724309403306,1.1877568357093065,1.040616140853929,1.186921833108547,0.0,1.4935920616383749,0.0,0.0,0.0,1.3120591879917582,0.7958242467653134,0.6954817331539787,1.155565462681409,1.9338761735739225,1.0744810653221482,0.45472552395981347,0.92863352285751,1.069877202625248,0.0,0.5987010141017316,0.6278878282189315,0.0,0.0,1.128766612148862,0.0,0.0,0.5601765078403785,0.0975604081475818,0.7931206366229813,0.7802544400282733,0.0,0.9287255491640284,1.085177603409619,0.0,0.0,0.0,1.0699890648433463,0.0,0.10350189523132261,0.8756961116399672,0.7677040417687462,0.7568932246294705,0.0,1.3354776292996724,1.3796615656549174,1.2620281028876998,0.8457564705847767,0.37756162564463147,0.9753328347502567,0.7171848244697501,3.4983432943100556,1.1657350669339048,1.4853953685919674,1.5159330179617363,0.20783129350149032,0.0,0.0,0.14956119014016053,0.1870628533667115,0.0,2.027532908676929,0.8266297222236665,0.9367409350554515,1.0344742988064788,1.2185631184342083,0.9590155547285744,0.9020701819207378,0.5671031221706287,0.8728573695439248,0.8611032925617257,0.0,0.0,0.0,0.3755599843567994,0.0,0.4135434452285598,1.016013975420008,1.1289729599415526,0.9431520661681857,1.004705166567789,0.25462952210097944,1.4658026915018971,1.6039731314638663,1.0891920013097722,0.9435619229918568,0.9565476941455413,0.7896506054803012,0.3958016786893463,0.3477967307536002,0.6158970181246279,0.9855148251079393,0.9607406312470635,1.9925998085195862,0.7263736860250641,0.0,0.7497592883043254,1.0432147615210154,0.0,1.4508456209356846,1.8980941830783724,0.0,0.0,0.0,0.662755490613719,1.1222691472773219,1.332717246581484,0.07374999150787474,0.0,1.1975538573154738,1.3865447255194776,0.7209229807841222,1.0020709506315209,0.9525611888860821,0.6298778857731978,1.0407329706940902,1.1244418551351631,0.2383857888175545,0.8636299776811688,0.6437391477956758,1.0847731486621528,0.0,1.0911568090218478,0.6388280315099693,1.0571243888380715,0.9896038411603019,1.0751392313490085,0.5754495112311917,1.1484707087194403,0.6697749388951805,1.1215391425479344,0.0,0.7267944402222781,1.071218069022473,0.0,0.0,0.0,0.8668857965488072,1.095011113414623,0.803861926300026,1.0076010405818048,0.11606719328897006,0.8217491312854626,0.7335536831516306,0.17361102674981563,0.4227692892728574,2.24152952083203,1.377758872837879,1.0409854491079953,0.0,1.8921391343173717,1.1040548257715748,0.7462755171612012,0.9818672616202068,0.0,0.7086125489359174,0.0,1.1355662856157185,0.0,1.629414432105634,0.0,0.0,1.1237584455402203,2.1566079212305347,0.8786157498299408,0.4277187253160569,0.0,1.293476133245663,1.2424117511452233,1.0860657648917458,1.5696197052643048,0.8212755139378481,0.8549766251565774,0.47976506322799567,0.41359610206964026,0.0,1.6924638025708725,1.1112179982512267,0.7373080889779156,0.8161097602031936,0.611332034113625,0.5741109710327837,0.9219836829919286,0.9988697434469496,1.6474251614308997,0.6020171403610647,1.0188286801716526,0.26850992737680246,0.9344504337845491,1.2377134213107002,0.0,0.0,1.9146145350833776,1.2108877800298692,1.0134636958723546,0.9000997964766959,0.5233713451936055,0.9220065754085176,0.0,0.7085409807880881,0.0,1.1994203848332812,0.9549664045014026,0.0,0.20019228995342073,1.054207160250983,1.0625108977033317,1.0087029738966131,0.9621661536462867,3.516092625599618,1.351731141512208,1.0967668177111278,0.5434395435100925,0.929166705685346,0.0,2.1494061910479108,0.7635873209224042,1.0343327416652772,0.5402628823410702,0.6099393253932743,1.1149039795216262,1.264476474392998,0.33130596681152386,0.8882572780062841,1.3672061439374346,1.0221423760442905,0.5922842754123883,0.0,0.0,1.2087020940776985,1.2382378866401405,0.8040406557723383,0.0,1.015825352890597,1.0338337950220349,1.082563798769585,1.3071867221137807,0.0,0.5189606494701289,1.1289829955975201,0.6178895228439492,0.6166534266926526,0.8972895518224121,1.5911625654616315,0.8120308924163118,0.9199299037653896,0.8881243361392656,1.033642595402542,0.0,0.8892435374440373,1.33844463517914,0.0,1.5769559744186725,0.7365233305143418,0.0,0.0,0.5461425933461721,0.4488256739534821,0.7761238622225175,0.0,0.5341440306819327,1.2559972510014312,0.831596011557135,0.05161289652633242,1.2807087824495018,0.7951869669913008,0.0,0.0,1.0493693877483998,0.8943608045191896,1.3654328666687583,1.309335785920105,0.0,0.0,1.538309305853574,0.33001166317210834,1.2150271373083732,1.3114236569178372,0.0,1.2707026649454387,0.9020243647689359,1.3174579936782296,0.0,0.0,0.7061752248512555,0.8047049826948998,0.9299943857820644,1.3848049540384788,1.4335785565747114,1.381105153949051,0.5354289883563148,0.6954035120193993,0.0,0.7515034427340817,0.7645277060298972,1.4868001281866885,0.9099117933803262,1.2406705135444058,0.0,0.8283059328687588,0.0,0.9151558013898535,1.1036978064469183,0.0,0.0,0.2594450526886085,1.7342532758040616,0.6481312365005403,0.9372605920136596,0.8617594454689727,0.7911824909220273,1.7939144939732463,1.499166897225801,0.9890178773865064,0.3300502778652894,0.0,0.7396381542850547,0.46544914443223495,0.9997979528255077,1.0280168047945704,0.0,0.9357718770236142,0.6057667182733691,0.0,0.0,0.9705742372863749,0.9176776264187281,1.7519156627228476,0.0,0.946100722245099,1.0806943520442818,1.0152466981946735,0.5437117273360376,0.6477646794083891,0.07355798468377676,0.9970976873258383,2.335452495521313,1.0470441990478625,0.1582775727810446,1.152534834898395,0.9673574814577695,0.0,0.7282565612905676,0.7081233327047461,0.8280262946504506,0.12843826182430296,0.30343333060439626,1.386248462709975,0.8487718550079888,1.320157841403133,0.7677087204977571,0.0,0.0,0.0,0.3526613990359676,0.8062814878871384,0.0,1.1858282416731123,0.7413631776529573,1.2420938851891132,1.2739064181755964,0.3813997888193453,0.9077697166496724,0.9857723863267803,1.172060446745813,0.937155838676546,0.7161932774356792,1.2597307231257462,0.0,0.6325473797454157,0.0,1.0114408762700762,0.8110772818755642,0.8158017137664385,0.7041520145539037,0.9300610427897741,0.0,0.7956465800794617,1.3968570717942712,1.0257291315869344,0.48458742925505405,1.1231532349121793,0.671373049475342,1.7934791046458969,2.024838104268039,0.0,0.0,0.9576021524221761,0.9060849990326069,0.3786638871306213,1.3133227663243718,0.0,5.246999760883181,0.9704821760248583,0.0,0.0,0.9377958449360141,0.8542070358519821,0.8351514430532676,0.5190311976509825,0.8693009483808922,2.1325225338227463,0.4009165725654358,0.4389406801086374,0.894461103972979,1.1462499540999247,0.16942900499624908,0.7588891504874702,0.3538735674485911,0.49346259551944116,1.3836425885880206,0.5830024802352549,0.7835051112991075,0.0,1.4585500112208885,1.3011240221836133,1.5786932789038493,0.0,0.6900756191448705,0.6734954723906004,0.9245674571511728,1.0851939954098524,0.0,1.5874795825246393,0.0,0.3374328656044933,0.669409997202329,1.0620327493514323,0.0,0.0,0.0,0.0,0.7415911377952822,0.2965390460322705,0.0,1.2576761732437665,0.0,1.2412228281815227,0.7888271838277658,0.7045201924252734,0.0,0.7676289610836802,1.2584133302382785,0.9761706261210795,0.5782199650279982,0.381567555281315,1.1757498721686974,0.8850370134283605,0.9926154678369162,1.5663251680507462,1.0612924590172206,0.0,0.8723641095838758,1.1208729512272166,1.0404234902830658,0.0,1.1361139690797437,0.0,1.0733861659057409,0.9905084067141483,0.0,2.548124982790984,1.1802628681465863,0.0,1.1154471557372077,1.1169103349711398,1.1689380774313738,1.122641490674535,0.5295195050009304,1.1683229682843543,0.9287074694821055,1.5510928200133525,1.5286006022212297,1.1342667739852783,0.74826715841955,1.338430902718459,0.8452709178215598,0.6864024123409742,0.5160931158104219,0.8081035432337318,0.0,1.2145296486315151,0.4500807859358858,2.065929043596907,0.7745798762175897,2.5408832661748075,1.0394339477478223,0.0,0.0,0.0,4.58312975810048,1.5140325366221523,0.0,1.095133265786631,1.3763525714961662,0.9519247082617603,0.0,0.41608362044262426,0.5211612309651122,0.8281289852603897,0.8704615135543763,0.9708569238655491,1.2235820241018414,0.5979962175853618,0.8661721505032058,1.5954400113884915,0.530799471903126,1.5172680878444653,0.10649035231337974,1.1159029952594866,0.867131917148857,0.6926449274549153,1.4551387175174386,1.1319956846913528,0.0,0.0,2.237331377996995,1.2247751172250747,0.04542040483244496,0.4753955968945438,0.30664881295307433,0.93387392571854,1.6845673591143475,0.8136647777657973,0.06548526064559548,0.1882308373600508,0.0,0.8999341055930805,1.4378705139663293,0.0,0.0,0.8055577507315952,0.9261924514965878,0.9304822766422935,1.0913369071139174,1.007453691263124,1.1811388137027108,1.2063640878161677,1.0754340360469905,0.4723170136993154,0.5534870071925575,0.7265488955244781,0.0,1.1589458882579446,0.9189068484366978,0.0,1.293615358078739,0.980778716341964,1.6612785162485126,0.7157958880416677,1.335984014740231,1.234290013550341,2.0158741284396706,0.0,1.5705150938367907,0.0,0.8293135633135813,0.3514950407433181,1.4060013863204408,0.8745735114928,1.5510498188321993,0.8840401004733671,1.1141430365018965,0.0,0.8477264551862723,1.1728246381382315,1.0234600288333253,0.0,0.8562725104579636,1.0783491524695878,0.44433332137028725,1.1004427298424362,0.5581929815730209,1.6638033418180944,0.8838857748132437,1.086204271716031,2.1195053523868452,0.9885228957394099,0.6870783712640648,1.5385132869694236,0.8999093871461363,0.665201212961558,0.0,0.0,0.8832031138175981,0.830876795561742,1.559451621169349,1.2930980157353322,0.0
82,1.8804927190125573,1.9244318817156612,0.920884653070497,0.0,0.8350843229828863,0.6318606346717126,0.0,1.2290012207201642,0.14906459833515984,1.0391215548635548,1.6641560860639868,0.0,0.0,1.1190621235465796,0.973749578094734,1.5414154922535497,0.0,0.680482406443419,1.0415016469843086,1.0228215896889543,0.7077711002484802,0.0,0.6199989322762315,1.0689630178335752,0.561906126981808,1.0897816444665775,0.9114276693866014,0.3745902569887172,0.0,0.6514594023116381,0.6965982699440931,1.0296849945358255,1.1471648331285127,0.5090823783482367,0.6625145725000781,1.2613849828353154,0.9392873988489631,0.0,0.08888684903593229,0.6706405313883296,0.9036909707394389,1.4804000550327574,0.0,1.3614646765922676,0.708851627122523,1.1846600953149904,1.1406985988843084,1.0682777393603011,0.43661797103204925,2.0756455400732308,1.2487225795862718,1.0567990180145006,0.8040647805932939,0.0,0.6512063603784177,0.7999257092943651,0.644843662024762,1.02051256416202,1.051822650058309,0.0,1.249999588239885,0.7990769386802881,0.0,0.437234278774716,1.1996209725035745,0.7852901321092106,0.2949616828251237,0.9336200000714864,0.9168603086651066,0.9581123154239987,0.5520732977101415,1.0664673924754688,0.0,0.564952154162198,0.0,0.642901870232814,1.3221275882902768,2.007463772880141,1.6351636447524838,0.5918059237196431,0.9131619051908986,1.428358599466097,0.7020124859531877,0.9709650709424719,0.46847141982815066,0.0,1.018411090202262,0.0,1.4660012932577915,0.973644241061784,1.6729164316826544,1.7493198444700857,1.0477860008160766,1.1664855397666296,0.9030050531864096,1.1601982763807976,0.600609119215038,0.8714894387913699,1.4862166078909131,0.0,0.8168835820906293,0.5060695832817785,1.3824159027481433,0.5209623898250161,1.823455160652338,0.9347218164254623,0.0,0.9655140219442887,0.83450224087061,1.4195710607354575,1.055647180801363,0.0,5.192592323819774,1.0273544732742137,0.6598564042969417,0.618674435665696,0.7499259148535652,1.2831162848032514,0.9861553411574864,1.7314811048247392,1.1835073652620742,0.923280781961034,1.2968436770207283,0.0,0.22994103743708644,0.0,0.9772574721296633,1.837040265010638,0.7603574908921705,1.4764387394246548,0.0,0.5470062381218244,0.8702293589431328,0.7691757229652809,0.5534362916521776,1.153398057430064,0.9667185951950252,0.8158600721308261,0.557954909404285,0.9325858574948879,0.0,0.9217498569833549,0.778600611929777,1.4046679058930887,2.6670224612978197,1.0703100545054873,0.9239098219921402,1.162908287960736,0.7075293485678655,0.7135397653251602,1.1800594444203671,0.709328981818602,1.0443535591074269,1.1113547240982244,0.0,1.022590460243085,0.0,0.9761350734147609,0.05212647393621735,1.0578172828035648,1.04572205118435,0.0,1.2497924427937528,0.5562115295270801,0.5983852497266955,0.0,0.0,0.8156475361908622,0.8690667611597376,0.8124394538367146,1.0582163206741446,0.8819962839481518,0.8043383686888016,0.0,0.6286623265011866,1.137559683175194,0.0,1.464659444007049,0.0,0.0,0.5230595949965148,1.083263506002795,0.7905291059139402,0.0,1.032037798299991,3.488013354776178,0.700096178743869,1.055760419977307,0.7859345258059702,0.7579078094740089,0.7468438816806414,1.0772377440648768,1.0191581342007647,0.9980211606571406,0.6232563751099923,0.6673379725430053,2.2705938545536872,1.339213462653548,1.195285113616565,0.4543331442060403,0.0,0.9129881730489712,0.0,0.33663698610146736,0.8685451481214185,0.3288486265466868,0.9315778652501318,0.6099540344591428,0.0,0.0,1.1733137538572693,0.46853307304473496,1.1441013323135514,1.141905971600861,0.0,1.43623518410991,0.5879300524223536,0.7692184920718433,0.8542497493747087,1.2627705098553292,0.0,2.2078455588366594,0.0,0.7243313079235558,1.3211012188183735,0.0,0.7817161358813414,0.8533571537162872,0.0,0.8604902212899685,0.48442407696839473,1.4242936383884839,0.3839904808105843,0.0,0.6563721186018816,0.318225399384937,0.0,0.9236656694290679,0.0,0.7197095929769097,1.2021695965204582,0.9998937979498363,0.9955795805046737,0.9909546049573865,0.0,2.30989895045315,0.5842164225480208,1.3045778690469159,0.7993839692155762,0.7643891956314965,1.3540743949807825,1.1229870923146086,0.0,0.9784802887566083,0.8717121533616636,0.7764604755689282,1.3099970906263947,0.9136336220899696,0.7456487203503537,1.1406442649653552,0.5598860413609152,0.8769177683848326,0.0,0.962800701562518,0.0,1.299728782476374,0.8037038168191435,0.08518833488997722,1.3684817817859334,0.7776897241203511,1.3020265768092794,0.5765670067751826,1.4513175348570713,1.1061544798173608,1.0199735596177721,0.0,0.0,0.8267877653139815,1.4849502791346874,1.1422042837808117,0.552687326643609,1.0981522260439052,0.9750609237925759,0.3948712498909622,0.0,0.0,0.0,1.0334172884421817,0.8849484460288464,0.0,0.6933134324160212,1.283638707213997,1.0316354838618234,1.7727309878354025,0.7244011944655764,1.673373296142339,1.0403299456386672,0.0,1.199350420115757,0.7166048257990639,0.0,0.0,0.7766000869935307,0.0,0.2285091961467758,1.0347934724217807,0.5060839579898138,0.45464065714187757,0.7207779265167984,0.17241110617760083,0.0,0.7296899554268573,3.148782919179727,0.44843121853700185,0.6760435858320191,0.9876830522548725,0.0,1.0194872155313877,0.0,0.872925803760563,0.6648029735898486,1.9007919932974264,0.0,0.0,1.0437029123612636,0.0,0.8256416874722301,0.0,1.5365585659241974,1.061663664098712,0.6773762112658901,0.959336082997015,0.0,0.7481704471912094,1.0343785152786609,0.0,0.6607514003734556,1.5388477588112905,0.7005886129331875,0.9203151335248095,0.0,0.0,0.8277922524173942,0.6440972543024063,0.7187992561493382,0.7643743593594273,0.8876933655329661,0.3775599920306191,1.1920389082272962,0.7393672227492123,0.9659055509741931,0.997141866197829,1.1171686922159212,1.2943413247384208,0.0,1.0986919489915836,1.3877795554738026,1.0403651768745752,0.0,0.8085433367987886,0.9511451493118976,3.347768080678018,0.0,0.0,1.4665164829137565,0.0,0.0,1.0884113117232745,1.0588953015526523,0.0,0.0,0.0,0.9543806240168272,1.1444357958554736,0.7382699086215782,1.1435885845461722,0.9469330262881326,0.0,0.9008413917302295,0.959783101658712,0.0,0.9384051965120641,1.3486063064048572,1.17412532484994,0.0,0.0,0.7693428999148619,0.0,0.0,1.3067161986510756,2.222413935446474,0.7855677118664761,0.7577161349809107,0.0,0.8141573497202257,1.014299388887586,0.0,0.0,0.0,0.0,0.90583101912201,1.0082328024056884,0.8411491350701021,3.6385767513421303,0.829356885027839,0.7159536850476822,0.2974426735081074,1.472871197167667,0.9092236705028063,0.0,0.5832943883574897,0.83966955468712,1.341156053377926,1.02325883371002,0.9039537355655345,1.2598995279292646,0.08522326320599422,1.372797496682915,0.0,0.0,0.0,1.3535061427315458,0.7433351037972484,0.6963418049542774,1.109545840681613,1.6289506922296486,0.9720233792141804,0.6344097012417307,1.2686043299351428,1.007977649930351,0.0,0.6632173059224056,0.8197530040577548,0.0,0.0,0.7525110747659081,0.0,0.0,0.5276856158702277,0.19050256687622266,0.7999712430350956,0.874406756780312,0.0,0.9897100880760686,1.2262497810076223,0.0,0.0,0.0,0.8485436765693897,0.0,0.5433849434955769,0.7940306238554816,0.7958645689314225,0.9194243889014757,0.0,0.8226077065990414,1.4277376686324823,1.2977562911185907,0.8798467385216856,0.7665645118056715,1.0902424745394228,0.7137778937119497,2.4513982301640493,1.6906058275762217,1.3668553131837,1.6797021481522754,0.1731927599794842,0.0,0.0,0.35520782502495235,0.28059428005006726,0.0,1.396068636935921,0.9009755751634613,1.136127557339639,1.056578566472841,1.3619575946693394,0.9024842478468718,0.7809874188905068,0.38376423085914096,0.8076410012239712,0.9204897162924613,0.0,0.0,0.0,0.3630413161251286,0.0,0.44785987605125527,1.5157549206473124,1.1431379451893848,1.0916268299140017,1.5684162391856606,0.398653142566182,1.7458352542523152,1.1574053926755394,1.051655472872375,0.8976527846617315,1.0922512130701079,0.9272741047282095,0.4886928610798926,0.6236176694540363,0.7195706425429735,1.124188847166265,0.9000530856737439,2.1372736167334203,0.8358938271465215,0.0,0.7851633411601648,0.9375786270904941,0.0,1.4152321071540404,2.4049232812355243,0.0,0.0,0.0,0.7657604364408915,1.2777118241927465,0.917408357989214,0.0,0.0,1.2452823526586378,1.1707262491388843,0.7293461007335715,1.11978888395513,0.8321312785393282,0.15746947144329945,0.8846004565577759,1.1006933063249615,0.1374476555974221,0.920591023584336,0.6260448000473984,1.0962773907092023,0.0,1.0357440337124835,0.6344345110189287,0.9738662108897606,1.0145925387853176,1.086030303647271,0.5446496695810124,1.325630933669612,0.8363829391608897,1.2988885295381754,0.0,0.9634480977271767,1.1533683825210432,0.0,0.0,0.0,1.0889983219408625,0.8953625186156854,0.7511444095983983,0.8749926874937525,0.10224967001518748,0.8203755316660827,0.501489905399694,0.6944441069992625,0.4437809041190959,1.6604292082068413,1.5944578998491563,0.9978240425235727,0.0,3.6414750220859755,1.1324816175433172,0.7186561921721948,0.8855626257290088,0.0,0.7061636748806761,0.0,0.9953384781115706,0.0,1.555974885415838,0.0,0.0,1.1149790751396733,2.2725707109074333,0.9014626051981701,0.5132624675278104,0.0,1.0285980413973064,1.1608264618894122,0.9884044058167301,1.569619705264305,0.8606000316642577,0.8760478468849366,0.44279170748869645,0.2721090516932238,0.0,1.425128251218744,0.9444601589830919,0.7128927135342161,0.8165080299236278,0.4415175809479045,0.5546272319547285,0.9995768834813787,1.3215149349222552,1.6831660135352897,1.0200058500025642,0.9102645527753841,0.10506910227079974,0.9719432715052403,1.1543231417995048,0.0,0.0,1.4948809246859005,1.452911669410397,1.2500541357350627,1.1641253151208284,0.7379912496628045,0.975753349692386,0.0,0.447950069929576,0.0,1.1071628665427011,1.1348681370350078,0.0,0.2859889842858917,1.0284199146411117,1.3157137459548625,1.0480844620769947,0.8668263532807935,2.6220617789483116,1.4045351789957163,0.975979693089118,0.5633217818463458,1.0762458524713407,0.0,0.5373515477619777,0.6764787702555645,0.9634338736739592,0.33583909099602993,0.7125025441533854,0.9603766550358287,0.983324980964658,0.26822813867297446,1.1159629424702597,1.5597108013859071,1.5332135640664357,0.5178449427359983,0.0,0.0,1.3468477949094224,1.7884341434332565,0.8159955329758216,0.0,0.9158162218112809,1.0303175421558206,1.0991388909373323,1.3783192139271851,0.0,0.19461024355129833,0.998411524764113,0.6539523947409549,0.8225095796952495,0.8732019777442558,1.461791940425759,0.8224415473389866,1.2992917602596261,0.8821263012208631,0.980937191051577,0.0,0.6225298814711145,1.1313430366309412,0.0,1.9316746800987499,0.7990940077748341,0.0,0.0,0.536165603625847,0.45815192751439293,0.8179836411482062,0.0,0.7756277601519878,0.844031818460576,0.673022838855581,0.07373270616335922,1.3754658248455636,0.9845864351213617,0.0,0.0,1.1664396799315588,0.8878821349068606,1.0068176220121752,1.4082667077824225,0.0,0.0,1.374229299162872,0.3283002765476324,1.3564766511130752,1.1786876536809319,0.0,1.2709144501001262,0.8164010576423371,1.3473679509244423,0.0,0.0,0.7901696697352196,1.350622011569674,1.0436593724908763,1.1875466632454066,1.3198399041517699,1.1765662190116655,0.45873014802065215,0.8594668838802313,0.0,0.608120203673506,0.42180839135187576,1.4540018009247968,0.8457347904881533,1.186757500885561,0.0,0.8532240869203096,0.0,0.8205920425240402,1.1889148221879084,0.0,0.0,0.2866250112482279,1.4905444406581154,0.5369630961551433,1.0263902617692384,1.0902357297561136,0.8121235190675268,1.818555098565723,1.449772234273556,1.0248893658306888,0.18699545304196116,0.0,0.6645186750367799,0.4966773600942071,1.0782851071508692,1.02138738571142,0.0,1.0274820875588604,0.7316516040045594,0.0,0.0,1.0171523095206745,0.739478318753197,1.4035154263484286,0.0,1.0882457981711833,1.1543673015231386,0.9715345844039822,0.6219889500253976,0.7287965600947433,0.04680962570507309,0.9038483976637046,2.2465222398761844,0.7970808301314098,0.03956939319526115,1.2341679901918154,1.1694868399435365,0.0,0.6277223595185512,0.795506928716254,0.6716104641426304,0.0,0.32316831306042726,1.0974437705548405,0.9287224795291035,1.1466481638739079,0.6952890304778576,0.0,0.0,0.0,0.545704292973926,0.8437943946081807,0.0,1.4407561659565384,0.9105141666755001,1.1101319779344112,1.269513386173897,0.3214067212416323,0.8635852568364085,1.1133451377323267,1.139449005221889,1.1774621176613402,0.8696258813469432,0.9820646946425103,0.0,0.6839497085318867,0.0,1.0647355299660828,0.4987369809212939,0.8453463936836504,0.8282926003220943,0.9442777905017447,0.0,0.8342340568326659,1.266307179823915,0.7318440303640217,0.4596454271239012,1.380949132500312,0.7634499413235214,1.6364402116001995,1.8504378231205487,0.0,0.0,0.9724338250709504,1.016916709382952,0.30500125320919685,1.4191989860146317,0.0,4.696494976525503,1.0383893668579205,0.0,0.0,0.880208225860436,0.896088762774206,0.6392312252228676,0.45532551583736014,0.7283248432613064,1.5658808630261989,0.5842150590747748,0.15382815381017342,0.9815533065527454,1.0181288084613878,0.5473859938352506,0.7930535561741456,0.296266240984008,0.6422846468931236,1.4498271981089186,0.6471662991134453,0.8058948473040697,0.0,1.2491853152973202,1.0429073873624404,1.5669386644295678,0.0,0.7878269251098042,0.8481475109508871,0.8861450406870138,0.6971724689876162,0.0,1.496825312456164,0.0,0.37624867214814095,0.6517277024155477,1.2138442328558057,0.0,0.0,0.0,0.0,0.7153162395795468,0.3258902998362559,0.0,1.1284432543172636,0.0,1.1746537914109225,0.9267676505678526,0.6531949883627659,0.0,0.9995371876450678,0.7969951462041766,0.9542828447711285,0.4798054044388114,0.4987048869050834,1.0308002359439943,0.9493318855435172,1.0421831491879197,1.5831086939395775,1.1739755369632465,0.0,0.9735740422716685,0.9794283883030386,0.9041492914788789,0.0,1.0660673866490284,0.0,1.0734398774712477,0.9495547804048352,0.0,2.3955141994317164,0.9342577144849946,0.0,1.1618907391127227,0.9032633660368644,1.0824157795472882,0.9478698554618281,0.5295195050009304,1.2023914522787584,0.6749830650100138,1.400323367646728,1.7038533761989698,1.0685010033788995,0.6770918922558131,1.2810742842820635,0.6667490291792227,0.8474667157317709,0.6825676374433205,0.9897454294685553,0.0,1.9849013606136046,0.6306426868470079,1.9316312503819564,0.7352434476792598,2.587878624705252,1.0451419148480534,0.0,0.0,0.0,2.562610205871595,1.4303841558150625,0.0,0.9063402261131888,1.3091968946808104,1.3824212579421815,0.0,0.603718721030768,0.34744082064340814,0.9687108685845375,1.1013232495095133,2.209536430102033,1.2150105308199577,0.28031072932906076,0.43172073347811,1.5641606587846892,0.6272894349026327,1.5393086110733236,0.5324517615668987,1.183238519930641,0.6765051154425867,0.4404978667464676,1.2681562661525998,1.089964335398658,0.0,0.0,1.802369506200868,1.3070354327041347,0.11494143165350879,0.6517403462883073,0.6132976259061487,0.6930703213558944,1.9739682164201198,0.7693052787400354,0.0,0.41068545710851406,0.0,0.8205131325827784,1.1723527109932652,0.0,0.0,0.8034330842079924,1.1673863621643354,0.8448314779091302,0.884979581888475,1.0863223699034041,0.8986796615300158,1.4210311922179366,0.8977718523536808,0.5116025663284206,0.6495442369601391,0.7601052367530501,0.0,1.0269313810637477,0.9883570956653361,0.0,1.2231666222218305,1.0061553117630302,1.8448227559975707,0.8411944231697895,1.2971062360276813,1.2888469242534661,1.6966500686096515,0.0,1.326718141162619,0.0,0.909519750445398,0.30797168261605173,1.4216284457400716,0.9758593733746065,1.7743887640774494,0.9273084921135246,0.9598939570160281,0.0,0.9795543615578489,1.2276645913029678,0.9370636242737216,0.0,0.9030534359403487,0.9723982638370472,0.46666281755979466,1.1069059655862048,0.8469799412362001,1.2908802556812515,0.9608776709159311,1.0210436831838865,2.1195053523868452,1.1517601281505878,0.5049649370674366,0.9822326601611969,0.9338517818363925,0.9117844429331154,0.0,0.0,0.8832031295890806,0.7371017936687839,1.4133638858688764,1.1522228534810302,0.0
83,1.755126539416602,1.4216357283737333,0.9787513547156169,0.0,0.9020466483367262,1.2637212693434252,0.0,1.2116848813626095,0.03726614958378996,0.8412845523365304,1.2946905543062748,0.0,0.0,1.2848235722644321,1.23931760461027,1.3952433077709347,0.0,0.6965524276632807,1.3016101301900078,0.994224990660868,0.5807352598810119,0.0,0.7653506338144166,1.2167921049407102,0.6711503505223482,1.2998571599291768,0.9276707768891941,0.24401125720209,0.0,0.6787869974434722,1.004677472444384,1.0790878171358695,1.2009226228263343,0.5105551992220976,0.8495470345185586,1.166870110451857,0.8929301453212675,0.0,0.20096156971707546,0.6155758465364479,0.8621136241245267,1.2954824699055518,0.0,1.4026073395992835,0.548593200556312,1.4366537980139658,1.0914369034262608,1.1851973355519414,0.31740456244399223,2.194933399460926,0.9509525613037587,0.9572370022965143,0.20101619514832347,0.0,1.3024127207568355,0.9811929181827133,0.5650839655575994,1.5307688462430302,1.1406316589113676,0.0,1.383928077286019,0.7477217488380064,0.0,0.4270805468355042,1.1250121885680358,0.6613226670621228,0.07374042070628092,0.8900677121547276,1.0842103844450828,0.6004985947362517,0.49722838064009767,1.2248058265025106,0.0,0.5886837034122214,0.0,0.9647562064085,1.0388145135975175,1.9105275386043465,1.9086596724339895,0.5033748816521585,0.9242297075041792,1.525874042167178,0.6789477234715414,1.160781403027404,0.45883108156888236,0.0,0.9264186684049395,0.0,1.4118042163770108,1.1526848688280853,3.0026705206045223,1.8805188437385887,0.9522731447202442,1.0641554483270173,1.1098700606277108,1.2858821583905733,0.8676420809625667,0.822260664518083,1.3987431453697545,0.0,0.9464272604522044,0.8146486016927221,1.2301965998362698,0.4194889325542862,2.0289148793393528,1.0131750146118192,0.0,0.8860260829540595,0.7325440768979019,0.9941151400101582,1.1280118994297001,0.0,3.8538770456102585,1.0887240450196793,0.9332187479383965,0.5616539128342173,0.719631767440664,1.3648619514713851,0.9016483298015359,3.8958323884598824,1.035052035353164,1.139018927509977,1.2666320328345195,0.0,0.05748525935927161,0.0,0.7234667641673578,1.9716937129700085,0.9223553661918338,1.3454723602674343,0.0,0.32872434684106844,0.9429411515520459,1.0255679724760234,0.6262944916293163,1.270803127300395,1.025133484919317,0.8656246731324172,0.9486414607048076,0.9549597847594808,0.0,0.9347844826276643,0.9481888240897791,1.6659231888499926,2.040433590815563,1.1931026354349685,0.8857142368971145,1.109788580775231,0.6967025527459505,0.5789794968582235,1.5754043594258047,0.9028889584902282,0.9239335921285123,1.0556645107630147,0.0,1.138623276136022,0.0,0.8787154019015306,0.0,0.7052115218690432,0.9860523218382242,0.0,1.0349237839076713,0.6420284888272255,0.6803796866891159,0.0,0.0,0.7469752288263707,0.7345698267845259,0.884184295949158,0.9465744183758577,0.957425711943059,0.7574452628864405,0.0,0.6907832426182147,1.4131151338747894,0.0,0.8471932222998451,0.0,0.0,0.1307648987491287,0.6723499412161225,1.2215130291254281,0.0,0.883084194269123,3.4692966814441943,0.595661944288675,1.0671388012966854,0.6544139380488103,0.8920781472534804,0.7722354969953351,1.0218824019300259,1.0832371553414,0.9692166673380909,0.546257338005994,0.5902417894703861,1.829595685944796,1.3481878823450097,1.2889165037765944,0.3611449636567109,0.0,0.20671430268179766,0.0,0.4494534156688088,0.8201159504753492,0.27432774767660084,0.9331587335126328,0.7797571278382283,0.0,0.08047877206156005,1.105835368240176,0.6009768972226011,1.1151762451139589,1.1286132849633608,0.0,1.2957997360246156,0.4366445840562927,1.0340565050991346,0.7878236334423571,1.1754314448507375,0.0,2.205048445856712,0.0,0.7011702174113398,1.4815798223123076,0.0,0.8328760175417285,1.6565168351841857,0.0,0.7431619971652468,0.37705430722444866,1.8205268518992803,1.0123385052342884,0.0,0.7161010539831297,0.43127548314549613,0.0,0.9951887011904754,0.0,0.6022018611942668,1.1780845033950835,0.9241175927380524,0.9967442629534418,0.7733301167742006,0.0,1.996465595398828,0.5154945825776686,1.2005356998267427,0.7982849476814258,1.2701678022677894,1.0758725592657616,1.0527069107916964,0.0,0.9446970052434932,0.87173519379695,0.865746386288213,1.5111951567048343,1.1963475957331398,0.37282436017517684,1.0446351110057273,0.6417167026073866,0.5988800436027721,0.0,1.0170293075833623,0.0,1.058889511723511,0.8851901181957702,0.25556498337285327,1.5007144341534857,0.8950402463270444,1.4856793003888153,0.5288312909906789,1.7071806056870567,1.0001371160445807,1.0610859907020194,0.0,0.0,0.8773556199430411,1.7943811433654822,0.9550704911417998,0.5918115737614318,0.971983371115528,1.053017051865623,0.63880299142806,0.0,0.0,0.0,1.0156835659603152,1.124704187926798,0.0,0.8267329658626126,1.2359284571288585,1.547453225792735,1.8974183626224816,0.9983744775331793,1.5827341643269248,0.9076506992534743,0.0,1.0649115285102464,0.5665474537189871,0.0,0.0,0.8193810998927296,0.0,0.04647644660827581,0.8571643913527065,0.12652098949745344,0.39309329900592715,0.6743532863525215,0.0,0.0,0.5872579819874099,2.099188612786485,0.4275927424594536,0.5683841201223732,0.8752863252810654,0.0,1.0092234928714974,0.0,0.9554134274237414,0.4828023931762128,1.708757803150218,0.0,0.0,1.2280398314748717,0.0,0.7419097064377047,0.0,1.092822318848183,1.1135229962983981,0.5255962160286346,0.7416306501950806,0.0,0.8396995055445574,1.0420827929732033,0.0,0.736375343300659,1.259573075087756,1.1734472788162824,0.7555045845162308,0.0,0.0,0.8442773473664107,0.5980903387855141,0.46238412459296024,0.9710674285473474,0.8887387801900068,0.2083089620182249,1.2705789383033426,0.7510842963057479,0.9906516992581885,0.7979471693039589,0.9889949462400989,1.2415735328562312,0.0,1.189620339184762,1.2437012950494688,1.0060085896551578,0.0,1.253677607731126,0.9514571299204657,3.1603331965655492,0.0,0.0,1.0925652016635978,0.0,0.0,1.1709505838760228,1.0405369060864724,0.0,0.0,0.0,0.870862720349744,1.1618318960005958,0.8058220576119232,1.1026506543421117,0.9383022620835536,0.0,0.5147665095601311,0.7296309552526234,0.0,1.0035473599215035,1.0824419426052396,1.047942304372686,0.0,0.0,0.7854149737859225,0.0,0.0,1.4150199379931865,1.3891499744972868,1.0677013529512616,0.7769293771402024,0.0,0.9978172511915541,0.9577539010783502,0.0,0.0,0.0,0.0,1.0729269914723087,0.9886157523476499,1.0665652394906338,1.5623739780041639,1.0260292956845216,0.7769937913862324,0.39039350636514886,1.376513259237643,0.7060703599335058,0.0,0.4964138810057151,0.9169450575468902,0.7321689158618145,0.8360030735050521,0.7973184453705289,1.163008939758192,0.34089305282397686,1.2985526887318617,0.0,0.0,0.0,1.3768429611897135,0.800425324741682,0.6719124276573859,1.0944726346499856,1.8330800419371582,0.8773498266305058,0.9417327216861336,1.6606709933065642,0.9978545851624585,0.0,0.7355491984510533,0.8449347978370847,0.0,0.0,0.7525110747659081,0.0,0.0,0.5405746221705096,0.38677793837196683,0.5741315980318056,0.955160047920153,0.0,0.7645240106408173,1.1833567140943042,0.0,0.0,0.0,0.6309993745131521,0.0,1.1385208216690814,0.6354108236140609,0.7698823328555633,0.9574410176635394,0.0,0.5269944757976236,1.385571267822498,1.2707327322011317,0.9265887903740389,0.8726562056675129,1.085245088369257,0.6584283942435754,1.5105790025841341,1.6877059962570815,1.188878723941945,1.8046538634276548,0.6927710399179368,0.0,0.0,0.6730253493990067,0.2727999879978841,0.0,1.1442381964267714,0.944809615172369,0.8816483603007936,1.0650307582954464,1.3596825492390325,0.9290129642151979,0.7100313983947968,0.45125535545800854,0.7731952469285734,0.4899380700115985,0.0,0.0,0.0,1.045308611129371,0.0,0.5863563551261961,1.837657988373552,1.0184900088594497,1.2486063414332282,1.927773100102263,0.5922058298190029,2.137203515782327,0.8594870920969229,0.9336661571260896,0.8504041307808102,1.6060295908944893,1.1640831708003034,0.6049786067968556,1.261352661383101,0.8308574563277115,1.258609321019933,0.8979425155845053,2.277227578024212,0.9561075466549164,0.0,0.6094315028965174,1.0358967108425823,0.0,1.0282437231212687,2.5564532966054507,0.0,0.0,0.0,1.024504911758942,1.4913823007720088,0.6442778157765807,0.0,0.0,1.146522654082666,0.9602369324606481,0.8101887973532235,0.7924584003849118,0.6888012300373212,0.0,0.8767984357674314,1.6149008771643651,0.34361913040307784,0.7153637247168088,0.4994077696514417,1.1006047166832493,0.0,0.962354405485189,0.6972981288447312,0.947341783567986,1.2134753178160513,1.1147881175073886,0.4890782065939612,1.4994841686189038,0.9357159257662329,1.3760097148340962,0.0,1.4422846081303815,1.2323138187162523,0.0,0.0,0.17286580999280943,0.9380480549031895,0.7440314448999121,0.6902678265754059,0.7180377855760316,0.11883069683832477,0.8089274371694116,0.5206995307169124,1.0416661604988937,0.6096528382406311,0.9439796904136248,1.5549377505365742,0.931866583676211,0.0,4.034182923699261,0.9540537228406742,0.7825725920179345,0.848748482678911,0.0,0.6810632053880533,0.0,0.9053273659713001,0.0,1.378772597935391,0.0,0.0,0.9657299012414393,2.0583649529628962,0.9001257761717485,0.34217497835187355,0.0,0.7983665842418597,1.0977777545465033,0.9689405994785669,2.616032842107175,0.9798853601943052,0.8690693010668126,0.37052070009897853,0.4111816409283695,0.0,1.1563356125961122,0.859920503113086,0.7803047004561525,0.8847867124358637,0.42297276523753313,0.5939817114324771,0.9250741200803032,1.588347785986819,1.6582591942069709,1.3380604360577468,0.8863293093893844,0.4436250958824115,1.0165388695386959,1.0515103821087886,0.0,0.0,1.1179806070222038,1.2362426614364668,1.3477033566870091,1.0923580194408253,0.9187238007287044,0.8859535958804935,0.0,0.24014308394260736,0.0,0.6957664383029637,1.2482391210941823,0.0,0.6434752122600149,1.122973147754893,1.1591960116103777,1.0675059779352778,0.8701767148112651,1.7816298923233054,1.5064248642696862,0.9260595494339692,0.698809676053439,1.2573168506624,0.0,0.0,0.6923423872125256,0.9471277949573634,0.20411959297208987,1.068753816230078,0.8730045034617501,0.816883588587763,0.44449234430560514,1.0585236539826088,1.581947418631196,1.277677970055363,0.6380266625651647,0.0,0.0,1.4221635892012903,2.1991854818913192,0.8638227871686902,0.0,0.9022627384545474,0.9412963514853205,1.0574437333245958,1.5736543363796125,0.0,0.25948032473506444,0.9156689577710474,0.8083868565745504,0.905472271278881,1.0105310737803939,1.4232309126604723,0.8434463800811873,1.712186225856743,0.8657277045505786,1.0056507622178783,0.0,0.5913439883001969,1.0554796757806493,0.0,1.8285257712905332,0.9569471335163401,0.0,0.0,0.4197750314221669,0.6092371447598663,0.7185357884135504,0.0,1.00942685251176,0.7131837217479284,0.7434844199286238,0.2949308246534369,1.448974880297582,1.109381967966658,0.0,0.0,1.2307665841873496,0.8893576812231032,0.7607867618721017,1.4248819372901664,0.0,0.0,1.2618668766208556,0.4677779768247604,1.4537596645732185,0.9586945450471387,0.0,1.3068113785231479,0.7583727597649269,1.1906671846245431,0.0,0.0,0.928226492471994,1.8511480905499726,1.0737253541144864,1.0765946252470973,1.2608063355413102,1.1774006677973672,0.4034117026654499,1.0337185836026177,0.0,0.37977293529939377,0.16403659598590176,1.3888086443294474,0.8817963527398494,1.1799875258301868,0.17244047138947177,0.7797982502407064,0.0,0.8252941695249763,1.106798201622084,0.0,0.0,0.5905463606601791,1.229255566650159,0.36286959271687635,1.1486403438623771,1.065602546018736,0.8280179205259751,1.9522473469947639,1.1507031993857617,1.1323640329567874,0.24993296811720908,0.0,0.5778423303062017,0.8030113000298456,1.0655430823032928,1.0013563016838216,0.0,1.1159301630742906,1.0913612173106646,0.0,0.0,1.0551146581060107,0.7069751501154191,1.1215292209201664,0.0,1.1413085369340406,1.1161009346558683,0.9495736250202254,0.5095943640726677,0.8245742064716464,0.18723850282029236,0.8880116738993206,2.0220218916368777,0.515411192988304,0.0,1.1713489513163717,1.133056791201642,0.0,0.596926597867597,0.9022867612296612,0.7495739733409663,0.0,0.4091751539583839,1.0597284570841632,1.0934410001366541,0.9640230711612605,0.7632877963681479,0.0,0.0,0.0,0.6821303611014301,0.9640109488447834,0.0,1.2887254664908852,1.196506262322434,1.0763416150117013,1.1568950140498762,0.4780507095559403,0.7596492617993063,0.9754235561989036,1.1340360644816871,1.2075096476058678,0.9760542126693214,0.768931918150582,0.0,0.7456079093805423,0.0,1.1162288098177253,0.4080575435840037,0.8602220982717261,0.9685182998816481,0.789754658449104,0.0,0.8612374227496835,1.050596281485875,0.46269372586583185,0.27079885584811014,1.322687796571941,1.0023682444235624,1.3160558596526553,1.6127537768640767,0.0,0.0,1.0594857186198694,1.308383818043218,0.616979656555026,1.3764069533223056,0.0,2.528882045306075,1.0258855837610867,0.0,0.0,0.9833486464274851,0.8002394814788898,0.5088944701612993,0.2842704779393545,0.5727582114682048,1.4440224706463163,1.063547666328539,0.05319153583667666,0.9772759689048032,0.9466833137482153,1.1469039746710041,0.7220307644134372,0.8887987229520239,0.513044442838464,1.1640250021305938,0.7042890881218297,0.79212704549803,0.0,1.0944647862917813,0.8319910265715913,1.3515062443427839,0.0,0.9868722393823737,0.974585594721878,0.8894352492923406,0.2555342637027263,0.0,1.3297799794642333,0.0,0.4038482211106625,0.6762152185065904,1.1939020492051375,0.0,0.0,0.0,0.0,0.7709710839089203,0.34957791146116707,0.0,1.0229601059798583,0.0,1.256404514459382,1.1182652859124398,0.44753776857732486,0.0,1.002623641180267,0.671153840445966,0.7314157249590436,0.5278485311754748,0.6956495093151862,0.8587587426802543,1.0236221885741683,0.9483716247398308,1.4576247916878158,1.222529965364082,0.0,1.060579592847716,1.0650764717418095,0.8100197603330999,0.0,0.9522928883556907,0.0,1.0863696528117475,0.9986591796180528,0.0,2.096574488464108,0.9687374675228169,0.0,1.128797867520571,0.8017071663383566,1.2511032231557098,0.626479468454099,0.2647597525004652,1.2564932878801853,0.2677432826986535,1.2077372337841925,1.6615561892269963,0.9787382747307513,0.8257302836841862,1.225155452542239,0.5285914515611975,0.8216802207035883,1.0756520348355674,1.142510348084564,0.0,2.6364234715092687,0.8565368014182579,1.6255484876954975,0.8166235906046934,2.377965951018237,1.0798429273541665,0.0,0.0,0.0,0.7638549761103983,1.4004883182925187,0.0,0.7908374625500972,1.5236586620674213,1.4826642650710096,0.0,1.01360161885071,0.08686020516085204,1.0053835526663746,1.4110503540552093,2.4773590124729683,0.9621508494601542,0.5979962269290515,0.2228236039265576,1.2384482213291534,0.8176897381539151,1.5114618005625928,1.0649035231337973,1.2102376170485987,0.710760921186558,0.41315661257491587,1.0332363920284553,1.0215488080044373,0.0,0.0,1.1481514543520603,1.17228216564973,0.17241214748026318,0.575657770946924,1.4310277937810136,0.6463267716585603,1.9227892622163876,0.9788745534438337,0.0,0.6160281856627711,0.0,0.9530138452269273,1.0916780862050386,0.0,0.0,0.787023830441735,1.2834409947766212,0.7418648103685511,0.6446910111671281,1.0803648501224365,0.6957583822025933,1.4023066824319523,0.8421194284772583,0.5522106482892347,0.7038034608758228,0.9109940226741442,0.0,1.0754289672611146,1.0221397610842533,0.0,1.2022209296972697,1.0823710805169098,1.6634974385287575,0.8983341861599343,1.310186978208907,1.2691096502691945,0.9059494315490656,0.0,1.290428344037663,0.0,0.8923609092758384,0.4121306505609213,1.0528058620013143,1.1599519855151637,1.681609199570648,0.9332009306212051,0.80043961606938,0.0,1.219645815001134,1.2645516712682365,0.8056673884708709,0.0,0.7984672946029114,0.9334257961498285,0.7858875786262618,1.0957453497920624,0.8256569519357829,0.887957296347519,1.0571527397716325,0.8462353282552038,1.8545671833384896,1.2665067443202964,0.3764613946651644,0.9325953159832554,1.1565968679001055,1.3820128985169742,0.0,0.0,1.1355468876594532,0.7418299944406774,1.1750549254201619,1.1762911387879977,0.0
84,1.3121660501569936,1.1442669097759208,0.8990456731726193,0.0,0.7726907414916333,1.2637212693434252,0.0,1.2034717746341022,0.0,0.7981351752254665,1.0661423055346047,0.0,0.0,1.2977021892112794,1.1950562299732388,1.4454223363174508,0.0,0.6499087384445454,1.129984382400857,1.0246241512665488,0.5807352598810119,0.0,0.7199235016984433,1.2211951873030933,0.7332977138777435,1.079563569313518,0.8165847807183605,0.2967704430290502,0.0,0.8082664610917754,0.8253294091612511,1.046923869218194,1.4948259672310606,0.5388864725231368,1.1307234179544068,1.065266940302862,0.7756708804793517,0.0,0.3642428435421872,0.4577148951751132,0.8535481341790453,1.0037923268401832,0.0,1.2489842473542527,0.6436298630299412,2.056500394195796,1.0173995229487323,1.1378400616804734,0.23142667574157416,2.3681222700560363,0.6959964781770472,1.0067911779638337,0.25127016855436884,0.0,1.432653992832519,1.0577531160125337,0.4097372746258088,1.1905979773485758,1.0939554841953791,0.0,1.4285709069680634,0.8397342096024207,0.0,0.4820988473082838,1.2554704046284446,0.759886211375909,0.0,0.7289315976984745,1.1252924911834272,0.22973886652325232,0.528790775863629,1.2064305993802724,0.0,0.5713659836121688,0.0,1.4353829515713605,1.3966836136206116,1.8796748123130564,2.0944966871176716,0.5093615388047505,0.9244829082154099,1.5386655343884343,0.5726266372292261,1.271649550929142,0.4189280229111575,0.0,0.803463277673411,0.0,1.505526124994344,1.2611411537573083,3.4316235133984287,2.623979810438114,0.8618360022469609,0.9794723865565166,1.4047062815817395,1.0004598338572053,1.0165123841183208,0.7724400508490603,1.3431644915613952,0.0,1.011210464085571,0.7899622841696574,1.5261504620909105,0.43223417259205843,2.0545973409649223,1.0192758928090966,0.0,0.6271097521115767,0.7594777871361288,0.8868937561022898,0.9733327181562479,0.0,2.109490606197336,1.2091746465511986,0.9932125944197359,0.5821090838497641,0.5708106927523775,1.2308964796764064,0.7866480412843724,6.060183542233985,1.0234242474197874,1.3411599174539286,1.1682977266641075,0.0,0.0,0.0,0.7465485629879574,1.9589520300205439,0.907324324053811,1.2054575577769908,0.0,0.5875727931133057,1.0942701242549226,1.5383519587140353,0.6590562878764762,1.4970529162940858,1.0015221354972552,0.8831998108152158,1.273892995110404,0.9214575357567549,0.0,0.9531568660753219,1.1682993172810843,1.8243808173831597,1.7463984670265853,1.3066352002409338,0.8969600378143341,0.9883125335643295,0.7058604474844183,0.44259431980429464,1.9171173692215548,0.9533404679518168,0.7640309226820495,1.0314957645396423,0.0,1.2929590303782006,0.0,0.8676931438589255,0.0,0.1763028804672608,1.039036559370556,0.0,0.7952294478062286,0.7840629167678347,1.0154212265151876,0.0,0.0,0.8017664567782821,0.6808778842111132,0.9735572622428303,0.8657698059050812,1.0845711459157203,0.7033919646919802,0.0,0.7980237202674525,1.4857679808402684,0.0,0.4806003040753368,0.0,0.0,0.0,0.5744683016237274,1.418178796593907,0.0,0.8189697596724128,2.5850953079202985,0.6498130294298392,1.029968239126841,0.526882787387961,1.1252340599217936,0.8354381576728949,1.1873780882999942,1.261512764859507,0.9450103612528944,0.3326939631316703,0.6217434607998131,1.5890512836838178,1.3012922370881976,1.4024171661494806,0.4461990505371122,0.0,0.0,0.0,0.43495491625531857,0.6199680135545198,0.15980257125523342,0.9885867034257158,1.0233278240188926,0.0,0.3219150882462402,1.2115070512464965,0.9056100417409192,1.1141791360899775,0.9993480895770046,0.0,1.0545911539411787,0.4200099986693696,1.4946315429146697,0.8197760586463583,0.9866174397584972,0.0,1.7855997529609602,0.0,0.750526749304404,1.4453427177910076,0.0,0.8228887162980626,1.6722035574190075,0.0,0.6360686546994073,0.3573125101729453,1.4915835235784476,2.269034590929262,0.0,0.6356543647542157,0.6493045494798821,0.0,1.0251319727941086,0.0,0.4489264077964237,1.2691716393259744,0.8263772056461404,1.0099683839165376,0.791236759685835,0.0,1.6088032799489347,0.553504836841091,1.137907922039549,0.7969838266795678,1.5351216831728984,0.8639530074176256,0.9436346348904873,0.0,0.9000294065334596,0.8941866655371238,0.98299555996019,1.4483008812766216,1.3257088347068193,0.07456487203503537,1.0593777887232216,0.7910804813215768,0.4811222345351867,0.0,1.1422705100841877,0.0,0.7973162572114493,0.9313578200803662,1.1500424251778396,1.440735035230897,0.9603316757693219,1.6232388181661228,0.7850206687866704,1.794590832293628,0.915353305478271,1.1108705607913445,0.0,0.0,1.1324549719301316,1.8384151495005925,0.7476191633628566,0.6750178605690389,0.8326058875068729,1.096018883361993,0.8530694298865021,0.0,0.0,0.0,1.0604300359912027,1.2434894181322844,0.0,0.9553540762598719,1.2231151392801236,1.0316354838618234,1.629129686040867,1.208985483021961,1.6252293927321992,0.7660271779253376,0.0,1.1232595777837202,0.4604030120381755,0.0,0.0,0.8351592523746686,0.0,0.0,0.8025048665679946,0.0,0.39369732214796715,0.6325989297923296,0.0,0.0,0.8449889578628131,0.5247971531966212,0.4818989629950632,0.5015049297724691,0.8532486626571805,0.0,0.9747817341722336,0.0,1.1434985578542585,0.5232369440569794,1.2824450134411454,0.0,0.0,1.2119299501199923,0.0,0.6893582541743187,0.0,0.6037413815857505,1.1856719051557065,0.36475802665295,0.7133944536526868,0.0,0.922537503426055,0.9922512388169319,0.0,0.8232933967294203,1.013020294164953,1.81720008737227,0.7807580959699724,0.0,0.0,0.9965442822578106,1.0305556768143964,0.26191693045817815,0.8735707030962636,0.8932046932654453,0.05207724050455623,1.0803893504413882,0.7610232092914541,0.98673040348132,0.7115857225183639,1.044378662533292,1.2513934072164052,0.0,1.2000014659077198,1.305637890247767,1.0250811855305304,0.0,1.466644421543579,0.9683401316453235,2.6060470818390136,0.0,0.0,0.7576123769650834,0.0,0.0,1.4115833175613393,1.1631192891558224,0.0,0.0,0.0,0.8163652750244471,1.136917480770858,1.1513459369782044,1.10697801540777,0.9037568941273635,0.0,0.2573832547800656,0.5909881056136788,0.0,0.9534488903174894,1.1425272696094853,1.1791298435068809,0.0,0.0,0.8563348361276237,0.0,0.0,1.3708770691384957,1.1637884839242028,1.3812265005975208,0.8032356905232263,0.0,1.1117942932601772,0.9559939260292498,0.0,0.0,0.0,0.0,1.1885580602430865,0.9112928663038682,1.2024052237912488,1.0563779385829573,1.3100807865760817,0.8444158992137225,0.4684721920224415,1.3013453697424628,0.5061458216388224,0.0,0.48104945455690373,1.07701076629509,0.2719800054554511,0.881084097812828,0.878557842328445,1.112422255458258,0.5113395792359653,1.442527691977546,0.0,0.0,0.0,1.378905226500382,0.9422728272215845,0.6443827672869682,0.9914013669099747,2.0084662876724897,0.8496725440309304,1.1394338357521776,1.8513599417185684,1.061065894147623,0.0,0.8543051329475793,0.7432296813459951,0.0,0.0,0.7525110120566831,0.0,0.0,0.6049104938276257,0.3925507429914884,0.43840865898158776,0.9966991355739125,0.0,0.5444860337003374,0.9473264599396031,0.0,0.0,0.0,0.5695127048841575,0.0,1.190271756347009,0.5069587347382921,0.7221925367732163,0.9630392284736549,0.0,0.510462500987179,1.320112432273106,1.206521949594897,0.9826480994852704,0.773325249800976,0.9708764105059814,0.5534949712370819,1.495263559084148,1.8080493124462482,1.099284726141936,2.0045453312071273,1.154618399863228,0.0,0.0,0.8880195536042896,0.5611885211287132,0.0,1.2193040900281882,0.9356560018937713,0.6139603244583368,1.0891034668518031,1.1530781314840612,0.9746934291410565,0.73354384215707,0.5876860199932444,0.6725468270681187,0.10392625637539325,0.27403829700947696,0.0,0.0,2.4098432042675224,0.0,0.7851535801801992,2.0584792401996386,0.8604857931882979,1.173714547554712,1.7928939402466049,0.7326384929695906,2.244376034094066,0.8615206749322597,0.7654640688356151,0.8242000747809496,1.946310183247677,1.2999164911655574,0.7301066560401126,1.8598046538757116,0.8691021540553461,1.1711134902844464,0.8047701229536706,1.9060007127767844,0.9817917444130123,0.0,0.5992640379422831,1.1439770958338111,0.0,0.7210085512871689,2.0998479074373697,0.0,0.0,0.0,1.2970080166862565,1.486769487779561,0.680554967982363,0.2581248780901183,0.0,1.0394617452069261,0.8950034903298655,0.8803720528817449,0.3659274348970288,0.6117314773044178,0.13122453985240384,1.2086458438857661,2.1342711836378427,0.6013334782053862,0.760893139587714,0.46291956581486005,1.0393156279388316,0.0,0.9190092264949117,0.6186072549177127,1.0394669583176592,1.2127525366238865,1.220745805200576,0.41597351217831713,1.397439876326019,0.9447812700444111,1.5258225929669786,0.0,1.9960114576658374,1.2025738967725714,0.0,0.0,0.6914632399712377,0.485197267267871,0.7426496090362049,0.7021104721381872,0.5302377421702779,0.14922924693524467,0.7420476450316563,0.6336558833383402,0.6944441069992625,0.7449972867785577,0.5930474847708309,1.2442468261433663,0.9009613181568913,0.0,2.320547642288684,0.8220759334043121,0.897536246882243,0.7219636360196704,0.0,0.600979438859044,0.0,0.876049762163557,0.0,1.1463935762688129,0.0,0.0,0.632114115739592,1.8847480069066616,0.9220361848705363,0.08554374458796839,0.0,0.7815615716860319,1.013886038954204,0.9962770571811275,4.360054765912313,1.1354785907189222,0.8594686296889447,0.39342818781829625,0.6225269094083714,0.0,1.0134577638953053,0.9444059712236086,0.867086131092309,0.8931674980040518,0.721751070286893,0.5606568980960653,0.7690460772994444,1.5607143228131606,1.3907057777884388,1.2570033049073945,0.9244691259611525,1.2491548721756471,1.0821636352031365,0.996506089448818,0.0,0.0,0.889985904989443,1.2154977580483433,1.266977252579819,0.822989164936054,0.8697754012986562,0.6915837599283915,0.0,0.2838486919129079,0.0,0.5015092865873619,1.1498329173679118,0.0,0.9596519205200558,1.3452346447491106,0.7471750923242827,1.02818887157152,0.8168741887066827,1.1759615101571774,1.6226240365253644,0.9194990757457948,0.7815661391211908,1.1954978157256595,0.0,0.0,0.9978034012098487,0.9580219964603833,0.2543129347382248,1.1313465668127909,0.9463324838070721,0.759858936757328,0.4368286838575482,0.7590188852586477,1.4500401193739068,1.448035061122246,1.0500579381861672,0.0,0.0,1.2451621571379587,2.276249161754272,0.8840916157778939,0.0,0.950461231091122,0.885637734610546,0.9714148935360754,1.6896843170736957,0.0,0.3892204871025967,0.7879483558178344,1.1546938685659776,0.8454067333778701,1.0860345498246256,1.5136089983934118,0.8347984362707324,1.8850426097061495,0.8489132863544248,1.0628836287608687,0.0,0.6664871473413301,1.096986811573629,0.0,1.507766342978486,1.043221402611001,0.0,0.0,0.3813658241087055,0.6734571044627408,0.6307767840557681,0.0,1.0375803674266715,0.7923198973137937,0.847688367092297,0.4423962369801554,1.524129450452776,1.0379123953987903,0.0,0.0,1.1561218468954046,0.8581904889960985,0.6674580430722692,1.2447851718055511,0.0,0.0,1.3808892038021532,0.5739470948129224,1.5117190470581654,0.8532538571786877,0.0,1.4153130606970143,0.8494816235522187,1.0087477185943854,0.0,0.0,1.0803673847261386,1.8054240412598217,1.1656893283010676,0.9216333518420291,1.0477830735505664,1.0760130159881236,0.733719634110734,1.0444992003093168,0.0,0.16911763532004975,0.2343379925917313,1.1558571517483212,0.938475967952165,1.183369004058733,0.6897618855578871,0.6964634771364617,0.0,1.0401659479387018,0.9777679083925153,0.0,0.0,0.8302241725569953,1.1082228430862262,0.2617957287192557,1.1802871862689628,0.8454860368913613,0.9993199884157711,2.005804222660757,0.9524328610996946,1.1930005373855803,0.36858092165650147,0.0,0.28892116515310085,1.0706817333731276,1.0163584299075794,0.9402784860929567,0.0,1.1598313468602675,1.7987776887218483,0.0,0.0,1.0071667605818162,0.8790664630259866,1.0136893898255777,0.0,1.0582174312424037,1.006161593509368,0.9430323483352191,0.33033067669636107,0.7722038041863143,0.3544157336600743,0.9393035562694204,2.0318850728165723,0.3399206860539913,0.0,1.0154621925868046,1.0491685699854574,0.0,0.7378600207952307,0.9105764749080878,0.8808166247288899,0.0,0.5144251979686848,1.007303062010239,1.228087338403799,1.004711183174688,0.9147655140817175,0.0,0.0,0.0,0.6480238389535767,1.0947499581907154,0.0,0.8103447988636442,1.3264105642460424,1.093090413539126,1.1292317629612891,0.621131620438348,0.7452703997161394,0.9246202467857725,1.2110909444328024,1.115406710767405,0.9345654419164265,0.8017044937524269,0.0,0.7376660207015724,0.0,1.0476147860345988,0.5289634902602032,0.8713803844431698,0.9976874953002137,0.7472719250054725,0.0,0.7708265639476894,0.9833993062727582,0.4227228014692027,0.13116819606588032,1.021650714013639,1.2268995940878673,1.4634160795019873,1.529410980710416,0.0,0.0,1.1164899085826063,1.4666296061971686,1.1966128532087228,1.1257855654747355,0.0,1.3352392631458683,0.9034586061051783,0.0,0.0,1.156179938833565,0.6840338122430625,0.46603692155317666,0.2318276773078541,0.47387698463589706,2.3884253131899746,1.25130917912943,0.20090920574645602,0.8693084906043207,0.9420274456964673,1.1990359616715072,0.611731281504666,1.3331980844280358,0.23498218741012206,0.9291913938239216,0.8334585840963007,0.8939805755601754,0.0,1.1653001273594858,0.8879443996110647,1.151883727508777,0.0,1.1429742233511737,0.8731663672744869,0.914971363286506,0.1507272709009274,0.0,1.2093881115418823,0.0,0.621052901446909,0.6885334735879326,0.9565834071998194,0.0,0.0,0.0,0.0,0.7799171380711081,0.4510769757804775,0.0,1.0086099426249049,0.0,1.3380748413430656,1.0176010557656598,0.29447123736588865,0.0,0.7621174220955408,0.755048086231875,0.5638548672985761,0.800385002399223,0.8801382634931008,0.8046326383762156,1.0293973968706924,0.744696292968587,1.2490236423269347,1.131804051289808,0.0,1.0573608249759547,1.2912582242187052,0.7663134956726647,0.0,0.9502498233755756,0.0,1.0918036026422193,0.9856427804722309,0.0,1.5434286343835741,1.2184116745186822,0.0,1.2643434080611577,0.9874839564069873,1.5487489897433155,0.31109945902811237,0.05295195050009304,1.2150057484985655,0.0952851088195362,1.1250963738812594,1.5940845506257881,1.077096351472572,0.9477034466408508,1.1144151938002664,0.5773084663230355,0.7037896418040459,1.519388157332621,1.0926236753996126,0.0,2.2988906173758688,0.8693098769666208,1.4707897689532825,0.9898204601954407,1.7490111956766266,1.0557372465562544,0.0,0.0,0.0,0.09856193478590405,1.1618461924413996,0.0,0.7729543071201921,1.7005864842961258,1.1409018509927467,0.0,1.432322803168282,0.0,0.9217592499869244,1.6448061889419128,1.3725907974219516,0.8000717792554332,1.1885174904864801,0.2228236039265576,0.9684479966034221,0.8943385833648202,1.443509297888085,1.0649035231337973,1.1985219791727288,0.7505340858924593,0.5103699310363673,0.9031626992823282,0.9687333601201747,0.0,0.0,0.9338545579513577,1.1223100225339813,0.11494143165350879,0.2944627645728005,1.6354603357497297,0.7690898104609976,1.659032165989581,1.1313153576253372,0.13097050491987988,0.539024656037966,0.0,1.1137438615379192,1.0620608645288958,0.0,0.0,0.7976387841542127,1.396363522403348,0.776703657817136,0.6164734015572242,1.0398879155407426,0.6917719058912781,1.363046161779699,0.9801701867456307,0.6432413424135766,0.6765989350567585,0.9883884923050575,0.0,1.2971496826296307,0.9331133921928646,0.0,1.1649230411260227,1.1521794151524922,1.3510470027532069,0.8431141212278178,1.4004578946438704,1.1931672995677278,0.426239889608382,0.0,1.049262874009754,0.0,0.9276130990572699,0.5692260763656074,0.5796157682841498,1.2515644769041656,1.4649430729518844,0.9017487283294243,0.7020957383838011,0.0,1.3328868275754782,1.3196225283671301,0.7415891040555143,0.0,0.6419643200492275,0.9127635576214959,1.2491059510287665,1.0200532563214775,0.606865839786088,0.8765448901910584,0.9981368498941677,0.710718644287485,1.7220980988143118,1.1983260893337655,0.3507602174851213,1.3995654079501754,1.232367476398724,1.9603774997464685,0.0,0.0,1.6822916854214125,0.9204342433189935,1.0551489207163427,1.299042202183088,0.0
85,0.9444252745053794,1.1634692393423358,0.9387902567334968,0.0,0.6110917189454895,0.6318606346717126,0.0,0.9700991127168128,0.0,0.9645813236623637,1.0016159418096082,0.0,0.0,1.0969646909070605,0.7081814630565371,1.6771706156859574,0.0,0.6371045579449759,0.7481257179059448,1.0959317096632604,0.5807352598810119,0.0,0.8527396476347247,1.0850756297774686,0.8077973201174674,0.9107408931582919,0.6892728069435485,0.5144020996675782,0.0,0.9530280448526725,0.43133824213680916,0.8822679033838424,1.7457858657114955,0.5493107367141843,1.1582337134314167,1.0926831735899345,0.840764124152495,0.0,0.4521635255833716,0.40635844751283223,0.9052300299321503,0.8469533731402135,0.0,1.1657687986716463,0.7926348926191729,2.201324370003549,0.8568873331332836,1.005574624762061,0.2777139191915827,2.256903872504095,0.6469457897071645,1.0784121031638014,1.1725941478392863,0.0,1.172171448681152,0.838941026233754,0.26283280712750473,0.9354697937867282,0.9766072983342591,0.0,1.5178566109749823,0.892528669491164,0.0,0.529786396777033,1.4471131192211364,1.012948615322669,0.0,0.5115723617504369,1.0112922713970394,0.04007073240887508,0.5408195943793661,1.090344100074817,0.0,0.64461368080059,0.10312497937500412,1.5960407797916205,1.6352630390402925,1.6339468554246885,2.152503342642991,0.5821454533623716,1.1061632343556465,1.371147516732931,0.5570992533874422,1.2641625122366937,0.28497548543466883,0.0,0.737848179184173,0.0,1.8262370968017043,1.1675892193665307,2.70240358865086,2.1866498711870848,0.9225061802080143,0.8595515448955369,1.5849257571927637,0.7381265033842193,0.8001473037485483,0.7669624178434737,1.3985028077876334,0.0,1.001396035952032,0.3826379833232964,2.0503057478145323,0.6102866711990158,1.9261850071546147,1.0043760272646605,0.0,0.3806095672912381,0.8516495138567958,1.1401889284172861,0.7624370369676936,0.0,1.054745343665784,1.2936654254349382,0.8674109445028735,0.6239448819446647,0.5253225885847537,1.1167572815093303,0.8143577710947869,6.380507439058333,1.1342948311893883,1.4058287113044596,1.0296180566680893,0.0,0.0,0.0,0.9644279657257613,1.635469963950417,0.7078366608287949,1.1858512461751272,0.0,0.8275239826965858,1.168233452365887,1.7092800680786646,0.71579836342285,1.6761278713003036,1.1538138283353372,0.8117941061975346,1.2807700119632006,0.8417501846255696,0.0,1.0033086353768716,1.268028335645979,1.6405915589709616,1.8351247631053114,1.155064327075283,0.9041093022746501,1.012749874329314,0.8148702337409616,0.45427910992199366,2.106996834258835,0.6435236247555114,0.6158246007065926,1.0048647053289432,0.0,1.4192927435970377,0.0,0.9116844451087781,0.0,0.0,1.166691180073332,0.0,0.7323305524913721,0.6896469621502291,1.3835661632326475,0.0,0.0,1.0016465056835346,0.6538750938519015,1.1068812601415188,0.8854971643830749,1.1185620889890502,0.7048344091026126,0.0,0.8604111066508813,1.4386706125684445,0.0,0.46380598137984225,0.0,0.0,0.0,0.7266949753062973,1.3324192933474264,0.0,0.9570072137267689,1.604644716693619,0.5105673802663022,1.0091833520826081,0.45906412006714264,1.2233953171306806,1.0062607537827706,1.2647604750210735,1.4320242038742639,0.930006306555226,0.37918394367279784,0.4277595008512094,2.168544833257884,1.0357047186208725,1.5537632624458315,0.6428928985366418,0.0,0.0,0.0,0.22767171318096716,0.5210595195532153,0.10487043426510334,0.9832351378885258,0.9363914949327182,0.0,0.48287263236936034,1.4093805300953732,1.1112395112737334,1.0784390133201551,0.8913595942323107,0.0,0.8603729021524021,0.38862993882817887,1.6459164860764601,0.9344511149716374,0.8769994609397203,0.0,1.394355178098401,0.0,0.7897046959361891,1.515746223516292,0.0,0.7891285933654598,1.041597723276546,0.0,0.47624175366648247,0.34455134877423943,0.7598408244138415,3.1417402055103794,0.0,0.5007424864396146,0.8704784716063806,0.0,0.962430352703975,0.0,0.3314246911184091,1.508449011124303,0.7787204301702559,1.054117678744083,0.8369248891595373,0.0,1.2248322584574214,0.756739593727455,0.9692211326981417,0.7422429929603083,1.634325542980884,0.8446464505253165,0.9110717746083057,0.0,0.8645922824575006,0.8832947037301307,1.1136980580208244,1.2060385050144387,1.1607492916976856,0.0,1.116136902865862,0.9052327334805502,0.5922720322619146,0.0,1.1808167966973595,0.0,0.7954742560650753,0.8073601071664571,2.044519866982826,1.3149345324726665,0.9315898560338336,1.6801834532188114,1.3781198476280712,1.6788643224618915,0.8864673311404268,1.117020069128335,0.0,0.0,1.6339584984691244,1.5396931293427984,0.5903196133104631,0.675960009937614,0.8495762494847847,1.0203935999743912,0.7416324237725622,0.0,0.0,0.0,0.9481492080010872,1.1280711964007994,0.0,0.88628020818617,1.0383599855958565,0.25790887096545584,1.283111494450106,1.44574611115254,1.6008229973736918,0.7944478109488813,0.0,1.3434841026683273,0.447167596258594,0.0,0.0,0.876862276090626,0.0,0.10224817138386182,1.0444304771311776,0.0,0.4164031540077211,0.6483353163926954,0.0,0.0,1.1799296622184294,0.0,0.7013901144248527,0.4453890665402038,0.8980364696602736,0.0,0.714455547390356,0.0,1.1301387075098068,0.5158816980868379,1.06198306773033,0.0,0.0,1.020290229766344,0.0,0.5048092361556826,0.0,0.46200315019327864,1.1593851918765985,0.5686778634515305,0.9165746532890382,0.0,0.8314097375915962,1.1083453009192352,0.0,0.854276012012288,1.177621398046714,1.8779023118133675,0.9438970548821606,0.0,0.0,1.1905535136294962,1.3618057059318223,0.38078691422220906,0.4133861383758402,0.9320129553813312,0.0,0.733594783729796,0.7874917093147937,1.0846697604569797,0.8794219776302497,1.1393221773090458,1.2428343914791977,0.0,1.096265762101225,1.5456297489075825,1.0596710175086996,0.0,1.3757791876917747,0.8588164627785606,2.0697438496240412,0.0,0.0,0.4986792143516849,0.0,0.0,1.5425258760490266,1.4430686525247496,0.0,0.0,0.0,0.8140873489355414,1.207272491186425,1.7366091748153938,1.0466845737673451,0.8979552038814653,0.0,0.0643458136950164,0.7095519807788232,0.0,0.9079432776451026,1.3098735620390662,1.5278502127603253,0.0,0.0,0.8189619536531113,0.0,0.0,1.297522455264382,1.0868066368388827,1.3497699877461604,0.786178600127327,0.0,0.9771561500984701,1.1156867974842462,0.0,0.0,0.0,0.0,1.1702796263466404,0.9696594529284392,1.1988821033329329,1.1942345155154666,1.386932419384951,0.8465081691559493,1.1581673072208756,1.1780115148061903,0.4431622091209656,0.0,0.5785189492827345,1.065972071497194,0.248079206634899,1.2904330140877949,1.094189891078788,1.318093531657307,0.34089305282397686,1.5969711612783704,0.0,0.0,0.0,1.350198882822402,0.898179869214663,0.6830899377941939,0.9426256779707402,1.7776148630261497,1.1015148816213085,1.1916732466305564,1.8238479062478206,1.2168555383980049,0.0,0.996125871670526,0.715358565566474,0.0,0.0,1.29599103065789,0.0,0.0,0.7092986496051483,0.31590071601436165,0.5726818083713244,1.042974508615716,0.0,0.4839062387572423,0.8015983821232062,0.0,0.0,0.0,0.6691177781654791,0.0,0.6210113455124683,0.5152420675668329,0.7658320762462956,0.848513664175907,0.0,0.5695114362199368,1.2395377332863584,1.1292723753987504,1.0732912748155792,0.6880358440758321,0.8782871977970563,0.33082855645719855,1.8751635628231045,2.882439489476079,1.0850249117270803,2.0553572488586074,1.2700802398495508,0.0,0.0,0.7851962279827673,1.2003198848364158,0.0,1.246306822867238,0.9581988611576016,0.905307240400022,1.2129284894323866,0.939736218800195,1.0986607511250843,0.7548158686944013,0.6832937619579496,0.6023409505215624,0.0,1.6442295080188392,0.0,0.0,3.067073169067755,0.0,0.7361131258620329,2.0103000571317433,0.8745902918126802,1.0433576171390642,1.5439981549807198,0.9219988289082717,2.077611597527749,0.9699439452475682,0.7057969763912394,0.8455421040734862,1.8880345191240744,1.2989556116477767,0.8128567035746158,2.1564731677048705,0.8385981048036276,1.1359108824102189,0.6692825272174342,1.381481168453568,0.9314634561343635,0.0,0.7451398589643455,1.1771865657586247,0.0,0.7197873882816903,1.4472620030857315,0.0,0.0,0.0,1.245259113771327,1.3739512468908932,0.79559768873557,1.0324995123604732,0.0,1.028945893530909,1.0082036282709002,0.9128248776602029,0.2524027824821892,0.7875486783371319,0.6561226992620193,1.527390940059705,2.1464552258155467,0.834503605913792,1.337254168646754,0.5890179191719429,1.0128918483740472,0.0,0.9167845717326755,0.5205296632379046,1.1523700052911203,1.1147115800295309,1.251309445188804,0.3499982530511243,1.5221606789528035,0.8859846226036495,1.5998065651201487,0.0,2.197556249283732,1.0877479146483626,0.0,0.24820672976321226,1.0371948599568566,0.2587718747979818,0.7924656323176098,0.7732406228577471,0.4122286643217604,0.13430632157847913,0.6080569074201703,0.7409108100100882,0.17361102674981563,0.6362872978454603,0.5147423085868841,0.9464020541101983,0.9235747569232835,0.0,0.5355109875087884,0.7746398061273365,1.0336175438360975,0.6505216875019149,0.0,0.5447240419904612,0.0,0.893124285077267,0.0,1.0232121616860275,0.0,0.0,0.5443204753844968,1.7333332130412953,0.9548280586770919,0.0,0.0,0.9020787484044996,1.0107090322951198,1.0183901088149574,4.360054853113379,1.2823653879604375,0.9269710673437864,0.520912196912499,0.6643774533681184,0.0,1.0194657434955707,1.229369452567008,0.9944735658098675,0.8257010585852632,0.8988274295789697,0.41155320300087955,0.6722170249924713,1.2909967628384023,1.0275296648874372,0.9666793075578393,0.892326703399553,1.6110595525864717,1.1176957087934984,0.9934684926335509,0.0,0.0,0.7785374953441913,1.7904448754376623,1.3163216295608136,0.6971551735696399,0.5088237438445119,0.5205466683669193,0.0,0.6005810615529636,0.0,0.5770791792750463,0.7514453242333154,0.0,0.8365899919270632,1.4253313923341646,0.6370473715736904,0.9417297908756731,0.7372759506865272,1.0548278522453738,1.7894733267420984,0.9411779803858857,0.6971985341292551,0.9180766061648926,0.0,0.0,1.3693019756165703,0.8958356655834374,0.42162407618948966,1.036412566704396,1.0843175389779567,0.6895819109681585,0.21458251170474563,0.3528412075743823,1.220663670342748,2.384999019400849,1.3832214864840693,0.0,1.5849042779039497,0.9515493939910447,2.237082135629861,0.8217660550491492,0.0,0.9608409882629917,0.9466018173323849,1.0561989374420528,1.593374205159829,0.0,0.25948032473506444,0.6410361005807372,1.867559798914694,0.7621130717585853,1.076677946717198,1.5504640429266285,0.8080704645026349,1.5243170132420154,0.7913913190590522,1.0500254690877533,0.0,0.7448973999697219,1.0720169364878553,0.0,1.2216758788172979,1.0306471959016488,0.0,0.0,0.5664302621159459,0.7683662468038024,0.5371382173964577,0.0,1.099947084964943,0.8036735797541792,0.8518210550317966,0.36866353081679615,1.407862740106494,0.9485213454303522,0.0,0.0,1.1234002169628394,0.9199263536667683,0.7911799829137854,1.0372245094081416,0.0,0.0,1.5161822835964942,0.5501778825952359,1.618262781758792,0.8976907124678268,0.0,1.3550068825128712,1.1001344148922012,0.8829712259805269,0.0,0.0,1.1975216136459577,1.4838021689695697,1.4228375463874394,0.781148273845027,0.9222156262292447,0.9418430135062753,1.2199630914681792,0.9595647325236966,0.0,0.057856033077247765,0.35150698888759696,0.9515866902088775,0.9428230305016416,1.1073367545269224,1.0346428283368307,0.7228235223491062,0.0,1.3497278396997374,1.0109030593833532,0.0,0.0,0.5933974049759076,1.0901903863271132,0.43261186978866706,1.1624870080638146,0.6244937979250941,1.2517911160613684,1.8467291432961308,1.0691978570400904,1.0404872729130523,0.38991270978520826,0.0,0.057784233030620163,1.0111994148523982,1.1275235814401965,0.9765291277057915,0.0,1.142376938676854,2.3450066231671802,0.0,0.0,0.9635356638709479,0.9894074087460437,1.018691929021103,0.0,0.9302394137694469,0.9848160172830465,0.9661219278921568,0.23000613588457078,0.7164944813819607,0.4814704205388354,0.8892173762874545,2.0569226964740706,0.29229771938804316,0.0,0.9439031482237862,1.0101411989974254,0.0,1.003264768411189,0.7865786399019278,0.6730768540401298,0.0,0.6093191655959593,0.8541903169722348,1.3225960725470247,1.0821064478321136,1.098000989583996,0.16497741604126007,0.0,0.0,0.3819929989425754,1.1416005928833948,0.0,0.4358743743119806,1.2280256497166357,1.0696777444958374,1.0818477588029152,0.653511077549904,0.8111719794508024,0.9807296794019593,1.329448789923922,1.1591320549749888,0.8394722813750981,0.9265624212971095,0.0,0.7857660916203373,0.0,0.9118420888299539,0.6800959160488326,0.9996371659810885,0.9165800457982478,0.8917585466019105,0.0,0.7484877945065082,1.0736643366406131,0.5089758472442446,0.3215736423774387,0.8220889462972156,1.3724094198047903,1.9512685779857968,1.5475173540981149,0.0,0.0,1.0346515546077268,1.5551068718527299,1.6162076039284856,0.9337201885918249,0.0,1.1261532896392465,0.7427154303648248,0.0,0.0,1.25314346237225,0.9299418820653635,0.49436648561032687,0.2906561286112952,0.6035655007515801,3.1195758959537914,0.954810900018303,0.5236813719505665,0.846680037637828,0.8817010293043265,0.6255839743360052,0.5740520757276385,1.1480316560380777,0.17623663615167612,1.0116354262344909,1.2196427477264131,1.152914271686767,0.0,1.1743576281833679,1.0421038406250063,1.1831248123925846,0.0,1.1718217672202698,0.7807533388458789,0.9406868029802248,0.2756434098374384,0.0,1.1325917901995748,0.0,0.8799006669396938,0.6858651146237371,0.7218596822068598,0.0,0.0,0.0,0.0,0.9789599807579209,0.4935527126707981,0.0,0.8590903550507057,0.0,1.2841640264889618,0.6695225039378848,0.4698953273700761,0.0,0.6802076019078168,0.50336539082125,0.5347354794262342,1.1494675176736795,1.058140090878945,0.8549951308595415,1.0394802541550276,0.5447438479496289,1.1839677190440874,0.9605126925455014,0.0,1.1299257745044895,1.2600835186857124,0.7375879559175991,0.0,0.9686304762350679,0.0,0.8949545577946111,0.910705391186651,0.0,0.8930217425667686,1.3420501684098223,0.0,1.3971985617755296,1.0891859835963282,1.7056064793318266,0.17653949347989675,0.0,1.075886674846167,0.36381586728204857,1.1010989441443362,1.7357662432950391,1.3170968766072064,0.990484131953637,1.0654243550686773,0.7302853684856793,0.6540155615815033,1.7540089491520074,0.9185559915181438,0.0,1.6197501130354972,0.8452920123340238,1.4179659210827993,1.0496074372248285,0.9034301389136267,0.9359069054477468,0.0,0.0,0.0,0.0,0.6763799417883056,0.0,0.7780184580087262,1.6655068536154436,0.7798872498937364,0.0,1.6685737412165254,0.0,0.8229279398182897,1.5588457107812603,0.3013004177214838,1.077767437064042,1.4949905234072893,0.14854906928437173,1.026891345316146,0.8304580598731631,1.3093817160063488,0.5324517615668987,1.1529616600670585,0.6831767001392421,0.3402466206909115,0.8448905790516383,0.9714966902900866,0.0,0.0,1.0633223059768497,1.248640523971206,0.028735357913377196,0.12887800570510155,0.9929580651629993,0.9036744585645239,1.6182903751762732,0.9696901694252769,0.5238820196795195,0.6160281599949364,0.0,1.0947991966890003,0.9772595853425589,0.0,0.0,0.8368434660321611,1.7589354051514743,0.9082607849816671,0.7901202988557491,1.052198112743367,0.7956314411177701,1.4318207929998041,0.959364514070253,0.9281938715880342,0.6360140577418221,0.9731836997767775,0.0,1.3875861804324634,0.9109583890438826,0.0,1.0242864903329358,1.18121684981854,1.2434313179089818,0.8654852625151475,1.3290314848996476,1.2604732747841207,0.40362367188203047,0.0,0.7959434888573583,0.0,1.0834132212929597,0.6069655412566064,0.5415584879704674,1.3207976470849006,1.3893007586852884,0.9658918636342736,0.6856579593661677,0.0,1.1577488157079712,1.1445387552786295,0.8057483856346399,0.0,0.5953746542928413,0.932168615000452,1.4698275241585645,1.058619078910235,0.5362508072980383,1.0817287752407971,0.7682975502690619,0.7065733966626024,1.0597526761934226,0.9346758380454405,0.34434023958929877,1.7556461584896996,0.9888999993385201,2.3347579753889387,0.0,0.0,2.248447542834098,1.1667333452582032,1.0928185532962915,1.3393988017788487,0.0
86,0.9360675489789768,1.2488766917843108,1.1789759840489311,0.0,0.48329492076381486,0.12637212693434252,0.0,0.6913466058947733,0.0,1.0850043348213827,1.0807317286979998,0.0,0.0,0.9713875264007346,0.17704536576413427,1.6207173615236499,0.0,0.6920043221273682,0.5215301989316037,1.1838568710723096,0.5807352598810119,0.0,1.1251032689317575,0.9341427184664135,0.9221512965329222,1.1143735105159829,0.6575888205654403,0.5144020996675782,0.0,1.0090510745874246,0.27968188291953705,0.7227042088459723,1.7277393027785073,0.5550862288585385,1.0511516330442205,0.9983465214510896,1.0812936892714538,0.0,0.427043326228713,0.563228532431264,0.8647859249684974,0.9500211553496385,0.0,1.2312730460102288,0.9149067664148295,1.46272211727996,0.7634403237616915,0.972216309669683,0.33735420891195833,1.8677859152070988,0.606006860203099,1.0076698745204058,2.6802153266788893,0.0,0.9116889045297849,0.6763217966691368,0.20927468163578727,1.0205124791193347,0.9466611829704867,0.0,1.7857137229957387,0.7589799564033257,0.0,0.5678044588563029,1.3929740542947082,1.0439015233642142,0.0,0.38942801236303104,0.904087935410371,0.07441707488251013,0.49441214090190033,1.046902263489109,0.0,0.88402045733656,0.41249991750001647,1.3406368241832918,1.7570379968241676,1.5094218420113366,1.9460052124882572,0.6386675659845131,1.3316378994391773,1.167995958405017,0.7946482552100699,1.2088131081618019,0.24962968683937053,0.0,0.7198261922016117,0.0,1.9040365137341095,1.0157764924532764,1.7158118424897784,1.0495919795703625,1.0470889715341174,0.7590986158191522,1.5037759554213326,0.774874969408111,0.4707122411614365,0.758605217382736,1.5240701428292567,0.0,0.9263193573389623,0.17774150986493073,2.2127493891232803,0.7412076280209389,1.6051541967061551,1.0834261771687665,0.0,0.3159297013798873,0.9029429316315685,1.2761519443218239,0.6646975850864925,0.0,0.48680555571255146,1.3315837932142305,0.7753747676156566,0.5921192548110983,0.9924204050930197,0.9960594822061387,0.8708690372936103,4.0516655368224335,1.1635138868335984,1.4282494028434944,0.8667684802928725,0.0,0.0,0.0,1.114026142827926,1.2009647081420838,0.6698816276127834,1.2067815551830368,0.0,0.6952431947548627,1.0816938133824314,2.991240375529571,0.7679985467690214,1.661289753130784,1.4409773314540444,0.6537210826091023,1.243787191517291,0.8034961835860944,0.0,1.049404640769239,1.1525895382880962,1.4027361166180679,1.640057388965054,0.8756037382366455,0.8931730317279059,1.1769003793950636,0.9140208860718471,0.709503490397888,1.8095005316004014,0.32510950448905007,0.6398161353843945,1.0708493174255318,0.0,1.326843334501918,0.0,0.9399205519753777,0.0,0.0,1.2206482908762903,0.0,0.7400019861261069,0.6321763723926148,1.5107707124556424,0.0,0.0,1.3252616203639391,0.5780205422656246,1.1487623390942623,0.9916402487400229,1.0641059982499226,0.7172046285179221,0.0,0.9327782372250905,1.3966297531486886,0.0,0.6283276178680557,0.0,0.0,0.0,0.797086495206011,1.1152742567624419,0.0,1.207939101732896,1.3408175922888217,0.23207608193922827,1.0719646103822145,0.6272078207271956,1.1082688836102292,1.129553189614827,0.987439052127553,1.5319727436727817,1.0216653404124842,0.8281028263165013,0.2959498847443106,2.3963331723209675,0.7389403850189312,1.6370905554282382,0.7968317616256619,0.0,0.0,0.0,0.2220082334947168,0.5417623568096291,0.3462388841335855,0.9780103732643863,0.579066113660758,0.0,0.3219150882462402,1.4522541821987471,0.9698457883659103,1.0374741242445586,0.917691294833948,0.0,0.8652738165914062,0.24884604655874887,1.4800920565310576,0.978130773425265,0.9702669839408447,0.0,1.1083515460366036,0.0,0.659111507720579,1.6151394236607222,0.0,0.8600636234298126,0.5458976087431646,0.0,0.2829859118775534,0.2239003709672082,0.38644259981933904,2.792657952696289,0.0,0.4847233998366396,1.0261464792281498,0.0,0.810197214253659,0.0,0.20481519552162739,1.6457012076392061,0.7990498795834863,1.043291428521171,0.6981053013300589,0.0,0.7968155393268709,0.962743065507793,0.7086703042774587,0.7799699711068081,1.7003428395392401,0.81129455564632,1.0393259478763441,0.0,0.8399380244029785,0.7827533346045806,1.1286506428749776,1.1104340618703001,0.9823134006142596,0.0,1.008627959572914,0.9346643843393911,0.711516766498537,0.0,1.0258530382652407,0.0,0.8353977339637675,0.6056316855402477,1.7889548836099727,1.2377159237222441,0.7791653576603125,1.6202495359998366,1.8415658091091658,1.3286581689520782,1.0360280791698722,1.0887069449677935,0.0,0.0,2.176396712744925,1.3356587599860172,0.6546422020829356,0.6512019989935056,1.0360929686784408,0.900280537629124,0.3635151642624301,0.5152278754657891,0.0,0.0,0.806373927615075,0.9392472491931718,0.0,0.6246374817685982,0.8652654547388516,0.0,1.3380111172938678,1.904539794675635,1.3171014216494978,0.9400052446558945,0.0,1.2534532201081716,0.47595959869871546,0.0,0.0,0.9492720285007266,0.0,0.40899268553544726,1.5104106899692158,0.0,0.4811441430487352,0.7869378012738215,0.0,0.0,1.0469837526541725,0.0,0.8675422018661039,0.5438721873706786,0.9430985584008691,0.0,0.361334192766284,0.0,1.0113690220631337,0.29409527557466897,1.1172303109479762,0.0,0.0,0.8560626755249692,0.0,0.44211535397439383,0.0,0.6263373355694031,1.0540080287363467,0.9836978174631203,1.116499818459653,0.0,0.520706194497601,1.3065699595128555,0.0,0.9206638073261205,1.4226256072946686,1.3485944537496521,1.1088472977524644,0.0,0.0,1.2822083647322815,1.1225695584558122,0.7897802640973588,0.07799738504070972,0.9117912331696254,0.22318816402574918,0.5721546647016202,0.9692839599052957,1.2198382972358146,1.1005113952900785,0.9019633903696613,1.256374377396269,0.0,1.0075781160153392,1.7445289466045368,1.099685543755934,0.0,1.1990744982745762,0.7727184437477309,1.7758855228672625,0.0,0.0,0.3610531097984824,0.0,0.0,1.522291580430489,1.7977222718422456,0.0,0.0,0.0,0.8522345916619887,1.3511193191562065,1.897267488634626,0.9478739661974913,0.9256449668508704,0.0,0.0,0.9044731730705959,0.0,0.8996946972859787,1.4024879031114428,1.7753593983512739,0.0,0.0,0.6679201302887937,0.0,0.0,1.2744459788604887,0.7357928009543443,1.0752404971499119,0.7845490633393104,0.0,0.7551734740501479,1.3579016065266314,0.0,0.0,0.0,0.0,1.0578423522759977,1.0691006463405184,1.1588830276439361,1.327913602428115,1.2374814350030365,0.7987926753118129,2.290308346849981,1.074403940816257,0.39814237025782817,0.0,0.4846483260513942,0.913820694980373,0.4941469568278474,1.6860775066209432,1.2386781278847607,1.7102660125332956,0.08522326320599422,1.4342649223039214,0.0,0.0,0.0,1.3623444162213316,0.7784598963932496,0.8294226640498185,1.0186736679997312,1.3817827676877146,1.3153679706484893,1.2440882558497839,1.6670413643875563,1.3042352287393912,0.0,1.1578986901704043,0.6271000400066324,0.0,0.0,2.3411451200061033,0.0,0.0,0.7787396158602696,0.5073654040584799,0.9318341777854009,1.0839880074213248,0.0,0.7034977749062385,0.8468308150160029,0.0,0.0,0.17255888591095403,0.816260666371035,0.0,0.12937736257028642,0.6904599238891038,0.9344396415319001,0.5793054139781635,0.0,0.5956593056887416,1.1909661603127732,1.043774692820553,1.3578253629885748,0.642894867786183,0.9278709076392568,0.2463939620284859,1.8896048490878639,3.900546417659099,1.0882577564917337,1.7677158370409054,1.327811159842712,0.0,0.0,0.5234641429005933,1.3717941540987608,0.0,1.2093566478727564,0.9986776131961611,1.4780526342843445,1.316108727752869,0.8846887961162297,1.2109244317964767,0.844396155174531,1.0227331214418387,0.6152924641963364,0.0,4.384611381961518,0.0,0.0,2.378546541512511,0.0,0.4966087883480803,1.8227791214696771,0.9812785960089192,1.0488795824805222,1.5047994257647348,1.2540541380771344,1.9026177050409008,1.0224465771460904,0.8533979094370833,0.8111399672474249,1.7837625584979706,1.2895721373210247,0.7777302859232234,1.8495747150001727,0.7291339971980318,1.3307927588159072,0.6791129769989461,1.1267510652212462,0.9050715742764718,0.0,0.8084198638253947,1.2412498767012707,0.0,0.7956905162806734,1.1902253809006518,0.0,0.0,0.0,0.942363790220015,1.4341335426276303,0.7706141030542917,1.54874926854071,0.0,1.076294223771227,1.0923226243435054,0.9815681661305589,0.3334454597081729,1.0177900977197574,1.3122453985240383,1.4913113777879863,1.7028737602857968,1.2762996412367007,1.65068015946881,0.7570652957290154,1.0762119816678761,0.0,0.9006773544293958,0.6053269653826838,1.144149614308331,1.0728613486697272,1.1974431178007503,0.38538633314427173,2.211904507246364,0.7728980793279324,1.4347824626231136,0.0,1.8367650114484106,1.0345150534351,0.0,0.992826919052849,0.6914632399712377,0.2587718747979818,0.7593182174694575,0.7962800011255389,0.4073437006538594,0.23876678533727363,0.4781626847996655,0.7676858890699247,0.0,0.42859880460904465,0.5211842037371026,0.7899848582419408,0.9103000955587929,0.0,0.0,0.8022258691379309,1.0928335434293357,1.0007185774064156,0.0,0.5858243920415623,0.0,0.9050333105181527,0.0,1.0383772530978066,0.0,0.0,1.109711383717983,1.5580764463027728,0.919522460511609,0.0,0.0,0.9665091227756225,1.0810389753721816,1.0334061589136136,3.1392397157323506,1.3808293734337829,0.9970140168611106,0.73257607024318,0.6696087661317688,0.0,1.051991744761501,1.409786191320245,1.0822998924222218,0.747839139723078,0.6564890416756268,0.25475354745679224,0.6737142579811862,1.2363706068161187,0.8649490437233263,0.692111691539067,0.8710659381183297,1.0615314720471043,1.0583324069608244,1.0271843144563746,0.0,0.0,0.7519232815026057,2.3768578403236083,1.5085720023031421,0.7291729869862623,0.24957879317034767,0.4769367259496637,0.0,0.8287494102201636,0.0,0.7213489734068088,0.4974466343889875,0.0,0.6135763567701996,1.2444299580045337,0.79694531180197,0.8710209484919076,0.8245028859543859,1.1552155937726514,1.8752352321147128,0.95142671459802,0.6800900766383635,0.7589243329671802,0.0,0.0,1.542903620806574,0.8355333511207464,0.4623871543183922,1.0070566638957974,1.2131312418249132,0.6254134417723958,0.11440750850278417,0.18872902067649566,0.8682553215779629,2.7257132867131175,1.2032032270143136,0.0,8.452822815487732,0.8404220861726606,2.059329176886806,0.7899358039862437,0.0,0.8843238667470439,0.9084833986555502,1.2769305976066507,1.3386847368774095,0.0,0.06487008118376611,0.6531181053666002,2.5117722262492137,0.8099465465684257,1.0318113252292125,1.4482622323064371,0.8504412424953465,1.0250639875947662,0.7383456539042144,0.9994919751940863,0.0,0.7785017943533707,0.9466619935537519,0.0,1.174698531978397,1.0798788346679078,0.0,0.0,0.741174379387169,1.0350969324900152,0.4292590327959833,0.0,1.3246305409089523,0.6799156849125062,0.7643670267027916,0.5161289431435145,1.059328298929552,0.9660600746882928,0.0,0.0,1.177566277639413,1.0636220077761585,0.9369319653424109,0.9404253269026626,0.0,0.0,1.542006975108886,0.4259441614454498,1.571243848333036,0.9526072658466571,0.0,1.1233248275547543,1.308297675280688,0.7211861488132563,0.0,0.0,1.191666994166309,1.33359671855297,1.6572414991978723,0.8185161581296241,0.9066982350643827,0.8118312338997584,1.2469180720652275,0.87826945691022,0.0,0.10470952962591377,0.2343379925917313,1.00244551161393,0.9689622173342818,1.043216588310234,0.6897618855578871,0.946613222951603,0.0,1.5317744520812673,1.1197670079300426,0.0,0.0,0.29802918851114213,1.1061558780353957,0.6017237823633482,1.12450034532297,0.5283539503676774,1.3554102443621723,1.4565025688883202,1.2670322412264667,0.7998690248051535,0.4574183670808769,0.0,0.0,0.7788466077822702,1.3321381146089597,1.0924154179407548,0.0,1.1263020707961502,2.1324864763307243,0.0,0.0,0.9885457078694513,0.9037999714790631,1.0638907241789308,0.0,0.862957624398653,1.0278897597929075,0.9918530301402486,0.16274019058671843,0.8840825603390473,0.4881575022828876,0.8360839927700204,1.7315386450809276,0.46870356358203963,0.0,0.9380768371475962,0.9398059928578871,0.0,1.172008855875079,0.6394406136983453,0.3490028121672945,0.0,0.8041015180219209,0.7762657272532978,1.2965845708102965,1.0345964356369775,1.2764452393006223,0.6599096641650403,0.0,0.0,0.09549824973564384,1.062461130816081,0.0,0.29420242701919863,1.1797714777807626,1.088445596372111,0.9111034144380139,0.7296999090818173,0.7184607790960631,1.0333393280944412,1.300122854135204,1.4229919011627792,0.7079945269799431,1.0493827341998978,0.0,0.9676013223945359,0.0,0.8204176496114769,0.9193889214484348,1.2095505583750144,0.9659758490510233,0.952701100630138,0.0,0.8967952154279737,1.0798948903068535,0.6656880044004634,0.7362343895133507,0.8797597037211817,1.5786175360382662,1.9008734582043705,1.5740532655982002,0.0,0.0,0.79903900544813,1.7161097146593687,1.6577590348383169,0.964689929647695,0.0,0.8720740603860785,0.6477819602321457,0.0,0.0,1.285000404616817,1.3496764191121917,0.44268837501825664,0.278018905170325,0.9235956419340279,2.7052572735148432,0.8306925825212125,0.6843073940309862,0.9376687490367204,0.8075470487996588,0.13032999356725136,0.5839594609141237,1.3628245915013006,0.5169607946786068,1.1629576857146013,1.461904622205229,1.2004249622484802,0.0,1.0762370188204264,1.0217931879227673,1.269204830063531,0.0,1.101370545062261,1.0407034912839197,1.0071653471006023,0.3623298526309364,0.0,1.0712882288446948,0.0,1.0078650306427002,0.6342134979150538,0.6649195767768806,0.0,0.0,0.0,0.0,1.288700406059578,0.5088686730050478,0.0,0.5762891725454824,0.0,1.2063318501513705,0.5217426902365102,0.7635799060586095,0.0,0.8507046608872934,0.1258413477053125,0.5315314608963684,1.3356366589607316,1.1215912343062853,0.9620341671590011,1.2573358356957143,0.4090278089050176,1.159182171074991,0.7868601687902479,0.0,1.2843138172415867,0.9384851551351874,0.7479993866291206,0.0,1.004565440046868,0.0,0.672923564210353,0.8275197801214937,0.0,0.5095440696328901,1.6434877321370105,0.0,1.257672909393961,1.029505674663064,1.4990935774665568,0.2832487028651997,0.0,0.9884936302284155,1.0394739065201388,1.0655241332409706,1.9412927526650092,1.4309432556100248,1.1130833287966464,1.1793084735406272,0.7989725747228412,0.6254122469820771,1.8643900666728148,0.7502015885194848,0.0,1.658008389095912,0.9830453152075356,1.3888197156510107,1.003629936528519,0.6326472764230788,0.8657701683690271,0.0,0.0,0.0,0.07040138601286701,0.5577407240407555,0.0,0.9030571624830118,1.4786102455525438,0.6543202206899494,0.0,1.6287869890468483,0.0,0.7912251834849571,1.3458847104638783,0.16738912653601634,1.4449553929993333,1.580952436797652,0.07713124729329204,1.1489138385763815,0.825799311095982,1.2054986364870874,0.28397424917116443,1.0702506469653432,0.7330978140310819,0.2308816389407366,0.8252496393710619,0.8935307218025665,0.0,0.0,1.1675064550666034,1.3666688176245094,0.0,0.13449576413371753,0.4964790471838221,0.9419558027074452,1.882692793504571,0.7018877785609052,0.7858230295192794,0.7700351935767119,0.0,0.9265362667988856,0.9176995056008217,0.0,0.0,0.8182147628802889,1.9060655772364314,0.9524354428651809,0.9611990387415547,1.1586384478935665,0.9078350867640064,1.2941453704601051,0.7480936158232728,1.1738867222320881,0.6507139965426585,0.9902489617534975,0.0,1.2440080015606405,1.0304464499539356,0.0,0.8957622454632524,1.1637479147757785,1.3334082454583558,1.0335579120683618,1.1137523201848036,1.4672567960737344,0.4132337597179418,0.0,0.6295211890085248,0.0,1.4140321042748563,0.7577928156843361,0.9117389253124554,1.406183003508731,1.3256981921297122,1.1008365634324921,0.7926760661417775,0.0,0.8978563787332616,0.8169537239608333,0.9270840043044191,0.0,0.5903064855759877,0.9923762245513219,1.293646170584176,1.1856875199720371,0.6242731920276727,1.189819584023992,0.6402410549179834,0.6993988264181872,0.6888392607207741,0.8063889945671918,0.40981959712594845,1.514794988839674,0.9180653400961113,2.236452363371678,0.0,0.0,2.633433530662785,1.2171030484219323,1.09866335766257,1.2561603517810738,0.0
87,0.8357746002875666,1.2668612865598488,1.362652893232918,0.0,0.39137017841662214,0.16849615520444727,0.0,0.630745795944558,0.0,0.9994156561908751,1.1836522585493672,0.0,0.0,1.1008336528060296,0.0,1.3653946451581467,0.0,0.7141467857856956,0.5901333512708415,1.2573744752517004,0.7622150013718696,0.0,1.0080825384610996,0.8286629093712375,1.0155202316304892,1.2930065900563101,0.6773886986499702,0.4286684049584926,0.0,0.9214548835780842,0.4118006844619606,0.5949413119193866,1.5607796988169578,0.64273879394423,1.1484269027613783,0.7805952892181329,1.2203594871858816,0.0,0.33493593766614593,0.6046302323638182,0.6971455735659852,1.1145336593448005,0.0,1.2583854656276272,0.9486807547674745,0.6951550664983411,0.7220724816811998,1.0827951923879002,0.2763833441498284,1.391661960081978,0.6194637125033324,0.9531439672204803,4.020323199410072,0.0,0.625158111172931,0.7064014428829505,0.3315812817476449,0.8079057232664757,0.9800492615515066,0.0,1.7857137676385684,0.5981328376530801,0.0,0.8189703266727144,1.148997999139447,0.8280107956384328,0.0,0.40472884287872857,0.9025875447152761,0.35554824436405874,0.46897532740906317,1.0041587510303134,0.0,1.0570958807883917,0.6187498762500246,1.0393647842879625,2.3360901651010044,1.702642986490757,1.385073765528405,0.7217881659412405,1.3405494342252116,1.1311111515483292,1.0887680106577893,1.1407246129473876,0.471143395962406,0.0,0.884169112378978,0.0,1.6453094743749137,0.9238221481183531,1.0294871140729236,0.8309270536778406,1.118958704751814,0.7988889556179789,1.3413650357234261,0.9153786999334621,0.509962855650911,0.6512762288064449,1.4775618038337672,0.0,0.8469599752854688,0.4147301798103117,1.7583631113920326,0.7272870487207732,1.54094811808447,1.1823321126738717,0.0,0.48688644825663646,0.9091226693049311,1.243338892261092,0.670551641202536,0.0,0.17038195180147564,1.4131616449215718,0.752610249329016,0.5727505971657441,1.675606199338319,0.8383156471291673,0.8570406853333963,1.5929626043184038,1.0455839681525265,1.466735596826911,0.6993599085000866,0.0,0.0,0.0,1.1210579997029593,0.9722038467274784,1.0002178942803346,1.0997436479578406,0.0,0.45375385341617425,0.9753824149816384,4.230468602224342,0.6965842858507927,1.4994407710729267,1.3189278826858521,0.505752300054711,1.458255537799459,0.7828252081217559,0.0,1.0606352123737854,0.9088730477147886,1.4895501650295462,1.1946550002810394,0.7565884246721867,0.9191157965460943,1.2097189606830479,0.8959120910931049,0.9335176738454034,1.160071334586029,0.35893267921086874,0.7802662053468017,1.2989378321527223,0.0,1.0638901412706565,0.0,0.9898921096399246,0.0,0.10578172475429957,1.1081221876965843,0.0,1.010465280247561,0.9195292445532584,1.4009105426610096,0.0,0.0,1.5646134436715124,0.5163320746200274,1.0838159291138305,1.122987259855455,0.9860851022652712,0.7203133280134157,0.0,1.0816818942304725,1.326265313994042,0.0,0.8181820082366302,0.0,0.0,0.0,0.781079091669589,0.8696087017893055,0.0,1.3567899971349415,1.4337901281745116,0.046415216387845654,1.1706068133853367,0.9948926251699803,0.9627429247919032,0.9993608677982302,0.6014269080351774,1.4920647064138763,1.1910631821401938,1.3511150516525547,0.49196863593405205,1.5671836754428705,0.697542827948916,1.5754549915769585,0.8851468725040879,0.0,0.0,0.0,0.802401173996964,0.5175945763165858,0.7357576220213919,1.0718237093835368,0.4307268640846529,0.0,0.08047877206156005,1.2549512563692162,0.7646227724882393,1.0437735454645907,1.0622142121622264,0.0,1.0029655042018315,0.36482059019109675,1.2730516925343949,0.9396282596888512,1.1837306753736279,0.0,0.7457073191982906,0.0,0.3126554609572353,1.557160074855796,0.0,1.0228386186166254,0.31624413483709385,0.0,0.20668495812948529,0.2291208429631222,0.4199589413611633,1.5475979520504255,0.0,0.5765465298948795,1.0292018325856116,0.0,0.6818809871543922,0.0,0.19278352098801962,1.4580881877193927,0.8050102192806285,0.9362647991707497,0.5038911040022527,0.0,0.6069091917556197,0.942280235130312,0.5353388982558485,0.9055427531739177,1.5033821273087167,0.7921968774038392,1.2573949937177504,0.0,0.8410157038458077,0.676770689294997,0.935607725628135,1.338690493723535,0.892705814987389,0.0,0.8656399026195314,0.7445373661964773,0.7438975914766692,0.0,0.81175338956733,0.0,0.6024572108670269,0.582091303366306,0.7666949501185598,1.2912776563336605,0.7325732099256348,1.6473610602142925,1.7661629484398316,1.032662088332747,1.157018733539895,1.0878224396906802,0.0,0.0,2.219150204617713,1.3831618139596107,0.8509149839448487,0.6106000669297638,1.2525867811593496,0.8365804176930278,0.07608456887102769,2.0609115018631563,0.0,0.0,0.9394955715426083,0.8933449473323923,0.0,0.42797240881299925,0.9474202453433296,0.0,1.6079506438604305,2.1615759011646025,1.1762052180349891,1.053326147426994,0.0,0.932598246433636,0.490348077875279,0.0,0.0,0.9935424681540546,0.0,0.6134890283031709,1.751266800062687,0.0,0.6808335619162142,0.9744812103238998,0.0,0.0,0.6623451327727012,0.0,0.8193454137102922,0.7421860287034299,1.1134392871041603,0.0,0.32862602856588463,0.0,0.9941244834171548,0.2861427725012222,1.2560725448298031,0.0,0.0,0.8893920651894951,0.0,0.6587324324562357,0.0,1.0366125675163915,1.0289726001074757,1.2350074763955021,1.183788770738071,0.0,0.31179763556173135,1.3276103950125984,0.0,1.045607836044764,1.426371553716744,0.8939077879090077,1.2950905819116936,0.0,0.0,1.240258451568898,0.7177084056224775,0.9026060161112673,0.05069829910650066,0.8380139617411932,1.115940820128746,0.6998100813523733,1.236346533957876,1.2402491812490748,1.1356414968229882,0.522189331266646,1.3034246701696852,0.0,0.9190822585894103,1.793457018814373,1.125255252070374,0.0,1.1269958131647764,0.7286682939768504,1.5865459341070731,0.0,0.0,0.41473225745209225,0.0,0.0,1.3238026018586122,1.911736832895558,0.0,0.0,0.0,0.8272965432289927,1.3630802894490361,1.2670466945886947,0.9896224476879365,0.8920992612576657,0.0,0.0,1.0329898602374294,0.0,0.8289765283648651,1.4565745377821675,1.7023965344101497,0.0,0.0,0.6325801990694891,0.0,0.0,1.1754080725996243,0.272467567985908,0.8885441046786655,0.7946411550769676,0.0,0.7309554193614024,1.4034490102960433,0.0,0.0,0.0,0.0,0.9983648922747577,1.020389988826168,1.1531047185219339,1.252966480294888,1.0718958305175237,0.7976417223940218,2.5679214369502357,1.1244422061364008,0.44717650103770534,0.0,0.26711640152045146,1.059725298145601,0.8814634019989619,1.7046432943589502,1.2235983994503905,1.9661024135048077,0.0,1.1307071954325767,0.0,0.0,0.0,1.3753389666972728,0.76981497860191,0.8692158010903729,1.0691282125432022,1.000908866484875,1.0812111381262361,1.1094071452205703,1.4600706274816577,1.1742994925255348,0.0,1.250418682893698,0.3344533545153645,0.0,0.0,3.010043881002105,0.0,0.0,0.741536904099426,0.7879878550456609,1.3008205594818585,1.0788292430775352,0.0,1.125128141825242,1.0194041188354754,0.0,0.0,0.6902355436438161,0.9105712801874577,0.0,0.0,0.8518823170542602,1.0047315161279955,0.4066938056878611,0.0,0.4987690144416017,1.1840029230000886,1.0072457544583715,1.7805610996905754,0.75137882428579,1.0152876370585477,0.3721189234228153,1.4502706722474183,3.7173090620190647,1.1547725672604294,1.4618237592857153,1.1546183998632278,0.0,0.0,0.26173206872392113,1.2860565907823438,0.0,1.118925716001092,0.9462628548741641,1.6502691691310651,1.2368107074525412,0.9874939641563432,1.1668557559004382,1.0734562395088123,1.3655952308283517,0.6231289591472953,0.0,6.57691638784722,0.0,0.0,1.6821957542344395,0.0,0.4654355800901342,1.6856416471617344,0.999766457706772,1.1011180412942017,1.4390785084228779,1.4590357333428652,1.6819163205909917,0.9709045507450899,1.0198968799309287,0.7459802836003255,1.6970158389376724,1.2453324319139045,0.7456736410635785,1.1464052517744858,0.6274168008249068,1.4182626005891477,0.7679775510847342,1.0163632822571298,0.961066746516866,0.0,0.7913555884996805,1.2740355513724682,0.0,0.8134031780053139,1.3077052949371244,0.0,0.0,0.0,1.0945301713545466,1.51884867769519,0.7250977297766144,1.0324995123604732,0.0,1.0771230438690425,1.0458709676542937,1.0657098561838105,0.41482849458093396,0.9743703701018541,1.3122453985240385,1.2196228670986224,1.1198669052761618,1.8285446792542814,1.32823318051483,0.8938231503029033,1.046620556769104,0.0,0.8391729721040944,0.7499946939675408,1.0016303121171737,0.9121056892283225,1.181500398981711,0.4685689199015135,2.6435680662357957,0.6779640732785862,1.3045464382599683,0.0,1.3775571595482325,1.0374421202007211,0.0,1.4892403785792736,0.17286580999280943,0.2195640146236707,0.6992146284471168,0.812997915533584,0.4063047498330925,0.5073794071757711,0.4193494759777098,0.7103858600096813,0.0,0.37519115548039683,0.5164212917091443,0.7992006765464212,0.8277404598465422,0.0,0.0,0.945259125455079,0.9973766656160794,1.6417951910694812,0.0,0.7233556682230475,0.0,0.8910519842751091,0.0,1.099987098418201,0.0,0.0,1.9033657078102963,1.374116803654846,0.9559199747671829,0.0,0.0,0.8993634304607501,0.9961462645058212,1.039099821826334,3.1828406300719903,1.3552729340894616,0.9515688918870014,0.8245165776036487,0.5754450317597019,0.0,0.9688370318242523,1.293904276201444,1.0618389132512034,0.7117141162983871,0.3789763885226065,0.3152926051068228,0.7110460773237353,1.3600980893236208,0.8168740942685717,0.6242213141963905,0.9904688438363478,0.5336843135346373,0.9625758446107872,1.0438952997949607,0.0,0.0,0.7622722581273625,2.3353427074168356,1.5476421065449517,0.7762110969053868,0.34218683482727374,0.5352383093948214,0.0,0.8349781395095851,0.0,0.9567875783722521,0.5248128532357823,0.0,0.789445127501877,1.0445164574697072,0.8427208901368781,0.8379828579303494,1.0235122497942633,1.218399333430761,1.7967919052218355,0.9118196959000098,0.8658535800135116,0.9063402152925581,0.0,0.0,1.523224110468478,0.8382535296716169,0.4591930282247343,0.8490228794167854,1.284343455224237,0.6707508634989169,0.289029488826563,0.4595141430075432,0.5130386409358048,1.9591065046798997,0.9689730236316866,0.0,18.490549908879416,0.9421350899275776,1.6966976664263023,0.8840345250629043,0.0,0.7970093910776662,0.8222674316685593,1.3689926748428312,1.0545488292105918,0.0,0.0,0.8123337557947851,2.46744837628745,1.1009130875295525,1.0047704728552374,1.30543360612859,0.868637901598807,0.9130248621410209,0.8034253946000263,0.9203235235407444,0.0,0.8009047248759251,0.8273258502848209,0.0,1.218778102946858,1.2650775754268342,0.0,0.0,0.7248829603201838,1.2237785823567933,0.3778437189921132,0.0,1.4962434289978108,0.6599646914342492,0.690247062183608,1.032257886287029,0.8854279609985678,0.9515828810630946,0.0,0.0,1.163943204235081,1.1343084540569728,0.9478124965611872,0.9247544601447106,0.0,0.0,1.605655578378083,0.23071975263731265,1.3065646036159102,0.9672650390545589,0.0,0.97847475746149,1.3054017968459113,0.4998093905433783,0.0,0.0,1.1336738056081053,1.312080583772736,1.5676030134015573,0.8612789620241839,0.9646480293478823,0.6920187843462493,0.8517098281984556,1.035199605326536,0.0,0.23587459541124176,0.058584498147932824,1.1397576171438613,1.0557812412358776,1.0611570245328221,0.17244047138947177,1.3928117087875593,0.0,1.3911000733768888,1.0786645606220704,0.0,0.0,0.23948773962746434,1.1149923006194742,0.49839747353821984,1.0569323263942585,0.5637442161020598,1.3794658323186684,1.1879725966718435,1.2827631904539314,0.7118310851380529,0.6302819480694095,0.0,0.0,0.6766113717791791,1.383586893874069,1.1061612331401223,0.0,1.1210367929609544,1.2713585380187151,0.0,0.0,0.9900088219495744,0.7683511152993453,1.0916079633504476,0.0,0.9716113952760775,1.07022050585184,0.9665849999667386,0.1952882287040621,1.1034230372847023,0.4229583679282879,0.9725492729995999,1.419345368159814,0.994712788896546,0.0,0.8946824622265731,0.7168906586239079,0.0,1.2058024221088512,0.5217121704642385,0.430021318740383,0.0,1.2577991042117538,0.8086080926223984,1.1284897395124427,1.0074217032096784,1.3554210690783632,0.9898644962475603,0.0,0.0,0.1313100889100304,0.9664627885763876,0.0,0.23914326612202996,1.2045950563771584,1.1829229064488669,0.7924402654721381,0.8265517381116473,0.4646877558069575,1.3060011338834816,1.1127164847654138,1.830872894181499,0.7262570885205807,1.11835564243284,0.0,1.057854648206578,0.0,0.8374149189018376,1.1083044473870383,1.2505792089834358,1.172850774967717,0.9021155881420168,0.0,0.9818505700081763,0.9992001755190809,0.9911131556392352,1.0493455601350996,1.0590141633678058,1.7587833009081655,1.3152641335277448,1.488058051000964,0.0,0.0,0.5910360722409043,1.6360299912528125,1.3358828944697965,1.0296849193596467,0.0,0.40361546144208804,0.6780278648888828,0.0,0.0,1.1775898184341163,1.3113424181915514,0.39401352762570635,0.1958769554367736,1.1098676398529173,1.9192704385517625,0.9833138826475354,0.5775189545467636,1.0335014314413038,0.8434343901558184,0.0,0.6080830082817479,1.9701703121926397,0.7754411920179101,1.1819326544755224,1.204761791882097,0.9393212435466988,0.0,1.1236320883970943,0.880447305867596,1.1982056645897048,0.0,1.039203426190633,1.3648011139862297,1.0513926167946979,0.33298795122560426,0.0,1.038225382251999,0.0,1.0107522796395956,0.552082396457898,0.7268566981091464,0.0,0.0,0.0,0.0,1.2132503009567874,0.7069436848074075,0.0,0.4035757550274375,0.0,1.1323776325658474,0.7897953674319944,0.6681324178012833,0.0,0.9027886133395008,0.0,0.5209735257302092,1.3204739805288601,0.9614765690536093,1.0395536808641719,1.5096754027498869,0.3508170595260014,1.1494523273947022,0.7254798399582149,0.0,1.3028217517116085,0.7361878312829102,0.9186455067177194,0.0,1.031518266159761,0.0,0.6574111979763382,0.7824427228982346,0.0,0.4190742580666683,1.9990951649691469,0.0,1.0668019592048068,1.0034358701423511,1.076153509710741,0.5887150082301963,0.0,0.958289140966726,1.6169594095007875,1.0541973554257689,1.9235040251571391,1.285264575019498,1.2139196506500012,1.308282891538687,0.7168580705533626,0.6049438400117537,1.8632805560959722,0.7189470971500388,0.0,1.9665645835018233,1.1096913915723348,1.3882827795903976,0.8743915917217882,0.8025019987300892,0.9292839109120272,0.0,0.0,0.0,0.34320675791274824,0.7691094623270293,0.0,1.1286925591518902,1.2253219850003212,0.6724000890959809,0.0,1.3851274771415647,0.0,0.7877053365155764,1.297947333301809,0.9206401959480899,1.427691539091431,1.5398401765628527,0.23996387983319467,1.050523834021856,0.767963787890295,1.272082948039455,1.2423871892625888,1.0621050501753109,0.9938992376187616,0.5832799350720349,0.8476885085602007,0.7222499648443829,0.0,0.0,1.0008265294045093,1.4010599421460332,0.0,0.17117642628532315,0.4380697578226587,0.8486847812034514,2.095768856904297,0.6743887030120963,0.6985093450204192,0.7700351935767118,0.0,0.7269527694270572,0.9429476049116634,0.0,0.0,0.7304996569823619,1.564087174636114,0.8908912291610891,0.8449575926788581,1.2840985466838273,0.933951565038418,0.917935554415148,0.7972284569445387,1.1421367748679794,0.7221349026400052,1.0703759820114986,0.0,1.0257915193821097,1.1103740603560555,0.0,0.8696659123882728,1.089900658122105,1.3944171833928212,1.1205831876305679,1.0063323279581744,1.5178886533642868,0.44309367377276065,0.0,0.40339346199316023,0.0,1.8824268315170383,1.3704715004337507,1.3001587972232709,1.449383802786198,1.089353418951287,1.1610283695728558,0.9865525872228696,0.0,0.8013169988598026,0.7631297536342567,0.9663142484164784,0.0,0.5510979738883341,1.0293371590467617,1.0991538333997088,1.168041262263646,0.6782499098773158,1.1800214156811548,0.7258633585313025,0.7298089745131062,1.8015796396077781,0.8871275763131415,0.5759594954967121,0.903425662911573,1.11092229322638,1.896478834516728,0.0,0.0,2.8113682366868726,1.0552735329916887,1.0260672601265863,1.145322935967195,0.0
88,0.5014647601725399,1.2180947766602084,1.3521263822991547,0.0,0.4006248448885722,0.6739846208177891,0.0,0.8080440415536163,0.0,0.8615569444031839,1.1873611108138442,0.0,0.0,1.2782844187742088,0.0,1.1841818522670862,0.0,0.6149603394542508,0.9685019049652199,1.3050434187877156,1.306654225844443,0.0,0.5862074711896605,0.7424859242955342,1.1928702499894865,1.0989084163343998,0.7349684460891006,0.8107956415543971,0.0,0.7911152676423309,0.8063979275200577,0.5166159098544983,1.3852529803759515,0.831629014764696,1.2391163849155622,0.7676343601585353,1.1664899676335123,0.0,0.39773641616597355,0.3865780357224683,0.5874670928214587,1.086175552419489,0.0,1.202953044847865,0.8853262308385391,0.40550712212403234,0.5499136589227237,1.18402225088359,0.16807084772897488,1.0564136415752052,0.7914995629308379,1.084995226063141,4.27159353547783,0.0,0.5470133635564702,0.6864726455674921,0.5340029491505534,0.6803416952675658,1.0320525152562996,0.0,1.071428269511707,0.6032306006499834,0.0,1.0846369915984044,1.0039252971340915,0.6711045360598167,0.0,0.49656005906953016,0.897586244173264,0.7359021734651517,0.44245691234364554,0.8993338838081356,0.0,0.9413438806148106,0.5843748602083689,0.9197752967092891,2.6249949305498252,1.773497263178043,0.957916318590808,0.8547931686018946,1.1615873978217184,1.1281281708563007,1.2791329030160725,1.0827710189869915,1.020810684708222,0.0,1.2135444191945601,0.0,1.4667496612679056,0.7980224317228042,0.5147435570364618,1.049592081614007,1.1077220692149188,0.8936475335311606,1.352941963291111,0.947732747304349,0.8218718220522097,0.5319558360000214,1.2565247275333133,0.0,0.901081679245548,0.6220952697154675,1.3365196337840461,0.7937754699063598,1.9445298506643467,1.094021686316231,0.0,0.729506560716148,0.8817455355735884,1.1407563880573675,0.7658135866919075,0.0,0.19472225149335104,1.4099640996177507,0.6831073668810761,0.7006970713755105,1.8305268231535685,0.7734806345246088,0.8318795137520524,1.0042591563266008,0.881432409103501,1.4410747873635494,0.6322033999511318,0.0,0.0,0.0,1.026017506004127,1.0548214856274538,1.4307516509917275,0.8547057037499635,0.0,0.4245290274363549,0.982899245435086,3.632220582670023,0.6227872095069645,1.340831059935548,0.8409693849434479,0.41923845061946613,1.5984343981481748,0.8321936390373139,0.0,1.0554931684469087,0.775817448230262,1.7407972755871608,0.955281945371651,0.9077761201890718,0.9515566501366761,1.226301737198411,0.8346496956955096,0.8109944660556874,0.8147240012721658,0.6015832684807356,0.9865338969664939,1.5103331701178797,0.0,0.9639199595711517,0.0,1.040895884974014,0.0,0.4231268990171983,0.9928377210303656,0.0,1.5099178258183465,1.0919409659339587,1.2662116741245444,0.0,0.0,1.6507329248031213,0.5138315666697928,1.124203727216821,1.1661848236441477,0.8485933913373549,0.6991882596112386,0.0,1.226208749992741,1.3489053815734005,0.0,0.837393465386977,0.0,0.0,0.0,0.6925307253419093,0.7292017580808925,0.0,1.3385784728319678,1.4697383396932608,0.0,1.17435502484829,1.182565959519373,0.9207730010775601,0.8879232532441977,0.4417265723004005,1.362487265469257,1.2552876952574947,1.3729071596076818,0.9293142772555207,0.8018149104956318,0.804128339943469,1.406216918803556,0.9691905785631438,0.0,0.0,0.0,1.6745763267202716,0.4783590702446752,0.779037475775613,1.2050584524980745,0.5365864911505472,0.0,0.0,1.055547627651595,0.7888128412547074,1.0265979084962253,1.1840330510591,0.0,0.9628903738580434,1.1336319775502277,1.0011296490971837,0.8917685846930871,1.3119151033373697,0.0,0.4245301169308749,0.0,0.17745310083250865,1.3749392217289493,0.0,1.1219949863123277,0.3352773513431243,0.0,0.2183905227666716,0.5270193672674344,0.4448094060174117,0.7796170466702789,0.0,0.6197859033976166,0.9965339551678822,0.0,0.6721512362726285,0.0,0.3085328457803153,1.0885733442610797,0.7718443462225073,0.7857452576464792,0.3898346710666484,0.0,0.6678374247059484,0.8380408249713718,0.5875374662847597,0.9793074865172751,1.2910260772017281,0.8333070273911756,1.3267160856618423,0.0,0.9183489438326458,0.6377265639807681,0.6454106863601803,1.5879240797053211,0.8430768221788867,0.0,0.8936396995560629,0.35972029789002335,0.7450662303677802,0.0,0.6920853729580243,0.0,0.28184260604809275,0.7070400784191913,0.12778249168642664,1.454492608957552,0.9307151777684455,1.6403400019774468,1.3141222848812306,1.176644877937155,1.0616484834493787,1.1390703204209296,0.0,0.0,1.6586195875361591,1.466135102732323,1.0015083724863079,0.4543277221224664,1.4187497315165536,0.7980273061752514,0.10651839033267448,3.0913672527947345,0.0,0.0,1.104563529099047,1.0655130010114473,0.0,0.5289198328044356,1.0590205366471157,0.0,1.674054167733066,1.955950004291689,1.2147709587525521,1.0578287617173565,0.0,0.787650269784361,0.4698732937534785,0.0,0.0,0.9918507565006547,0.0,0.5112408569193091,1.5304338420362158,0.0,1.0231892612924605,1.0539449496678333,0.0,0.0,0.545777928450308,0.5247971531966212,0.5482384761919408,0.8541316230454592,1.498031472090262,0.0,0.6135253363393319,0.0,0.9140628976373208,0.7796028295584513,1.2382666498398283,0.0,0.0,0.9471377043448801,0.0,0.8683435730883324,0.0,1.5819032693693953,1.1305419287541394,1.4791368601789898,1.1219015274068016,0.0,0.32599296967638985,1.2083857715805335,0.0,1.1736395638344435,1.4169944592555896,0.8715422501639236,1.3693612533897974,0.0,0.0,1.1973392105990608,0.8465278767260123,0.592335193371947,0.20279319642600263,0.731421980604629,2.231881640257492,0.8957784376128866,1.3966719126682472,1.195323992552867,0.956469780099132,0.41933385758557595,1.297885442654245,0.0,0.7248308772784837,1.7377680288845894,1.086863509979502,0.0,1.1446771437210148,0.6561233363071808,1.6385903862182092,0.0,0.0,0.5512536719512149,0.0,0.0,1.0498007336037205,1.735665987204549,0.0,0.0,0.0,0.7587699137040044,1.2524359960354525,0.48588697161047056,1.153503193578309,0.7943399712876364,0.0,0.0,1.0330994292767692,0.0,0.7134463234908293,1.4343883431622007,1.4526278652972429,0.0,0.0,0.8284003895536848,0.0,0.0,1.015464018189267,0.04015311519156288,0.751687880406051,0.8140916958197082,0.0,0.9137308622922697,1.2254162889538986,0.0,0.0,0.0,0.0,1.0326848667728727,0.8677936578036267,1.1656643934733346,1.0843560572213533,1.061726244810897,0.9534099885267793,1.9432918302361726,1.2080057119875987,0.6433457572558536,0.0,0.25991864713837043,1.3284252209306686,1.5357341927227688,1.5022964076916756,1.1174392097393238,1.9093526576450508,0.0,1.0796710906628033,0.0,0.0,0.0,1.3015935561338963,0.7555359597011204,0.7044185831239258,1.0432358315092858,0.8611883965178322,0.7962824595826625,0.7139679443677225,1.310022543416777,0.9766206212486208,0.0,1.1648721798793562,0.074322967670081,0.0,0.0,3.2608810104394355,0.0,0.0,0.6201194845458113,0.8922190364716335,1.5696673069120488,1.0498361228604616,0.0,1.2766541644329719,1.140675580485997,0.0,0.0,1.0353533154657242,0.9951487050614372,0.0,0.0,0.8793151401084005,0.8735774712485325,0.47914128711844184,0.0,0.45620503976181564,1.19330781953439,0.9935510098940746,1.9766357905286864,0.7848705130718112,1.019462321856236,0.38290497839260307,0.8751799174173114,2.7851905280629077,1.260772897124182,1.4294424498915137,0.6639055751104469,0.0,0.0,0.14021360690959023,2.4006380263528184,0.0,0.982711194817482,0.7887309983910852,1.4362524964935008,1.0442969283503107,1.0732051025743963,1.0821711440488069,1.3178652561325572,1.140042347009574,0.5875867734201595,0.0,5.7548014968187875,0.0,0.0,1.8167714277490894,0.0,0.6578426100705617,1.5473390587367741,0.9595917047456777,1.0936536173610032,1.2656747431502846,1.3942554263939886,1.3556421599052269,0.8639633777653699,1.0883037329908034,0.8231652771597208,1.4998073105864296,1.069550555746321,0.8418161075699201,0.7798941016512322,0.6871981057129237,1.2613224743685287,0.7646614474209172,1.2530506337147216,1.018428258987496,0.0,0.8631914289960998,1.2366840671512036,0.0,0.870029080510982,1.4346901442276967,0.0,0.0,0.0,1.9381192755947796,1.3862055324131892,0.7590524573221182,0.774374376145735,0.0,0.9746748149936761,1.0244149992393106,1.0218883912022199,0.40297699035382356,0.8025074273983482,0.8310887378180581,1.0177118504734681,0.801620559387563,2.285680839480266,1.1236492838614414,1.0064376860916993,0.844879979651409,0.0,0.7585588236297142,0.7866660742953409,0.8932154280789446,0.8094629668178206,1.2054442298788912,0.4991389053317936,2.195545908884533,0.7177717103985788,1.476100956917342,0.0,1.0587421230628984,0.9591127975536603,0.0,0.992826919052849,0.34573161998561885,0.3254252343497607,0.7157601883982143,0.9249183694107601,0.3841815227102517,0.5869683259887432,0.4817541904953696,0.6349780762530144,0.0,0.42588614862275315,0.5054826580981991,0.9480167728917799,0.8078280649818107,0.0,0.0,1.350489355019978,0.8714654893891259,1.9379028565059795,0.0,0.8034648513185724,0.0,0.8657096557991603,0.0,1.1193207561938041,0.0,0.0,2.2334697274176145,1.1574334380309104,1.1419370238934337,0.06415780576773461,0.0,0.7208768837927233,0.7250314997354188,1.050094052420128,3.8368491131021445,1.2314512946255758,0.8585819570690798,0.5654156973869169,0.361708303328772,0.0,0.8526476978833474,1.1569363701837205,1.0467489412548616,0.7031594127578384,0.35330285147795626,0.652820497639345,0.7712113465186197,1.2479515980335474,0.7440344208233827,0.8396217116054024,1.11522184695063,0.647300695123374,0.9746454201629768,1.0272697706182676,0.0,0.0,0.8077751984085669,1.9598489555599792,1.4146942759786003,0.8289003213619914,0.5154691475365348,0.5928179944620976,0.0,1.0423390400096908,0.0,1.1262136586595193,0.4658702138641827,0.0,1.7486348038169186,1.018530676741461,0.6854142415240357,0.8096178986424506,1.0907940109412266,1.2980975266439045,1.6579197169862698,0.8625513733062742,0.9778870963148621,1.1116164151915204,0.0,0.0,1.3186189039379932,0.814913212479092,0.5858931825771547,0.644995815409407,1.2396909622413759,0.8445733261932558,0.4335442332398445,0.8185095654372094,0.363316949613729,0.8517854553344135,1.302271380576336,0.0,21.39620788377861,1.025476527552917,1.3472054238034068,1.0863135599011788,0.0,0.8189072877679189,0.8084025042763301,1.2502790781595927,0.8601056651019847,0.0,0.0,0.8780717049889525,2.0602867581198465,1.4100860363419552,1.0348863890811213,1.1689967955426184,0.8000600102015081,1.0538729627496537,0.9262466985169553,0.7844272198139937,0.0,0.7897032610148309,0.8628080761817026,0.0,1.045289522408716,1.3953349419059602,0.0,0.0,0.6603518292670796,1.0546091905450365,0.4332357838770504,0.0,1.5862581033701868,0.8027233357403165,0.7631562919714604,1.1797232986137476,1.0325905692848527,0.805554128664892,0.0,0.0,1.0530189786484478,1.1361036833127098,0.9028796095109353,0.9480125783792874,0.0,0.0,1.7307978719483748,0.05767993815932816,1.0695177233115964,0.9735764923039172,0.0,0.9856902170219185,1.2620378553342164,0.3073409356972007,0.0,0.0,1.200588247123597,1.2993102339457872,1.2279824102361616,0.7059577603403181,1.3160281091963846,0.6987307835627129,0.5535282522266204,1.5816042526199336,0.0,0.37668233154860986,0.0,1.1867298822476258,1.1356369509206365,1.0598537865595612,0.0,1.7891987161655503,0.0,1.1100345014371833,0.9352150869111795,0.0,0.0,0.20683031992760975,1.0622573544650264,0.48928043824450895,0.9909393408483511,0.6147317643753463,1.3056313448267474,1.2299232618584302,1.1726180786201446,0.7763845522698785,0.7079257258812385,0.0,0.0,0.6563708600106107,1.3005414680478065,1.042415901952804,0.0,1.0824617214969365,0.5645550446226503,0.0,0.0,0.9455420954882207,0.7577141738314319,1.1487393568005606,0.0,1.1596929467135673,1.097860017841044,0.9119676400184131,0.37282298072643116,1.084551633372271,0.5884637802686152,1.1845937375616544,1.4237878847647618,1.7651466366684878,0.0,0.8672529990887289,0.48157811151284013,0.0,1.1857623571267082,0.49319473601275654,0.7382751732510575,0.0,1.6075219550681532,0.884182798273556,0.9118925542797243,0.9987148664850022,1.2174333626749443,0.6599096641650403,0.0,0.0,0.5252403556401216,0.9862350415388411,0.0,0.1679453423154824,1.038711265332378,1.1636158633418288,0.8204537440201048,0.7369430973425684,0.3278009772422106,1.7921323752519094,0.9663812224765941,2.0845145943564996,0.9602409132265692,1.1116398491483157,0.0,0.8585941238706376,0.0,0.9069462051115144,1.0125872341441549,1.1148417438149467,1.4549583999569753,0.8284851687648229,0.0,0.8168129622445381,0.983349736403046,1.384505561803639,1.0958891030998457,1.1365823643243949,1.6032140187676283,0.9680235459623086,1.1955778742063627,0.0,0.0,0.521106287443666,1.2042823840927175,0.9490438504407281,0.9705280390446819,0.0,0.20842437977559525,0.8611553833188893,0.0,0.0,0.9221275926421002,0.9223264311117838,0.5378222383092878,0.13231915722468798,0.9450442063490776,1.462301317850649,1.0554201384993855,0.4765576415600047,1.1513193290652108,0.8778053765391636,0.0,0.6685303023805081,1.6590908028586904,0.5169607946786068,1.274044102971997,0.8428570709864007,0.8106134354792953,0.0,1.3342843285987909,0.7852884784535664,1.0168650820870213,0.0,0.9846902418235901,1.2509227970451269,1.0179527186069928,0.29061873204899136,0.0,1.0250645618525538,0.0,0.892574152727864,0.6015368851607592,0.8519837192377809,0.0,0.0,0.0,0.0,0.7274623481082381,1.089097091141746,0.0,0.4223331268281616,0.0,0.9930691521561967,1.0208506845695704,0.28634246477197856,0.0,0.6597301338398978,0.0,0.5660412537226184,1.1933716869450852,0.809768687799625,1.0744666635210953,1.4952134671796415,0.3721362499882949,1.3426441467821522,0.74951322304097,0.0,1.1741853421300195,0.8523674865183535,1.0929745471737842,0.0,0.9856784176764029,0.0,0.7856930126292591,0.7702445226182497,0.0,0.4288696739767598,1.7322071566021202,0.0,1.117309521563102,0.9172478453466826,0.9122437205546934,0.8717372103672724,0.0,0.8603522817212343,1.6045847150304386,1.1428284290394715,1.6643683447327895,1.1050928756699097,1.3158122474374159,1.2122682129597686,0.5194387553211707,0.721085290165085,1.5144618209080274,0.8330060071304763,0.0,2.04529724964215,1.083542519189884,1.383713526038582,0.6681008061337861,0.7294095561351503,1.0148446351634979,0.0,0.0,0.0,0.6688131715223227,0.6627432609607395,0.0,1.1457446153000626,1.1178806280024578,0.7306369076922459,0.0,1.374975007938108,0.0,0.7220576340165841,1.1602055618038845,2.0923640817002043,1.2702829756773482,1.1511426530722506,0.5599157196107876,0.8291619560802159,0.6117413234014593,1.427676156029623,3.194709788472508,1.2822313002035892,1.1339038818538225,0.8749199026080524,0.9268416454530366,0.5739318786176342,0.0,0.0,0.6014847668197428,1.4560216318732544,0.0,0.16506298186559798,0.29204650521510583,0.7083932948654165,1.9882622800502179,0.9127705517550704,1.0041071316243784,1.1550527903650678,0.0,0.6598868501322326,0.9379869313410529,0.0,0.0,0.7102410620370527,1.3298328567780815,0.8050967136173446,0.4877726458420179,1.3234535784967805,0.926701688455144,0.6431253460534767,1.2088629689239323,1.0065157874110398,0.7261334384581462,1.2085751338848616,0.0,0.932107873686667,1.108009620818061,0.0,0.9082160793728491,1.0093284159587046,1.4078489718801273,0.983059699888227,1.0643769526586293,1.439294600119763,0.714489106922557,0.0,0.2116719290787313,0.0,2.031088049479078,1.8214679161634486,1.5194712375013555,1.4809381674150623,0.8102896208671394,1.0472797524074127,1.0023206732101557,0.0,0.8479712072761141,1.0846881724565816,0.8605677254277281,0.0,0.5347785799173277,1.0421897824458595,1.2352489735212084,1.0656280974624148,0.7559277491444256,1.0823207726526098,0.9362703850279159,0.7775308889974009,2.9673076417069284,0.8874550864022446,0.6407303181265948,0.761029328228058,1.2670295353792738,1.454922866896857,0.0,0.0,2.6490986131502217,0.9383421358573675,1.0170920178036915,1.1064753307685946,0.0
89,0.5850422202012966,1.1141077035408524,1.3195368134217031,0.0,0.4566745693849532,1.0109769312266836,0.0,1.0541071391793015,0.0,0.7829234759303314,1.0586111137186793,0.0,0.0,1.3294350867188196,0.0,1.0358936691402423,0.0,0.5223291823722038,1.4017718606366392,1.2840619454827442,1.6986504660128574,0.0,0.391293320279789,0.7226073583200952,1.4363090378420762,0.8759254987185641,0.8042595779135231,1.5285089943944736,0.0,0.7671165694384516,1.3346501380883034,0.46982166951844706,1.3402710057907525,0.9794612944797569,1.1512821230618264,1.032997809994031,1.0686554257466216,0.0,0.5024038907990993,0.1326216619880238,0.5740895958700435,0.9262980102565476,0.0,1.1589685246418968,1.0788826415683965,0.2838549860661185,0.3702715903070897,1.1342206166884425,0.25419392275048713,1.023259720619551,0.8544893909080501,1.2605582808695288,4.0203234088018185,0.0,0.6251581372211802,0.5423013070424709,0.6706103251849418,0.7653844231215151,1.1368992979707855,0.0,0.26785706737792675,0.7112023794679301,0.0,1.0056140499253723,0.993676555994109,0.6964096824760723,0.0,0.5854019760584204,0.7240436936686757,0.8764677478702224,0.3629488809671416,0.8367113448547608,0.0,0.6821151404833817,0.7906247502084138,0.8923627936746581,1.9840198290083513,1.548401680109706,0.9893463357277894,0.8945421164626474,1.141915364139412,0.9909485216532599,1.4245692241878383,1.0891146702360825,2.023185314871128,0.0,1.5076801292645428,0.0,1.4279549506624551,0.6304612361079622,0.12868588925911545,0.6997280544093379,1.0667856775685154,0.9031068803280365,1.4647909489213329,0.8422180405378441,0.9443618576634536,0.5668191484015124,1.1191291163961048,0.0,0.961878253599524,0.4147301798103117,1.5262089277393143,1.110390890223095,2.192182247873184,0.924481704970893,0.0,0.7975184214601562,0.8223788131251183,0.8929965919192234,0.9687035147068597,0.0,0.2920833772400266,1.1843244150096255,0.5705049572634606,0.8143030474087287,1.4577097840588171,0.7631829664648023,0.8067190359285459,1.5756480367836976,0.7653439030747317,1.3557729820045648,0.6445343980309375,0.0,0.0,0.0,0.9797114614214195,1.2562615222773745,1.6498914066491701,0.6363171689157996,0.0,0.7034466448858439,1.0466248326688812,3.2989110945994407,0.6747293442985385,1.243611190624095,0.6097274957683705,0.4355987003912836,1.3609645676603228,0.9607258948929497,0.0,1.0773484109557243,0.8517263286586135,1.9669446797273316,0.8130307862036923,1.09006519051125,0.9436050086639294,1.3719813960413152,0.8170948295637791,0.48346834199421884,0.9817370467486412,0.8550492513219559,1.1875532710732108,1.5351371503398878,0.0,1.0794588580194446,0.0,0.9870769281384562,0.0,0.6346903485257974,1.040189771831426,0.0,1.6289351848792255,0.8374284110343748,1.2455914330309468,0.0,0.0,1.8219857896297915,0.5444214256865454,1.2183583134059603,1.1111989251656316,0.745825525905291,0.7060632733956707,0.0,1.2725712259238642,1.33241119851973,0.0,0.6635486231145604,0.0,0.0,0.0,0.6171274384651814,0.8873692381286415,0.0,1.2806828274620137,1.389734603014389,0.20422692982722146,1.0715603166397791,1.067103053092616,0.9784858886473656,1.045340478880172,0.5414334334268306,1.275329132830804,1.158073101804824,0.9370635840138707,1.384023511691676,0.7653687831703022,0.8091832191190875,1.244250275465701,0.8793369352990321,0.0,0.0,0.0,2.293820625584267,0.4915921483432779,0.5150303232966156,1.3572595568975063,0.6384804030035895,0.0,0.0,0.9786079414748149,0.9629160263186646,0.9442476366377952,1.178623171828553,0.0,0.7150142512152161,2.3028133807314752,0.7620094722399698,0.8407865280147631,1.2858176580023446,0.0,0.249687948916126,0.0,0.5397531807746457,0.9690836641357519,0.0,1.066842013479262,0.6163832528803448,0.0,0.28273294554862205,0.9122763853221589,0.42345744514293465,0.6981645444150941,0.0,0.4728262024514955,1.1487656504345352,0.0,0.6746124839471008,0.0,0.3820744874405434,0.8035545804341174,0.7509754674824587,0.6602623348118454,0.47932884162309075,0.0,0.7240901025168235,0.9202649635495486,0.7884411253513284,1.080359951441261,1.2610419343164485,0.9600486948879525,1.1881999838644521,0.0,1.025504174851982,0.6082352411907311,0.4461351126056547,1.4144993792259368,0.8410318862472693,0.0,0.999516503406544,0.0752902945181171,0.8044133465069399,0.0,0.7442435886722938,0.0,0.2387034317556888,0.7150906495922894,0.0,1.5301169624402617,1.1105732411430922,1.347986027711834,0.925012729475946,1.4947937601290935,0.9402049166916703,1.1769294550964082,0.0,0.0,1.0664638753389273,1.3910210159245948,1.0754680274680923,0.2977063728419797,1.4109740072989263,0.7689368826660644,0.4260735613306979,2.0609115018631563,0.0,0.0,1.1123517970512236,1.3140904062015308,0.0,0.8411248810988659,0.9127250812395459,0.0,1.5618415804424788,1.707384803843504,1.1471304542047194,1.0144769315980113,0.0,0.8329819532571752,0.4611796120351733,0.0,0.0,0.9747062889953653,0.0,0.5112408569193091,1.2050478911485407,0.0,1.3472715228951615,1.0316241633636554,0.0,0.0,0.6532951571863816,2.099188612786485,0.2168855512196007,0.9656319724709946,1.9264979355526306,0.0,0.8081664535354303,0.0,0.8696093457138933,1.2816794600597199,1.0521924614264477,0.0,0.0,1.092515300551836,0.0,0.9650008204195367,0.0,1.9031952688225695,1.2293159109358338,1.751987351738328,1.0205137767357373,0.0,0.3595012135781855,1.0656083443224322,0.0,1.2561855665708992,1.5528521954586956,1.1895374033505581,1.1935277640332855,0.0,0.0,1.380493891852376,1.1041668005303054,0.5238338275291485,0.3041897946390039,0.6238740475510798,2.231881640257492,0.937498402963334,1.326496439626431,1.1405988133372642,0.7868614297708696,0.5380132530332579,1.2477413535173252,0.0,0.5818756696686168,1.5236873459423603,1.0398960858977704,0.0,1.0796073493007492,0.5919740551687434,1.7756478905300352,0.0,0.0,0.5345537296186671,0.0,0.0,0.9490720356028475,1.5744115997823946,0.0,0.0,0.0,0.7628073073427346,1.1998507627601238,0.17715570859896407,1.2006452902202034,0.7265095288402887,0.0,0.0,0.9016149550115563,0.0,0.7091384040189876,1.2841462647584991,1.3667086544114022,0.0,0.0,1.0514337623978542,0.0,0.0,0.9309121721265565,0.0,0.6127890265453959,0.8906399837732891,0.0,1.103216973222155,1.1264319129931044,0.0,0.0,0.0,0.0,1.166375335246807,0.798934924014751,1.2006432621287169,1.248076067917723,1.162793333336064,1.1925144257973679,1.4054163656886742,1.2136347270021277,0.7372770449249944,0.0,0.3918773427631403,1.2493631273250925,2.286839180587184,1.3287449360928156,0.9519334776822532,1.6420627625484117,0.0,1.2307971652623584,0.0,0.0,0.0,1.1936925417219244,0.7051236417291273,0.6336983148914963,1.0204043356360686,1.0647623391124514,0.8601561322348998,0.44135721474591594,1.2522877463437125,0.9026810848510154,0.0,1.0930712715669917,0.047296433050510706,0.0,0.0,2.9682378913417486,0.0,0.0,0.5186553235248136,1.0172964552945996,1.802421726104285,0.9910970444730686,0.0,1.2567935479966819,1.02485022872394,0.0,0.0,0.6902355436438161,1.0653568404479017,0.0,0.0,0.9333557410589551,0.7460146359293299,0.5301838305698462,0.0,0.644008149867349,1.1988826738464269,0.9429671972744289,1.867026107999681,0.4565063176016327,0.9641578335016013,0.2625730403751976,0.5092924985576528,2.117326503334925,1.237029756345606,1.495638654412432,0.5360728069079268,0.0,0.0,0.40381517855204774,3.943905478027294,0.0,0.9649219181118639,0.6897882805789628,1.4569245670453552,0.8410279282006309,1.034896508472626,1.104721662260008,1.469497969298454,0.6585893181255936,0.5373497476727662,0.0,2.7403815999046555,0.0,0.0,2.1050137239700435,0.0,0.6943123971643388,1.3547196645063009,0.9040684494371684,0.9418353898298792,1.2273541698536399,1.1906040457114306,1.0635101426332725,0.8306051281091291,1.0835746414396836,0.9596908379334148,1.3599117988594978,0.9265221813369,0.9393723409670081,0.8931675452747908,0.851321216403052,1.1770404715040774,0.8074708031299174,1.7218791096940487,1.0140465911680738,0.0,0.9688714106770557,1.3292774693961416,0.0,0.9127452965913597,1.3509502853105722,0.0,0.0,0.0,2.231773711290958,1.1853363685506821,0.8464341580564196,2.064997992222467,0.0,0.8491796370072817,0.9928022652500369,0.9473290637107596,0.32476896432973573,0.7731836748989442,0.8310886940765594,0.918900078359965,1.100407426259732,2.380789703465739,1.1921224996443607,0.9994059334840824,0.6989031780202823,0.0,0.7122082023106452,0.7912573321427745,0.9183472448790759,0.8934629693613527,1.204423367978146,0.544119065731091,1.3974703739568008,0.8859173703709002,1.5947486188737217,0.0,0.7246689350105951,0.862718364336801,0.0,0.24820672976321226,1.3829264799424754,0.7449493243614473,0.7608320627037735,0.9455004491094879,0.39448712787544216,0.3332786224008576,0.7195635692305862,0.5587846654582688,0.0,0.3977257544833984,0.5175536148549368,1.0880997725985262,0.926141148443803,0.0,0.0,1.8690881213289805,0.8500499064709519,1.5464611092126554,0.0,0.696843994873933,0.0,0.8347299029220716,0.0,1.0662038251211572,0.0,0.0,1.8928304878240545,1.0091381940415283,1.2400585498598045,0.25663122307093844,0.0,0.5795956733805392,0.5436169386627736,1.0393406898658126,2.877636845726744,1.163867297019081,0.8688671275554701,0.4232844646338956,0.35348765297165446,0.0,0.8234676333257277,0.99982984707858,1.0230803134352129,0.7602006848145413,0.3708973008475018,1.0231019936005175,0.921783608833212,0.9743303465219082,0.7232671973890084,1.0831500115466568,1.1012354629864238,1.238314380621282,1.1423942449297333,1.0241180977903521,0.0,0.0,0.8075726023104387,1.6726028735993559,1.3927045398560272,0.9326681638259986,0.6440112706235586,0.5617135229143871,0.0,1.5277174438108614,0.0,1.2445458666480531,0.2318181168206923,0.0,2.9522728140159202,1.1618121392328837,0.418171163082283,0.7759540327069696,1.0249964252766461,1.3931432812868192,1.5177970809557177,0.8423111182521141,0.8739670508099284,1.0554002010714327,0.0,0.0,1.0411422473463199,0.6973148807330352,0.5813301464847157,0.6933505203208152,1.1119470319227767,1.0367059512585273,0.289029488826563,1.1241685165603412,0.36587963306375365,0.3407141821337654,1.7763253614067414,0.0,14.440239622159648,0.959384489771397,1.097922248282948,1.186118893503394,0.0,0.9046093080480804,0.7838108165729935,1.07555304464105,0.7676943367020934,0.0,0.0,0.834094719484618,1.7744886025378255,1.5183215356281858,1.045192864771313,1.0343870474408057,0.7874248142663949,1.0834605622187456,0.8833763620125862,0.7223935871659707,0.0,0.6166406300230508,0.9743456068220453,0.0,0.7366039272084874,1.256567598291151,0.0,0.0,0.7643050023777357,0.9012769359708306,0.5235362672254005,0.0,1.6496045720087258,0.8654863542502813,0.8595283407630185,0.8700459209304082,1.192547887516078,0.7716160799857634,0.0,0.0,0.9626362302775614,1.1462727082610749,0.746444671641687,1.051595552122458,0.0,0.0,1.831318715834696,0.0,0.998787474080939,1.0202910865444312,0.0,1.03269621154847,1.364946905515648,0.2708251827686102,0.0,0.0,1.3094595488423528,1.4261485093328612,1.0545317581233375,0.5905717479681742,1.6061124525258972,0.8106758239160619,0.5239964813248743,2.114490425340382,0.0,0.5152648330626493,0.13181510252519776,1.2468961088525747,1.188620149612222,1.011627035294699,0.0,1.9347880142099907,0.0,1.1079080378348514,0.8749689105639374,0.0,0.0,0.2757737574844118,1.0958996170494602,0.5834897117759265,0.9142380778260716,0.6213817119132358,1.027140579543645,1.2569708154676598,1.1409973116288818,0.9429675653822206,0.5392597632721674,0.0,0.0,0.4915552700818627,1.2855180846634093,1.0366975299114567,0.0,1.0062414997465183,0.5273319016373326,0.0,0.0,0.9086756712108695,0.8813749605679705,1.2550328373296775,0.0,1.1556582591304718,1.032280263061276,0.9007834531851622,0.5621933789384085,0.8209034410605682,0.7723587012584691,1.2289947437500643,1.5142842089309712,2.2731078140225103,0.0,0.911185554098172,0.4440931842717739,0.0,1.0439836365027313,0.6016154239725973,0.8241835569194138,0.0,1.4163718977076725,0.9384026407530566,0.8035774453152256,0.9249720673356371,1.0061351973787218,0.16497741604126007,0.0,0.0,0.8535155779151976,1.0663338598794032,0.0,0.18314729247619604,0.8294417886464064,0.9886311876184588,0.8833011549575525,0.671340464093195,0.3992871192820505,2.081928357459457,0.9465504434115231,1.9908961025684246,1.1094811505216349,1.1358049352896569,0.0,0.6166426759209149,0.0,0.9622611134094278,0.9395398789761575,1.0404032358556512,1.755769295620271,0.6926283120283326,0.0,0.5855556732387928,1.020417842506805,1.4959227736549414,1.0267789675093888,1.0289689354042462,1.2539831101109908,1.0129231730527488,0.9305909750817754,0.0,0.0,0.4553070610455982,0.7931714665280909,0.8927522279578006,0.8698085832280684,0.0,0.5954982300570514,1.054464706526341,0.0,0.0,0.7698269840125878,0.8178491618125591,0.7016649149641008,0.19439022008698947,0.757056937685268,1.169841054280519,1.1321452999737929,0.38763061622765166,1.270505676846696,0.8349078855934422,0.0,0.7541751587144282,0.6740056467623705,0.1292401986696517,1.4177865194087127,0.6809523289795959,0.958508817512578,0.0,1.523519438339961,0.66260090995886,0.8223514741195361,0.0,0.9067490847831021,0.8766523017397447,0.9794164393630445,0.2571373094276221,0.0,0.994818290443941,0.0,0.7703478760540834,0.8109051638210903,1.108185760691529,0.0,0.0,0.0,0.0,0.4247891660748815,1.6304906347650745,0.0,0.5119331130184279,0.0,0.9175287206369639,0.8406994339691883,0.12271819529217551,0.0,0.30092953199272776,0.0,0.6914986115639992,1.1596773568525518,0.8586002631978038,1.1208831145043188,1.4075952527375701,0.4626026197686002,1.5793423169991363,0.7254726304332597,0.0,1.1142458396904176,1.0002898448410957,1.0551035339377872,0.0,0.9695755006401108,0.0,0.9348031047537756,0.7956795480628168,0.0,0.4713379224995078,1.1513543541476485,0.0,1.3084957156164094,0.773846461587137,1.0423367381512267,0.9132771541484724,0.1765064604821401,0.7167594567107143,1.2894426118992897,1.2698102975378087,1.3600068827628824,1.1361411458255213,1.5561710306352197,0.959873193498239,0.3244716806957485,0.8393942546082831,1.094133773526835,0.8730691558696693,0.0,2.550095299521318,0.9260784526998872,1.3155009753071614,0.5560231923879031,0.6462811026304207,1.0853936648150808,0.0,0.0,0.0,0.651212827219149,0.3321898318845825,0.0,0.9327629213494771,1.1860875756523819,0.8012961936422758,0.0,1.8548854745837735,0.0,0.674739648442476,0.8834700537385947,2.6782260245762615,1.3734889855062888,0.5979961876855568,0.6399036795551858,0.5669036955735555,0.611361966027726,1.4111283147346636,3.904645198419839,1.5948845915468508,1.040124480577632,0.6853539178768429,1.0618882442439732,0.5463873294545945,0.0,0.0,0.41300595159727205,1.690062961100272,0.0,0.09781510023541375,0.13689680046038738,0.7319696182138912,1.6595436033649191,1.0893065616579831,2.008214197763537,2.0534271400915127,0.0,0.7854097674625251,0.9201432006190339,0.0,0.0,0.767272147609184,1.448279052494617,0.7459822981170421,0.43129850116768537,1.29450349244656,1.0290503337193475,0.6752753089848571,1.6290268843070748,0.9431038784318536,0.6513127089288825,1.3151441933962535,0.0,1.0181940449611218,1.1186367716241035,0.0,0.9652699994157392,1.0046038706672085,1.4317858992287167,0.8027712201805991,1.1264735239564332,1.4430235073004503,0.9390965455368863,0.0,0.18550100481917692,0.0,1.6416396226229895,1.4241751537825882,1.545383318757759,1.5563870503032793,0.6691799628829516,0.9166548705162616,0.7820518528819351,0.0,0.9205035580607097,1.2728989050680406,0.6952222749580379,0.0,0.619100122287906,1.03522166131652,1.60047884857942,1.023549809847695,0.9560200200832909,0.9064664283485483,1.1491447313384886,0.7089433042455273,2.4071526320367536,0.722048715115687,0.6452007495046782,1.2090339261386573,1.5050068888223693,1.1779027513660703,0.0,0.0,2.316191686450161,0.9811661718266056,1.1317120148124735,1.1293699337163026,0.0
90,1.1700844404025932,1.044552618211445,1.3249005752956937,0.0,0.4619402164645501,0.6739846208177891,0.0,1.0787945573714381,0.0,0.7631904634536544,0.7677314835873537,0.0,0.0,1.308497090269205,0.5311357432020254,0.8574885203355573,0.0,0.6157618375471712,1.443904364620332,1.2013269436504357,1.4228012545912394,0.0,0.42054072874960874,0.7879534740931278,1.4483325751662801,1.110369267608788,0.8217869078364968,2.078429269822392,0.0,0.7809715927837042,1.6037770488260439,0.435450503543398,1.583112886181323,1.1074934509005114,1.1589040955186785,1.378954727868957,1.0180438929611937,0.0,0.3349359271993995,0.06969691533284114,0.5942399567547334,0.8232182234094509,0.0,1.0672821369514243,1.5779996598836528,0.31861274170821885,0.43476117411278065,0.97020951779448,0.5821916994131219,1.2047460354253383,0.6684305672391527,1.2563671261832527,4.522863955302325,0.0,0.41677209148078675,0.4144546765603182,0.6967852608222361,0.51025628208101,1.2243701194164358,0.0,0.0,0.78421131091035,0.0,0.9289195173735018,0.9823343992618517,0.7650503055374744,0.0,0.6036957868704672,0.5658631925260414,0.71109646805671,0.24763270895976414,0.8796412814524236,0.0,0.5421940854486544,1.2031245989584671,0.9689564232167583,1.3912990890545132,1.4563468745679984,1.17019902438312,0.8899137815169915,1.3292320216003248,0.8670509154282817,1.352513989028529,1.2038825017569226,2.981859683612076,0.0,1.630415426326757,0.0,1.3018185029635319,0.5475844980103876,0.0,0.2798912182650956,1.0875419734814558,0.7767756666368458,1.4226948310482048,0.6935513086279538,0.8985752744888944,0.7184513747103477,1.1047274252532657,0.0,0.8903939752500464,0.27648676349964996,1.9752460049866891,1.3869405754878654,1.900706592150816,0.8776300641619188,0.0,0.7707504392353719,0.8044302269395411,0.6461341555106775,1.2388193424320044,0.0,0.19472225149335104,0.9757633422158667,0.5522062879277067,0.7008994772796898,1.3301536916106165,0.7114733034505767,0.8324616047454227,2.181666525966408,0.7457216760526095,1.2667454917538434,0.652016710121669,0.0,0.0,0.0,1.1065140068387578,1.2850547204088236,1.5897776900189806,0.6167405398307175,0.0,1.106441583414437,1.0492611690772926,4.270759209580404,0.7683225893380445,1.1722323430259804,0.6438994531602907,0.5348235647408511,0.9161631146002902,0.9214772988654909,0.0,1.1267483674510639,1.0232384846203595,1.936247814797388,0.5285090423917432,1.0233740033673975,0.9452328900804589,1.399650243110501,0.8359296319423221,0.26470232790869763,1.246228143877038,0.9916489309006881,1.1569747309872727,1.5162755905981022,0.0,1.1582323066161133,0.0,0.8763886109619428,0.0,0.4231268990171983,1.1397419848153045,0.0,1.2527787680797,0.8374284233494966,1.3084301017598547,0.0,0.0,1.859457627150058,0.6215231873075221,1.1590058141840711,1.0499727013613078,0.8061268825967765,0.7782871336892658,0.0,1.225125244203788,1.172736081863958,0.0,0.597438612431534,0.0,0.0,0.0,0.558854880674045,1.0535947425298184,0.0,1.289707297507133,1.104983059074426,0.8169077193088858,1.020643093637588,0.9730705504284101,1.1609630178834165,1.2535737869795465,0.6383075173921814,1.277180911695538,0.9993388013427007,0.8716870422267557,1.3471258593663293,0.885843499827118,0.7815068017947379,1.1461151070652091,0.5644651943252289,0.0,0.0,0.0,2.4769773350039843,0.47389108981562517,0.5886060707836053,1.48451757926572,0.7995385240275037,0.0,0.0,0.91134629390354,1.2619762638308423,0.8876031904633014,1.1064997549058713,0.0,0.5508115618388935,2.7136068341347728,0.6877437584676973,0.8599549082614562,1.1642109887831993,0.0,0.3005952016079636,0.0,0.9759920508818586,0.41413831460867395,0.0,0.9483457740168445,1.0892853589401243,0.0,0.5089153750144979,1.07615722166575,0.5992987670903334,0.5963488798697563,0.0,0.25130201984130707,1.287917151492707,0.0,0.6349479546084944,0.0,0.49400220278175544,0.6638265322045288,0.7524982909148341,0.6372800051301548,0.7512160269467477,0.0,0.6724156586783994,1.227074891260906,0.9365416959139241,1.244323025497545,1.160071511085356,1.0469526435486025,1.061072457483632,0.0,0.9546031402169749,0.6216060976794049,0.3844988718260692,1.0520469963084236,0.7830206681545381,0.0,1.130171931951894,0.0,0.9565367357533083,0.0,0.8414945064244295,0.0,0.4686725124682526,0.555896195609278,0.0,1.415599929590242,0.9672565712171253,1.1197513609755054,0.832890021103157,1.5002469056284584,0.8020045009970036,1.131784616404725,0.0,0.0,0.9216522678618013,1.203206612697219,1.0585560484106527,0.32715643162599073,1.2072521716049691,0.770892002363864,0.6391103419960469,0.5152278754657891,0.0,0.0,1.2648720002544198,1.5248995093500277,0.0,1.028503829741222,0.7223222734571443,0.0,1.384113393520055,1.5322816079107922,1.040640479332178,0.924847637586176,0.0,0.8795911884523964,0.5643479007829881,0.0,0.0,0.976663126150876,0.0,0.6134890283031709,1.0998881159255884,0.0,1.4812629956268313,0.988181847367542,0.0,0.0,0.6916941667909964,3.148782919179727,0.07507576751597073,1.3352042916214613,2.109960807314172,0.0,0.7306472485588198,0.0,1.0749609221115732,1.3187147706057432,0.8604025007466992,0.0,0.0,1.5934571037693166,0.0,0.9917976658507696,0.0,1.6840518940643994,1.1242165412109377,1.891284710880481,1.0573254360603783,0.0,0.3942842759855687,0.9394415129642917,0.0,1.2008483821445262,1.420054872930168,1.4448376638503009,0.9717543959537585,0.0,0.0,1.6717863145011438,0.7361112003535369,0.7978392089673693,0.20279319642600263,0.7212858461848057,1.2027362151833139,0.7969122432215652,1.0381340446353244,1.0659493905937072,0.8056561925231944,0.613176870545721,1.2074119661223657,0.0,0.6547943735243009,1.2662210447113904,1.0931713090277646,0.0,0.8931277543995125,0.6368035196609165,1.5575908777199174,0.0,0.0,0.4003962180302624,0.0,0.0,1.023684613577121,1.425928694467603,0.0,0.0,0.0,0.8385178272752731,1.2393210476970034,0.19131611483561867,1.027014230695268,0.7477863872110324,0.0,0.0,0.8223631220388468,0.0,0.8531884267344593,1.093667154581489,1.4375339591978737,0.0,0.0,1.0913133620932993,0.0,0.0,1.004877702753861,0.0,0.5229133052666374,1.007835964096527,0.0,1.2237507152113163,1.262718860149222,0.0,0.0,0.0,0.0,1.285961636384206,0.851282239710285,1.1678267564960512,1.6052546951493256,1.28704765946219,1.3587803200012603,1.1104524645059208,1.1941961938686754,0.6565268354582171,0.0,0.4478598203007318,1.0823298956728766,2.7324268244546515,1.2052241933058183,0.8252204072699276,1.3887024987969931,0.0,1.2851207588835818,0.0,0.0,0.0,1.1073533622704819,0.7155824131308015,0.6559814842414916,1.0499302532680959,1.3092743116640737,0.9939437399956839,0.5186188719043408,1.268158574829215,0.9252005773253931,0.0,1.2447425349586658,0.24121180808464032,0.0,0.0,2.0903084225656348,0.0,0.0,0.5301191946494613,1.1006814118313197,1.815207430996591,0.9331130279674238,0.0,1.5636071182005276,0.7709070960518005,0.0,0.0,0.6902351985263895,0.9928386398873008,0.0,0.0,1.07663580989461,0.717651790144442,0.4416720925216818,0.0,0.8728868024836783,1.168199984420961,0.8825842497766007,1.6068920659136454,0.1619574060538239,0.9059439814328376,0.30335780360922654,0.5337329274688565,1.9924297939688336,1.0487825839251232,1.4070133969622176,0.8164801158980868,0.0,0.0,1.1291868529295122,3.772431923240261,0.0,1.0861955152373988,0.7376548530117704,1.9302540624893707,0.6730162723197116,1.0192520517883417,1.1658336400308076,1.5222933435579478,0.5403194026024195,0.49877313213835217,0.0,0.5480763199809311,0.0,0.0,1.9885901314953003,0.0,0.4760092118934826,1.088735075257832,0.8513350662369683,0.7114039780126694,1.3494175984755978,1.0476083513942944,0.9149370954422604,0.8042734250391441,1.0063766421438431,1.067290888167986,1.422590391460749,0.9246397144075795,0.9649833188509296,1.103048900771167,0.8682493850912094,1.1709264710683935,1.0313103063938547,1.8895208055501247,0.9932084600072736,0.0,0.8228770905565235,1.643790051725266,0.0,0.8716557256743733,1.1386867550090374,0.0,0.0,0.0,1.5360385950589535,1.1363645068966832,0.8750340183030553,3.0974969883337,0.0,0.8461599592203681,0.8438857979954268,1.029801206132452,0.29762378535567735,0.8636667654574223,1.3647351427289443,0.8318344278518649,1.648498383293253,1.9205855145775064,0.9235228242824769,0.8566625532423531,0.7840913636907395,0.0,0.7350281485440915,0.8827553681974757,0.9407575583020288,0.9050020440358109,1.145606293805775,0.5849296786546191,0.9981495852814621,0.9694328616076422,1.3314263050444486,0.0,0.4950110300068356,0.918639484262114,0.0,0.0,2.2472555299065227,1.0978200404451421,0.8506758532341521,0.7281206451412604,0.42700521584481066,0.07461461636146872,0.9895226161214603,0.48714781774114535,0.0,0.321181590280429,0.515539107378114,1.1103810301036297,1.0762909903822444,0.0,0.0,2.059436437376545,0.879752195618639,0.987661746027658,0.0,0.5141556796335517,0.0,0.8348462666753821,0.0,0.9241527453619146,0.0,0.0,1.302857362210396,0.934394958315295,1.1532262244507308,0.38494683460640766,0.0,0.5906032945886979,0.5547285432713068,1.0108951226485752,1.1626815699773407,1.192634557058623,0.9081706530052576,0.9720697070978764,0.44391472469352633,0.0,0.8441562031494086,0.6403900480453598,0.9034013539323162,1.073985337147904,0.37708106159954813,1.235724862839946,1.0911369982106358,0.8240047085312412,0.707699455757188,1.0728098176743996,1.0693132709569078,1.932520926480379,1.295169839564514,1.0113382712512418,0.0,0.0,0.7045101181866527,1.3093413050261455,1.5265820371111563,0.9903036045347305,0.8280688716698921,0.48754636952502356,0.0,1.78744213638942,0.0,1.5511225381818856,0.04897565829929874,0.0,2.9742852736957586,1.2747791283574639,0.22173014684937575,0.7629451478017568,1.0219200304699485,1.377289936032789,1.39433852040698,0.8734610113666385,0.7659665140530509,0.8903411492352953,0.0,0.0,0.8381179470310347,0.5691313502508861,0.38303385347288527,0.8098939816485171,0.9818527945505946,1.162025896558299,0.07225737220664075,1.4811125207041322,0.5278706851637383,0.8517854553344135,1.6426474253234764,0.0,6.832699958156738,0.8593817259842146,0.9214773149568439,1.0515514847704144,0.0,0.9144724916796179,0.7792082327889889,0.8604081198092971,0.7499518601804691,0.0,0.0,0.864048000409214,1.5932586753715832,1.6016374513408833,0.9950962427970959,0.9882347644980323,0.8459865224521566,0.9423007641928759,0.6747384522629485,0.8239724318123005,0.0,0.49012630304605964,1.018372539604693,0.0,0.5664031404079781,1.0469256857038287,0.0,0.0,1.0506997630891546,1.017744288688367,0.473132471048211,0.0,1.6512616760458925,0.7812257420688986,0.7996382302163403,0.9732716741674192,1.189527314484188,1.0414477062793028,0.0,0.0,0.9269988139758414,1.1204092057218693,0.5007667704631704,1.204578457250398,0.0,0.0,1.8620049076035519,0.0,1.038558380183651,1.1031641755926065,0.0,1.053603082103987,1.5745777681710533,0.310383918150896,0.0,0.0,1.2273473091208584,1.7674035676872353,1.2094194888612382,0.7496269863303895,1.3717999060383343,0.9000447895369506,0.6352503652308765,2.1944603502240154,0.0,0.5099489985425882,0.527260410100791,1.334065839211244,1.194427232019195,0.990256933886845,0.0,1.8785601020144609,0.0,1.368132229711574,0.9467384629209702,0.0,0.0,0.5188900952689691,1.3810074139890416,0.45585133504568615,0.8122779030347268,0.8270668188955119,0.8678231335467972,1.0490687181104763,1.332615561753974,1.251404368832489,0.3121882528472252,0.0,0.0,0.2633331811533784,1.3264645910839146,1.0053950946434984,0.0,0.875976098945389,0.7961153969280798,0.0,0.0,0.911408504549271,0.9686832895425611,1.3034532324387003,0.0,0.9696489164122613,0.8853454191528924,0.959635182506978,0.6882430451515296,0.56710143723567,1.0298115587691563,1.117669079184001,1.5035360905678636,2.1108856396032807,0.0,0.9431903508131256,0.5232285765539382,0.0,0.7872022369192573,0.7349499127562694,0.7127711196210561,0.0,0.9366806247259816,0.9456720401824548,0.9516761414834993,0.9352787470940005,0.9118029998637176,0.0,0.0,0.0,0.7878605334601824,1.0368159019520335,0.0,0.30403898366891113,0.825156458056203,0.8196200947725125,0.9035205663418628,0.9780379207586851,0.5410163247173344,1.9460881219775565,0.9866173769619359,1.7814023617123307,1.100673636249208,1.17159718009097,0.0,0.6349561239134293,0.0,1.0042183607427206,1.0755590500953325,1.061689450093931,1.829803071432944,0.5434700806456315,0.0,0.6291738396554728,1.0319763547979701,1.3654224701025859,1.0437038851867482,0.8912666364686377,1.074783666379063,1.0641234139332698,0.9250506844536451,0.0,0.0,0.38773277716058485,0.6160231806381722,0.9036871083717991,0.8140432530150843,0.0,1.0917467526233517,1.0469769419959536,0.0,0.0,0.8040160049912335,0.8702674935987125,0.6670175061430906,0.41732569139963505,0.8743037316172875,0.804265724817857,1.1388170529911452,0.27780194109144124,1.2623882472576793,0.8666606457445596,0.13032999356725136,0.8530610582714225,0.10369317841907916,0.0,1.3806863765489694,0.8220237529134818,1.1532418355808614,0.0,1.643572850709175,0.5347758600397647,0.7061774058564324,0.0,0.9017481015117333,0.6877904929349263,0.9237542580480849,0.1526752771587623,0.0,0.9497482604427365,0.0,0.7316770876219253,0.9420165340715656,1.3270964996557948,0.0,0.0,0.0,0.0,0.5259058577970995,2.034958307520291,0.0,0.540396752534278,0.0,1.0103034007557148,0.6794805023748502,0.4499667069810745,0.0,0.06365816989535938,0.0,0.8153233307406843,1.3032648395649657,0.9797633560254911,1.1157294093030752,1.4738667848718938,0.5086059513156888,1.5626268541837416,0.6957134830720335,0.0,1.1582882124541984,0.903479611787884,0.8957389435209668,0.0,0.961915357394679,0.0,1.0181012534811482,0.85596946161056,0.0,0.5458476642686934,1.088151967038102,0.0,1.380390763920353,0.8429319368914003,1.1356761638121284,0.7507511799425485,0.8825323024107006,0.6702143538159007,1.1293966148398122,1.2234741643304732,1.140736700902309,1.3336985006731812,1.6771561710276344,0.8689640247367301,0.33507346530877263,0.8085144766820118,0.9974362663421685,0.8186877503196929,0.0,3.256645741312936,0.7957329609006077,1.1463635453901642,0.6259606746760005,0.9490655955034093,1.214164137548786,0.0,0.0,0.0,0.31680624145798764,0.26100629417224636,0.0,0.7902054920461208,1.2039399875635262,0.8992631993999463,0.0,2.2957774808579825,0.0,0.6866797291517589,0.9186483218354093,2.510836898040245,1.57139246889959,0.40364744089015825,0.359945819749792,0.33981998855786566,0.7295984857340979,1.2230235937826854,2.307290304183585,1.7063342332992315,1.0673742009095528,0.5541159149872403,1.1470436850266013,0.684494845473764,0.0,0.0,0.6226595897794605,1.9116907157924836,0.0,0.06113443677378455,0.2555406966264437,0.8960374718528932,1.551447486764328,0.9821751259472074,2.7940370308271567,3.0801406031879726,0.0,0.9565830391684169,1.000856347916124,0.0,0.0,0.8070694025516987,1.5100763984895704,0.7070900600917025,0.8442836548915691,1.2657282852195868,1.168388960496523,0.9154014489817899,1.7068271900850962,0.8681537598771412,0.7364223264196967,1.2593350737377398,0.0,1.1928204699403167,1.12367181677525,0.0,1.000433397811885,1.0049377862876085,1.4001676237258562,0.7543625013864884,1.0766458505936696,1.4447793125796085,0.8384234166965375,0.0,0.31577948711274584,0.0,1.263486467466796,0.696890586894031,1.4143975385163992,1.6265895721069366,0.6411465609277625,0.9643675736783428,0.6242465297056687,0.0,0.9748906204614634,1.166411255499774,0.6584352938130933,0.0,0.7877726846697313,0.9559681915537277,1.9419539327483104,1.0113399287894276,1.0590627135044566,0.7199741941206953,1.2313867493306907,0.7133160172805826,1.3492923463228639,0.584588719271816,0.9550730131326182,1.475137085789986,1.729940135403703,1.4724414786934998,0.0,0.0,2.0541375538224376,0.9875545911950366,1.2580004618900456,1.12382464582703,0.0
91,1.3372393604601065,1.0879492663561527,1.337911739700116,0.0,0.4841508112720407,0.16849615520444727,0.0,0.8907961179494226,0.0,0.8460617374109318,0.6532870358967962,0.0,0.0,1.2718405557805568,2.1245429728081016,0.7061197170010676,0.0,0.772220101105873,1.029825498773482,1.2066414622986437,0.9908794614949302,0.0,0.42412639088117243,0.8636427686231966,1.204001091097344,1.5870488572888801,0.8161019489212546,2.2143783377329953,0.0,0.6881225298537601,1.7001080598249978,0.46250524834833956,1.8095158148399617,1.3094007859786956,1.2129838604258505,1.5561016551538387,1.020630182565786,0.0,0.08373398179984988,0.20542248652452996,0.6299726629216031,0.7692428437149388,0.0,0.8773803719854518,1.9465964011918135,0.6082606841515419,0.6465566540155969,0.8833079460261782,0.796434459681483,1.3292246866851,0.5104842511906584,1.0659390933140462,4.690377512680851,0.0,0.10419302287019669,0.4357498526010225,0.5893523309477233,0.1275640705202525,1.1851637938324608,0.0,0.0,0.8138813597248734,0.0,1.2409918279999013,0.9465721591684062,0.7661971046206799,0.0,0.48669435721820203,0.7167310514190688,0.6251034053649951,0.2987799498451785,0.9761705576520896,0.0,0.4972194605268282,1.3749995416668195,1.1185489083989275,1.6489317538752781,1.7118244330962784,1.2150614299163907,1.056567315224892,1.3233218199656391,0.896082781597827,1.04900135474276,1.2416391885389855,2.9825424915789034,0.0,1.5985519867907847,0.0,1.0904114743607398,0.5713650949984053,0.0,0.41983681865104444,1.1249966942031016,0.575267380614319,1.2952143828219156,0.5678944544930788,0.9744934904696909,0.7773809232655103,1.0937183077392776,0.0,0.839482808846014,0.691216874188288,2.1259566719149485,1.200900810445307,1.3860380554815968,0.8438033199343506,0.0,0.9015117024559824,0.8898568775742428,0.5406718217250636,1.3949863839369754,0.0,0.04868056287333776,0.8659306292234201,0.6491589518132888,0.5613891483757589,1.6642647477633,0.5970252018121369,0.9862570061889877,2.3548146677117328,0.7900048353871427,1.1685154986605084,0.7063151462833435,0.0,0.0,0.0,1.2239423020101403,1.1290747574161601,1.3283432582360395,0.8210233830494464,0.0,1.1553693531511606,0.9708188277929346,4.3916298522455,0.7897274192640144,1.1237431602675896,0.5462220907374448,0.6068597520691748,0.5772294400768494,0.6625443460441913,0.0,1.0924327736545467,1.119186898211888,1.5163325148658018,0.28709537578113,0.8896648810208269,0.949279531246036,1.2790327617423283,0.8344499560895129,0.18283562868209013,1.4006803806026689,0.8610399944719807,0.8865063556756612,1.5134533549925275,0.0,1.1475129900857297,0.0,0.8186634214267116,0.0,0.10578172475429957,1.1275106290891987,0.0,0.8678396148691594,1.3300333847807357,1.3915093808465404,0.0,0.0,1.4470848323399705,0.707480369200254,1.0290221635560195,0.9651103608561407,0.9024809017472605,0.7961371384353291,0.0,1.172120462331343,0.9873216975225438,0.0,0.6050067609992229,0.0,0.0,0.0,0.3997720394846084,0.8278780045707579,0.0,1.3148059739143594,0.6467676752781782,1.2253615789633288,1.1994933775029784,1.0250162552099882,1.3895913952114234,1.292169194377761,0.555489307460556,1.3261759520323166,0.9224253975365114,1.1767775179022055,0.7148014749514939,0.7370217943506973,0.8986602369977299,1.0351808543722951,0.36259620234826895,0.0,0.0,0.0,2.145550760165224,0.37686950659263796,0.9694688245038134,1.458571055870983,1.0123653269460589,0.0,0.0,0.8263824883957253,1.4510282731358168,0.8938494977455359,1.0611699902262575,0.0,0.5423374867628735,1.789321524148825,0.7031738518978652,0.9305060859453052,1.0077986170142192,0.0,0.6036145599783856,0.0,1.0499308311884303,0.07454489596694008,0.0,0.9093172076959792,1.7364145525065036,0.0,0.7545431737668938,0.9702816547766725,0.7410991184592834,0.6399841584412898,0.0,0.22807417985831552,1.21896225384373,0.0,0.8880941644705623,0.0,0.7511861955197486,0.6428860741555179,0.8367924921850716,0.7183372309297081,0.90466934927327,0.0,0.6017783136097429,1.490750158701709,1.082879018697787,1.2633384346054193,1.1389732211789063,0.8916523804529655,1.069431621616335,0.0,0.7392090419830692,0.7402861575248191,0.3452455364732049,0.990848170039915,0.6500030989962519,0.0,1.3037152873449827,0.0,1.080318268446364,0.0,0.7656803952105188,0.0,0.8548549571291233,0.4873180717953373,0.0,1.2386266139209618,0.6496637970050427,1.1672495260580247,0.9087858871555649,1.26101254571923,0.5990119312180958,1.031984451652829,0.0,0.0,1.00589164823593,1.090530114099867,0.9459924043012513,0.40287490307850005,1.1237564672265665,0.7400850185735124,0.4260735613306979,0.5152278754657891,0.0,0.0,1.676138824334664,1.5711313779795193,0.0,0.9785560014359262,0.8173997971620757,0.0,1.189606959228893,1.2639363321020332,0.8955631311268277,0.8401831195805383,0.0,0.8220820393747028,0.6692322184344408,0.0,0.0,1.0092378137083817,0.0,0.40899268553544726,1.1772464417396555,0.0,1.4282226172340755,1.0473134958529766,0.0,0.0,0.6125637619038377,2.099188612786485,0.24772475282426457,2.0093927360943624,1.8581484988418437,0.0,0.5610228858671874,0.0,1.2166985291335515,1.0704206957927203,0.7945536935594724,0.0,0.0,1.9459118356606013,0.0,0.8457902121322352,0.0,1.1190597656043648,0.8793501750683554,1.9436354570256031,1.1510604255135641,0.0,0.4847019408483162,0.8516238794443965,0.0,0.9724002610788263,0.9085501357921333,1.2931564754060723,0.873094305294508,0.0,0.0,1.6162414898278061,0.29444447646085947,0.9187239434598657,0.05069829910650066,0.8664116716178039,0.570369744244021,0.5526605193881353,0.8124178909284939,1.0318933616911328,0.9166285383714772,0.5696610926105024,1.170709093166733,0.0,0.8887219647284398,1.1270257423656438,1.2017773812564727,0.0,0.7576326233853041,0.8040699469913615,1.225946505434689,0.0,0.0,0.34933219948011374,0.0,0.0,1.1035194861619355,1.1404385111358775,0.0,0.0,0.0,0.9156537877427999,1.2567759498988424,0.22295106272081136,0.8051857531732605,0.8650609086792994,0.0,0.0,0.8582418124104134,0.0,1.0010874363191131,1.0044570148350211,1.3817757636414818,0.0,0.0,1.1080258991169987,0.0,0.0,1.1269890251697103,0.0,0.4738901890257797,1.0902243196560208,0.0,1.292916457847363,1.4395919473459342,0.0,0.0,0.0,0.0,1.1325027975293165,0.9115837718329921,1.0747232723735383,1.7619924863491438,1.2989031684059962,1.3863161155221975,0.7981377522406692,1.1876914584877158,0.6181670223383242,0.0,0.39187734276314035,1.1476901737354785,2.566817206947912,1.1556226095439004,0.907858038560078,1.280374632376473,0.0,1.1926273664462452,0.0,0.0,0.0,1.044812245564673,0.645006789758897,0.6138075135796468,1.0583889672765372,1.3209506460694387,0.9509743804470299,0.7508867284184527,1.2942097338870424,0.8693717041321694,0.0,1.4679931944822844,0.4918829018334542,0.0,0.0,1.505022156499515,0.0,0.0,0.6230498145715667,0.9255730082462783,1.4295922361905293,0.9535653762655281,0.0,1.9358097265342338,0.5869476098221199,0.0,0.0,2.070705250461742,0.8183675726158859,0.0,0.0,1.1225214890745652,0.7282612257405017,0.4439730151993179,0.0,0.9080829267319531,1.2241167789369591,0.8368367828753747,1.3485237401832308,0.28920965160175965,0.8894816278821474,0.46009266585801517,0.6075017923044751,1.7938323077267257,0.9105598681149433,1.213950647324274,0.7917382979529656,0.0,0.0,2.235939456777191,2.229164785934888,0.0,1.1474253451094785,0.7593701152234638,2.3932779256506147,0.6392853114135524,1.107982442148442,1.1103881917788918,1.6053673287968222,0.6343750020523152,0.5074691985043656,0.0,0.0,0.0,0.0,1.4305705848026253,0.0,0.3062677083362123,0.8833337317465921,0.868608835739843,0.6341525828596721,1.562310251422216,1.1966353897561588,0.9144308870741307,0.6806366800889372,0.8890890880021203,1.192424660485358,1.5217234858429187,0.8632917896740577,1.013395353192374,1.3124094542441256,0.70803635852822,0.9955378836042585,1.2350902505725756,1.6465824121400274,0.9843236547034777,0.0,0.5839772910998974,1.963926351865077,0.0,0.9105530211794503,1.0213617615925106,0.0,0.0,0.0,1.594769518340271,1.178512318136764,0.6776129663593499,2.064997992222467,0.0,0.9680390605178993,0.7470247556276856,1.1249483095916373,0.2583632481478741,0.9511894448091512,1.9596197997949991,0.8161694286761858,1.6345987167436409,1.3253880921626027,0.4233417042068359,0.743732485626119,0.9367794207734231,0.0,0.8091143107554594,1.1129116780497066,0.9273234833592648,0.8655153538663485,1.062603508912908,0.48690960744507616,1.2082508230652254,0.8398122618085393,1.0481550112956666,0.0,0.4976870109274574,1.099016276413297,0.0,0.0,2.074389719913713,0.9409885892924705,1.0292810748961907,0.5335165569229394,0.4803808640617445,0.0,1.0048693781568248,0.576075775927805,0.0,0.33062658295699787,0.47093988003430526,1.0631160453052175,1.1640027967997804,0.0,0.0,1.8921697911429831,0.8151967381631073,1.002167952703958,0.0,0.41015414097602887,0.0,0.8482908313735318,0.0,0.7467536872609584,0.0,0.0,1.1061996854245328,0.8980631702957997,1.0367281555202807,0.25663122307093844,0.0,0.6941253565338732,0.6146845026368211,1.017606619153627,0.6540084466963947,1.2162101905963105,0.8461585036287457,1.5988964104381258,0.29594314979568426,0.0,0.9162863498547751,0.3976593814451874,0.856174286072586,1.5054281540315253,0.46443921757806594,1.2460845586716034,1.1286233409632735,0.7516743546827667,0.6087840767218843,0.8925139429008788,1.107901118155242,1.988807936105845,1.284423364876282,0.9898946760777146,0.0,0.0,0.6013913622658341,0.8408067930739836,1.5230103035662421,1.0094406534556803,1.0279163674696,0.5384511183070121,0.0,1.671240578277898,0.0,1.6057726329504842,0.0,0.0,1.9027799305911255,1.2102779920183098,0.26187489988167756,0.8300544895450495,1.0763250262450212,1.2554638308789496,1.2652688792078002,0.9506197418168685,0.8178735433113558,0.9367398567824783,0.0,0.0,0.6946730351464456,0.5897012624573562,0.36354318718909706,0.7551031993221751,0.9191343258696107,1.2336073544814945,0.0,1.6985611624973362,0.9131489535416624,1.7035709106688273,1.1170900423695709,0.0,3.9754705352333986,0.8871790670223854,0.8308723981980607,0.9983699613524735,0.0,0.8892395122594038,0.921231551764359,0.6068913767365371,0.8071353251752859,0.0,0.0,0.9370407222067306,1.463846846712877,1.686165811381207,0.965263277310896,1.104521707297886,0.8967955392146167,0.7743898992978595,0.5258092414418817,0.9420489923073978,0.0,0.673456930421514,1.0494729254986235,0.0,0.5180570977428632,1.0785864437563006,0.0,0.0,1.1800739805076514,1.0204231862244848,0.31075076887337016,0.0,1.6291889997622344,0.5886961744754269,0.6976054030296737,1.3419351754911386,1.0510827531238143,1.3371685294700557,0.0,0.0,0.8771831877330114,1.0371994157500704,0.3731283753365183,1.256134021102055,0.0,0.0,1.7734019815400133,0.0,1.0578349955326583,1.133270808529006,0.0,1.025307511860818,1.8321375033048664,0.20692261210059734,0.0,0.0,1.0278523829800246,2.1580169555252096,1.4441474637776,1.0317151240453102,0.9083105232792249,0.9604846895672736,0.7907276337373776,1.9892639263902465,0.0,0.28433519848341254,0.7908906151511866,1.315867330491071,1.1006266153710382,0.956834305185726,0.0,1.5804334749318878,0.0,1.6072273165409272,1.0760233642394677,0.0,0.0,0.6604055757968698,1.6811673494462127,0.3646810607429285,0.7441371584412204,1.2378953445507324,1.1360718622353567,0.836941833028309,1.5666780144847121,1.514091801586309,0.41904706755578625,0.0,0.0,0.19014005987172614,1.3253197171040296,0.8658755289491405,0.0,0.7253444696810463,0.8569448375217399,0.0,0.0,1.0290559156641823,0.9020720519912261,1.2500232583757058,0.0,0.8958281660672326,0.7800760577128418,1.1158853801125135,0.8563092684457412,0.5695454041274213,2.7032551540430467,1.0905472822792506,1.3838070028480502,1.739826227343732,0.0,0.9177894571021201,0.59880537158117,0.0,0.6574492992316592,0.799359778534735,0.7091712617683014,0.0,0.5312245893659318,0.9421777195687977,1.1573727492519679,1.0376920611054161,0.8813035973027867,0.0,0.0,0.0,0.6002746908202403,0.8706403163774392,0.0,0.3513710587128456,0.8449649822169086,0.7599044093011176,0.9457250036524345,1.3335751894249337,0.6596904308658647,1.4776208093542857,1.0431620303182267,1.6153558151142737,1.0097151580563892,1.1556516834746526,0.0,0.8104976678291681,0.0,0.9471199089567497,1.1032666714814452,1.0194785632843957,1.5087303110190387,0.5851927068236935,0.0,0.941076413683249,0.995230035887428,1.2532334095467856,0.9308710284266568,0.8884563854980452,1.0641263207478733,0.991656018004299,1.153045891412797,0.0,0.0,0.4662726304014514,0.6698728954574691,0.6374893140419521,0.7756676614680846,0.0,0.9924970451326007,0.9729258038487754,0.0,0.0,0.852956420565375,0.7369883650539408,0.46250258135023675,0.6025725012037121,1.0532465118484564,0.40822578710535684,0.9122340352891838,0.3747095935332267,1.102646206968695,0.9620054110260765,0.6516499678362568,0.9432359127182465,0.0,0.07385154077816647,1.3270905945180569,1.179464208345562,1.303669382857523,0.0,1.6295788194218803,0.5351155282309943,0.6969357398576388,0.0,0.9587213952718172,0.7134321797061944,0.8584312464886155,0.03816881928969058,0.0,0.904252314562564,0.0,0.647750063215451,0.8880269567958122,1.2519703719173223,0.0,0.0,0.0,0.0,0.6777955549537693,2.221101790041975,0.0,0.5279527004923916,0.0,1.2227641265218139,0.7683048823677364,1.049922316289174,0.0,0.050926537189450775,0.0,0.8044064294611228,1.3658501824621916,0.9451494370708147,1.023851404069729,1.5042845630331414,0.45145857816245494,1.3688358997015722,0.7779393149594093,0.0,1.1655471206717731,0.7468541089919025,0.75996313516302,0.0,0.8401502447950575,0.0,1.0049907271998932,0.8725950826715456,0.0,0.6110214239990303,1.3906409589391613,0.0,1.2778706031117508,1.080196104294397,1.0937036442576413,0.525877594051296,1.765064604821401,0.7646193816199861,1.0600983563300879,1.023957040190477,1.0130113323460859,1.43286738818963,1.6182193988658722,1.0867337523005671,0.5049132862238668,0.8025110184738975,1.0234755732527785,0.8756129574751568,0.0,3.0630501849701477,0.929435277776842,0.9640790049411869,0.7269230792310772,1.3155692779170298,1.3100342871334254,0.0,0.0,0.0,0.06160121386128016,0.3240078125241455,0.0,0.7286574826169507,1.1422475449725473,1.005704195403224,0.0,2.1510086030056343,0.0,0.6707224104476284,1.2478761142172865,2.2597532082362206,1.5712720533921294,0.4484971631890214,0.07998795994439822,0.32817095512057237,0.8497557739889308,1.1286692960987188,0.6655645355675293,1.5938807157611559,1.1912785312660965,0.9952213132080103,1.0889543341827712,0.8238953827224191,0.0,0.0,0.8919752036343878,1.8148437683345908,0.0,0.19807557179340168,0.38331104493966556,1.0122530090609592,1.7943581317228734,0.7723848065826651,2.4447822928317384,3.5421616440416956,0.0,1.0567730182085873,0.9739983071817853,0.0,0.0,0.826618855784536,1.3853935070830834,0.6418190099198369,1.0726252056023877,1.2507713927249577,1.1482979938162532,1.0626407594579481,1.4603082912596639,0.8161557868256873,1.020574826859281,1.0914595544485366,0.0,1.361618252192061,1.0348769239971394,0.0,1.0583802107863303,0.9251680805797791,1.3275712294097965,0.8023030228492436,0.9691934882662125,1.3499539617018788,0.7576718185335167,0.0,0.5177694684926308,0.0,1.2798261051691764,0.35459645711025095,1.2080763769576186,1.558484669651679,0.7251220609813769,1.0824590751311578,0.7455856131321699,0.0,0.951860625112885,1.1193585770934513,0.7926895348283476,0.0,0.8827027727819042,0.8576672996660664,1.8751435892860473,1.0528568560598068,0.9230895441901257,0.5274016902925197,1.2313217639009868,0.9109762837488716,1.3549696464456882,0.5297608820531214,1.3648863380200835,1.2897463723152829,1.5893349123344631,1.825493796144121,0.0,0.0,1.7291038361864544,0.8449932558860925,1.3703479090699404,1.0409685114473661,0.0
92,0.7521971402588099,1.1776179901690405,1.4795349269685114,0.0,0.6338364835489831,0.0,0.0,0.8355310519509537,0.0,0.9478769993649341,1.2541203679929043,0.0,0.0,1.1793443701568869,3.186814459212152,0.7348110491199542,0.0,0.7216869925004646,0.651338211395405,1.3243861814845377,0.9993485133554771,0.0,0.4568701056337651,0.9223296355772941,1.02064202652678,1.6392556982153814,0.8261359836882795,1.796732827640375,0.0,0.6234927163636335,2.164216117156196,0.5935200369746054,1.6453876334273367,1.4356020418828126,1.1136319420926784,1.4869668596193306,1.0508711267694908,0.0,0.0,0.372328256023279,0.605273649424841,0.7730659958377917,0.0,0.7332731105358692,1.9317418802989663,0.999285376471472,0.7774504031114595,1.0267763045390605,0.6129329321142786,1.1817503504148854,0.47597725713048933,0.8002959146030905,3.685296587193271,0.0,0.0,0.4827609850647956,0.5103475444187455,0.0,1.0942959428657582,0.0,0.0,0.8069783701698265,0.0,1.5249739450964812,0.9363453901989673,0.6884826971820068,0.0,0.342838470375972,1.0356911953392933,0.8218952212734533,0.7282956972654406,1.0806838613451981,0.0,0.4459983602684413,1.203124598958467,1.2282189283629281,2.111768848522024,1.9733278583387435,1.1504933959457109,1.2467466993389875,1.0651955529311563,0.9953784133082879,0.941822220310481,1.019597985954551,2.088173368504595,0.0,1.5921140151243733,0.0,0.9466553476052284,0.5939505830378347,0.0,0.7609542272450694,1.0889414217030804,0.5188122503394905,1.2957615550326251,0.5236081128709361,0.9880888471135079,0.6922466345851351,1.0957669031815798,0.0,0.9003347508861932,1.036825311282432,2.0512071620105936,0.808928894604372,1.0676940343252512,0.7301917848932583,0.0,1.0634338631951337,1.0520500350343904,0.5575014685736314,1.2961809073752302,0.0,0.0,0.7129500652331686,0.6687107698769644,0.5870749907258862,1.775802771695902,0.39305350659062255,1.158231015088919,2.290883054258625,0.847223088130739,1.0480862909054662,0.7634100864257481,0.0,0.0,0.0,1.2385789564562986,1.0325501440382516,1.11342818888857,1.083405947143678,0.0,0.9877843835879774,0.8733804359368271,2.933857886108567,0.6591518322268992,1.1195077384222678,0.2647570602217324,0.6133755543937733,0.574986770564132,0.5255435512087057,0.0,1.019214527733062,1.0462762859061527,1.1345449957200087,0.2369398689486511,0.9630759769261302,0.9498289241538006,1.2262421452151449,0.8149775022043994,0.2518375579663477,1.5246728036505492,0.6516878927694081,0.5811024229920632,1.3568682649987887,0.0,1.1600739958323798,0.0,0.8145469603274079,0.0,0.0,1.0227662904584571,0.0,0.635858755965089,1.6255963591764548,1.4610175562729517,0.0,0.0,0.9945740787336335,0.6178136450275361,0.9915258465661373,0.8284886512613511,0.881570104775558,0.7018406331308318,0.0,1.1965604097016262,0.8287749752540495,0.0,0.4979397040690513,0.0,0.0,0.0,0.3353459657769603,0.5589712045931521,0.0,1.2260511935630767,0.3653734698377308,0.8169077193088858,1.4687453678213018,1.0729926518802113,1.4509999681104966,1.1546728608276153,0.46161615006158874,1.3285920342804483,0.9740499681401453,1.4818680371619966,0.15518716213936484,0.46772537221746063,1.0980987208132458,0.9005048951559916,0.4986017748849477,0.0,0.0,0.0,1.5848667792482114,0.3025756685447278,0.9348449440972273,1.3227574255785477,0.9203321157541186,0.0,0.0,0.7598684996230656,1.2060272666261724,0.926516999959144,1.0593712802994597,0.0,0.5834140271327631,0.6859724116234511,0.7704076325574281,0.8428014118025648,0.9117931478248094,0.0,0.9294494910226992,0.0,1.094294078669515,0.0579793653704568,0.0,0.9307688997158737,2.0539136166166996,0.0,0.7636330467946497,0.9212321366210601,0.6353944080175974,0.7854351015581613,0.0,0.33864720161086354,1.149447559674175,0.0,1.5004101339979177,0.0,0.912665607721465,0.763274679919067,1.0468441029020723,0.8092751855466258,0.7307880091939222,0.0,0.6709354973296577,1.464080263853619,1.2037187231017668,1.0655406274775538,1.099288331481897,0.716863798714928,1.0410244293524673,0.0,0.6441228905932164,0.7915381039219672,0.3101988296521191,1.1504803150995493,0.5525786082719265,0.0,1.3560110527548255,0.0,1.0085414769684558,0.0,0.619921959199838,0.0,1.2922857199984432,0.6896843142010095,0.0,1.1413066852728806,0.4555154730678558,1.2033068705821464,0.9185130637074088,1.0907318731753968,0.566051752433796,1.003599555317351,0.0,0.0,0.9026969236290814,1.1830787205698048,0.8600751723265341,0.3100509939827812,1.192423428411316,0.681431011503455,0.10651839033267448,2.0609115018631563,0.0,0.0,1.9453802384989685,1.3269445414381413,0.0,0.8328372821564397,1.0615149908383643,0.0,1.1598881762260236,1.1160222453644373,0.6352365806184161,0.9386016044783441,0.0,0.663424789350575,0.6823268258526902,0.0,0.0,1.0291267354943607,0.0,0.10224817138386182,1.3127983957510783,0.0,1.3291389838188223,1.2116953890538422,0.0,0.0,0.5153545352201183,0.5247971531966212,0.6522238820086889,2.4534429174083847,1.3568123097136175,0.0,0.5404176343539325,0.0,1.109246782826548,0.8122473560915492,0.9375044549903626,0.0,0.0,1.6317619455414776,0.0,0.5469385743506983,0.0,0.9822702386613935,0.7430385111591844,1.7800370730327577,1.0719011425070104,0.0,0.5581307120564102,0.8049350953226188,0.0,0.7375696441814812,0.5799625785437447,0.9623470285171322,0.8587345779477773,0.0,0.0,1.2482114810298028,0.44166670548990106,0.954989368643003,0.0,0.8170980587417462,0.8679539505456795,0.37366438622752063,0.8631712080888736,1.088495128113405,1.003941480364439,0.5380132530332579,1.1764889351415238,0.0,1.1573301805579832,0.9637405275678914,1.2527499664439619,0.0,0.7802691774699155,0.9689917349215069,1.219346516570857,0.0,0.0,0.39010722034173473,0.0,0.0,1.1344410659157411,0.8849085775280561,0.0,0.0,0.0,0.9696502718851608,1.2232727745330216,0.19884824492580122,0.7323989219241055,1.0092435976455816,0.0,0.0,0.8374155597831134,0.0,1.045399173504362,1.071665220479357,1.2429028947604024,0.0,0.0,1.2460284476169083,0.0,0.0,1.0773000372789117,0.0,0.4575491502788271,1.1357492063540073,0.0,1.2905396344436757,1.379323772836547,0.0,0.0,0.0,0.0,0.8502007106779538,1.0225608566720523,1.1293313902126525,1.7745674693985212,1.1485137518753779,1.2772741033522756,0.4814852932855426,1.198774057669815,0.7141034338844758,0.0,0.2239299101503659,1.1711648018096923,1.9049069516762884,1.1366928150769575,1.0974649150811855,1.1749335634179379,0.0,1.0751101484498915,0.0,0.0,0.0,1.0640371220366451,0.45494296457713457,0.8814819832238624,0.9726541325383204,1.2152025403881404,0.9666045089684316,0.8305628119782789,1.2419663089499722,0.7221631430833628,0.0,1.482702294015841,0.5013421874976277,0.0,0.0,1.5384671658984974,0.0,0.0,0.6910251201855329,0.7254491095007012,1.1787985377842172,1.0818408231141765,0.0,2.108554475494512,0.4907134160150478,0.0,0.0,3.623734188308048,0.7956198811895276,0.0,0.0,0.9958941173603396,0.7460632371054405,0.550702166576338,0.0,0.8040737637878826,1.4157067829922998,0.8058092505167626,1.2622902573904302,0.5784193032035194,0.8677748405617648,0.6572752369400217,0.4155668116269624,1.1543234164427298,0.9348000282110245,1.0423604621741263,0.38349824000392224,0.0,0.0,3.110872228353249,0.9431083380477212,0.0,1.0256963735860796,0.6377056341898432,2.5113595018689443,0.7109344330098182,1.1152692896769318,1.0170513532325047,1.7197381746821858,0.729231076399817,0.675738177820437,0.0,0.0,0.0,0.0,0.7789740102434992,0.0,0.3713200859372322,0.8475242624881147,0.9547795014726315,0.7030112681802234,1.7676041880638491,1.4516699404105962,0.9968995366919897,0.5899500383529392,0.8063736028117165,1.2414734385530644,1.4323823873778019,0.7206668298686767,1.0641675949156202,1.5407590803721658,0.6393999706196114,0.8307420044370168,1.203156386495555,1.2661711450227122,1.0048492335392747,0.0,0.8660117734173753,2.006715610502486,0.0,1.03187330447736,1.090679241673183,0.0,0.0,0.0,2.9275089359492075,1.1547731805907357,0.5427135316369451,0.5162494980556167,0.0,1.0103161821601507,0.8382267085625885,1.036808264977739,0.13173967590916094,0.9503370547565444,2.1695791440432077,0.8740058133208297,1.0563733089023777,0.9529295013543931,0.2788307218367821,0.7063849910513679,0.9484860725384496,0.0,0.9243376176074549,1.5207597124328291,0.9981274659728459,0.8852016494211863,1.0548892271623254,0.31012282553162646,1.7613355302579579,0.692923932712506,1.0480337187998265,0.0,0.6172209550850476,1.233336390467787,0.0,0.49641321131994304,1.3829264799424754,0.4391280004949156,1.174257875977749,0.5669013685262771,0.614609565745637,0.0,0.8475077947189965,0.906167167948273,0.0,0.4580447845209998,0.4403350599327176,1.0081391271660198,1.1592675582762415,0.0,0.0,1.6041330263724083,0.7311563325418655,1.5541861332559903,0.0,0.4010980513353835,0.0,0.825761011294686,0.0,0.6431234952309248,0.0,0.0,1.3274396593827564,1.0305980559273422,0.9727082843403009,0.06415780576773461,0.0,0.7882209426015154,0.6435059676388777,1.0224138809186223,0.9301453722500151,1.188852306674324,0.7910603408093211,1.5482881136860058,0.07398578744892106,0.0,1.0344911242048176,0.555258588803055,0.980601239174134,1.5487609371028346,0.4916306384585479,1.1087121173250098,1.0722023137753465,0.6783282106099661,0.5324206784192815,0.7896338078459799,1.1151141388734422,1.4447001013436604,1.1564236028805908,1.005000465640084,0.0,0.0,0.5121650024694117,0.6089907107504972,1.2449284345220146,1.2074306142471383,1.128686652152202,0.6731799292956235,0.0,1.4271885047550756,0.0,1.1421358573070879,0.0,0.0,1.0295602932449586,1.1003630193849356,0.5041062918452794,1.0557936274226,1.0349240531495123,1.247818732962959,1.102982733970316,1.026243430049212,1.0731092256475636,1.1437531508457277,0.0,0.0,0.6905434724928698,0.6994964403659502,0.44743776741402425,0.738655448050055,0.9524154403715464,1.2961220117593706,0.0,1.9878088861438405,1.1632216319843907,1.7035709106688273,0.7818057654711611,0.0,3.251991236297016,1.0486013778290235,0.8385817950823371,1.2369041035685142,0.0,0.9130352889659473,1.1586521783759218,0.5848983712176942,0.8698586806971393,0.0,0.0,0.9324470304380045,1.2761092835207932,1.5625857285700104,1.0507496251278154,1.2661410752311637,0.9717416465088933,0.7054232903339129,0.4888076149149947,0.9237895377839993,0.0,0.9513777061609772,1.0395359805462216,0.0,0.4480971747397524,1.2077447914785022,0.0,0.0,0.9772238808144171,0.8689897778081586,0.3438084366181601,0.0,1.6064432922019642,0.3540507642291111,0.6932295441821574,1.2387093927610509,0.9100709673964572,1.3385482975596603,0.0,0.0,0.7995415405732283,0.9527219843928607,0.3445120633194438,1.2191467730142531,0.0,0.0,1.5698010775707518,0.0,0.9726666295387514,1.1047299290532848,0.0,0.9251606264046259,2.0023591059026664,0.051730653025149335,0.0,0.0,1.0095271269571895,2.3497502097336525,1.4963608591639932,1.2415607709481526,0.6617040760794162,1.0285864302256937,0.9205485865522478,1.7172853843835996,0.0,0.12259379638304019,0.527260410100791,1.1795178819069845,0.9836284051832251,0.8615784282493407,0.0,1.141091824877248,0.0,1.7058425361262368,1.1537381811503755,0.0,0.0,0.5188900952689691,1.624144479984599,0.47755852621936995,0.7538212347163007,1.3729478169114886,1.5961513216132843,0.8111459584245746,1.4965196316030727,1.4685449456264266,0.7702588308559755,0.0,0.0,0.3392271485881665,1.3294759029381755,0.7104617400351144,0.0,0.682433131872934,0.7624776675834468,0.0,0.0,1.1709375226750467,0.7830167039155979,1.2022939422088323,0.0,0.9944370813805256,0.724846917170471,1.3067326360980864,1.2330116987350794,0.726549146862685,5.149057236031437,1.1683267345773563,1.2832968359850625,1.6031416873072453,0.0,0.8387719744192349,0.6990081563563421,0.0,0.8210899012143618,0.8766596538603746,1.0634823260994075,0.0,0.29807602037566105,1.0141642473258894,1.0842039103667866,1.0447842220327561,0.8545959214396852,0.0,0.0,0.0,0.6377918537206542,0.6998705360380203,0.0,0.31963072304081064,0.7115473990977833,0.8444715549525774,1.131020853031924,1.2506923723445607,0.6973369023141196,0.911810878057575,1.1220265888897796,1.3399426764722917,0.9209421180455959,1.1029050789049724,0.0,0.9023867554690597,0.0,0.753944932602812,1.214097139393783,0.9053259584245967,1.0286797671373704,0.8399398245026326,0.0,1.275956969414937,0.934600517470226,1.1132735876731041,0.5021061901333725,0.9329414942970223,1.1138961844266908,0.9058889881809862,1.5143232245522866,0.0,0.0,0.6975739146019853,0.8604355114233588,0.43787322767210524,0.7485012593021251,0.0,0.5111359731691488,1.0617663549807081,0.0,0.0,0.8497535023196975,0.6240399483336727,0.20920294030086123,0.5266004891548246,0.9258757615237952,0.41431872229515015,0.9073585327609052,0.566909769974322,0.9332689570909725,0.9725776257376658,1.3032999356725137,0.9536478964283233,0.0,0.39879831429397683,1.435032017593265,1.3602563219087007,1.357891531135094,0.0,1.4370981127279863,0.5570576981788307,0.6818270542662237,0.0,0.9738211518354805,0.8171714750434824,0.8590744418446772,0.0,0.0,0.9155627513596138,0.0,0.4676569306751738,0.8012276004042659,1.0323293116882961,0.0,0.0,0.0,0.0,0.7900723197224679,3.0203619262969603,0.0,0.6023689681653114,0.0,1.432417776609413,0.7899152909612552,1.1999112186161989,0.0,0.30555922313670464,0.0,0.6939806825890513,1.315349029990423,0.7147621893107268,0.9458307525987856,1.4017584802706842,0.44323135371885436,1.2801130078526082,0.9363450662473187,0.0,1.0576652856646607,0.8407255368254095,0.758603034190406,0.0,0.6968870531468405,0.0,0.867169727576579,0.8239013621869411,0.0,0.6563641184227319,1.5052048778721125,0.0,1.0896084430097503,1.1727832417510577,1.0278962477204985,0.3099754310804793,1.9415710653035412,0.8766782406710797,0.9429513135758132,0.9826611525957667,1.014353410426527,1.2532586422613012,1.5693003433847592,1.3772149631222907,0.5368973457104931,0.9215133428889923,0.9836903842431957,1.0045598511344034,0.0,2.2509863472506204,1.3423768572051147,0.9044221357522126,0.7277269071113979,1.2857452884141811,1.2754245240102122,0.0,0.0,0.0,0.0,0.21600520834943035,0.0,0.6859268622485957,1.1440762816617713,1.0273578402831465,0.0,1.5848295095864375,0.0,0.7718434311377633,1.4596676349422966,1.8293240274230878,1.47032611070155,0.2989981087926809,0.0,0.541658546163651,1.0529989519926675,1.1353529337761554,0.638942087257697,1.358498524787731,1.0420766824730736,1.9394055967358828,1.0155092234904544,0.8662643613365935,0.0,0.0,1.0494668525282105,1.4647672856604648,0.0,0.48968682458661345,0.2555406966264437,1.016695692269829,1.9879213441544676,0.6701852049254371,1.2223911027590597,2.977469290246513,0.0,1.0739138564494217,0.7165335183961156,0.0,0.0,0.8207372807966068,1.1388941670741706,0.5546493261418856,0.8125264655335839,1.2738511690494319,0.9880004088538634,0.9350066931711832,1.249475836877228,0.8704101277869228,1.2018165009762627,0.960946129031021,0.0,1.3998697918122345,0.9086249091939345,0.0,1.1469842483003614,0.8640638492788505,1.2278974521022974,0.8796396817521639,0.848592088065771,1.2118164846763941,1.1106992640274391,0.0,0.6003785569432568,0.0,1.386195213808857,0.3763064448710142,1.032863808219455,1.3339525638914258,0.9883612624325957,1.1448616412545478,1.0744001472879992,0.0,0.8417019759785925,0.936100760098367,0.8492072040515732,0.0,0.8365693784823831,0.8989619973183987,1.2649424674211276,1.1579279033637915,0.7148310732606484,0.3778065042538961,1.311447392990099,1.0728517646326325,1.553883577953628,0.46916193261593897,1.24702404445168,1.080665314643721,1.195661120801432,1.6645269634472108,0.0,0.0,1.4226323724358423,0.7388839925480936,1.5378554680819903,0.9451337434168251,0.0
93,0.1671549200575133,1.244105564235664,1.68502637089795,0.0,0.9153395903858867,0.0,0.0,0.8636386772290563,0.0,0.9740169895259474,2.290478400886207,0.0,0.0,1.055414953171533,2.3901109771929834,0.9088925416551434,0.0,0.5266128863421302,0.6147399695871831,1.3622441679635986,1.275197745949729,0.0,0.5805427244185184,0.9252697685515823,1.01037236784519,1.2960477019964283,0.8678490646779294,1.6632332521172748,0.0,0.7488866662173725,2.7049680714514643,0.7485437311008186,1.3820928805138926,1.3906907314504648,1.172768844815683,1.323311861705193,1.0752137275734546,0.0,0.0,0.4622005914704662,0.49506624508231156,0.8828813793212855,0.0,0.6945486429745567,1.536557021836472,1.4772043792089833,0.8116694972272936,1.2469931248568265,0.25160518458904846,0.9565642847645698,0.38792259512823585,0.6390484298738437,2.7011548432910235,0.0,0.0,0.390684281522218,0.5635478170060947,0.0,1.075443423484941,0.0,0.0,0.7490416765824669,0.0,1.3522757094839446,1.0503818419236668,0.552251989929035,0.0,0.4371849943173731,1.2527472937863273,1.0302630153444605,1.1740453031755882,1.146091717652886,0.0,0.36729276727989285,0.6874997708334097,1.3361965669721472,1.9060227816093356,2.130410582202275,1.1735565019618204,1.201627714255915,0.9244305335768284,1.0271920176781217,1.038036429057236,0.766492482703933,1.3137657481009146,0.0,1.6877045220990627,0.0,0.9541522354610205,0.6541334636352477,0.0,0.9446328157250554,1.0224097459703294,0.6893062070170342,1.2992588629898927,0.6382536897869853,0.7022517588490094,0.6290419715732911,1.0742698993663888,0.0,0.9680661821527996,0.86402109273536,2.0685025983027936,0.8080965276251191,1.1625857738189516,0.6182450474155188,0.0,1.0245037327555402,1.2545187436289964,0.5968569501951002,1.1393236498219366,0.0,0.0,0.6930657290949275,0.5773336858687267,0.5636273509118518,1.2961463102635458,0.2613042825353894,1.1868726254116644,2.0471437594477244,0.902044524024893,0.9527371500354898,0.7549800175136622,0.0,0.0,0.0,1.2347373028405888,1.070236502699083,1.1114204619464023,1.18349137798218,0.0,1.2294934242548428,0.8604365563509792,1.2437050807437668,0.38747880310847427,1.1241341691820614,0.16793651667481105,0.5762483844753291,0.9133221171519199,0.6744498768901963,0.0,1.1007895927006976,0.9343596377818235,1.0599684342533355,0.33958489886315507,1.1348336166442596,1.0441156296089809,1.248281038011109,0.8505344465198914,0.7598895209489562,1.544149126609821,0.6081555781339361,0.4008713083498565,1.1648607496076084,0.0,1.1184642798517477,0.0,0.8555373990608345,0.0,0.0,0.9219146771972881,0.0,0.5276820595402504,1.3300333847807357,1.4523437608396543,0.0,0.0,0.8130949891655305,0.36499800100628765,1.0325755726957881,0.72042205315584,0.8050642864654971,0.5347429716817309,0.0,1.2192841525569904,0.7644788895310848,0.0,0.39576968460450856,0.0,0.0,0.0,0.3766447294492932,0.7254494973231822,0.0,1.149685898487312,0.45299875572515347,0.20422692982722146,1.4482500402917835,1.1392211009430842,1.3072917439782654,0.9032927263464516,0.4533534756970412,1.266819333464197,1.0586710991103765,2.0048803496667325,0.0,0.22677593890382908,1.2290487947090525,0.8558780052182167,0.7989536295479069,0.0,0.0,0.0,1.6209998124616396,0.3669588731848228,0.796349347452483,1.1921316038816747,0.546447193729008,0.0,0.0,0.729123248732829,0.9149377655290052,1.0044319947408034,1.0946948104838565,0.0,0.655774365287951,0.4410763184281515,0.8359671016816433,0.6569304293819245,0.9465132671144192,0.0,1.1199120039618267,0.0,1.131263457731984,0.2319174614818272,0.0,0.9314712292262967,1.7224010735901856,0.0,0.5510633557027428,0.9771657938953546,0.5882479371806685,0.5890763261686209,0.0,0.32807632680574894,1.141594959640475,0.0,1.7718990364527212,0.0,0.7358181813722844,0.9176382847875151,1.178512891494596,0.874039223540921,0.35505840036433245,0.0,0.935511013194581,1.330688154249505,1.0802207320668138,0.9251629801498594,0.7205236409420044,0.7668915939242655,0.8563199829350512,0.0,0.7003911774034224,0.7318905511594896,0.3284576498076145,1.3021552184643803,0.47080860441795735,0.0,1.1998166337977116,0.0,0.804195410107245,0.0,0.5658410960758075,0.0,1.3324563237833205,1.01494435340958,0.0,1.1047590482999126,0.5011842614355015,1.1321726941169652,0.8304644423239006,1.0622172247526067,0.6977063365861844,1.1091322235738106,0.0,0.0,0.7579192321097017,1.4481969869542266,0.8644483030370923,0.20977296662668243,1.0999279469327048,0.6956319913806287,0.0,3.0913672527947345,0.0,0.0,1.7500308540915162,0.9724391533477541,0.0,0.7343213500075026,1.1760067845283424,0.0,1.3173429373888685,1.3583143378563143,0.47714759447601485,1.1431977321275433,0.0,0.5645615967308374,0.7623969209742492,0.0,0.0,0.9441915518085573,0.0,0.0,1.427103141329198,0.0,1.1512756916389537,1.2265880653869041,0.0,0.0,0.45032993634995006,0.26239870779753327,0.9102115127128552,2.3085861650126804,0.9691461528421328,0.0,0.7973327124507956,0.0,0.9788868485731925,0.7484269596440951,1.2302644888117158,0.0,0.0,1.1813816215690645,0.0,0.3161287003950114,0.0,1.4626676168275894,0.7866886726560783,1.334524264298051,0.871679327993981,0.0,0.5861202117872144,0.7643075263552543,0.0,0.6952033517974244,0.7074035716090628,0.8970009084614551,0.9267710884828118,0.0,0.0,1.0535470109607359,0.6625000582348515,1.0444440653979068,0.0,0.8161576048818446,1.931197548101204,0.4036039392884734,1.1096664512787293,1.1637321147306579,1.1185332897772535,0.5024094340033554,1.1949298507676545,0.0,1.3054759306708035,0.6794919584394606,1.2315498369021947,0.0,0.8682168156231922,0.9004345340437784,1.5266505876667735,0.0,0.0,0.4525446076787586,0.0,0.0,1.0860047302990035,0.8133747784015268,0.0,0.0,0.0,0.9535279049829376,1.1689758064762774,0.15128822033265105,0.8658168498761588,1.1224140679150794,0.0,0.0,0.7577565235238561,0.0,1.0220690713789709,1.1434632958037572,1.2148395843864883,0.0,0.0,1.3087206800030042,0.0,0.0,0.9235444790716031,0.0,0.46469835485828315,1.2048693127669532,0.0,1.2825082930792586,1.0858640805211677,0.0,0.0,0.0,0.0,0.7981506831286623,1.2572130750278827,1.2789740347229914,1.6458519266677656,1.0527855156384227,1.146135913122497,0.4387279313508108,1.1955620000305407,0.8742367659370044,0.0,0.139956189178773,0.9583213713775461,1.5172881381498864,1.0634044956212398,1.146608752701378,1.024578213847193,0.0,1.0062373614213607,0.0,0.0,0.0,1.1525487587651235,0.36216780660762277,1.3666338030123353,0.898551627794715,1.2458779670255997,1.1770209608546267,0.6582693147017573,1.1574443360223343,0.6486175038920736,0.0,1.2918037848612964,0.2554007365809007,0.0,0.0,1.8645553334142342,0.0,0.0,0.7648430934708528,0.600371671221248,1.5548804955197124,1.213493588188934,0.0,2.416879949407573,0.42578989704645376,0.0,0.0,4.141410500923484,0.9434922249184751,0.0,0.0,0.7864363013934612,0.7541489134156977,0.5647188109974851,0.0,0.7331197421617375,1.5145844569178744,0.8118458761316102,1.3416309516656895,0.5784193032035193,0.8355731819189585,1.1173679027980368,0.29708277906956415,0.7682872588603946,0.9787139329610134,0.895643454084421,0.07422546620627234,0.0,0.0,2.9837452375302345,0.6173073373359224,0.0,0.7875935353662209,0.5173244223549751,2.33297174434804,0.7350125493494195,0.9949861450443243,1.0439923814619028,1.5473488553303993,1.1308685018186142,1.0259842731369386,0.0,0.0,0.0,0.0,0.4821077552286579,0.0,0.6311813261240411,0.8826951066265001,0.9712240837814117,0.7602567361460436,1.6520259021589707,1.461329722519995,1.1056692243336164,0.6644344693107944,0.8380898752434837,1.170271680893421,1.2117714667625406,0.6361824076093672,1.1243267172441858,1.593039130383597,0.754368520183375,0.8791110404322223,0.9803090338272265,1.0387582337959003,1.0915953965410097,0.0,1.7550689236050567,1.7441909128440762,0.0,0.9876456332084755,1.189893543962255,0.0,0.0,0.0,3.7248937032764102,1.0553169636916766,0.9058566537438677,0.0,0.0,0.8310638080230689,1.0027367919251555,0.8494990111135745,0.02685954554887697,0.9206745117866939,1.8108987339468618,0.9296696247405855,0.5493141211796625,0.9802070875718966,0.5676394829451551,0.7425623340753429,0.871000452423552,0.0,1.0553093085491816,1.8154114989056,1.0819953022989035,0.8639025999186886,1.1506924872383177,0.21618871257496136,2.0632853182005615,0.692389048658284,1.0960191125030878,0.0,0.7051713870516964,1.1801135041932735,0.0,1.9856528452797721,0.6914632399712377,0.17251456882244165,1.204884302432652,0.8086290177747523,0.7339941523380684,0.0,0.9842677959227265,1.269659077997846,0.0,0.5900943517109296,0.5022932504829336,0.942590888205129,1.0918778202586923,0.0,0.0,1.2679188130275412,0.7806800643788535,2.066474594575005,0.0,0.4450503725277478,0.0,0.8386204262907185,0.0,0.585229239260901,0.0,0.0,1.3383650976308683,1.171007766650224,0.9850827063430232,0.0,0.0,0.7805501660585266,0.6183334000054531,1.005241890064143,0.8138772007187632,1.1481296196057285,0.8968028038703137,1.193366525098396,0.0,0.0,1.1213840830472825,0.8519244484473085,1.0925231438541092,1.146464362552147,0.41879646844924145,0.9916633698079151,0.9968993560979431,0.7253088805224469,0.5357372923018808,0.8274644971384709,1.08553637613554,1.2383143806212817,1.0175326513598169,1.0797865148793346,0.0,0.0,0.4552925829705203,0.7579177988284356,0.9129960734081364,1.4800415089787058,0.9867462043343525,0.7147044609651776,0.0,1.1993538762814626,0.0,0.9623374398130597,0.0,0.0,0.6005768456703631,0.9726344720547113,0.7508072600663696,1.3348397666181335,0.9442792747447522,1.3842739897205405,0.9177934445065772,1.0905154585003243,1.4375009381137573,1.3780584885264893,0.0,0.0,0.8452631052118909,0.7298010616624062,0.29829184494268285,1.0395512983890982,0.99281887900908,1.3787242676079674,0.0,2.338598681073704,1.0124448850882928,0.8517854553344135,0.6767503244085784,0.0,2.3098531305087873,1.219741942578719,0.9457003332081402,1.4766088569132845,0.0,0.9088730545811394,1.2550599238196285,0.8082419853764504,0.8796195919148513,0.0,0.0,0.9061533973145046,0.9828054972511943,1.3267793372925851,1.2167776866663673,1.322140229978798,1.0029496708955852,0.839017287989585,0.45445795962119684,0.8330857366324413,0.0,0.9618946347659882,0.9613541128393748,0.0,0.44686092897003915,1.1503486461451649,0.0,0.0,0.8602748018491456,0.9799410924224292,0.7978307921627265,0.0,1.5223967948093946,0.22409330547060452,0.7765842735081142,0.9290320445707884,0.899923364657689,1.1324322241468847,0.0,0.0,0.7771771776108671,0.8787287808515125,0.31668608865238823,1.206115922830943,0.0,0.0,1.3147593426031392,0.0,0.86256659387035,1.0729429880667278,0.0,0.801121488846841,1.9359961048184045,0.0,0.0,0.0,1.2188911318144653,2.227669327574764,1.4010490619403366,1.3166238471301914,0.8883075176644377,1.1748623186012683,0.8679531395704123,1.4209900842373766,0.0,0.23076478725280578,0.13181510252519776,1.0437814331954791,0.9489267729455194,0.7810215462005529,0.0,0.9184317662790786,0.0,1.6017820955967104,1.1080846954185153,0.0,0.0,0.30998628682940255,1.376271654849842,0.6494795906917351,0.8614848426033267,1.226309211430253,1.836537033446493,0.8285970227880146,1.196905771137561,1.2298168501077131,0.7943294155591958,0.0,0.0,0.46670741379237596,1.406371014752343,0.6363684232629278,0.0,0.7758914136789641,0.7049097401552167,0.0,0.0,1.137524093046405,0.7979943507119395,1.1922084467370713,0.0,1.0895597195576008,0.6818633996371901,1.3590949923206872,1.6451177458648154,0.6990690476355605,5.1490570643962705,1.1345010416429515,1.2827789026067498,1.4133626571179876,0.0,0.7468421198760558,0.8544386510041708,0.0,1.0947588202731784,1.054100313242605,1.5202773716654134,0.0,0.32736148270198595,1.0909678974799746,0.903744270697555,0.952740300395132,0.9166925053561135,0.0,0.0,0.0,0.9035384518820538,0.6145185119492952,0.0,0.2731339175886707,0.5903808702749368,1.0665214066461501,1.3533272998030166,1.0402258991764923,0.5977064184800486,0.49798534645612635,1.142065812994664,0.951666132740526,1.0132464439431565,1.0672024672909115,0.0,0.82202360784356,0.0,0.5918086355161598,1.68764541710824,0.8542815613343202,0.7779390809644514,1.0193919475538742,0.0,1.597658495438873,0.8692178555076789,0.8871720696934635,0.16360763536761413,0.8753394735199531,1.1395661297442445,0.8319711766842586,1.8843949878679196,0.0,0.0,0.9486917950989553,0.9014356193835699,0.4649624087703425,0.7712049772425273,0.0,0.33744898040800564,1.1318813245150372,0.0,0.0,0.8030030622324082,0.5995677919015697,0.13075183732483875,0.2565356124623027,0.5367486051169338,0.9894905975017492,1.2147724260150734,0.58790642034498,0.8567371778285418,1.0182895872128017,1.3032999356725135,0.9218127364302624,0.0,0.8566778493942426,1.5487146588428602,1.2919870931898276,1.2033474373903026,0.0,1.3190420402704437,0.48828153706071914,0.5681738249775384,0.0,1.1206360456507984,0.9614492973860305,0.8807041085768617,0.0,0.0,0.9782961391042295,0.0,0.31260914003416274,0.8174655998215102,0.9326308835561743,0.0,0.0,0.0,0.0,0.9753565826996646,3.995535782228707,0.0,0.8324474603608747,0.0,1.4016357337536691,0.700773613972297,0.6749500604716118,0.0,0.7129715206523108,0.0,0.6134681949912122,1.4666698999219576,0.5338965768352399,0.9257607173413743,1.3627737198029566,0.6230872265454197,1.3321738437583412,1.0360607082408035,0.0,0.9491673377068723,1.0524906598159958,0.9498534670719863,0.0,0.6811920498181154,0.0,0.6760749001406529,0.7885158044147271,0.0,0.6855375080455357,1.5160448619210676,0.0,0.8918050919646101,1.088099683298476,1.1951994397911787,0.13104758968304736,1.5885581443392611,0.8639768644041614,0.8018798675620444,1.1800411446049237,1.087697343107167,0.9914030529591054,1.3779556658331287,1.4397648724307974,0.41568183645036527,1.0688018925495515,1.066509136588698,1.0611468298397588,0.0,1.746039929840037,1.785492530709115,0.9258823621431815,0.708269996559802,0.85211396067184,1.2045521244979722,0.0,0.0,0.0,0.0,0.1215029280090141,0.0,0.7690241829532736,1.2607110556882946,0.9676754972866249,0.0,1.0501505480327882,0.0,1.0541634466449632,1.5196799967796422,1.1956366266546627,1.3859155440901318,0.07474952719817023,0.12998041241303898,0.8520531159465023,1.245193449400536,1.0713087753396546,1.2246390116699948,1.0444133328098961,0.743108553639293,2.526330953206172,1.139853531129754,1.0371199695318405,0.0,0.0,1.2587251273162525,1.1148164537195648,0.0,0.7116048147110592,0.16610144514096903,0.9576107518681152,1.8452356537880574,0.6145630426871804,0.26194094435454,2.156098581372145,0.0,0.9555290601690765,0.49484006906318545,0.0,0.0,0.7858944740816236,0.8249372600135795,0.5136228950610227,0.738810233041648,1.3143110623419083,0.8825941469517978,0.7390311306937201,1.0961386456692546,0.9222839192195584,1.1853520567970859,0.9319999347456631,0.0,1.2423830683018573,0.9300392659033171,0.0,1.146769472114502,0.8952449896971535,1.069105448926128,0.9960829999040179,0.7778960409922584,1.1214266458665785,1.650738406380283,0.0,0.5229438777125859,0.0,1.2643185105010903,0.499329705833397,0.9451605783716827,1.138358192347207,1.2813518485276663,1.1932920972687802,1.3633665836776463,0.0,0.7574615740780797,0.5200559784744705,0.6906050687289572,0.0,0.7442476926678101,1.0597208579094746,0.6413792818282223,1.1754163292146742,0.6199297651254263,0.36952705761207055,1.4361243879559664,1.0078865243828008,1.158999503511198,0.4369311425352145,0.8420776610442053,1.107367451844104,0.841011441439418,1.4156178673055164,0.0,0.0,1.44238189751874,0.7106380573454257,1.6796462659178986,0.9035804786961401,0.0
94,0.08357746002875666,1.2572577538241976,1.8071028412166807,0.0,1.1550598280986666,0.0,0.0,0.737748369878048,0.0,1.0022595496903803,2.726247645066687,0.0,0.0,0.9995568088607978,1.5934077607415535,0.9594252335684972,0.0,0.5022020743708501,0.7136074156189454,1.2979586513508559,1.3913448249059168,0.0,0.6509831676707479,0.8687687802719535,1.074101067468227,1.1843882625103612,0.9503639237776212,2.7618491128124294,0.0,0.8871689044926587,2.7837588888339018,0.8126896608407119,1.3437664323186613,1.2401379707504485,1.4438694140638937,1.269513687101416,1.1202585942368137,0.0,0.0,0.43652277905003695,0.44240846815166857,0.967947067231373,0.0,0.6668155244651774,1.104162457175568,1.876918397718153,0.8730223916869341,1.2890198254270873,0.04303772885574265,0.9554279990504702,0.2719474976714539,0.6894784383536166,2.093918577316498,0.0,0.0,0.3593677260862621,0.5789417247527784,0.0,1.0564784687872444,0.0,0.0,0.7231296124300315,0.0,0.9313193613228012,1.2933470432429326,0.4251779603493091,0.0,0.6683402754345311,1.4357632125360276,1.2435919212579445,1.1510739288826488,1.102065789942619,0.0,0.2098815813027959,0.34374988541670487,1.549678376564619,1.3368477247865487,2.2002990854725537,1.2104528416511324,1.132565062767898,0.9624359828765465,0.961133036355569,0.9442700761096173,0.7645826605299978,1.0812022660884177,0.0,1.8557783573852924,0.0,1.015853071784345,0.8412085076654952,0.0,0.8921532002737775,1.0025879571611709,0.8768167420895367,1.1690094756411464,0.7371737440142817,0.43672808211991243,0.5979227608939617,0.9270744960811959,0.0,1.0275040737800774,0.8640210927353601,2.0641323015019784,1.0479058936361767,1.5648147771380023,0.555147269333851,0.0,0.8937675247651984,1.3772241889399819,0.47185151203676434,1.1630474477422375,0.0,0.0,0.8513444451961669,0.6265764269943364,0.450978065746329,0.7813653641633191,0.394142226089631,1.0580115292400984,1.5491763868204744,0.9444569408735142,0.9126814688554991,0.7783720341032161,0.0,0.0,0.0,1.1129230958400174,1.0979825521455646,1.1241695810691081,1.0424283440782525,0.0,1.820069183160022,0.9080470967949614,0.5660035426504226,0.1727377010080411,1.091852920643686,0.48787807175699094,0.48776550530950996,1.3766551043330872,0.851487592290497,0.0,1.2366023389097305,0.9348660249991565,1.065549465224752,0.6115859139119786,1.1745934643900207,1.1639867912674178,1.2612890504933052,0.9356578490756882,1.5696826699451965,1.4064743905055483,0.6588642411911305,0.44114109754037195,1.128492036114054,0.0,0.959151132457201,0.0,0.9309954942782531,0.0,0.0,0.8786111862228481,0.0,0.5677835281885033,0.8374284233494966,1.4096185756816944,0.0,0.0,0.683023356955489,0.17004704250937647,1.099662347215637,0.7365118671593683,0.7596257372388566,0.38493488858464586,0.0,1.1573613031679741,0.8241198123572131,0.0,0.3739556059299059,0.0,0.0,0.0,0.2510964862995288,0.9944599848086036,0.0,1.2695237330911742,0.5904511525126405,0.0,1.1309478902006322,1.355174575800669,1.1904844577804843,0.6839081391067624,0.41956267393380897,1.209767956892407,1.0771748834145203,2.0920490756815786,0.0,0.12958624848814818,1.276861024226926,0.9608567558622504,0.8768810788771912,0.0,0.0,0.0,2.213455967518501,0.5065891628844152,1.471514980757055,1.012590691010941,0.28929557305113435,0.0,0.0,0.7887063364040316,1.0410994909599922,1.0714371411418342,1.0795332999566578,0.0,0.7620373069941977,0.7219607475512595,0.9801590620737596,0.6081320469678169,1.0204014891241289,0.0,1.1485740638615325,0.0,0.8162842149313605,0.41310297735857726,0.0,0.9653967267094592,1.1670914289962537,0.0,0.2626890990231045,1.0561421996786318,0.6251025101737799,0.3927175507790806,0.0,0.28760276209141694,1.021719962749538,0.0,1.337494763610124,0.0,0.3919071723821915,0.938192648336855,1.0832631150213667,0.946145066772186,0.16672867184365503,0.0,1.2567536893116946,1.3156721183077984,0.8325638823940847,1.0165408818708617,0.5302247468034501,0.8606619319647328,0.722228676435153,0.0,0.8361851216820737,0.8135171168235132,0.34357637571061983,1.3365521859458487,0.40571998523475233,0.0,0.9956651833860424,0.0,0.6973927991606332,0.0,0.5559665588626379,0.0,0.8572404575302558,1.2428567105357071,0.0,1.0523155133215274,0.7617771463988694,1.086143693577728,0.7380460758375754,1.0632615525580031,0.7029466949539059,1.205914337595642,0.0,0.0,0.8315274060191914,1.4683413947208885,0.807554150734993,0.35176634634095416,0.9225647166613505,0.814293546409645,0.0,2.0609115018631563,0.0,0.0,1.3697887663247874,0.8285238348345882,0.0,0.78571095388249,1.1905529800973607,0.0,1.3432036537419254,1.6924582834462891,0.6241329149591968,1.2556704963656864,0.0,0.586386745295434,0.834730276032627,0.0,0.0,0.8058432528027477,0.0,0.0,1.361828831874317,0.0,0.820954032610198,1.0459912471106803,0.0,0.0,0.43857016723530706,1.049594831190133,0.710616139638519,2.005839562353767,0.8422967766227679,0.0,1.1817287063465833,0.0,0.8689293000365155,0.9497739176585396,1.4674045890769234,0.0,0.0,1.0860728165661737,0.0,0.3702387987955623,0.0,1.706951313776965,0.9774291996165512,0.9594341081382414,0.7444976040982798,0.0,0.5609944741885626,0.7154905362055886,0.0,0.8061629339086004,0.9256460324481575,1.0669008392688066,1.0935339967284263,0.0,0.0,1.061026653002169,0.7729167346073269,0.9864193773682661,0.0,0.8774709469708979,2.9510434644035795,0.5895875800671233,1.37567672268463,1.1412629682989346,1.2492976908119382,0.5119037845314958,1.1127352415219385,0.0,1.2212438653885405,0.48200624626053745,1.1870611780131,0.0,0.8862908330524073,0.6309512912173251,1.8028593374386452,0.0,0.0,0.41900156149445367,0.0,0.0,0.9755957285250269,0.7946389436639092,0.0,0.0,0.0,0.8334888673408369,1.0627594147540893,0.17582144359380913,1.0572207955694093,1.169135980879625,0.0,0.0,0.800248598774048,0.0,0.978275758479466,1.0616768642317633,1.199396573701546,0.0,0.0,1.2402001359859403,0.0,0.0,0.8657689227850325,0.0,0.5596806511284574,1.2697595859191908,0.0,1.3754576785685648,0.8822603103783111,0.0,0.0,0.0,0.0,0.8792939725866409,1.4594568118482778,1.2327056999970516,1.3840773905047499,1.0495296910311178,1.0810733728041282,0.6878361725699773,1.1249066954475497,0.95106404201756,0.0,0.33589484656472607,0.7566963040666639,1.47804151344062,0.965025264152458,1.122711954047436,0.9175698603683701,0.0,1.0647205771114294,0.0,0.0,0.0,1.1535951110464273,0.3527448636641755,1.3052145677411202,0.921785652666117,1.3072500146046981,1.207802131888473,0.5206147898341457,1.0917749241584362,0.6830184582710789,0.0,1.1881807990995747,0.05202607588259749,0.0,0.0,2.0234187828101877,0.0,0.0,0.8997066289727309,0.3502168071700829,1.9272346418019306,1.152617295019344,0.0,2.7991351199107095,0.37230977464110504,0.0,0.0,3.623734188308048,1.0468499596199394,0.0,0.0,0.6320049117754922,0.7462962136057312,0.4656565924286317,0.0,0.7105691311201967,1.3878519757862302,0.8703785445829284,1.423577767906084,0.28920965160175965,0.933358903652658,1.577460568656052,0.4196761310230111,1.0874845133773299,0.9628108105858482,0.8579823624814851,0.0,0.0,0.0,2.5300764498563972,1.3117781139875837,0.0,0.6023258231349576,0.5229391279564308,2.07799697571629,0.7233016139639884,0.9682506281562393,1.0623729167716622,1.1401521863635522,1.6877977255768721,1.257901482934832,0.0,0.0,0.0,0.0,0.5188291808547147,0.0,0.8471892636273903,0.8187689109711676,0.8476076027707095,0.8411118480622202,1.2395428542591609,1.282082371149655,1.1984219852712001,0.838805296935799,1.0186218666075684,1.1189714026677386,1.1039692875161142,0.5944510468128464,1.2663754043726505,1.2294824892633704,0.8213918907219872,0.9738580968309957,0.7475823692771011,0.8954633098961351,1.1952043225676368,0.0,2.422781787844776,1.4488064373487624,0.0,0.843660244164408,1.1294988802497905,0.0,0.0,0.0,3.372508384921109,0.9561967892062504,1.5310115416727108,0.0,0.0,0.60146257955692,1.1110046624148449,0.7231430946610836,0.063791416062099,0.949588070976586,1.5746945307186517,0.9660449764332883,0.32525178788849995,1.4418616716441832,0.9335008707497675,0.8515595006725891,0.8343916792925961,0.0,1.138709777361715,1.6200010671069034,1.061700319148369,0.8302250165129903,1.2304753328987477,0.249917400784043,1.7490282923282656,0.7233125869482148,1.0628902563287372,0.0,0.6308089557232953,1.005176531234001,0.0,2.978479267919658,0.3025151782915269,0.3450291376448833,1.1680911370693836,1.1135016889807319,0.7684198687349127,0.0,1.5158434487165844,1.4448962742422249,0.0,0.6710473279033307,0.7261731434996499,0.8804825672630018,1.116314752858118,0.0,0.5355107197535626,1.00419752550242,0.856604031103932,2.2141740560436323,0.0,0.514388891309741,0.0,0.9359475915339093,0.0,0.5371612760013781,0.0,0.0,1.0515725815873913,1.0959660634360215,0.9787358244171781,0.0,0.0,0.7471566833982889,0.6136326475147095,0.9563351985509789,0.34880451459375567,1.0888938389725327,1.0020593190637832,1.083524204273369,0.0,0.0,1.264016358309743,0.8921994068918204,1.1108576668716592,0.7429571874666875,0.33139546589475705,0.9247268051922855,0.9504607211320509,0.8177135145057652,0.5260319077230878,0.911536740835469,1.095108763585873,1.2570767265442722,0.9558970771352124,1.1883514091288472,0.0,0.0,0.5342508353776175,1.048261072156982,0.780168643429773,1.4746598689770107,0.6310776296664109,0.7505139181723597,0.0,1.0749208423916297,0.0,1.3486733583209745,0.0,0.0,0.26692304326161415,0.8107694911847972,0.8841404865018925,1.4420231198047255,0.9445186235211102,1.3672726593034963,0.7982016775726493,1.1098482075300042,1.6724420627446048,1.6438946423246203,0.0,0.0,0.938883675242917,0.626439629713554,0.178975100999774,1.449163884683747,0.9583129435500585,1.3369694564914036,0.0,2.1088416164079398,0.7607613769583313,0.1703570910668827,0.6980325464459142,0.0,1.2855345807068583,1.3315819067117955,1.0796490895300117,1.4692953785608356,0.0,0.861349253933262,1.110745899398073,0.8654570680248403,0.862946774530087,0.0,0.0,0.9644652080201157,0.7714548260173832,1.2536116858890711,1.2949792047165556,1.2638402346563693,0.8640377288366413,1.0434874676192898,0.43708448993915655,0.8206354076401622,0.0,0.7556009912092967,0.9759863202206551,0.0,0.5407498614129342,0.9173002782605935,0.0,0.0,1.0156704146084097,1.3943052513071543,1.2792421333449189,0.0,1.3808208369653945,0.21659575808729675,0.9131969644645179,0.89953896800406,0.9763809895188518,0.9930786186528697,0.0,0.0,0.8787968804462568,0.8710487202134518,0.2917681802712107,1.237980426528611,0.0,0.0,1.1145116686006302,0.0,0.8285029081779289,1.0472765176539867,0.0,0.785178416340932,1.7573476326912003,0.04937925756819427,0.0,0.0,1.4589422723840004,1.9316952061117407,1.3117463592253313,1.2443945680744055,1.5334804555004538,1.3489819837941497,0.6736953620307347,1.3520506796075624,0.0,0.34614718087920865,0.0,1.0419572451976769,0.9518394090107201,0.8066655662916582,0.0,0.9281535842783242,0.0,1.3128880881135885,1.010579143238987,0.0,0.0,0.3436804373075726,1.3004930982445397,0.9073611874002828,0.9651319570182944,1.1895820465632085,1.8216673357110296,0.8156590140263145,1.0541190930544446,1.110165148191149,0.661941175620899,0.0,0.0,0.311138275861584,1.5215110551573963,0.7361430541786582,0.0,0.9094704134575533,0.6119897006002154,0.0,0.0,1.048885492524671,0.9477896795849887,1.1157111872407035,0.0,1.1381355363621533,0.6929418400222465,1.2906861007442576,1.612128205294916,0.45521443076492213,2.6775096116974044,1.0866228424156805,1.2633657946750305,1.155790190877811,0.5144016367061515,0.7636147580476871,0.963948135925218,0.0,1.1953523906532886,1.1683672563026544,1.6904728807922036,0.0,0.41953122203125187,1.0014922640151795,0.8858614829530985,0.8809971145952659,1.3486001456989225,0.0,0.0,0.0,1.231813646800867,0.5926168785489851,0.0,0.16037220821656092,0.5838049592755186,1.3109993746710096,1.268212976974132,1.1243504085402136,0.4811777492016778,0.3627534718460491,1.0457559300703463,0.7494858772217408,1.0553033475788227,1.1098151228191244,0.0,0.6798339099609807,0.0,0.6095893195905472,1.8639665763301854,0.8681707092514399,0.711503514439992,1.028344532874179,0.0,1.7951437633848464,0.7840817584160842,0.6430628375789873,0.20309913511611188,0.7618822470821225,1.0010246315135891,0.7478473237297116,2.0546265810886033,0.0,0.0,1.0569039428366829,0.7109206122908993,0.44643285911257946,0.8146635870304112,0.0,0.38707382608934354,1.0012163604248168,0.0,0.0,0.7556030546777409,0.6423940676461124,0.4067834922852783,0.05307633346037203,0.300957414047066,1.3989349788347119,1.2193913278740776,0.5339150038966031,0.866382110155534,1.2188407113423474,0.6516499678362568,1.009781904424226,0.0,0.9157590702005316,1.5160963240961542,1.0528845407035927,0.8978255122499877,0.0,1.4501113898652511,0.46075638273015607,0.4489830594342569,0.0,1.5207453000797015,1.0919479876441656,0.8949631223219625,0.1335908436584109,0.0,0.9807779797507952,0.0,0.22041960789570308,0.8977490850151237,0.9760952885412411,0.0,0.0,0.0,0.0,1.075407536907787,3.809832137815887,0.0,1.1296607107939747,0.0,1.136899269394631,0.5924052653378197,0.14998890232702483,0.0,0.8875767878981913,0.0,0.6350689968579206,1.7771577824717788,0.5076503814964117,0.9097703166443598,1.3950959160332397,0.8699910376041889,1.2432476145444096,0.9919983898758813,0.0,1.0357284179040722,1.072512026326345,1.1894097385922897,0.0,0.7724718620190933,0.0,0.6046219344327408,0.8707145671409453,0.0,0.6790598397040346,1.5489363553211284,0.0,0.8401310176420502,0.932451726049525,1.6718077331302652,0.08146201508074741,1.2355452233749806,0.7513826348297976,0.6756580392380902,1.3777000918431974,1.0981000162498586,0.9122729517347676,1.0957157422606545,1.3074185524897846,0.4233364600719804,1.1334614142025359,1.3090950048180492,1.0938876117827665,0.0,1.5152954900020201,1.9560787591055833,0.9121694869118021,0.7765613046007289,0.5500869025323925,1.1699906784385266,0.0,0.0,0.0,0.0,0.34715121764807805,0.0,0.8364541335127281,1.3997005475852542,0.995138583430782,0.0,0.6752222222854454,0.0,1.112055834734774,1.5243967574672324,0.8847711144851786,1.2231698354826888,0.0,0.649902062065195,1.063552596170516,1.282259095957803,0.9717231891292746,1.1713938488245956,0.7863481136647239,0.6087808191631527,2.0414795540222013,1.3747043404773893,1.2795046417864215,0.0,0.0,1.4468267281322205,0.9924733792824189,0.0,0.6272392888235471,0.4088650839374324,0.9892105869991028,1.506650819329783,0.5261193277124396,0.0,1.4373990998797992,0.0,0.7270973459203387,0.4632108315817626,0.0,0.0,0.7566533383422482,0.7395136335421946,0.58817874161948,1.139911138736685,1.2152995666050168,0.9249324568940646,0.7260694809322873,0.8691857642450274,0.9401450179986524,1.2601674309236122,1.0228555822579224,0.0,1.0581576919091287,1.0766649731796623,0.0,1.0406860999539813,0.9354301388904745,0.9411652085301386,1.0722943212317206,0.8358973040347366,1.1801788588319266,1.7053099656172184,0.0,0.6177922203622546,0.0,1.0061565888489237,0.641478430536439,0.8978801639919727,1.0700858813249943,1.3719733789379154,1.2240195563758525,1.453383194882219,0.0,0.7117690106685611,0.4754797486584126,0.552698014484503,0.0,0.6528182324528827,1.131633180720104,0.381264355025727,1.0448428333166577,0.7090489871230304,0.4349620396911079,1.4855086954177725,0.8064604565281888,0.8168928015403869,0.45310487897322305,0.8285721986524244,1.2497298869162612,0.6861754341623457,1.428971624838687,0.0,0.0,1.4739774570020416,0.6299007094037906,1.6478474642961116,0.8925313634855756,0.0
95,0.0,1.0543515191000843,2.0517445512402768,0.0,1.240054614445315,0.0,0.0,0.5450495311176641,0.0,1.0239052665865174,1.3987654474010565,0.0,0.0,1.2243327488062745,4.249088070158113,0.6712757606529465,0.0,1.1976284849720957,1.0231761676579005,1.2461369465629655,1.1614705197620239,0.0,0.8169200488756772,0.972533519290245,1.0056284894089147,1.554257273457987,1.3544087552106558,6.85869420498814,0.0,0.5979592317171165,3.6973607613465926,0.47755990304622353,1.4954492292546104,0.9625891528163315,1.1273757182986501,1.556874149708898,0.8087958260503177,0.0,0.0,0.0,0.4275187847360969,0.9088743423767104,0.0,0.631123463357587,1.0407228144622753,2.780619648077956,1.0176895295598345,1.1301125871633926,0.0,1.2422524595507127,0.3242775718971517,1.048869730344082,3.0152431533680435,0.0,0.0,0.5216665398855784,0.0,0.0,0.9472167911342921,0.0,0.0,0.8242045876051473,0.0,0.0,1.7578011183719628,0.2065844601742929,0.0,0.0,1.7210355677351716,2.7782371976863787,0.797883858606163,0.7579755652420759,0.0,0.0,0.0,2.539740530070267,1.1133706940044539,1.9169416423922685,0.6729135181348963,1.8850184310753664,0.6978464181018382,0.6242477364971543,0.5569325073758022,0.7678919627912784,0.5608199699362207,0.0,2.9684293466191516,0.0,0.9357392978577859,1.4763026228509137,0.0,0.0,1.0802060845178454,0.9234550765198438,0.6582818515744712,0.6222022497238461,0.6378766989226801,0.6840400410784098,0.472719861887172,0.0,1.3244441884203662,2.764867496753152,1.9375278269536635,0.8294921598502613,2.4655171789853916,0.6365235972418329,0.0,0.9656781601882134,1.1591905715806217,0.0,1.5086839901686864,0.0,0.0,1.0852357911532384,1.0707710525272283,0.6559542433131902,0.778904832352188,1.086111542077554,0.7574127696901406,1.1081481194828338,1.1624113611037938,0.9446463381185976,1.1920928848641261,0.0,0.0,0.0,0.5794789975533516,1.0909253640728453,0.8609942824924637,0.5763887574947321,0.0,1.6242848008754616,0.890817996792982,0.9116163300515276,0.0,1.1021506183161704,1.8233107507557393,0.24741082669105174,2.08523647490471,0.8283792129028682,0.0,1.0684445906160032,0.8980518241876736,0.605590092824753,1.7234345097499157,0.861753394973784,1.0531190070837524,1.2572588969842484,1.2185238964541882,2.2624977829325528,1.2805485325231416,0.6391865411498505,0.42818510032993573,1.0053049414747601,0.0,0.8353961825237767,0.0,0.9131353149559034,0.0,0.0,1.1973350141131494,0.0,0.8761403475962316,0.0,1.3754913773570105,0.0,0.0,0.0,0.0,1.2126569342493014,1.1564745889124708,0.8852192415878612,0.0,0.0,1.1574562557661687,0.6434434579042443,0.0,0.7479112118598118,0.0,0.0,0.0,0.0,0.42941040991384355,0.0,1.561649649019262,0.41275786346789134,0.0,0.7577097907835425,1.9044897954264823,1.5949312132406797,0.47335249650760675,0.3402277486819167,1.2456371388003433,1.1106972552036318,0.0,0.0,0.0,1.4392200877858876,1.1893512117944691,0.6427400534731209,0.0,0.0,0.0,2.7909604825124457,0.8141430912089719,5.539821049714598,0.461700645200675,0.0,0.0,0.0,0.922206446267909,2.0659388850243707,0.9837575621482407,0.8198399169194638,0.0,0.5944186513203701,0.0,1.225187602191748,0.6441904136404415,1.008855726497054,0.0,0.9050178025044363,0.0,0.0,0.0,0.0,1.4334407932827502,0.0,0.0,0.0,0.0,0.0,1.0472468020775483,0.0,0.43610781331854437,0.6940558462234218,0.0,0.5291250734997456,0.0,0.0,0.7781980822795157,0.9799176443927088,0.9964232711982396,0.0,0.0,1.7141387510918438,1.4522007014839036,0.5332309181726166,1.264097651079224,1.1841838817729586,0.8290099895458692,0.9465761988533714,0.0,1.3333997275427238,1.2997401185872344,0.0,1.2385551297817328,0.5875287597277379,0.0,0.8765892104307396,0.0,0.7509500505681004,0.0,0.38752018799864696,0.0,0.46526397663409763,1.3390228985123922,0.0,0.8169937093740351,1.712230931907941,0.9373923320865004,0.40095337412629617,0.7810320049017737,0.17702297077540055,1.0301570844641528,0.0,0.0,1.0949214199707131,0.0,0.38554635719402275,1.3199831619211164,1.2322500606852491,0.7240702556485775,0.0,0.0,0.0,0.0,1.8307231648885807,1.2579351308945383,0.0,1.1941549692098672,1.338916981859421,0.0,0.7113312675528897,1.5458300994482417,0.98629125442826,1.4421620613588708,0.0,0.42811503036621634,0.5975158359587888,0.0,0.0,0.5313202063818243,0.0,0.0,0.46552021436102614,0.0,0.3626566190191755,1.1567309274978597,0.0,0.0,0.5644688547841076,4.198379324760532,0.0,1.5842046583883012,1.1303574266245118,0.0,1.6062889811510863,0.0,0.7310870527535098,1.1330305798240716,1.6873206945561618,0.0,0.0,1.445211845999513,0.0,1.16033603047414,0.0,1.1652787602367851,1.355570919403011,0.5908341666947414,0.7949198783778634,0.0,0.0,0.433409629258032,0.0,1.0175704828858378,1.1442150983031667,1.1665430598116564,1.6393695342916599,0.0,0.0,0.7629900776251612,0.0,1.6246906845833473,0.0,0.4956716552482044,3.1246343521575226,1.1116503050477446,1.8104624702452752,0.8032338821535122,0.7152504195338482,0.6962524469635005,0.7944612391705544,0.0,1.1559793363112294,0.3099080809686457,1.3126837070690878,0.0,0.7400254826869338,0.5942248873649355,1.1546793934015172,0.0,0.0,0.0,0.0,0.0,0.7965298565091427,1.0079556435806032,0.0,0.0,0.0,0.35941805258633824,1.0154658561402505,0.5887973909787578,1.2474743762892997,1.0449963820525499,0.0,0.0,1.089431241787862,0.0,0.9783801805247963,0.7963213796985636,0.9328090069464485,0.0,0.0,1.2249579202720455,0.0,0.0,0.8117481261128484,0.0,1.029485573828952,1.1990127485618591,0.0,1.6685647263277124,0.892221606964006,0.0,0.0,0.0,0.0,0.6876589266177643,1.6225603677654474,0.8010616432641645,1.6292137081411842,0.8484402473443846,0.7744115950399804,1.1897706648193136,0.9193895098851226,1.0848908532595571,0.0,1.3435793862589043,0.0,0.49221439832102803,1.0085264698732073,1.2064904146417734,0.5876938291049556,0.0,1.406133927433413,0.0,0.0,0.0,0.8410545272661591,0.2847950278108126,0.0,0.7998180333861378,0.8926072483074141,0.8150752749548476,0.8436972728080071,1.1735954075097361,0.8826060981644396,0.0,1.162052804937537,0.0,0.0,0.0,1.6053570397684358,0.0,0.0,1.0462193343079278,0.0,1.7859905959109896,0.5154449493445502,0.0,2.7534182253803317,0.21213814879144802,0.0,0.0,0.0,1.305694553964234,0.0,0.0,0.7929321283294678,0.6895888564349774,0.0,0.0,0.5239882761604084,0.7605857323226497,0.9654667233831156,1.380315349326787,0.0,1.0263100396023837,2.1032807582080695,0.6879936567380572,1.7279038984417567,0.9262670044964266,1.1336400668823474,0.0,0.0,0.0,4.187712925094721,1.6461529300467577,0.0,0.6629834751070331,0.5601330396790114,1.7054453774973117,0.6013392488758852,1.3544915384377936,0.7623374195881093,1.0045495404558842,2.1772870867490246,0.8167266685560641,0.0,0.0,0.0,0.0,0.6231514028824133,0.0,0.4654653078674872,0.3588178727420388,0.7694272570539143,1.3495146183602256,0.7340943057118187,0.9199184500869324,1.089477024053223,1.0034674290135144,1.2268780170931035,0.8098044983366687,1.247445550282308,0.7307200640676955,1.8354541968611893,0.0,0.5714065719209099,1.235206864883144,0.33952844666419946,0.4596729023190618,1.1685977706844484,0.0,2.258688981454411,1.3378574394267337,0.0,0.47572949236428536,0.8077690009116147,0.0,0.0,0.0,2.3492356160825048,0.7406052258917515,1.6824019544541209,0.0,0.0,0.7392908148251729,1.4075882905744077,0.5655401501253438,0.0,0.8355907427659462,2.0995926376384615,1.1168048179533272,0.0,2.9988580925221338,1.49005365021456,1.1067312817833397,0.8931198992098336,0.0,1.2281522925621045,0.9603361100731822,1.0729803975222965,0.9133330306144125,1.2156554332306377,0.4904302420754499,0.777480333981123,0.5658768163758356,1.2644636499297,0.0,0.22991253955944987,1.104358393255557,0.0,0.0,0.0,1.3801165505795332,1.0437803168069126,1.8755946032196187,0.0,0.0,2.7745437927997805,1.8690446524257933,0.0,0.0,1.1021941403875781,0.6797038276609844,1.2944265435726425,0.0,0.0,0.16699023947805597,1.052251286043987,2.7119559111717586,0.0,0.5470138458635714,0.0,0.7153869823157037,0.0,0.4975276200673788,0.0,0.0,1.7480687212432324,0.8671188181068424,0.6140925187648563,0.0,0.0,0.9314346184110643,0.7949235363066982,0.9384462026178761,0.0,1.0544801658622607,0.9795038367797961,1.0539071969921243,0.0,0.0,2.0058650183896516,0.4150892153918126,1.2404615522263265,0.3649575447959186,0.0,1.0858860925472864,1.181191952700619,0.46787570574412735,0.45856722030529895,0.3292209792058938,1.159784241247819,0.0,0.9573053140344795,1.389137894202493,0.0,0.0,0.9416909085019116,0.8540592747966336,0.7341883137861694,1.1139797218917538,0.40664823406211953,0.993792510411056,0.0,0.8745763217996425,0.0,1.4742190671903534,0.0,0.0,0.0,0.5052195076113127,0.8995025982752463,1.1397069723343087,1.0220326026836386,0.8232802952688326,1.0042789924480586,0.914949024600061,1.6292870893958722,1.9691857681210765,0.0,0.0,0.6797360416939479,0.24463114299453442,0.0,1.895636054335287,0.8228889424187584,1.0060347457641057,0.0,1.1816077587937577,0.7521209374923721,0.0,0.7507774875977418,0.0,0.0,1.4193213525560204,1.3724226346990611,0.7774557900082718,0.0,0.9060833428273877,0.6596299048054323,0.19551644197292217,0.6941165859802212,0.0,0.0,1.0854262381112458,1.0732948810520844,1.7174487371160791,1.2133512459313904,1.138392249961439,0.39642388165428094,1.126525000644888,0.5188326242294982,0.9248194381319643,0.0,1.1649522479546452,1.0618854915963902,0.0,0.4957249009667268,0.47515934707347535,0.0,0.0,1.2448235336855085,2.2114398753571334,1.5232557298392413,0.0,1.4021027549059892,0.48872888719506086,1.2218441503020392,1.6516125236814014,1.177102108739056,0.9989007967574026,0.0,0.0,1.1572675870369198,1.011991373761305,0.3427766021320296,1.4163128567688519,0.0,0.0,1.1878869093118418,0.0,0.8761504936925696,0.944828187687102,0.0,1.1257738604387113,1.1583271367171601,0.0,0.0,0.0,1.6259262702120543,2.0201403404565683,1.35557144035358,1.1930711313349096,2.3914876577195896,1.157071303884664,0.5582814162317598,1.9124724069332213,0.0,0.0,0.0,1.2721847871470702,0.8010215386250084,1.0325566126604266,0.0,1.0495147559312188,0.0,1.0194544610129854,0.9340530659255902,0.0,0.0,1.1860344418597561,1.132901135458974,1.222549808783342,0.7751642211439547,1.1666275697674864,2.255772326275227,0.9294308874818844,0.7925491207206365,1.3167958887912765,0.0,0.0,0.0,0.0,1.7413577681798214,0.9282010316988193,0.0,0.8558125031556023,0.29689883125438044,0.0,0.0,1.2983261012226135,0.9061742767023772,0.7831410215842187,0.0,1.2540882006088354,0.7834506435423825,1.1592801421883394,1.1903281554972054,0.21706098688012823,0.0,1.0893526802772786,1.3089554028828307,1.2705195011639134,0.0,0.9551385109594913,1.2866791450360786,0.0,0.5881734470513112,0.9616622736243458,1.8613482632356098,0.0,0.0,0.6026635154823108,1.351292271802893,0.7774869082085176,2.955839200047395,0.0,0.0,0.0,1.4006408900136276,0.5243675605882382,0.0,0.0,0.30934675100841924,1.2636016432631032,0.3943099928644272,1.564529559580794,0.9420164968940005,0.4172645360215388,0.9647370261701332,0.9213348790638467,0.2209837002072032,1.33998555972808,0.0,0.4794429540133041,0.0,0.6398329978555253,1.4105692737755637,0.9579567481035425,0.5143398917123994,1.0527491240534943,0.0,1.5778261749251907,0.744680863581126,0.42839650358871195,0.8123965404644475,0.633944960627976,0.5672796743518591,0.49624687271989004,1.860956312192398,0.0,0.0,0.22586260274160957,0.5996491048773465,0.0,0.8447823720049603,0.0,0.0,0.2542414732675406,0.0,0.0,0.973411103090755,1.3704406867813101,1.39468626479828,0.0,0.0,0.8188887730915915,0.0,0.0,1.019196844952915,1.5711117592154387,0.0,1.330205620918447,0.0,0.0,1.3217915206445814,0.615384568047341,0.6373628387900698,0.0,1.7751797108870673,0.26956581968922,0.39404406988720503,0.0,2.0938329115035024,1.3847261833828188,1.1153201744858345,0.0,0.0,0.5370792409828998,0.0,0.0,0.673897476325057,1.0229157359869245,0.0,0.0,0.0,0.0,1.3346337356771505,3.0838439912237,0.0,1.3366012338750743,0.0,0.869298423852163,0.2715494622033566,0.0,0.0,0.0,0.0,0.4886054848968286,1.9683913200374652,0.5658284379468681,0.7733210739304762,1.2955215755213043,1.1253229843492216,0.44526451043687443,0.6402693473671557,0.0,1.5660990292728816,0.8826661391850387,1.3233210082395266,0.0,0.9297464104428779,0.0,0.8745120972836044,1.1112452800722576,0.0,0.4370600994224206,1.382681499921349,0.0,1.2004706281418234,0.5935524319790146,2.576815988244889,0.0,0.0,0.6085264389687722,0.0,1.4816002836801212,1.1028111628674657,0.9953182612913261,1.0681447335941703,1.054412753267602,0.9393445427765399,0.6757764534710657,1.3354694797041724,1.627009475151127,0.0,0.8655529381456691,1.26039847976154,0.680319464637008,0.7719883566217867,0.5907990169867332,1.2492582231934262,0.0,0.0,0.0,0.0,1.0800260147465042,0.0,0.41794285207570353,1.7447054641666213,1.9787303636863587,0.0,0.0,0.0,0.6121408266701075,1.4830467648057548,1.1478111807186595,0.6160158093873865,0.0,2.0796865986086237,0.709578773496575,1.4894794699211003,0.7489556242148931,0.0,0.6184356047962715,0.4377204378282862,2.0414795540222013,1.6604529319039636,1.545961139448347,0.0,0.0,1.357048089282395,1.849650385618253,0.0,0.0,1.6354603357497297,1.293656684923208,1.0369365577144491,0.1493463819339188,0.0,0.0,0.0,0.3641943314043226,0.8877148992389767,0.0,0.0,0.5858435624497391,1.252049260537691,0.920940925333642,2.1041172619863233,0.8771142580332649,1.3970060502617785,0.7089039400266505,0.2882637713772191,1.0034584685503702,2.219615566989909,1.3728868752125396,0.0,1.4422469726338145,1.4376154395322438,0.0,0.9379517733207651,0.866929693825998,0.922215426009122,1.0148086336433098,1.2785626815676066,1.2613612501360012,0.5930796608319215,0.0,0.5190398368684819,0.0,0.6516635316115806,1.0420793835699895,0.9560084342270039,0.943730522342307,0.4440911662729795,0.8812003050950354,1.8916100800695597,0.0,0.37820468434777044,1.1094527458607024,0.3091945909798037,0.0,0.7054694297647923,1.0238523888652118,0.0,0.8683433131878153,0.7821585887625002,0.5701755124941015,1.2854719028083983,0.5487793776162398,0.8478022681250467,0.42715272281290123,1.7883403045646993,0.5594593946688529,1.2019353400869777,1.3762784446769918,0.0,0.0,0.5981481825085453,0.16602477695294196,1.4387521896706754,0.9539638868856165,0.0
96,1.3372393604601065,1.348029340280099,1.9491573236782627,0.0,0.8968252134190493,0.0,0.0,0.7432493594888611,0.0,1.0346832166476603,1.9367521703550015,0.0,0.0,0.845165868947045,0.0,1.0506924939833324,0.0,0.2791083337061882,0.4197645813341614,1.5461559320912528,1.3550489074592966,0.0,0.0,0.7911824519265864,1.6431838068681026,1.4191044729465445,0.5795682214501201,2.351552354842409,0.0,0.8812030761114322,1.779181135799677,1.4326797091386705,1.295772770662364,0.577553491689799,1.8118538243520985,1.4109172004542663,1.968912338440964,0.0,0.0,0.0,1.1265697690269363,0.8918683770738913,0.0,0.625112763763807,1.3145972458072683,0.0,1.354183645557143,1.0413537443551826,0.0,1.1252871298795497,0.35130070176261724,0.44148853452772513,0.0,0.0,0.0,1.304166349713946,1.3627967077363374,0.0,0.6979492145200048,0.0,0.0,0.8664714884498497,0.0,0.9081242374718305,1.1015553669922669,0.6049973480046205,0.0,1.5276349152789284,2.155035837433904,1.1906731130720887,0.8818716287758764,0.9850674505618406,0.0,0.0,2.749999083333639,1.8784496024924016,1.3917133443103464,1.3844578599386441,0.5151994121029827,0.868100595216514,1.0467696271527573,1.1410980132585342,0.5387716649413831,1.5053723630008384,0.8855052281169122,0.0,1.0794288533160552,0.0,0.7850694104921621,0.4921008742836379,0.0,0.0,1.1772558505171205,0.9876524884501747,1.4399915515191486,0.0,0.5740890311566677,0.0,0.8577239273944909,0.0,1.171277173636206,0.0,1.4926140347561465,1.0368652019729625,1.6436781193235945,0.4355161451873835,0.0,0.6182695563641382,1.1901023197439482,0.0,1.0396380035659727,0.0,0.0,0.34236605248854907,1.1703776597482123,0.47478592742241105,0.7111739803098609,0.45858042820675027,0.7574127696901406,1.5583332995157897,0.6142650862868455,0.6227548634972911,0.46792430975143756,0.0,0.0,0.0,1.1473684167492033,0.7320109194368815,0.6368108665224365,0.5763887574947321,0.0,4.060711799153105,0.6165533746790854,1.8933570579140906,0.5956472456597802,0.853663038212516,0.5128061450888981,0.3711162400365776,1.43809412239499,0.5924166484972542,0.0,1.262608633070713,1.2208877838619918,1.7655936516324013,0.2700312127406136,1.0630245948267425,1.0603321509431851,1.2572588969842484,0.672360384041102,1.8435166747763592,0.768329119513885,1.0120453581522353,1.3946600379287981,0.9103154989337547,0.0,0.9828190407409617,0.0,1.1883911247835135,0.0,0.0,0.553875810991216,0.0,0.39634920685167463,2.758587695346061,1.8679512525719386,0.0,0.0,0.6951296960210254,0.0,1.1271079443230831,0.8095322122387295,0.5039313925235611,1.2389139012803012,0.0,1.1462188164988996,1.882072115576371,0.0,0.0,0.0,0.0,0.0,0.0,0.9065330849452105,0.0,1.3784932095862625,0.24175817616321507,0.0,0.814586225508511,1.7681916854922648,1.261445596651688,0.9467049930152135,0.3711575426107367,1.0689204515695798,0.6439756931474296,0.0,0.0,1.1662762201950545,1.102432894889902,1.3875764138749276,0.0,0.0,0.0,0.0,1.0466102245509192,0.0,0.0,0.7885741794057997,0.4872346479246163,0.0,0.0,1.1527580578348864,0.729154901937195,0.8946154218544753,0.8272930070055217,0.0,1.280286324162162,2.703512602262622,2.499382698669665,0.5636666119353863,0.7206112329482213,0.0,0.0,0.0,1.7035496165654673,1.043628562173383,0.0,0.7398404092498064,0.0,0.0,0.0,5.0116556877992755,0.912201674089137,0.0,0.0,0.7532771375019625,0.7242321860515557,0.0,0.2645625367498728,0.0,0.682283980415137,1.028333179962069,0.6555113145161164,1.2061965914505006,1.4419776965857558,0.0,1.2542478674173538,1.355387324612089,0.8550081944780983,0.9806333302506947,1.308834810135853,0.8290099895458692,0.8266829922832538,0.0,0.9185642564224198,1.1093741410836973,0.755935287793957,0.503477695186724,0.5738653005169407,0.0,0.7791904092717685,0.0,0.9011400606817205,0.0,1.0521760229061037,0.0,0.4187375812970076,1.4607522473894574,0.0,1.1574077552617479,0.463729209734193,1.4326184695422934,1.2028601223788886,1.3464059201737457,0.7080918831016022,1.1928134665122971,0.0,0.0,0.6995331300593685,0.8996530835414945,0.6228056527881364,0.0,0.5083031495513176,1.772199925330673,0.0,0.0,0.0,0.0,0.7723363396569088,0.9463154997234076,0.0,0.5764886065354144,1.007582557147726,0.0,0.8613777070917688,1.2624279165532513,1.6626052523924262,1.19493428104674,0.0,0.6100639190745739,0.4187717819430513,0.0,0.0,1.291516809254099,0.0,0.0,1.1361849317489843,0.0,0.7582820200869678,0.4914216361986478,0.0,0.0,0.99612151625526,0.0,0.0,1.9190479276437309,0.9743148193699933,0.0,1.0708593207673909,0.0,0.4630217996259346,1.3848151583638215,1.1840846978438295,0.0,0.0,0.8111834241407537,0.0,0.4274922196108124,0.0,0.5098094621554633,1.464971133007629,1.7725025000842245,0.7841777180044079,0.0,0.9197069292925404,1.08352407314508,0.0,0.6343296513601668,0.0,0.5443867638377574,1.1326553155950676,0.0,0.0,1.077985981141972,5.300000465878813,0.0,0.0,0.6165671779698269,0.0,0.5250360031412057,1.192606230570722,1.2305928159922888,1.9353834877379268,1.6710058448623062,1.0394201213722767,0.0,0.47560292656201464,0.8355364916161273,0.9911202485816437,0.0,0.9460553040935585,0.5546098975149392,2.0784229229686084,0.0,0.0,0.0,0.0,0.0,1.2239361214828954,0.16799260726343387,0.0,0.0,0.0,1.0333269011857225,0.6307962444891645,0.0,0.6540156921295504,0.8887176433607222,0.0,0.0,1.0130779403937529,0.0,0.7063550968268713,1.0345003876836254,0.9170875069176966,0.0,0.0,1.4800987539171142,0.0,0.0,0.9096945940027764,0.0,1.1765549205088952,1.2995751081731042,0.0,1.5392186245142936,1.5390822727099585,0.0,0.0,0.0,0.0,1.0857772541417583,1.2650807255752332,0.6227765821476846,1.0861424720941228,1.0253310356232557,1.199912472153952,0.0,0.9470819651560972,0.2141602723683528,0.0,0.0,2.1758018302498545,0.8367644845289632,0.4518722493100392,1.5052102638730676,0.4734200283965909,0.0,1.4815771866687844,0.0,0.0,0.0,0.9175140297449009,0.0,0.8147540638765546,1.1752428247339455,1.1108001338717663,0.0,0.9374414038151045,0.8498449507889745,0.7498564000146647,0.0,1.7278336152881533,0.0,0.0,0.0,0.0,0.0,0.0,0.8160510744828678,0.0,0.3423148648364086,0.9940724027456503,0.0,2.543087694381844,0.4297863792981274,0.0,0.0,0.0,0.8327133631577152,0.0,0.0,0.7635642722685219,0.620629970422057,0.8359999774351585,0.0,1.0829091029004256,1.4384991033349284,1.0968815734031154,1.236532503434056,0.0,1.6630647232227742,0.0,0.0,1.9486916210380787,0.9038615703667585,1.2557243813301742,0.0,0.0,0.0,2.791808616729814,6.173073179021744,0.0,0.6328478630587682,0.8702066862869507,2.8228061623432947,1.2714029826830668,0.885113282457592,0.9697761729176578,0.747432695393222,0.9797791822330393,1.1624109751928409,0.0,0.0,0.0,0.0,1.2017919928628975,0.0,0.4654653078674872,0.34386712866740154,0.7694272570539143,0.5997842748267669,1.3341366118425062,0.8012192990660105,1.4687764322479702,0.8564075453855515,1.9124863193476949,1.8924779065918527,1.2878040835396212,0.5976335916158908,0.7991093099998771,0.0,0.4885526177924242,0.6030715871433214,1.061929396091346,0.0,1.2233757908999796,0.0,1.3803099435679214,1.4837438399365375,0.0,1.6238843269499006,1.009711247533407,0.0,0.0,0.0,4.2286241324408635,1.0588653094817457,2.4034313692283424,0.0,0.0,0.5023056062058053,0.772669388101213,0.9520571194478766,1.020662656993584,0.9423606715498483,1.679674194094458,0.6298478348985828,0.0,0.0,0.6031169460559603,0.5118632156632101,0.8244183685013848,0.0,1.1266521033907535,0.7936110916116298,0.8663466256742097,0.8085243217624727,1.1016008048464445,0.5210821302894225,0.8684620773914319,0.8163208974952838,1.0231981707945523,0.0,0.2586516061062853,0.8183114657006361,0.0,0.0,2.0743898927794797,0.0,1.064246597327967,0.24134489359383127,2.9561898980965085,0.0,1.299373124946494,0.39160935489871745,0.0,2.467647047638155,1.7713834314734491,1.0485183095519877,1.7027872983302281,0.0,8.568171516057001,2.4332863447328363,0.5673903989328875,0.7873420461350725,0.0,0.8044321239039811,0.0,1.4190941744119359,0.0,0.671267423116973,0.0,0.0,0.0,1.1672753329648073,0.5962927358702197,0.0,0.0,1.160710830437682,1.0658464551977294,0.37734724915524165,0.0,0.5748944751826026,0.1771443106113744,2.2583725542289694,0.0,0.0,1.4613756405267424,0.4257325283340818,1.0765434188240761,1.1991462136497524,0.0,0.6032700491808257,1.1171671675670702,0.7947888588282417,0.5473221633077779,1.71194908923688,1.0010042565237602,0.0,1.1450777509407435,0.9839726750600992,0.0,0.0,0.4708454542509558,1.8030140192987003,1.131873650137093,1.0568525581313346,0.4280507715705186,1.2261250819942715,0.0,1.8061902463362427,0.0,1.758717494555576,0.0,0.0,0.0,1.2290091557460237,1.428621769062575,1.613443807490515,1.0242788303957104,1.127536061232722,0.9924639460572504,1.0002467837014273,1.7245850147686643,1.7310516755515162,0.0,0.0,1.1030804193229764,0.0,1.6704342362256528,0.42402385688474353,0.9728736265768233,0.3172878811579428,0.0,1.8380565720301727,0.3939681092623073,0.0,1.1011403156994861,0.0,0.0,1.64996107358828,0.8042361536916374,1.665976692874868,0.0,0.8771598725304747,0.9032769861181474,0.7820657678916887,1.1105865372745478,0.0,0.0,1.3697045390475362,0.20418780689457142,1.0739381678472675,1.1080751817100043,1.0542851520328593,0.7568092283645189,0.431834580764228,0.5916512368789257,0.9489032775412142,0.0,0.0,1.5417004188971195,0.0,0.5287732265962309,0.776990127430923,0.0,0.0,0.8802680654856829,1.309405207733813,0.0,0.0,1.2018023654357537,0.0,1.007095784042583,1.1797232986137476,0.9040995109739988,1.1574220116900886,0.0,0.0,1.1529622752570254,1.3834517372282333,0.0,1.3706253455549373,0.0,0.0,1.048135508216331,0.0,0.8568441333956578,1.208889096491777,0.0,0.9589325540836687,2.2225014817803137,0.7900681210911084,0.0,0.0,1.944735342400793,0.9182456109679775,0.8376674374825259,0.8785341970060544,2.34268177320935,1.4463391298558301,1.2883417165518392,1.9897692068322355,0.0,0.0,0.0,1.1543899005389606,1.1020547953861601,1.0292512111836787,0.0,0.2332255013180486,0.0,0.5825454062931346,1.1887948115823759,0.0,0.0,0.0,1.4324215731947014,1.222549808783342,0.895282643383027,1.209835996677081,1.2522372527210575,1.062206728550725,2.202820352809225,1.2902832200673762,4.043858807835055,0.0,0.0,0.0,1.3416521718758316,1.5663392403941008,0.0,1.4520598950092862,0.6927639354699597,0.0,0.0,1.013489252753118,1.2631520230407822,0.9638658727190385,0.0,1.054488576376018,0.8572466395046587,1.4886210913143822,0.0,0.21706098688012823,1.647698645069646,2.171015814876836,0.86081549871784,0.9175974188143895,8.230426187298423,1.07992750542368,0.0,0.0,1.8143655501785898,0.5981070209791447,2.3931619767581105,0.0,0.0,1.0917297414965674,0.11582505196910083,1.0876319581881544,2.570294973325745,0.0,0.0,0.0,2.100961159940374,0.688289026044325,0.0,0.0,0.773366877521048,1.6718421739347842,0.6819243406963404,0.5562771744220165,0.0,0.4392258262352361,0.9310981692294645,1.2850197014483935,0.629803546419218,0.9536230564125976,0.0,1.0772668850934735,0.0,1.439624245174932,0.0,0.6170622294204516,0.0,1.3583859651512968,0.0,1.3192379976204491,0.7064921012135965,0.3699788012092377,0.0,0.7245085264319726,0.6633512328428733,0.8443089150325047,1.8386120719203503,0.0,0.0,1.6822869608647006,0.4092843094515641,0.9169972228187306,0.7235913924523079,0.0,0.0,1.4805826985835053,0.0,0.0,0.8709467761286193,0.6852203433906551,0.9297908173713328,0.0,1.8199995937131301,0.0,1.625855092541444,1.1518166122753613,1.0650363207689433,1.2736402305749686,0.0,1.5695183152728283,0.0,0.0,1.0307359182239217,0.0,0.38538218205360475,0.0,1.6568343972138382,1.3927567335633824,0.5170525362806642,0.0,1.763227717528136,1.0203245552817923,0.7530794339934311,2.1374534985345743,0.0,1.5750942572947886,0.0,0.0,1.0316884042621524,1.4026467769804405,0.0,0.0,0.0,0.0,0.3089429952850974,3.3922283595076332,0.0,1.59719644088058,0.0,1.179762147839226,0.3367213305252874,0.0,0.0,1.1640350858716617,0.0,1.7619409894212368,1.4997267235993226,0.34642557488162096,0.9960943008170822,1.1225107452715812,0.7859398603840021,1.0359215144114355,0.8536924631562076,0.0,1.215076832777218,0.8912357132686839,1.3398625206357517,0.0,0.7700353703911869,0.0,0.4490737793667771,1.4696228645567204,0.0,1.0831489406010175,1.2624483248716227,0.0,1.0501471458744005,0.5361118758984829,1.9373838737568183,0.8689281608613056,0.0,0.6319313018935093,1.663158250432222,1.4816002836801212,1.2463276836072674,0.9214988234876486,1.0454182503842195,1.1427133297390482,0.7252292419753923,1.3515529069421315,1.7130849839473659,0.581074812553974,0.0,1.5688147054606245,2.1390762807850416,1.0574913958373584,1.180505332975662,1.7723970509601996,0.9384099330096571,0.0,0.0,0.0,0.0,1.2343154233832319,0.0,0.7042781673747004,0.8662119465029666,0.46843412968257403,0.0,0.0,0.0,0.0,1.0524848029904166,0.0,1.2897831000024735,0.0,2.0796865986086237,1.112748528965976,0.7447397349605501,1.094627450775613,0.0,0.7951314922315076,0.6930573588815447,0.0,0.9863090416505815,0.30357055112116044,0.0,0.0,0.9183032145522593,0.387545794243076,0.0,0.0,0.0,1.1433834340979732,1.8470432469730793,0.7340754368388631,0.0,0.0,0.0,0.6613511221094308,0.0,0.0,0.0,0.891804304566445,0.8887313956549779,0.860275768987887,0.4675816170218329,0.39666765661442527,0.7540657660870094,1.0502280588356778,1.671929875909629,0.9174477451320734,1.1732253693113064,1.3526973624902194,0.0,0.42250272964494173,0.6349468191516996,0.0,0.675746101063738,0.974021008836598,0.8508535181870829,0.5074043168216549,0.6561045338147526,1.7062439838457464,1.0378894157227319,0.0,3.0198680559885576,0.0,0.7190769992366843,0.5954739281518344,0.6771726420172856,1.0601908850584096,2.2821351583006075,1.6662696686899845,0.6619208710974462,0.0,0.880645209429725,1.7830490473568483,1.2185904469364903,0.0,0.26455103524321716,0.8962103137136346,0.3990804472700987,0.9078134637872615,1.345649183611241,0.3632229194457407,1.8468820811622364,1.0632600452032994,0.8478022681250467,0.25362192791873617,0.4636437900243467,2.9971038857397896,0.2554112592989768,1.2704108801531895,0.0,0.0,0.47500003090820225,1.1858912634655483,0.9935937159900994,0.8079596100376881,0.0
